1.000000
1.000000
5212.425000
5305.575000
5397.450000
5487.000000
5574.900000
5661.175000
5746.400000
5830.575000
5913.750000
5996.225000
6077.775000
6158.575000
6238.650000
6318.225000
6397.000000
6475.075000
6552.550000
6629.550000
6705.850000
6781.575000
6856.900000
6931.550000
7005.750000
7079.525000
7152.700000
7225.425000
7297.825000
7369.800000
7441.350000
7512.475000
7583.025000
7653.075000
7722.725000
7791.775000
7860.050000
7927.725000
7994.850000
8061.250000
8126.875000
8191.875000
8256.300000
8320.200000
8383.675000
8446.775000
8509.425000
8571.700000
8633.700000
8695.350000
8756.600000
8817.375000
8877.625000
8937.325000
8996.800000
9055.950000
9114.525000
9173.000000
9230.900000
9288.525000
9345.950000
9402.900000
9459.625000
9516.175000
9572.400000
9628.275000
9683.975000
9739.350000
9794.450000
9849.300000
9904.100000
9958.525000
10013.050000
10067.575000
10121.775000
10175.900000
10230.100000
10284.225000
10338.100000
10391.900000
10445.650000
10499.125000
10552.650000
10606.250000
10659.625000
10713.075000
10766.525000
10819.725000
10873.175000
10926.325000
10979.700000
11032.975000
11086.050000
11139.150000
11192.250000
11245.550000
11298.450000
11351.500000
11404.425000
11457.550000
11510.650000
11563.625000
11616.650000
11669.475000
11722.450000
11775.250000
11828.325000
11881.325000
11934.500000
11987.300000
12040.275000
12093.075000
12146.025000
12198.775000
12251.750000
12304.675000
12357.775000
12410.775000
12463.650000
12516.625000
12569.425000
12622.325000
12675.100000
12728.025000
12780.825000
12833.825000
12886.750000
12939.925000
12992.800000
13045.775000
13098.525000
13151.475000
13204.275000
13257.275000
13310.100000
13363.150000
13416.200000
13469.175000
13522.100000
13574.900000
13627.775000
13680.575000
13733.450000
13786.200000
13839.100000
13891.925000
13944.950000
13997.900000
14051.050000
14103.950000
14156.925000
14209.700000
14262.650000
14315.400000
14368.375000
14421.200000
14474.225000
14527.225000
14580.250000
14633.175000
14685.975000
14738.850000
14791.675000
14844.600000
14897.375000
14950.300000
15003.125000
15056.225000
15109.200000
15162.300000
15215.100000
15268.075000
15320.825000
15373.750000
15426.475000
15479.525000
15532.375000
15585.450000
15638.450000
15691.450000
15744.350000
15797.150000
15850.050000
15902.800000
15955.725000
16008.475000
16061.400000
16114.150000
16167.250000
16220.225000
16273.350000
16326.150000
16379.175000
16431.950000
16484.900000
16537.675000
16590.650000
16643.550000
16696.625000
16749.625000
16802.550000
16855.475000
16908.250000
16961.125000
17013.875000
17066.850000
17119.625000
17172.575000
17225.425000
17278.575000
17331.550000
17384.600000
17437.375000
17490.325000
17543.100000
17596.025000
17648.775000
17701.725000
17754.625000
17807.725000
17860.725000
17913.625000
17966.600000
18019.400000
18072.300000
18125.050000
18177.975000
18230.725001
18283.675001
18336.500001
18389.600001
18442.600001
18495.675001
18548.450001
18601.375001
18654.200001
18707.175001
18759.950001
18812.950001
18865.900001
18918.975001
18971.950001
19024.825001
19077.700001
19130.500001
19183.375001
19236.125001
19289.000001
19341.825001
19394.800001
19447.675001
19500.775001
19553.775001
19606.825001
19659.600001
19712.550001
19765.300001
19818.275001
19871.025001
19924.000001
19976.850001
20029.975001
20082.975001
20135.925001
20188.975001
20242.100001
20295.550001
20348.750001
20402.275001
20455.975001
20509.600001
20563.400001
20617.525001
20671.550001
20725.725001
20780.100001
20834.550001
20888.850001
20943.250001
20997.875001
21052.650001
21107.600001
21162.700001
21217.850001
21273.175001
21328.700001
21384.300001
21439.975001
21495.725001
21551.525001
21607.525001
21663.625001
21719.775001
21776.075001
21832.550001
21889.200001
21945.950001
22002.700001
22059.600001
22116.725001
22174.000001
22231.425001
22288.975001
22346.700001
22404.575001
22462.600001
22520.625001
22579.000001
22637.325001
22695.925001
22754.600001
22813.525001
22872.625001
22931.800001
22991.225001
23050.900001
23110.650001
23170.525001
23230.525001
23290.825001
23351.300001
23411.925001
23472.800001
23533.850001
23595.125001
23656.625001
23718.175001
23779.975001
23841.925001
23904.025001
23966.375001
24029.050001
24091.775001
24154.850001
24218.250001
24281.750001
24345.650001
24409.725001
24474.225001
24539.050001
24604.100001
24669.475001
24735.250001
24801.350001
24867.750001
24934.500001
25001.500001
25068.925001
25136.725001
25205.025001
25273.800001
25342.975001
25412.775001
25483.075001
25553.875001
25625.125001
25696.875001
25769.100001
25841.700001
25914.675001
25988.150001
26062.125001
26136.400001
26211.150001
26286.325001
26362.100001
26438.300001
26515.050001
26592.350001
26670.225001
26748.625001
26827.600001
26907.300001
26987.550001
27068.600001
27150.375001
27232.950001
27316.375001
27400.750001
27486.150001
27572.775001
27660.925001
27751.025001
27843.150001
27937.225001
28033.250001
28131.425001
28232.100001
28335.800001
28443.250001
28556.100001
28683.975001
