10.000000
4.000000
4738.300000
4843.975000
4953.125000
5060.875000
5166.075000
5269.200000
5369.950000
5468.875000
5565.750000
5661.050000
5754.875000
5847.475000
5938.600000
6028.775000
6117.900000
6205.825000
6292.775000
6378.925000
6463.975000
6548.250000
6631.775000
6714.450000
6796.650000
6877.950000
6958.475000
7038.350000
7117.900000
7196.650000
7274.800000
7352.325000
7429.425000
7505.750000
7581.525000
7656.950000
7731.625000
7805.850000
7879.700000
7952.800000
8025.350000
8097.375000
8169.000000
8240.050000
8310.175000
8379.750000
8448.125000
8515.150000
8580.700000
8644.775000
8707.575000
8769.225000
8829.925000
8889.850000
8948.625000
9006.850000
9064.100000
9120.875000
9177.325000
9233.350000
9288.825000
9343.975000
9398.625000
9452.900000
9507.025000
9560.725000
9614.000000
9667.175000
9719.850000
9772.250000
9824.400000
9876.225000
9927.775000
9979.175000
10030.225000
10081.100000
10131.875000
10182.575000
10233.275000
10284.000000
10334.700000
10385.325000
10435.875000
10486.275000
10536.750000
10587.300000
10637.650000
10688.125000
10738.675000
10789.050000
10839.575000
10890.150000
10940.550000
10991.050000
11041.475000
11091.725000
11141.975000
11192.300000
11242.650000
11292.875000
11342.975000
11393.050000
11443.075000
11493.100000
11543.125000
11593.100000
11643.100000
11693.075000
11743.025000
11793.000000
11842.975000
11892.925000
11942.900000
11992.875000
12042.875000
12092.850000
12142.825000
12192.825000
12242.825000
12292.800000
12342.800000
12392.800000
12442.800000
12492.800000
12542.800000
12592.800000
12642.800000
12692.800000
12742.800000
12792.800000
12842.800000
12892.800000
12942.800000
12992.800000
13042.800000
13092.800000
13142.800000
13192.800000
13242.800000
13292.800000
13342.800000
13392.800000
13442.800000
13492.800000
13542.800000
13592.800000
13642.800000
13692.800000
13742.800000
13792.800000
13842.800000
13892.800000
13942.800000
13992.800000
14042.800000
14092.800000
14142.800000
14192.800000
14242.800000
14292.800000
14342.800000
14392.800000
14442.800000
14492.800000
14542.800000
14592.800000
14642.800000
14692.800000
14742.800000
14792.800000
14842.800000
14892.800000
14942.800000
14992.800000
15042.800000
15092.800000
15142.800000
15192.800000
15242.800000
15292.800000
15342.800000
15392.800000
15442.800000
15492.800000
15542.800000
15592.800000
15642.800000
15692.800000
15742.800000
15792.800000
15842.800000
15892.800000
15942.800000
15992.800000
16042.800000
16092.800000
16142.800000
16192.800000
16242.800000
16292.800000
16342.800000
16392.800000
16442.800000
16492.800000
16542.800000
16592.800000
16642.800000
16692.800000
16742.800000
16792.800000
16842.800000
16892.800000
16942.800000
16992.800000
17042.800000
17092.800000
17142.800000
17192.800000
17242.800000
17292.800000
17342.800000
17392.800000
17442.800000
17492.800000
17542.800000
17592.800000
17642.800000
17692.800000
17742.800000
17792.800000
17842.800000
17892.800000
17942.800000
17992.800000
18042.800000
18092.800000
18142.800000
18192.800000
18242.800001
18292.800001
18342.800001
18392.800001
18442.800001
18492.800001
18542.800001
18592.800001
18642.800001
18692.800001
18742.800001
18792.800001
18842.800001
18892.800001
18942.800001
18992.800001
19042.800001
19092.800001
19142.800001
19192.800001
19242.800001
19292.800001
19342.800001
19392.800001
19442.800001
19492.800001
19542.800001
19592.800001
19642.800001
19692.800001
19742.800001
19792.800001
19842.800001
19892.800001
19942.800001
19992.800001
20042.800001
20092.800001
20142.850001
20192.950001
20243.075001
20293.300001
20343.725001
20394.325001
20444.950001
20495.700001
20546.475001
20597.250001
20648.125001
20699.125001
20750.275001
20801.425001
20852.575001
20903.900001
20955.325001
21006.900001
21058.300001
21109.900001
21161.750001
21213.625001
21265.475001
21317.675001
21369.750001
21421.975001
21474.375001
21526.750001
21579.375001
21631.875001
21684.650001
21737.350001
21790.300001
21843.175001
21896.350001
21949.625001
22002.875001
22056.450001
22109.925001
22163.550001
22217.500001
22271.350001
22325.300001
22379.500001
22433.700001
22488.000001
22542.525001
22597.075001
22651.775001
22706.700001
22761.625001
22816.725001
22871.875001
22927.175001
22982.700001
23038.325001
23094.100001
23149.900001
23205.850001
23262.050001
23318.350001
23374.700001
23431.225001
23487.900001
23544.800001
23601.800001
23658.900001
23716.275001
23773.750001
23831.325001
23889.125001
23947.025001
24005.150001
24063.450001
24121.925001
24180.500001
24239.300001
24298.250001
24357.525001
24416.975001
24476.425001
24536.150001
24596.250001
24656.625001
24717.200001
24777.925001
24838.800001
24899.875001
24961.125001
25022.650001
25084.425001
25146.375001
25208.450001
25270.700001
25333.200001
25395.950001
25458.850001
25522.050001
25585.475001
25649.100001
25713.050001
25777.175001
25841.575001
25906.225001
25971.050001
26036.125001
26101.525001
26167.250001
26233.250001
26299.525001
26366.200001
26433.225001
26500.650001
26568.600001
26636.975001
26705.875001
26775.200001
26845.125001
26915.475001
26986.350001
27057.875001
27130.075001
27202.800001
27276.075001
27349.900001
27424.300001
27499.175001
27574.625001
27650.575001
27727.000001
27804.000001
27881.525001
27959.625001
28038.325001
28117.725001
28197.725001
28278.425001
28359.825001
28442.000001
28524.975001
28608.800001
28693.600001
28779.450001
28866.400001
28954.675001
29044.600001
29136.650001
29231.200001
29328.100001
29427.525001
29530.125001
29636.850001
29748.500001
29867.825001
30363.325001
30474.575001
30596.175001
30971.775001
31083.400001
31205.250001
31580.375001
31692.000001
31813.850001
32188.900001
32300.525001
32422.350001
32797.400001
32909.050001
33030.875001
33405.925001
33517.550001
33639.375001
34014.425001
34126.050001
34247.875001
34622.925001
34734.550001
34856.400001
