200.000000
5.000000
10120.250000
10171.275000
10219.025000
10264.450000
10307.850000
10349.800000
10390.800000
10430.900000
10470.125000
10508.775000
10546.650000
10584.150000
10621.125000
10657.725000
10694.000000
10730.000000
10765.900000
10801.325000
10836.750000
10871.825000
10906.725000
10941.475000
10975.975000
11010.550000
11045.150000
11079.675000
11113.900000
11148.000000
11182.025000
11216.025000
11249.900000
11283.850000
11317.525000
11351.050000
11384.525000
11417.875000
11451.150000
11484.400000
11517.600000
11550.825000
11584.100000
11617.350000
11650.600000
11683.825000
11716.975000
11749.775000
11782.650000
11815.625000
11848.250000
11881.200000
11913.975000
11946.650000
11979.525000
12012.100000
12044.950000
12077.500000
12110.150000
12142.600000
12175.350000
12207.800000
12240.350000
12272.900000
12305.300000
12337.800000
12370.225000
12402.625000
12435.150000
12467.525000
12499.950000
12532.375000
12564.725000
12597.075000
12629.550000
12661.925000
12694.225000
12726.475000
12758.925000
12791.250000
12823.475000
12856.000000
12888.275000
12920.475000
12952.875000
12985.250000
13017.550000
13049.825000
13082.075000
13114.475000
13146.750000
13179.000000
13211.425000
13243.750000
13275.925000
13308.150000
13340.475000
13372.850000
13405.075000
13437.225000
13469.550000
13501.900000
13534.175000
13566.425000
13598.475000
13630.875000
13663.150000
13695.350000
13727.575000
13759.700000
13792.125000
13824.375000
13856.575000
13888.750000
13920.850000
13953.275000
13985.500000
14017.675000
14049.900000
14082.050000
14114.425000
14146.650000
14178.850000
14211.025000
14243.175000
14275.550000
14307.750000
14339.925000
14372.150000
14404.375000
14436.700000
14468.925000
14501.050000
14533.250000
14565.450000
14597.775000
14630.000000
14662.175000
14694.400000
14726.550000
14758.900000
14791.150000
14823.275000
14855.475000
14887.650000
14920.000000
14952.225000
14984.400000
15016.650000
15048.825000
15081.175000
15113.350000
15145.500000
15177.750000
15209.925000
15242.275000
15274.475000
15306.650000
15338.850000
15371.000000
15403.375000
15435.575000
15467.725000
15499.950000
15532.150000
15564.475000
15596.700000
15628.875000
15661.075000
15693.250000
15725.575000
15757.775000
15789.950000
15822.200000
15854.425000
15886.750000
15918.950000
15951.075000
15983.275000
16015.500000
16047.825000
16080.025000
16112.200000
16144.450000
16176.625000
16208.950000
16241.175000
16273.300000
16305.525000
16337.700000
16370.050000
16402.250000
16434.425000
16466.700000
16498.900000
16531.225000
16563.400000
16595.525000
16627.800000
16660.025000
16692.325000
16724.550000
16756.700000
16788.925000
16821.150000
16853.475000
16885.650000
16917.775000
16950.050000
16982.300000
17014.600000
17046.800000
17078.950000
17111.225000
17143.475000
17175.725000
17207.900000
17240.050000
17272.375000
17304.650000
17336.900000
17369.100000
17401.200000
17433.500000
17465.800000
17498.025000
17530.175000
17562.325000
17594.700000
17626.975000
17659.175000
17691.375000
17723.500000
17755.875000
17788.125000
17820.300000
17852.500000
17884.650000
17917.075000
17949.300000
17981.475000
18013.625000
18045.750000
18078.200000
18110.425000
18142.575000
18174.775000
18206.950000
18239.350001
18271.600001
18303.750001
18335.900001
18368.075001
18400.475001
18432.675001
18464.850001
18497.050001
18529.275001
18561.650001
18593.875001
18625.975001
18658.150001
18690.375001
18722.750001
18754.975001
18787.100001
18819.300001
18851.500001
18883.875001
18916.125001
18948.225001
18980.400001
19012.625001
19045.000001
19077.200001
19109.350001
19141.575001
19173.800001
19206.175001
19238.350001
19270.450001
19302.675001
19334.925001
19367.275001
19399.475001
19431.600001
19463.775001
19496.000001
19528.375001
19560.575001
19592.675001
19624.900001
19657.150001
19689.500001
19721.700001
19753.850001
19786.000001
19818.250001
19850.600001
19882.800001
19914.925001
19947.125001
19979.425001
20011.750001
20043.975001
20076.050001
20108.225001
20140.575001
20172.900001
20205.150001
20237.325001
20269.850001
20302.200001
20334.525001
20367.150001
20399.525001
20431.925001
20464.525001
20497.000001
20529.675001
20562.175001
20594.975001
20627.550001
20660.275001
20692.850001
20725.650001
20758.500001
20791.225001
20824.200001
20857.100001
20889.875001
20922.900001
20956.075001
20989.200001
21022.150001
21055.100001
21088.200001
21121.425001
21154.700001
21187.975001
21221.275001
21254.625001
21288.000001
21321.425001
21354.850001
21388.275001
21421.700001
21455.125001
21488.575001
21522.075001
21555.725001
21589.450001
21623.075001
21656.725001
21690.575001
21724.375001
21758.125001
21792.150001
21825.925001
21859.900001
21893.850001
21928.075001
21962.050001
21996.300001
22030.400001
22064.650001
22098.950001
22133.175001
22167.500001
22202.025001
22236.625001
22271.150001
22305.750001
22340.275001
22374.825001
22409.400001
22444.075001
22478.850001
22513.600001
22548.375001
22583.300001
22618.400001
22653.525001
22688.600001
22723.850001
22759.125001
22794.500001
22829.900001
22865.325001
22900.825001
22936.600001
22972.300001
23007.925001
23043.775001
23079.775001
23115.850001
23151.975001
23188.150001
23224.400001
23260.625001
23296.950001
23333.400001
23370.025001
23406.600001
23443.350001
23480.125001
23517.225001
23554.225001
23591.325001
23628.650001
23666.100001
23703.675001
23741.350001
23779.150001
23817.250001
23855.300001
23893.625001
23932.050001
23970.525001
24009.275001
24048.175001
24087.225001
24126.475001
24166.000001
24205.775001
24245.550001
24285.600001
24325.850001
24366.275001
24406.875001
24447.800001
24488.750001
24530.000001
24571.475001
24613.225001
24655.125001
24697.350001
24739.800001
24782.550001
24825.700001
24869.075001
24912.825001
24956.850001
25001.175001
25045.925001
25091.150001
25136.825001
25182.825001
25229.400001
25276.225001
25323.650001
25371.625001
25420.300001
25469.550001
25519.350001
25569.900001
25620.900001
25672.750001
25725.275001
25778.525001
25832.475001
25887.150001
25942.700001
25999.050001
26056.400001
26114.675001
26173.825001
26234.100001
26295.450001
26358.050001
26421.900001
26487.350001
26554.725001
26624.250001
26696.875001
26773.975001
26905.775001
26965.150001
27031.850001
27191.700001
27251.525001
27328.100001
27548.475001
27609.225001
27872.950001
27934.250001
28585.850001
28652.850001
