2.000000
3.000000
9033.725000
9087.600000
9138.250000
9186.475000
9232.550000
9277.075000
9320.325000
9362.575000
9403.825000
9444.400000
9484.200000
9523.275000
9561.900000
9599.775000
9637.025000
9673.975000
9710.350000
9746.425000
9781.750000
9817.075000
9851.925000
9886.550000
9920.475000
9954.325000
9987.925000
10021.350000
10054.575000
10087.275000
10120.050000
10152.500000
10184.900000
10217.225000
10249.350000
10281.325000
10313.225000
10345.100000
10376.825000
10408.375000
10439.750000
10471.200000
10502.400000
10533.800000
10564.825000
10595.825000
10626.875000
10657.750000
10688.525000
10719.250000
10749.925000
10780.500000
10811.025000
10841.500000
10871.900000
10902.300000
10932.750000
10963.200000
10993.700000
11024.175000
11054.625000
11085.000000
11115.100000
11145.275000
11175.625000
11206.075000
11236.375000
11266.450000
11296.625000
11326.900000
11357.125000
11387.100000
11417.350000
11447.675000
11477.850000
11507.850000
11538.075000
11568.250000
11598.175000
11628.450000
11658.750000
11688.750000
11718.850000
11749.075000
11779.125000
11809.150000
11839.450000
11869.625000
11899.575000
11929.775000
11959.875000
11989.825000
12020.050000
12050.300000
12080.225000
12110.350000
12140.550000
12170.425000
12200.625000
12230.825000
12260.725000
12290.925000
12320.900000
12350.850000
12381.100000
12411.125000
12441.125000
12471.250000
12501.150000
12531.250000
12561.450000
12591.375000
12621.450000
12651.450000
12681.400000
12711.625000
12741.600000
12771.575000
12801.725000
12831.550000
12861.725000
12891.825000
12921.725000
12951.875000
12981.725000
13011.800000
13042.000000
13071.875000
13101.975000
13131.875000
13161.875000
13192.075000
13221.975000
13252.050000
13282.000000
13311.950000
13342.150000
13372.075000
13402.100000
13432.100000
13462.000000
13492.200000
13522.175000
13552.150000
13582.225000
13612.100000
13642.250000
13672.300000
13702.225000
13732.325000
13762.200000
13792.300000
13822.425000
13852.300000
13882.425000
13912.300000
13942.350000
13972.525000
14002.400000
14032.500000
14062.425000
14092.400000
14122.625000
14152.500000
14182.550000
14212.575000
14242.475000
14272.700000
14302.600000
14332.600000
14362.675000
14392.550000
14422.750000
14452.700000
14482.675000
14512.800000
14542.625000
14572.800000
14602.825000
14632.725000
14662.900000
14692.700000
14722.850000
14752.950000
14782.800000
14812.975000
14842.800000
14872.875000
14903.050000
14932.900000
14963.025000
14992.875000
15022.925000
15053.125000
15082.975000
15113.075000
15142.925000
15172.950000
15203.175000
15233.025000
15263.100000
15293.000000
15322.975000
15353.200000
15383.075000
15413.125000
15443.050000
15473.000000
15503.225000
15533.100000
15563.150000
15593.075000
15623.025000
15653.250000
15683.150000
15713.175000
15743.125000
15773.050000
15803.275000
15833.175000
15863.175000
15893.175000
15923.075000
15953.300000
15983.225000
16013.200000
16043.200000
16073.100000
16103.325000
16133.250000
16163.225000
16193.250000
16223.125000
16253.350000
16283.300000
16313.250000
16343.300000
16373.175000
16403.375000
16433.375000
16463.275000
16493.375000
16523.225000
16553.400000
16583.450000
16613.325000
16643.450000
16673.300000
16703.425000
16733.550000
16763.400000
16793.525000
16823.400000
16853.475000
16883.650000
16913.500000
16943.600000
16973.500000
17003.525000
17033.725000
17063.600000
17093.675000
17123.625000
17153.600000
17183.800000
17213.675000
17243.725000
17273.750000
17303.650000
17333.850000
17363.775000
17393.775000
17423.875000
17453.750000
17483.925000
17513.875000
17543.850000
17573.975000
17603.825000
17633.975000
17664.025000
17693.925000
17724.075000
17753.950000
17784.025000
17814.150000
17844.025000
17874.150000
17904.050000
17934.075000
17964.250000
17994.150000
18024.225000
18054.150000
18084.125000
18114.325000
18144.225000
18174.275000
18204.275000
18234.200001
18264.375001
18294.325001
18324.325001
18354.400001
18384.275001
18414.450001
18444.450001
18474.400001
18504.500001
18534.375001
18564.500001
18594.600001
18624.475001
18654.600001
18684.475001
18714.550001
18744.725001
18774.600001
18804.700001
18834.625001
18864.625001
18894.825001
18924.700001
18954.775001
18984.750001
19014.675001
19044.900001
19074.800001
19104.825001
19134.900001
19164.775001
19194.975001
19224.925001
19254.875001
19285.000001
19314.850001
19345.025001
19375.050001
19404.950001
19435.125001
19464.950001
19495.075001
19525.175001
19555.025001
19585.200001
19615.050001
19645.125001
19675.250001
19705.125001
19735.250001
19765.125001
19795.150001
19825.325001
19855.200001
19885.300001
19915.200001
19945.175001
19975.375001
20005.250001
20035.325001
20065.250001
20095.225001
20125.425001
20155.350001
20185.400001
20215.550001
20245.475001
20275.650001
20306.000001
20336.050001
20366.150001
20396.450001
20426.725001
20456.850001
20486.975001
20517.350001
20547.775001
20578.300001
20608.775001
20639.275001
20669.750001
20700.225001
20730.550001
20760.825001
20791.250001
20821.700001
20852.225001
20882.750001
20913.300001
20943.900001
20974.500001
21005.075001
21035.675001
21066.325001
21096.925001
21127.600001
21158.250001
21189.075001
21219.975001
21250.775001
21281.550001
21312.325001
21343.150001
21374.150001
21405.050001
21435.975001
21467.125001
21498.050001
21529.075001
21560.200001
21591.250001
21622.525001
21653.625001
21684.825001
21716.025001
21747.300001
21778.550001
21809.800001
21841.100001
21872.625001
21903.850001
21935.325001
21966.875001
21998.150001
22029.750001
22061.400001
22092.750001
22124.350001
22156.125001
22187.750001
22219.350001
22250.925001
22282.650001
22314.525001
22346.400001
22378.375001
22410.250001
22442.250001
22474.225001
22506.250001
22538.225001
22570.225001
22602.250001
22634.300001
22666.350001
22698.325001
22730.450001
22762.625001
22794.950001
22827.200001
22859.425001
22891.850001
22924.250001
22956.600001
22989.150001
23021.600001
23054.075001
23086.725001
23119.275001
23151.975001
23184.600001
23217.375001
23250.250001
23282.950001
23315.875001
23348.750001
23381.600001
23414.625001
23447.775001
23480.975001
23514.200001
23547.400001
23580.575001
23613.750001
23647.000001
23680.300001
23713.650001
23747.100001
23780.650001
23814.350001
23848.000001
23881.650001
23915.400001
23949.250001
23983.100001
24017.175001
24051.075001
24085.225001
24119.325001
24153.550001
24187.850001
24222.125001
24256.450001
24290.975001
24325.575001
24360.225001
24395.000001
24429.800001
24464.650001
24499.525001
24534.450001
24569.500001
24604.650001
24639.850001
24675.225001
24710.550001
24746.050001
24781.525001
24817.250001
24853.025001
24888.675001
24924.500001
24960.450001
24996.525001
25032.650001
25068.850001
25105.100001
25141.425001
25177.875001
25214.450001
25251.025001
25287.725001
25324.500001
25361.525001
25398.425001
25435.525001
25472.850001
25510.225001
25547.775001
25585.400001
25623.100001
25660.850001
25698.725001
25736.825001
25774.975001
25813.250001
25851.725001
25890.200001
25928.800001
25967.550001
26006.450001
26045.425001
26084.550001
26123.825001
26163.250001
26202.850001
26242.550001
26282.450001
26322.600001
26362.850001
26403.350001
26443.900001
26484.650001
26525.625001
26566.800001
26608.075001
26649.550001
26691.275001
26733.150001
26775.375001
26817.725001
26860.400001
26903.425001
26946.700001
26990.325001
27034.325001
27078.775001
27123.650001
27169.050001
27214.950001
27261.525001
27308.650001
27356.400001
27404.775001
27453.850001
27503.650001
27554.125001
27605.325001
27657.375001
27710.250001
27764.025001
27818.875001
27874.875001
27932.425001
27991.900001
28053.925001
28119.900001
28193.575001
28386.025001
28449.350001
28748.375001
28812.925001
