10.000000
37.000000
12003.725000
12087.425000
12179.200000
12274.850000
12368.275000
12460.600000
12550.850000
12640.000000
12727.875000
12815.125000
12901.425000
12987.200000
13072.150000
13156.975000
13241.050000
13324.875000
13408.325000
13491.125000
13573.525000
13655.450000
13737.050000
13818.800000
13899.525000
13980.575000
14060.550000
14140.700000
14220.525000
14299.500000
14378.550000
14457.825000
14536.325000
14614.475000
14692.750000
14770.600000
14848.250000
14925.825000
15003.400000
15081.075000
15158.550000
15235.950000
15313.300000
15390.625000
15467.975000
15545.075000
15622.075000
15698.900000
15776.025000
15853.225000
15930.625000
16008.025000
16085.275000
16162.425000
16239.175000
16316.075000
16393.275000
16470.500000
16547.700000
16624.950000
16702.150000
16779.575000
16856.900000
16933.800000
17010.750000
17087.650000
17164.750000
17242.175000
17319.575000
17396.900000
17474.075000
17551.200000
17627.975000
17705.075000
17782.200000
17859.325000
17936.475000
18013.725000
18091.000000
18168.475000
18245.750001
18322.575001
18399.425001
18476.450001
18553.650001
18631.050001
18708.400001
18785.700001
18862.925001
18940.025001
19017.025001
19094.075001
19171.050001
19248.200001
19325.375001
19402.625001
19480.075001
19557.550001
19634.775001
19711.625001
19788.575001
19865.475001
19942.775001
20020.075001
20097.350001
20175.000001
20253.150001
20332.000001
20411.250001
20491.850001
20573.025001
20655.400001
20738.475001
20823.100001
20909.425001
20997.150001
21086.250001
21176.900001
21271.450001
21368.850001
21509.325001
21598.350001
21758.375001
21847.175001
22029.250001
22121.375001
22362.450001
22501.250001
22780.475001
23099.425001
23724.425001
