10.000000
28.000000
7081.775000
7161.625000
7237.550000
7308.850000
7376.675000
7442.325000
7506.550000
7569.350000
7631.150000
7692.425000
7753.075000
7813.425000
7873.500000
7933.150000
7992.625000
8052.025000
8111.125000
8169.975000
8228.925000
8287.325000
8345.775000
8403.900000
8462.025000
8519.825000
8577.450000
8635.025000
8692.300000
8749.425000
8806.575000
8863.350000
8919.825000
8976.025000
9031.950000
9087.550000
9142.900000
9197.925000
9252.675000
9307.050000
9360.825000
9414.100000
9467.225000
9519.750000
9571.900000
9623.750000
9675.075000
9726.125000
9776.875000
9827.500000
9877.750000
9927.700000
9977.425000
10026.800000
10075.950000
10124.825000
10173.425000
10221.575000
10269.525000
10317.425000
10364.875000
10412.275000
10459.200000
10506.150000
10552.675000
10598.925000
10645.325000
10691.425000
10737.275000
10783.125000
10829.000000
10874.600000
10920.175000
10965.675000
11011.125000
11056.625000
11101.925000
11147.150000
11192.325000
11237.425000
11282.450000
11327.525000
11372.500000
11417.600000
11462.550000
11507.425000
11552.325000
11597.075000
11641.750000
11686.325000
11730.950000
11775.650000
11820.375000
11865.000000
11909.550000
11954.100000
11998.550000
12043.025000
12087.475000
12131.925000
12176.325000
12220.750000
12265.175000
12309.575000
12354.025000
12398.375000
12442.800000
12487.175000
12531.600000
12575.975000
12620.400000
12664.775000
12709.175000
12753.600000
12797.975000
12842.375000
12886.650000
12930.900000
12975.100000
13019.325000
13063.550000
13107.850000
13152.150000
13196.425000
13240.725000
13284.925000
13329.150000
13373.325000
13417.575000
13461.775000
13505.950000
13550.025000
13594.125000
13638.200000
13682.275000
13726.275000
13770.325000
13814.350000
13858.375000
13902.475000
13946.625000
13990.850000
14035.025000
14079.175000
14123.300000
14167.525000
14211.625000
14255.725000
14299.775000
14343.825000
14387.850000
14431.875000
14475.900000
14519.975000
14563.950000
14608.050000
14652.200000
14696.375000
14740.525000
14784.650000
14828.825000
14872.975000
14917.175000
14961.200000
15005.275000
15049.275000
15093.325000
15137.325000
15181.350000
15225.400000
15269.425000
15313.525000
15357.700000
15401.850000
15445.975000
15490.100000
15534.250000
15578.450000
15622.550000
15666.625000
15710.675000
15754.775000
15798.750000
15842.800000
15886.800000
15930.825000
15974.875000
16019.000000
16063.175000
16107.350000
16151.450000
16195.600000
16239.725000
16283.875000
16327.975000
16372.025000
16416.075000
16460.125000
16504.150000
16548.175000
16592.250000
16636.225000
16680.325000
16724.450000
16768.650000
16812.800000
16856.925000
16901.075000
16945.225000
16989.350000
17033.400000
17077.450000
17121.475000
17165.500000
17209.525000
17253.575000
17297.600000
17341.650000
17385.725000
17429.950000
17474.075000
17518.225000
17562.350000
17606.525000
17650.675000
17694.800000
17738.825000
17782.875000
17826.900000
17870.900000
17914.925000
17958.950000
18002.975000
18047.025000
18091.200000
18135.375000
18179.575000
18223.650000
18267.825001
18311.950001
18356.125001
18400.225001
18444.275001
18488.300001
18532.350001
18576.325001
18620.375001
18664.375001
18708.375001
18752.475001
18796.625001
18840.825001
18884.975001
18929.125001
18973.275001
19017.475001
19061.575001
19105.650001
19149.675001
19193.725001
19237.750001
19281.775001
19325.800001
19369.850001
19413.825001
19457.950001
19502.100001
19546.275001
19590.400001
19634.550001
19678.725001
19722.875001
19767.050001
19811.050001
19855.125001
19899.125001
19943.150001
19987.175001
20031.200001
20075.250001
20119.300001
20163.475001
20207.750001
20252.075001
20296.425001
20340.875001
20385.350001
20429.900001
20474.450001
20519.050001
20563.600001
20608.150001
20652.725001
20697.325001
20742.050001
20786.850001
20831.775001
20876.550001
20921.575001
20966.725001
21011.925001
21057.200001
21102.425001
21147.650001
21192.975001
21238.400001
21284.050001
21329.750001
21375.275001
21420.850001
21466.625001
21512.450001
21558.225001
21604.100001
21650.075001
21696.150001
21742.250001
21788.525001
21834.875001
21881.125001
21927.600001
21974.125001
22020.650001
22067.450001
22114.050001
22160.850001
22207.775001
22254.775001
22301.900001
22348.925001
22396.175001
22443.350001
22490.825001
22538.300001
22585.875001
22633.475001
22681.150001
22729.150001
22776.950001
22824.975001
22873.200001
22921.350001
22969.675001
23018.150001
23066.700001
23115.250001
23163.950001
23212.925001
23262.050001
23311.175001
23360.450001
23409.875001
23459.425001
23509.125001
23559.000001
23609.075001
23659.300001
23709.625001
23760.075001
23810.800001
23861.775001
23912.950001
23964.175001
24015.650001
24067.525001
24119.425001
24171.525001
24223.925001
24276.325001
24329.075001
24381.800001
24434.800001
24487.825001
24541.175001
24594.575001
24648.075001
24701.825001
24755.625001
24809.475001
24863.525001
24917.800001
24972.025001
25026.325001
25080.775001
25135.450001
25190.250001
25245.125001
25300.075001
25355.150001
25410.325001
25465.625001
25520.975001
25576.425001
25632.050001
25687.750001
25743.650001
25799.700001
25855.875001
25912.200001
25968.650001
26025.150001
26081.800001
26138.575001
26195.575001
26252.625001
26309.775001
26367.150001
26424.675001
26482.275001
26540.100001
26598.000001
26656.150001
26714.375001
26772.825001
26831.375001
26890.150001
26948.950001
27008.025001
27067.275001
27126.600001
27186.125001
27245.900001
27305.800001
27365.875001
27426.150001
27486.625001
27547.300001
27608.200001
27669.300001
27730.600001
27792.125001
27853.900001
27915.875001
27978.125001
28040.650001
28103.400001
28166.425001
28229.775001
28293.350001
28357.275001
28421.475001
28486.075001
28551.050001
28616.425001
28682.250001
28748.600001
28815.550001
28883.150001
28951.450001
29020.475001
29090.375001
29161.225001
29233.150001
29306.325001
29380.750001
29456.425001
29533.225001
29611.150001
29690.325001
29770.825001
29852.950001
29936.950001
30023.050001
30111.450001
30201.450001
30293.150001
30386.150001
30479.975001
30574.350001
30669.125001
30764.275001
30859.800001
30955.725001
31052.100001
31149.050001
31246.700001
31345.375001
31445.750001
31550.175001
31780.225001
31875.475001
32108.775001
32203.825001
32434.250001
32529.250001
32759.400001
32854.400001
33084.525001
33179.525001
33409.650001
33504.650001
33734.750001
33829.750001
34059.875001
34154.875001
34384.975001
34479.975001
34710.100001
34805.100001
