10.000000
29.000000
7338.575000
7419.200000
7496.200000
7569.000000
7638.125000
7704.625000
7769.125000
7831.875000
7893.500000
7954.300000
8014.375000
8074.175000
8133.375000
8192.175000
8250.800000
8309.000000
8367.125000
8424.850000
8482.225000
8539.650000
8596.900000
8653.825000
8710.600000
8767.425000
8823.950000
8880.250000
8936.175000
8992.025000
9047.625000
9103.075000
9158.275000
9213.425000
9268.400000
9323.125000
9377.425000
9431.425000
9485.250000
9538.575000
9591.525000
9644.025000
9696.250000
9747.950000
9799.275000
9850.250000
9900.775000
9950.950000
10000.600000
10049.825000
10098.525000
10147.075000
10195.550000
10243.475000
10291.375000
10338.825000
10385.975000
10433.000000
10479.925000
10526.400000
10573.000000
10619.275000
10665.300000
10711.300000
10757.300000
10802.975000
10848.600000
10894.275000
10939.950000
10985.475000
11030.800000
11076.100000
11121.300000
11166.625000
11211.850000
11257.075000
11302.150000
11347.150000
11392.075000
11437.025000
11481.900000
11526.650000
11571.500000
11616.475000
11661.225000
11706.075000
11751.025000
11795.825000
11840.575000
11885.350000
11930.175000
11974.825000
12019.425000
12063.950000
12108.475000
12153.025000
12197.575000
12242.200000
12286.825000
12331.500000
12376.075000
12420.600000
12465.100000
12509.575000
12554.075000
12598.500000
12642.975000
12687.400000
12731.850000
12776.250000
12820.700000
12865.125000
12909.550000
12954.025000
12998.425000
13042.875000
13087.275000
13131.725000
13176.125000
13220.575000
13265.000000
13309.450000
13353.925000
13398.325000
13442.775000
13487.200000
13531.650000
13576.075000
13620.525000
13664.950000
13709.400000
13753.875000
13798.275000
13842.750000
13887.175000
13931.625000
13976.050000
14020.500000
14064.925000
14109.375000
14153.850000
14198.275000
14242.725000
14287.150000
14331.600000
14376.025000
14420.475000
14464.925000
14509.375000
14553.850000
14598.250000
14642.725000
14687.150000
14731.600000
14776.025000
14820.475000
14864.900000
14909.350000
14953.825000
14998.250000
15042.725000
15087.150000
15131.600000
15176.025000
15220.475000
15264.900000
15309.350000
15353.825000
15398.250000
15442.700000
15487.125000
15531.575000
15576.000000
15620.450000
15664.900000
15709.350000
15753.825000
15798.225000
15842.700000
15887.125000
15931.575000
15976.000000
16020.450000
16064.900000
16109.325000
16153.825000
16198.225000
16242.700000
16287.125000
16331.575000
16376.000000
16420.450000
16464.875000
16509.325000
16553.800000
16598.225000
16642.700000
16687.125000
16731.575000
16776.000000
16820.450000
16864.875000
16909.325000
16953.800000
16998.225000
17042.675000
17087.100000
17131.550000
17175.975000
17220.425000
17264.875000
17309.325000
17353.800000
17398.225000
17442.675000
17487.100000
17531.550000
17575.975000
17620.425000
17664.875000
17709.325000
17753.800000
17798.200000
17842.675000
17887.100000
17931.550000
17975.975000
18020.425000
18064.875000
18109.300000
18153.800000
18198.200000
18242.675001
18287.100001
18331.550001
18375.975001
18420.425001
18464.850001
18509.300001
18553.775001
18598.200001
18642.675001
18687.100001
18731.550001
18775.975001
18820.425001
18864.850001
18909.300001
18953.775001
18998.200001
19042.675001
19087.075001
19131.525001
19175.950001
19220.400001
19264.850001
19309.300001
19353.775001
19398.175001
19442.650001
19487.075001
19531.525001
19575.950001
19620.400001
19664.850001
19709.275001
19753.775001
19798.175001
19842.650001
19887.075001
19931.525001
19975.950001
20020.400001
20064.825001
20109.275001
20153.825001
20198.300001
20242.825001
20287.350001
20331.900001
20376.475001
20421.125001
20465.975001
20510.900001
20555.800001
20600.925001
20645.975001
20691.150001
20736.200001
20781.425001
20826.650001
20872.025001
20917.600001
20963.150001
21008.625001
21054.225001
21099.900001
21145.700001
21191.475001
21237.300001
21283.225001
21329.325001
21375.250001
21421.375001
21467.825001
21513.925001
21560.300001
21606.900001
21653.300001
21699.925001
21746.625001
21793.300001
21840.200001
21886.975001
21934.100001
21981.075001
22028.325001
22075.475001
22122.875001
22170.200001
22217.825001
22265.175001
22312.775001
22360.400001
22408.150001
22456.025001
22503.925001
22551.950001
22600.050001
22648.150001
22696.500001
22744.975001
22793.350001
22841.825001
22890.500001
22939.200001
22987.950001
23036.900001
23085.950001
23135.175001
23184.525001
23233.900001
23283.400001
23333.025001
23382.775001
23432.700001
23482.800001
23533.000001
23583.300001
23633.775001
23684.500001
23735.300001
23786.175001
23837.250001
23888.525001
23940.075001
23991.650001
24043.375001
24095.475001
24147.575001
24199.950001
24252.500001
24305.275001
24358.175001
24411.300001
24464.600001
24518.250001
24571.975001
24625.875001
24680.125001
24734.500001
24788.875001
24843.425001
24898.150001
24953.025001
25008.050001
25063.250001
25118.625001
25174.075001
25229.675001
25285.400001
25341.250001
25397.125001
25453.075001
25509.175001
25565.400001
25621.775001
25678.375001
25735.100001
25791.850001
25848.675001
25905.725001
25962.925001
26020.250001
26077.725001
26135.350001
26193.075001
26251.025001
26309.050001
26367.325001
26425.675001
26484.275001
26542.900001
26601.725001
26660.675001
26719.800001
26779.175001
26838.600001
26898.225001
26958.075001
27018.100001
27078.275001
27138.625001
27199.150001
27259.875001
27320.775001
27381.875001
27443.200001
27504.750001
27566.550001
27628.575001
27690.850001
27753.325001
27816.025001
27879.050001
27942.250001
28005.750001
28069.475001
28133.500001
28197.825001
28262.500001
28327.450001
28392.775001
28458.425001
28524.525001
28591.050001
28658.025001
28725.500001
28793.550001
28862.350001
28931.850001
29002.275001
29073.650001
29146.200001
29220.075001
29295.475001
29372.325001
29450.525001
29530.050001
29610.825001
29693.125001
29777.250001
29863.800001
29953.350001
30046.550001
30143.425001
30243.825001
30352.175001
30511.700001
30605.650001
30706.800001
30814.300001
30972.225001
31066.225001
31167.550001
31278.600001
31386.400001
31547.725001
31641.775001
31743.825001
31904.125001
31998.275001
32100.350001
32260.500001
32354.675001
32456.750001
32616.925001
32711.100001
32813.150001
32973.300001
33067.475001
33169.550001
33329.775001
33423.925001
33526.000001
33686.150001
33780.325001
33882.400001
34042.650001
34136.825001
34238.875001
34399.075001
34493.225001
34595.325001
34755.600001
34849.750001
34951.825001
