10.000000
20.000000
5754.275000
5841.850000
5927.100000
6008.500000
6086.200000
6161.125000
6233.750000
6304.150000
6372.600000
6439.625000
6505.475000
6570.250000
6634.425000
6697.775000
6760.675000
6823.175000
6885.125000
6946.450000
7007.250000
7067.375000
7126.775000
7185.775000
7244.300000
7302.450000
7360.250000
7417.975000
7475.175000
7532.175000
7589.025000
7645.775000
7702.325000
7758.600000
7814.750000
7870.725000
7926.400000
7981.975000
8037.325000
8092.550000
8147.450000
8202.200000
8256.775000
8310.825000
8364.625000
8418.300000
8471.475000
8524.575000
8577.350000
8630.075000
8682.475000
8734.850000
8786.800000
8838.750000
8890.475000
8941.825000
8992.950000
9043.875000
9094.500000
9144.600000
9194.350000
9243.725000
9292.850000
9341.600000
9390.175000
9438.425000
9486.375000
9534.350000
9581.850000
9629.375000
9676.450000
9723.650000
9770.550000
9817.600000
9864.125000
9910.725000
9957.225000
10003.400000
10049.575000
10095.650000
10141.450000
10187.125000
10232.850000
10278.700000
10324.300000
10369.750000
10415.125000
10460.550000
10506.050000
10551.425000
10596.775000
10642.025000
10687.275000
10732.500000
10777.825000
10823.175000
10868.475000
10913.650000
10958.800000
11004.050000
11049.200000
11094.525000
11139.825000
11185.125000
11230.325000
11275.450000
11320.625000
11365.800000
11411.050000
11456.400000
11501.625000
11546.850000
11592.000000
11637.175000
11682.300000
11727.525000
11772.825000
11818.125000
11863.325000
11908.425000
11953.675000
11998.750000
12044.000000
12089.225000
12134.525000
12179.800000
12224.925000
12270.100000
12315.275000
12360.475000
12405.725000
12451.025000
12496.225000
12541.450000
12586.475000
12631.700000
12676.750000
12722.000000
12767.300000
12812.575000
12857.775000
12902.900000
12948.075000
12993.200000
13038.425000
13083.650000
13128.975000
13174.150000
13219.325000
13264.425000
13309.600000
13354.800000
13400.050000
13445.350000
13490.600000
13535.750000
13580.850000
13626.000000
13671.100000
13716.350000
13761.550000
13806.875000
13852.050000
13897.200000
13942.400000
13987.525000
14032.750000
14078.000000
14123.275000
14168.500000
14213.650000
14258.700000
14303.925000
14348.975000
14394.250000
14439.450000
14484.750000
14529.975000
14575.075000
14620.275000
14665.400000
14710.600000
14755.850000
14801.125000
14846.325000
14891.525000
14936.600000
14981.800000
15026.875000
15072.125000
15117.450000
15162.675000
15207.875000
15252.975000
15298.150000
15343.275000
15388.475000
15433.700000
15479.025000
15524.200000
15569.375000
15614.475000
15659.650000
15704.850000
15750.100000
15795.400000
15840.625000
15885.800000
15930.875000
15976.025000
16021.100000
16066.375000
16111.575000
16156.875000
16202.075000
16247.200000
16292.400000
16337.550000
16382.750000
16428.000000
16473.275000
16518.500000
16563.650000
16608.700000
16653.925000
16698.975000
16744.225000
16789.450000
16834.725000
16879.975000
16925.075000
16970.250000
17015.400000
17060.600000
17105.850000
17151.125000
17196.325000
17241.525000
17286.575000
17331.775000
17376.850000
17422.100000
17467.425000
17512.650000
17557.850000
17602.950000
17648.125000
17693.250000
17738.450000
17783.675000
17829.000000
17874.175000
17919.350000
17964.450000
18009.625000
18054.825000
18100.050000
18145.350000
18190.600000
18235.775001
18280.850001
18326.000001
18371.100001
18416.350001
18461.550001
18506.850001
18552.025001
18597.175001
18642.375001
18687.525001
18732.725001
18777.975001
18823.250001
18868.475001
18913.625001
18958.675001
19003.900001
19048.950001
19094.200001
19139.400001
19184.700001
19229.925001
19275.050001
19320.225001
19365.350001
19410.575001
19455.825001
19501.100001
19546.275001
19591.500001
19636.525001
19681.725001
19726.800001
19772.025001
19817.350001
19862.600001
19907.800001
19952.900001
19998.075001
20043.200001
20088.425001
20133.700001
20179.100001
20224.400001
20269.725001
20315.075001
20360.550001
20406.250001
20451.875001
20497.425001
20543.000001
20588.700001
20634.550001
20680.300001
20726.125001
20772.050001
20818.075001
20863.925001
20909.950001
20956.250001
21002.500001
21048.650001
21095.100001
21141.525001
21187.875001
21234.525001
21280.950001
21327.600001
21374.325001
21421.000001
21467.925001
21514.700001
21561.775001
21608.700001
21655.800001
21702.800001
21749.950001
21797.100001
21844.375001
21891.650001
21939.025001
21986.350001
22034.000001
22081.600001
22129.350001
22176.975001
22224.800001
22272.700001
22320.575001
22368.625001
22416.700001
22464.750001
22513.025001
22561.250001
22609.475001
22657.875001
22706.450001
22754.975001
22803.575001
22852.300001
22901.100001
22949.800001
22998.525001
23047.325001
23096.325001
23145.475001
23194.550001
23243.675001
23292.925001
23342.200001
23391.600001
23441.125001
23490.725001
23540.350001
23590.075001
23639.875001
23689.775001
23739.775001
23789.850001
23839.975001
23890.125001
23940.325001
23990.600001
24041.025001
24091.500001
24141.975001
24192.575001
24243.225001
24294.000001
24344.925001
24395.925001
24446.925001
24498.025001
24549.250001
24600.675001
24652.125001
24703.650001
24755.275001
24807.000001
24858.650001
24910.550001
24962.600001
25014.625001
25066.900001
25119.175001
25171.600001
25224.225001
25276.900001
25329.825001
25382.825001
25435.925001
25489.200001
25542.625001
25596.250001
25650.000001
25703.875001
25757.925001
25812.200001
25866.525001
25920.900001
25975.500001
26030.300001
26085.225001
26140.325001
26195.575001
26251.000001
26306.625001
26362.375001
26418.300001
26474.400001
26530.675001
26587.125001
26643.775001
26700.650001
26757.725001
26814.875001
26872.200001
26929.750001
26987.400001
27045.275001
27103.300001
27161.500001
27219.875001
27278.475001
27337.225001
27396.200001
27455.350001
27514.700001
27574.325001
27634.225001
27694.300001
27754.625001
27815.250001
27876.200001
27937.500001
27999.275001
28061.550001
28124.325001
28187.550001
28251.200001
28315.200001
28379.575001
28444.275001
28509.250001
28574.575001
28640.200001
28706.150001
28772.425001
28839.000001
28905.975001
28973.325001
29041.100001
29109.275001
29177.925001
29247.075001
29316.800001
29387.100001
29458.100001
29529.825001
29602.400001
29675.875001
29750.275001
29825.550001
29901.750001
29979.025001
30057.475001
30136.975001
30217.175001
30297.900001
30379.000001
30460.400001
30542.000001
30623.750001
30705.675001
30787.725001
30869.925001
30952.300001
31034.850001
31117.675001
31200.800001
31284.375001
31368.500001
31453.075001
31537.925001
31622.875001
31707.925001
31793.025001
31878.200001
31963.425001
32048.700001
32134.050001
32219.450001
32304.950001
32390.500001
32476.150001
32561.900001
32647.775001
32733.800001
32820.000001
32906.450001
32993.200001
33080.450001
33168.450001
33257.850001
33349.800001
33445.125001
33543.075001
33642.650001
33743.350001
33844.900001
33947.050001
34049.650001
34152.575001
34255.775001
34359.175001
34462.800001
34566.600001
34670.550001
34774.725001
34879.100001
34983.725001
