100.000000
16.000000
5983.350000
6055.975000
6129.625000
6202.200000
6273.900000
6344.750000
6414.950000
6484.850000
6554.150000
6623.225000
6691.950000
6760.250000
6828.425000
6896.450000
6964.000000
7031.350000
7098.400000
7165.150000
7231.750000
7298.100000
7364.250000
7430.325000
7496.150000
7561.650000
7626.900000
7692.075000
7757.100000
7821.725000
7886.200000
7950.550000
8014.675000
8078.825000
8142.575000
8206.300000
8269.675000
8332.800000
8395.950000
8458.600000
8521.050000
8583.425000
8645.750000
8707.875000
8769.725000
8831.375000
8892.875000
8954.100000
9015.100000
9075.975000
9136.725000
9197.325000
9257.875000
9318.300000
9378.475000
9438.450000
9498.225000
9557.975000
9617.675000
9676.900000
9736.050000
9795.250000
9854.125000
9912.975000
9971.525000
10030.200000
10088.500000
10146.875000
10205.175000
10263.500000
10321.700000
10380.100000
10438.275000
10496.650000
10554.875000
10613.225000
10671.300000
10729.650000
10787.600000
10845.800000
10903.850000
10962.075000
11020.175000
11078.475000
11136.475000
11194.550000
11252.575000
11310.625000
11368.925000
11426.900000
11485.150000
11543.075000
11601.225000
11659.200000
11717.525000
11775.550000
11833.675000
11891.675000
11949.675000
12007.850000
12065.900000
12124.125000
12182.075000
12240.200000
12298.150000
12356.425000
12414.400000
12472.500000
12530.475000
12588.475000
12646.675000
12704.775000
12762.975000
12820.850000
12879.075000
12936.975000
12995.250000
13053.275000
13111.300000
13169.325000
13227.275000
13285.525000
13343.525000
13401.675000
13459.550000
13517.775000
13575.725000
13633.925000
13691.975000
13749.925000
13808.000000
13866.025000
13924.250000
13982.225000
14040.325000
14098.250000
14156.500000
14214.450000
14272.525000
14330.500000
14388.475000
14446.675000
14504.750000
14562.950000
14620.825000
14679.025000
14736.925000
14795.200000
14853.200000
14911.175000
14969.225000
15027.175000
15085.425000
15143.400000
15201.500000
15259.425000
15317.650000
15375.625000
15433.750000
15491.750000
15549.725000
15607.875000
15665.875000
15724.075000
15781.975000
15840.100000
15898.050000
15956.325000
16014.275000
16072.275000
16130.325000
16188.300000
16246.525000
16304.575000
16362.675000
16420.575000
16478.800000
16536.725000
16594.925000
16652.850000
16710.825000
16769.000000
16826.925000
16885.150000
16943.025000
17001.175000
17059.100000
17117.400000
17175.375000
17233.375000
17291.425000
17349.375000
17407.650000
17465.600000
17523.700000
17581.650000
17639.800000
17697.800000
17755.950000
17813.850000
17871.850000
17930.075000
17988.050000
18046.225000
18104.150000
18162.275000
18220.250000
18278.500001
18336.450001
18394.450001
18452.475001
18510.475001
18568.750001
18626.650001
18684.775001
18742.725001
18800.900001
18858.875001
18917.075001
18974.975001
19032.975001
19091.175001
19149.125001
19207.350001
19265.200001
19323.350001
19381.325001
19439.500001
19497.475001
19555.500001
19613.525001
19671.500001
19729.825001
19787.725001
19845.850001
19903.800001
19961.975001
20020.025001
20078.100001
20136.075001
20194.275001
20252.575001
20310.950001
20369.475001
20428.200001
20487.000001
20546.150001
20605.275001
20664.450001
20724.025001
20783.575001
20843.175001
20902.975001
20963.150001
21023.500001
21083.900001
21144.475001
21205.175001
21266.050001
21327.125001
21388.375001
21449.800001
21511.300001
21573.150001
21635.250001
21697.300001
21759.500001
21821.925001
21884.700001
21947.425001
22010.400001
22073.775001
22137.100001
22200.850001
22264.675001
22328.925001
22393.050001
22457.625001
22522.275001
22587.050001
22652.275001
22717.800001
22783.250001
22848.850001
22914.775001
22981.075001
23047.525001
23114.125001
23181.075001
23248.250001
23315.600001
23383.250001
23451.275001
23519.500001
23587.850001
23656.750001
23725.750001
23795.250001
23864.850001
23934.900001
24005.125001
24075.700001
24146.725001
24218.075001
24289.600001
24361.500001
24433.725001
24506.450001
24579.625001
24653.000001
24726.650001
24800.900001
24875.600001
24950.800001
25026.350001
25102.525001
25179.250001
25256.500001
25334.350001
25412.725001
25491.700001
25571.175001
25651.350001
25732.200001
25813.775001
25896.150001
25979.300001
26063.300001
26148.250001
26234.200001
26321.275001
26409.625001
26499.325001
26590.800001
26684.950001
26784.550001
