100.000000
7.000000
5867.025000
5947.650000
6031.275000
6115.125000
6198.750000
6282.075000
6364.900000
6447.300000
6529.150000
6610.225000
6691.000000
6771.025000
6850.475000
6929.650000
7008.175000
7086.100000
7163.575000
7240.625000
7317.125000
7393.125000
7468.875000
7544.075000
7619.025000
7693.275000
7767.300000
7841.025000
7914.125000
7986.825000
8059.250000
8131.350000
8203.000000
8274.400000
8345.525000
8416.025000
8486.225000
8556.200000
8625.725000
8695.125000
8763.925000
8832.400000
8900.725000
8968.900000
9036.475000
9103.825000
9170.775000
9237.400000
9303.875000
9370.125000
9436.050000
9501.775000
9567.275000
9632.275000
9697.025000
9761.425000
9825.475000
9889.375000
9952.875000
10016.250000
10079.625000
10142.700000
10205.750000
10268.900000
10331.875000
10394.950000
10458.000000
10520.850000
10583.875000
10646.950000
10709.750000
10772.800000
10835.825000
10898.625000
10961.625000
11024.650000
11087.475000
11150.475000
11213.500000
11276.325000
11339.250000
11402.275000
11465.175000
11528.125000
11591.200000
11654.125000
11717.175000
11780.250000
11843.100000
11906.150000
11969.200000
12032.025000
12095.125000
12158.125000
12220.900000
12283.950000
12346.975000
12409.775000
12472.825000
12535.825000
12598.625000
12661.600000
12724.625000
12787.450000
12850.425000
12913.450000
12976.300000
13039.200000
13102.225000
13165.125000
13228.050000
13291.125000
13354.075000
13417.100000
13480.175000
13543.050000
13606.075000
13669.125000
13731.975000
13795.025000
13858.050000
13920.850000
13983.850000
14046.900000
14109.725000
14172.725000
14235.750000
14298.575000
14361.500000
14424.550000
14487.400000
14550.350000
14613.375000
14676.250000
14739.125000
14802.175000
14865.075000
14927.975000
14991.075000
15054.025000
15117.025000
15180.100000
15243.000000
15306.000000
15369.075000
15431.925000
15494.975000
15558.000000
15620.825000
15683.800000
15746.850000
15809.700000
15872.675000
15935.700000
15998.550000
16061.475000
16124.500000
16187.375000
16250.300000
16313.350000
16376.225000
16439.100000
16502.125000
16565.050000
16627.950000
16691.025000
16754.000000
16817.000000
16880.075000
16942.975000
17005.975000
17069.050000
17131.925000
17194.950000
17258.000000
17320.800000
17383.775000
17446.825000
17509.675000
17572.650000
17635.700000
17698.525000
17761.450000
17824.475000
17887.375000
17950.300000
18013.325000
18076.225000
18139.100000
18202.125000
18265.050001
18327.950001
18391.025001
18454.000001
18516.975001
18580.075001
18642.975001
18705.975001
18769.025001
18831.925001
18894.950001
18957.975001
19020.800001
19083.775001
19146.825001
19209.675001
19272.650001
19335.675001
19398.525001
19461.450001
19524.475001
19587.375001
19650.300001
19713.325001
19776.200001
19839.075001
19902.125001
19965.025001
20027.950001
20091.025001
20154.125001
20217.575001
20281.025001
20344.725001
20408.400001
20472.375001
20536.425001
20600.950001
20665.425001
20730.300001
20795.475001
20860.675001
20926.100001
20991.750001
21057.775001
21124.050001
21190.475001
21257.150001
21324.025001
21391.225001
21458.475001
21525.975001
21593.850001
21662.125001
21730.500001
21798.975001
21868.025001
21937.125001
22006.775001
22076.375001
22146.575001
22217.100001
22287.675001
22358.650001
22430.175001
22502.000001
22574.225001
22646.825001
22719.650001
22792.825001
22866.350001
22940.400001
23014.725001
23089.675001
23164.950001
23240.825001
23317.100001
23393.825001
23471.025001
23548.625001
23626.775001
23705.625001
23785.175001
23865.150001
23945.975001
24027.225001
24109.425001
24192.375001
24276.075001
24360.575001
24446.250001
24532.775001
24620.525001
24709.450001
24799.650001
24891.650001
24985.775001
25082.500001
25183.700001
