1.000000
27.000000
6987.400000
7064.100000
7137.275000
7207.575000
7275.525000
7342.050000
7407.650000
7472.250000
7536.125000
7599.475000
7662.575000
7725.025000
7787.175000
7848.950000
7910.600000
7972.050000
8033.150000
8094.050000
8154.750000
8215.150000
8275.250000
8335.325000
8395.175000
8454.625000
8513.750000
8572.575000
8631.050000
8689.225000
8747.025000
8804.325000
8861.200000
8917.875000
8973.900000
9029.575000
9084.675000
9139.075000
9192.950000
9246.425000
9299.300000
9351.775000
9403.625000
9455.125000
9506.200000
9556.850000
9606.950000
9656.700000
9706.025000
9755.075000
9803.850000
9852.375000
9900.800000
9948.725000
9996.675000
10044.375000
10091.725000
10139.025000
10186.100000
10233.200000
10280.225000
10327.125000
10374.100000
10420.750000
10467.625000
10514.050000
10560.625000
10607.225000
10653.625000
10700.050000
10746.400000
10792.700000
10838.900000
10885.100000
10931.150000
10977.300000
11023.450000
11069.325000
11115.125000
11160.950000
11206.825000
11252.450000
11298.075000
11343.650000
11389.200000
11434.675000
11480.025000
11525.150000
11570.300000
11615.325000
11660.275000
11705.300000
11750.125000
11795.025000
11839.950000
11884.700000
11929.400000
11974.025000
12018.750000
12063.425000
12108.025000
12152.550000
12197.025000
12241.525000
12285.925000
12330.375000
12374.800000
12419.250000
12463.650000
12508.075000
12552.500000
12596.950000
12641.400000
12685.800000
12730.250000
12774.675000
12819.100000
12863.525000
12907.950000
12952.375000
12996.825000
13041.275000
13085.675000
13130.125000
13174.550000
13218.975000
13263.375000
13307.800000
13352.200000
13396.600000
13441.025000
13485.400000
13529.775000
13574.050000
13618.275000
13662.475000
13706.700000
13750.900000
13795.100000
13839.175000
13883.200000
13927.175000
13971.100000
14015.050000
14058.950000
14102.875000
14146.850000
14190.875000
14234.875000
14278.925000
14322.850000
14366.800000
14410.675000
14454.525000
14498.350000
14542.200000
14586.025000
14630.025000
14673.950000
14717.925000
14761.825000
14805.725000
14849.575000
14893.350000
14937.175000
14980.950000
15024.825000
15068.775000
15112.725000
15156.700000
15200.575000
15244.475000
15288.300000
15332.125000
15375.950000
15419.750000
15463.625000
15507.575000
15551.500000
15595.475000
15639.325000
15683.200000
15726.950000
15770.775000
15814.600000
15858.400000
15902.325000
15946.275000
15990.225000
16034.175000
16078.050000
16121.900000
16165.675000
16209.525000
16253.325000
16297.150000
16341.125000
16385.075000
16429.050000
16472.975000
16516.900000
16560.725000
16604.550000
16648.375000
16692.200000
16736.000000
16780.000000
16823.900000
16867.875000
16911.775000
16955.650000
16999.475000
17043.275000
17087.125000
17130.875000
17174.750000
17218.700000
17262.650000
17306.625000
17350.500000
17394.400000
17438.200000
17482.025000
17525.875000
17569.675000
17613.550000
17657.525000
17701.450000
17745.425000
17789.275000
17833.125000
17876.875000
17920.700000
17964.475000
18008.300000
18052.250000
18096.175000
18140.150000
18184.050000
18227.950001
18271.800001
18315.575001
18359.425001
18403.200001
18447.050001
18491.025001
18534.975001
18578.950001
18622.850001
18666.775001
18710.600001
18754.425001
18798.250001
18842.075001
18885.925001
18929.900001
18973.800001
19017.800001
19061.650001
19105.550001
19149.350001
19193.175001
19237.000001
19280.775001
19324.675001
19368.625001
19412.575001
19456.550001
19500.425001
19544.300001
19588.100001
19631.925001
19675.750001
19719.575001
19763.475001
19807.450001
19851.375001
19895.350001
19939.200001
19983.050001
20026.800001
20070.625001
20114.400001
20158.275001
20202.300001
20246.375001
20290.475001
20334.600001
20378.825001
20423.075001
20467.425001
20511.775001
20556.200001
20600.675001
20645.200001
20689.775001
20734.375001
20779.000001
20823.550001
20868.175001
20912.850001
20957.625001
21002.450001
21047.200001
21092.000001
21136.900001
21181.875001
21226.825001
21271.950001
21317.200001
21362.475001
21407.750001
21453.000001
21498.325001
21543.750001
21589.350001
21634.950001
21680.475001
21726.075001
21771.825001
21817.775001
21863.575001
21909.450001
21955.425001
22001.475001
22047.450001
22093.575001
22140.000001
22186.150001
22232.525001
22279.125001
22325.525001
22372.150001
22418.850001
22465.525001
22512.425001
22559.225001
22606.350001
22653.375001
22700.625001
22747.800001
22795.250001
22842.625001
22890.175001
22937.575001
22985.275001
23033.000001
23080.725001
23128.775001
23176.650001
23224.775001
23273.075001
23321.350001
23369.750001
23418.350001
23467.050001
23515.775001
23564.725001
23613.775001
23663.025001
23712.475001
23762.050001
23811.800001
23861.775001
23911.975001
23962.375001
24012.900001
24063.675001
24114.675001
24166.100001
24217.875001
24269.725001
24322.000001
24374.625001
24427.600001
24480.875001
24534.650001
24588.650001
24643.025001
24697.750001
24752.825001
24808.200001
24863.825001
24919.725001
24975.925001
25032.375001
25089.100001
25146.125001
25203.325001
25260.825001
25318.650001
25376.575001
25434.900001
25493.325001
25552.125001
25611.100001
25670.275001
25729.800001
25789.400001
25849.125001
25909.075001
25969.250001
26029.575001
26090.050001
26150.700001
26211.500001
26272.450001
26333.550001
26394.875001
26456.450001
26518.175001
26580.075001
26642.150001
26704.375001
26766.800001
26829.475001
26892.300001
26955.375001
27018.675001
27082.100001
27145.800001
27209.650001
27273.800001
27338.100001
27402.700001
27467.575001
27532.650001
27597.975001
27663.575001
27729.475001
27795.600001
27861.975001
27928.700001
27995.675001
28062.925001
28130.500001
28198.325001
28266.500001
28335.050001
28403.900001
28473.150001
28542.750001
28612.750001
28683.125001
28753.900001
28825.125001
28896.850001
28969.050001
29041.775001
29115.025001
29188.900001
29263.500001
29338.850001
29415.100001
29492.225001
29570.225001
29649.075001
29728.900001
29809.725001
29891.700001
29975.000001
30060.000001
30146.675001
30235.125001
30326.125001
30420.500001
30518.825001
30622.050001
30799.150001
30889.425001
30988.275001
31192.300001
31284.550001
31552.975001
31644.925001
31913.825001
32005.600001
32255.175001
32347.725001
32616.450001
32708.200001
32957.400001
33049.950001
33318.725001
33410.475001
33659.650001
33752.200001
34021.000001
34112.750001
34361.950001
34454.500001
34723.300001
34815.050001
