100.000000
35.000000
10416.950000
10481.575000
10546.325000
10609.375000
10671.475000
10733.100000
10794.225000
10855.025000
10915.450000
10975.825000
11036.150000
11096.500000
11156.825000
11216.750000
11276.425000
11336.275000
11396.350000
11456.350000
11516.125000
11575.950000
11635.875000
11695.800000
11755.500000
11815.075000
11874.875000
11934.750000
11994.350000
12054.000000
12113.750000
12173.575000
12233.150000
12292.800000
12352.600000
12412.400000
12471.925000
12531.575000
12591.475000
12651.250000
12710.775000
12770.425000
12830.350000
12890.125000
12949.625000
13009.250000
13069.175000
13129.050000
13188.525000
13248.150000
13308.050000
13367.925000
13427.400000
13487.000000
13546.900000
13606.775000
13666.325000
13725.925000
13785.800000
13845.625000
13905.225000
13964.800000
14024.675000
14084.475000
14144.025000
14203.700000
14263.575000
14323.350000
14382.900000
14442.625000
14502.475000
14562.250000
14621.750000
14681.450000
14741.375000
14801.150000
14860.650000
14920.350000
14980.300000
15040.050000
15099.525000
15159.175000
15219.125000
15278.975000
15338.450000
15398.100000
15458.025000
15517.900000
15577.350000
15636.975000
15696.875000
15756.750000
15816.275000
15875.900000
15935.775000
15995.600000
16055.200000
16114.775000
16174.650000
16234.450000
16294.000000
16353.700000
16413.550000
16473.350000
16532.875000
16592.625000
16652.450000
16712.250000
16771.725000
16831.425000
16891.375000
16951.150000
17010.650000
17070.325000
17130.300000
17190.050000
17249.525000
17309.175000
17369.125000
17428.975000
17488.450000
17548.100000
17608.000000
17667.900000
17727.350000
17786.975000
17846.875000
17906.750000
17966.275000
18025.900000
18085.775000
18145.600000
18205.200000
18264.775001
18324.650001
18384.450001
18444.000001
18503.700001
18563.550001
18623.350001
18682.875001
18742.625001
18802.450001
18862.250001
18921.725001
18981.425001
19041.375001
19101.150001
19160.650001
19220.325001
19280.275001
19340.050001
19399.525001
19459.175001
19519.125001
19578.975001
19638.450001
19698.100001
19758.000001
19817.900001
19877.350001
19936.975001
19996.875001
20056.750001
20116.325001
20176.050001
20236.025001
20296.225001
20356.600001
20416.900001
20477.200001
20537.700001
20598.375001
20659.250001
20720.375001
20781.650001
20843.000001
20904.525001
20966.225001
21028.225001
21090.575001
21152.875001
21215.200001
21277.800001
21340.975001
21404.050001
21467.550001
21531.150001
21595.025001
21659.000001
21723.400001
21787.625001
21852.475001
21917.550001
21982.650001
22048.125001
22113.925001
22180.175001
22246.575001
22313.300001
22380.375001
22447.450001
22514.775001
22582.400001
22650.325001
22719.025001
22787.550001
22856.775001
22926.125001
22996.075001
23066.125001
23136.850001
23208.250001
23280.075001
23352.250001
23424.950001
23498.125001
23571.775001
23646.400001
23721.475001
23797.600001
23874.325001
23951.950001
24030.975001
24110.800001
24191.950001
24275.025001
24394.875001
24472.325001
24557.125001
24706.700001
24783.325001
24921.200001
25000.400001
25196.150001
25273.000001
25486.350001
25565.375001
25852.375001
26044.300001
26373.350001
27042.925001
