10.000000
33.000000
8996.800000
9074.800000
9148.850000
9219.200000
9286.000000
9350.275000
9412.900000
9474.100000
9534.275000
9593.225000
9651.525000
9708.950000
9765.950000
9822.475000
9878.600000
9934.425000
9989.775000
10044.775000
10099.325000
10153.800000
10208.000000
10261.975000
10315.400000
10368.875000
10422.000000
10474.875000
10527.625000
10580.325000
10632.825000
10685.450000
10737.650000
10789.950000
10841.900000
10893.700000
10945.650000
10997.100000
11048.350000
11099.475000
11150.600000
11201.450000
11252.050000
11302.525000
11352.675000
11402.700000
11452.625000
11502.500000
11552.350000
11602.200000
11651.975000
11701.650000
11751.250000
11800.800000
11850.250000
11899.600000
11948.775000
11998.050000
12047.275000
12096.575000
12145.850000
12195.000000
12244.125000
12293.025000
12341.925000
12391.025000
12440.100000
12488.850000
12537.500000
12586.175000
12635.025000
12683.750000
12732.375000
12780.975000
12829.825000
12878.675000
12927.200000
12975.750000
13024.400000
13073.050000
13121.350000
13169.675000
13218.075000
13266.275000
13314.325000
13362.575000
13410.550000
13458.475000
13506.600000
13554.325000
13602.200000
13649.975000
13697.475000
13745.250000
13792.775000
13840.325000
13887.550000
13934.975000
13982.125000
14029.500000
14076.525000
14123.750000
14170.725000
14217.950000
14264.900000
14312.150000
14359.075000
14406.325000
14453.275000
14500.350000
14547.225000
14594.200000
14641.225000
14688.150000
14735.250000
14782.075000
14829.150000
14875.950000
14923.050000
14969.875000
15016.875000
15063.675000
15110.550000
15157.625000
15204.475000
15251.400000
15298.200000
15345.275000
15392.100000
15438.950000
15485.800000
15532.675000
15579.750000
15626.475000
15673.475000
15720.225000
15767.325000
15814.050000
15860.925000
15907.850000
15954.725000
16001.650000
16048.400000
16095.425000
16142.225000
16189.100000
16235.900000
16282.750000
16329.825000
16376.550000
16423.525000
16470.275000
16517.375000
16564.075000
16610.950000
16657.850000
16704.725000
16751.675000
16798.400000
16845.425000
16892.225000
16939.100000
16985.900000
17032.750000
17079.825000
17126.525000
17173.500000
17220.275000
17267.350000
17314.075000
17360.925000
17407.850000
17454.700000
17501.650000
17548.375000
17595.400000
17642.200000
17689.075000
17735.875000
17782.725000
17829.800000
17876.525000
17923.475000
17970.250000
18017.350000
18064.050000
18110.925000
18157.825000
18204.700000
18251.625001
18298.375001
18345.400001
18392.200001
18439.050001
18485.875001
18532.725001
18579.775001
18626.500001
18673.475001
18720.225001
18767.325001
18814.025001
18860.900001
18907.825001
18954.675001
19001.625001
19048.350001
19095.375001
19142.175001
19189.050001
19235.850001
19282.700001
19329.775001
19376.500001
19423.475001
19470.225001
19517.325001
19564.025001
19610.900001
19657.825001
19704.675001
19751.600001
19798.350001
19845.375001
19892.175001
19939.050001
19985.850001
20032.700001
20079.775001
20126.500001
20173.550001
20220.425001
20267.700001
20314.675001
20362.075001
20409.225001
20456.700001
20503.950001
20551.400001
20598.675001
20646.300001
20693.975001
20741.675001
20789.500001
20837.325001
20885.325001
20933.325001
20981.350001
21029.700001
21077.950001
21126.150001
21174.600001
21223.200001
21271.725001
21320.375001
21369.175001
21418.050001
21466.900001
21515.750001
21564.800001
21613.875001
21663.200001
21712.600001
21762.075001
21811.550001
21861.100001
21910.750001
21960.500001
22010.375001
22060.375001
22110.450001
22160.675001
22210.925001
22261.200001
22311.675001
22362.375001
22413.050001
22463.775001
22514.575001
22565.525001
22616.625001
22667.925001
22719.200001
22770.575001
22822.125001
22873.825001
22925.550001
22977.550001
23029.750001
23081.900001
23134.375001
23186.800001
23239.625001
23292.500001
23345.650001
23398.650001
23452.075001
23505.650001
23559.325001
23613.375001
23667.725001
23722.100001
23776.625001
23831.550001
23886.700001
23942.225001
23998.000001
24054.075001
24110.400001
24167.200001
24224.300001
24281.675001
24339.375001
24397.425001
24455.925001
24514.775001
24574.225001
24634.150001
24694.475001
24755.275001
24816.575001
24878.400001
24940.750001
25003.375001
25066.400001
25129.875001
25193.500001
25257.600001
25321.850001
25386.375001
25451.250001
25516.350001
25581.750001
25647.475001
25713.550001
25780.075001
25846.875001
25913.925001
25981.400001
26049.250001
26117.700001
26186.450001
26255.725001
26325.550001
26396.125001
26467.400001
26539.500001
26612.625001
26686.800001
26762.325001
26838.975001
26916.975001
26996.225001
27076.450001
27157.975001
27240.575001
27324.525001
27410.025001
27497.525001
27587.575001
27681.475001
27781.125001
27952.175001
28044.400001
28259.575001
28354.200001
28676.725001
29100.975001
