200.000000
1.000000
8751.100000
8803.625000
8852.400000
8898.575000
8942.900000
8985.900000
9028.150000
9069.325000
9109.750000
9149.625000
9189.325000
9228.525000
9267.375000
9305.875000
9343.800000
9381.425000
9418.825000
9456.075000
9492.650000
9529.100000
9565.125000
9600.975000
9636.800000
9672.475000
9707.725000
9742.750000
9777.775000
9812.600000
9847.350000
9881.750000
9916.225000
9950.700000
9985.200000
10019.500000
10053.600000
10087.800000
10121.750000
10156.000000
10189.900000
10224.000000
10257.850000
10291.950000
10325.750000
10359.525000
10393.450000
10427.225000
10461.050000
10494.975000
10528.725000
10562.450000
10596.325000
10630.025000
10663.725000
10697.600000
10731.325000
10764.925000
10798.500000
10832.250000
10866.000000
10899.650000
10933.350000
10967.200000
11000.825000
11034.450000
11068.150000
11101.925000
11135.550000
11169.225000
11203.050000
11236.775000
11270.350000
11303.950000
11337.575000
11371.300000
11404.975000
11438.575000
11472.350000
11506.125000
11539.775000
11573.350000
11607.050000
11640.825000
11674.475000
11708.075000
11741.900000
11775.600000
11809.225000
11842.750000
11876.300000
11910.000000
11943.700000
11977.350000
12010.975000
12044.800000
12078.525000
12112.125000
12145.700000
12179.475000
12213.150000
12246.800000
12280.425000
12314.225000
12347.900000
12381.500000
12415.050000
12448.600000
12482.350000
12516.025000
12549.675000
12583.325000
12617.150000
12650.775000
12684.400000
12717.975000
12751.750000
12785.425000
12819.075000
12852.725000
12886.525000
12920.175000
12953.775000
12987.325000
13020.925000
13054.650000
13088.300000
13121.925000
13155.650000
13189.425000
13223.050000
13256.650000
13290.325000
13324.075000
13357.725000
13391.400000
13425.125000
13458.875000
13492.500000
13526.025000
13559.600000
13593.250000
13626.950000
13660.575000
13694.225000
13728.050000
13761.775000
13795.375000
13829.000000
13862.725000
13896.450000
13930.075000
13963.675000
13997.475000
14031.200000
14064.800000
14098.325000
14131.900000
14165.625000
14199.325000
14232.925000
14266.650000
14300.450000
14334.125000
14367.700000
14401.275000
14435.050000
14468.750000
14502.375000
14536.000000
14569.800000
14603.500000
14637.075000
14670.600000
14704.250000
14737.950000
14771.625000
14805.225000
14838.900000
14872.700000
14906.375000
14939.975000
14973.550000
15007.325000
15041.050000
15074.675000
15108.300000
15142.125000
15175.750000
15209.325000
15242.850000
15276.425000
15310.150000
15343.825000
15377.450000
15411.125000
15444.950000
15478.625000
15512.200000
15545.800000
15579.600000
15613.250000
15646.875000
15680.525000
15714.325000
15747.975000
15781.550000
15815.100000
15848.700000
15882.425000
15916.100000
15949.725000
15983.425000
16017.225000
16050.850000
16084.450000
16118.050000
16151.825000
16185.475000
16219.125000
16252.825000
16286.600000
16320.225000
16353.825000
16387.375000
16421.000000
16454.725000
16488.350000
16522.000000
16555.750000
16589.500000
16623.100000
16656.725000
16690.425000
16724.175000
16757.800000
16791.475000
16825.225000
16858.950000
16892.550000
16926.075000
16959.650000
16993.350000
17027.025000
17060.650000
17094.300000
17128.150000
17161.850000
17195.425000
17229.075000
17262.825000
17296.525000
17330.150000
17363.750000
17397.575000
17431.250000
17464.850000
17498.350000
17531.975000
17565.725000
17599.375000
17632.975000
17666.725000
17700.525000
17734.175000
17767.750000
17801.350000
17835.125000
17868.800000
17902.425000
17936.075000
17969.875000
18003.550000
18037.125000
18070.625000
18104.300000
18138.000000
18171.675000
18205.275000
18239.000001
18272.750001
18306.425001
18340.000001
18373.625001
18407.400001
18441.075001
18474.700001
18508.375001
18542.175001
18575.775001
18609.350001
18642.875001
18676.500001
18710.200001
18743.875001
18777.500001
18811.225001
18845.000001
18878.650001
18912.250001
18945.875001
18979.650001
19013.275001
19046.925001
19080.600001
19114.375001
19148.000001
19181.575001
19215.125001
19248.750001
19282.475001
19316.150001
19349.775001
19383.525001
19417.275001
19450.875001
19484.475001
19518.150001
19551.900001
19585.525001
19619.175001
19652.925001
19686.675001
19720.275001
19753.875001
19787.425001
19821.100001
19854.800001
19888.400001
19922.075001
19955.875001
19989.575001
20023.175001
20056.775001
20090.550001
20124.275001
20157.925001
20191.750001
20225.575001
20259.275001
20293.000001
20326.900001
20360.700001
20394.825001
20428.700001
20462.775001
20496.725001
20530.950001
20564.875001
20599.075001
20633.125001
20667.350001
20701.675001
20735.750001
20770.100001
20804.500001
20838.750001
20873.050001
20907.575001
20942.200001
20976.725001
21011.275001
21045.650001
21080.150001
21114.750001
21149.425001
21184.150001
21218.900001
21253.675001
21288.425001
21323.200001
21358.000001
21392.800001
21427.775001
21462.850001
21497.900001
21532.925001
21568.000001
21603.300001
21638.425001
21673.650001
21709.000001
21744.275001
21779.725001
21815.025001
21850.600001
21886.050001
21921.575001
21957.275001
21992.725001
22028.500001
22064.375001
22100.225001
22135.875001
22171.675001
22207.625001
22243.650001
22279.750001
22315.875001
22352.025001
22388.175001
22424.400001
22460.575001
22496.825001
22533.050001
22569.375001
22605.900001
22642.375001
22678.850001
22715.350001
22752.000001
22788.575001
22825.400001
22862.075001
22898.925001
22935.700001
22972.750001
23009.600001
23046.625001
23083.875001
23120.950001
23158.025001
23195.250001
23232.600001
23270.075001
23307.550001
23345.125001
23382.675001
23420.275001
23457.900001
23495.550001
23533.300001
23571.125001
23609.075001
23647.000001
23685.125001
23723.150001
23761.475001
23799.625001
23838.000001
23876.275001
23914.725001
23953.400001
23992.150001
24030.975001
24069.850001
24108.775001
24147.800001
24186.850001
24225.900001
24265.025001
24304.325001
24343.700001
24383.100001
24422.775001
24462.375001
24502.150001
24542.125001
24582.025001
24622.000001
24662.100001
24702.325001
24742.625001
24783.025001
24823.525001
24864.300001
24905.050001
24946.000001
24987.000001
25028.325001
25069.700001
25111.100001
25152.625001
25194.300001
25236.150001
25278.275001
25320.375001
25362.750001
25405.125001
25447.825001
25490.675001
25533.625001
25576.650001
25619.950001
25663.350001
25706.900001
25750.675001
25794.675001
25838.725001
25882.975001
25927.500001
25972.250001
26017.325001
26062.550001
26107.950001
26153.675001
26199.575001
26245.725001
26292.250001
26338.950001
26385.850001
26433.025001
26480.550001
26528.450001
26576.550001
26625.000001
26673.750001
26722.900001
26772.400001
26822.200001
26872.425001
26923.050001
26974.175001
27025.750001
27077.775001
27130.375001
27183.625001
27237.500001
27292.300001
27347.975001
27404.650001
27462.400001
27521.550001
27582.425001
27645.425001
27711.275001
27781.800001
27957.600001
28018.825001
28089.625001
28353.175001
28415.325001
28753.550001
28816.550001
29470.375001
29533.450001
