1.000000
37.000000
12186.100000
12262.400000
12343.000000
12424.400000
12505.925000
12587.175000
12668.350000
12748.700000
12828.900000
12909.050000
12988.550000
13068.450000
13147.900000
13226.900000
13306.250000
13385.675000
13464.675000
13543.725000
13622.550000
13701.450000
13780.625000
13859.425000
13937.925000
14016.650000
14095.700000
14174.675000
14253.575000
14332.450000
14411.075000
14489.850000
14569.250000
14648.100000
14726.700000
14805.575000
14884.475000
14963.500000
15042.625000
15121.325000
15199.950000
15278.825000
15358.125000
15436.900000
15515.575000
15594.425000
15673.275000
15752.350000
15831.500000
15910.150000
15988.775000
16067.825000
16146.975000
16225.800000
16304.675000
16383.475000
16462.300000
16541.400000
16620.425000
16699.000000
16777.600000
16856.725000
16935.800000
17014.600000
17093.550000
17172.250000
17251.075000
17330.350000
17409.250000
17487.850000
17566.550000
17645.600000
17724.625000
17803.550000
17882.475000
17961.100000
18039.900000
18119.275000
18198.125000
18276.725001
18355.600001
18434.525001
18513.525001
18592.625001
18671.325001
18749.950001
18828.825001
18908.125001
18986.925001
19065.575001
19144.425001
19223.275001
19302.350001
19381.500001
19460.150001
19538.775001
19617.825001
19696.975001
19775.800001
19854.675001
19933.475001
20012.300001
20091.400001
20170.800001
20250.575001
20331.825001
20413.650001
20496.750001
20580.975001
20665.775001
20752.425001
20840.375001
20930.925001
21024.775001
21140.025001
21229.175001
21384.300001
21468.725001
21623.275001
21711.875001
21922.025001
22008.600001
22240.950001
22432.325001
22674.350001
22957.725001
23327.625001
24434.125001
