10.000000
16.000000
5420.075000
5510.525000
5600.400000
5688.075000
5773.750000
5857.250000
5938.625000
6018.625000
6097.000000
6173.575000
6248.475000
6322.100000
6394.475000
6465.500000
6535.600000
6604.725000
6673.200000
6741.075000
6808.300000
6875.000000
6941.425000
7007.500000
7073.200000
7138.300000
7202.925000
7267.025000
7330.525000
7393.425000
7456.050000
7518.250000
7580.025000
7641.425000
7702.325000
7762.800000
7822.625000
7881.725000
7940.225000
7997.875000
8055.000000
8111.250000
8166.875000
8221.975000
8276.625000
8331.100000
8385.475000
8439.550000
8493.100000
8546.425000
8599.350000
8652.050000
8704.275000
8756.450000
8808.225000
8859.800000
8911.250000
8962.625000
9013.725000
9064.725000
9115.550000
9166.250000
9216.725000
9266.925000
9316.875000
9366.575000
9416.075000
9465.350000
9514.475000
9563.600000
9612.600000
9661.325000
9709.900000
9758.375000
9806.975000
9855.325000
9903.575000
9951.850000
9999.925000
10047.800000
10095.800000
10143.475000
10191.350000
10239.025000
10286.575000
10334.425000
10381.850000
10429.450000
10476.725000
10524.175000
10571.475000
10618.875000
10666.100000
10713.300000
10760.350000
10807.475000
10854.325000
10901.225000
10947.875000
10994.675000
11041.300000
11087.700000
11134.300000
11180.575000
11226.800000
11273.275000
11319.400000
11365.500000
11411.800000
11458.000000
11504.075000
11550.125000
11596.200000
11642.200000
11688.275000
11734.450000
11780.325000
11826.175000
11872.075000
11918.000000
11963.700000
12009.500000
12055.350000
12101.200000
12146.950000
12192.725000
12238.525000
12284.450000
12330.200000
12375.950000
12421.775000
12467.750000
12513.475000
12559.250000
12605.100000
12651.025000
12696.800000
12742.600000
12788.400000
12834.350000
12880.150000
12925.900000
12971.725000
13017.700000
13063.450000
13109.200000
13155.075000
13201.000000
13246.775000
13292.575000
13338.375000
13384.350000
13430.125000
13475.875000
13521.700000
13567.675000
13613.450000
13659.200000
13705.075000
13751.000000
13796.775000
13842.575000
13888.375000
13934.325000
13980.125000
14025.875000
14071.700000
14117.675000
14163.450000
14209.200000
14255.075000
14301.000000
14346.775000
14392.575000
14438.375000
14484.325000
14530.125000
14575.875000
14621.700000
14667.675000
14713.450000
14759.200000
14805.075000
14851.000000
14896.775000
14942.575000
14988.375000
15034.325000
15080.125000
15125.875000
15171.700000
15217.675000
15263.450000
15309.200000
15355.075000
15401.000000
15446.775000
15492.575000
15538.375000
15584.325000
15630.125000
15675.875000
15721.700000
15767.675000
15813.450000
15859.200000
15905.075000
15951.000000
15996.775000
16042.575000
16088.375000
16134.325000
16180.125000
16225.875000
16271.700000
16317.675000
16363.450000
16409.200000
16455.075000
16501.000000
16546.775000
16592.575000
16638.375000
16684.325000
16730.125000
16775.875000
16821.700000
16867.675000
16913.450000
16959.200000
17005.075000
17051.000000
17096.775000
17142.575000
17188.375000
17234.325000
17280.125000
17325.875000
17371.700000
17417.675000
17463.450000
17509.200000
17555.075000
17601.000000
17646.775000
17692.575000
17738.375000
17784.325000
17830.125000
17875.875000
17921.700000
17967.675000
18013.450000
18059.200000
18105.075000
18151.000000
18196.775000
18242.575001
18288.375001
18334.325001
18380.125001
18425.875001
18471.700001
18517.675001
18563.450001
18609.200001
18655.075001
18701.000001
18746.775001
18792.575001
18838.375001
18884.325001
18930.125001
18975.875001
19021.700001
19067.675001
19113.450001
19159.200001
19205.075001
19251.000001
19296.775001
19342.575001
19388.375001
19434.325001
19480.125001
19525.875001
19571.700001
19617.675001
19663.450001
19709.200001
19755.075001
19801.000001
19846.775001
19892.575001
19938.375001
19984.325001
20030.125001
20075.875001
20121.750001
20167.775001
20213.575001
20259.475001
20305.450001
20351.450001
20397.375001
20443.425001
20489.800001
20535.950001
20582.175001
20628.700001
20675.000001
20721.400001
20768.075001
20814.525001
20861.200001
20907.925001
20954.700001
21001.550001
21048.325001
21095.400001
21142.400001
21189.600001
21236.675001
21284.025001
21331.275001
21378.800001
21426.050001
21473.525001
21520.850001
21568.425001
21616.075001
21663.725001
21711.450001
21759.225001
21807.200001
21855.125001
21903.075001
21951.225001
21999.275001
22047.475001
22095.800001
22144.150001
22192.575001
22241.175001
22289.875001
22338.525001
22387.225001
22435.950001
22484.875001
22533.850001
22582.925001
22632.000001
22681.200001
22730.500001
22779.975001
22829.600001
22879.250001
22928.975001
22978.850001
23028.825001
23078.900001
23129.050001
23179.275001
23229.625001
23280.100001
23330.600001
23381.275001
23432.050001
23482.975001
23534.125001
23585.375001
23636.650001
23688.100001
23739.750001
23791.425001
23843.100001
23895.025001
23947.000001
23998.975001
24051.225001
24103.450001
24155.925001
24208.325001
24260.900001
24313.575001
24366.400001
24419.275001
24472.275001
24525.325001
24578.675001
24631.975001
24685.475001
24739.075001
24792.750001
24846.625001
24900.675001
24954.800001
25009.050001
25063.450001
25118.000001
25172.600001
25227.375001
25282.250001
25337.275001
25392.500001
25447.925001
25503.525001
25559.275001
25615.175001
25671.200001
25727.500001
25784.050001
25840.825001
25897.775001
25955.000001
26012.500001
26070.225001
26128.425001
26186.925001
26245.950001
26305.350001
26365.125001
26425.300001
26485.900001
26546.900001
26608.225001
26669.900001
26731.950001
26794.400001
26857.300001
26920.600001
26984.400001
27048.500001
27113.025001
27177.825001
27242.900001
27308.275001
27373.975001
27439.975001
27506.325001
27572.950001
27639.925001
27707.175001
27774.725001
27842.625001
27910.850001
27979.450001
28048.350001
28117.675001
28187.300001
28257.350001
28327.750001
28398.525001
28469.750001
28541.425001
28613.575001
28686.200001
28759.375001
28833.125001
28907.550001
28982.600001
29058.400001
29135.000001
29212.525001
29291.000001
29370.325001
29450.375001
29531.150001
29612.650001
29694.875001
29777.900001
29861.775001
29946.525001
30032.250001
30118.925001
30205.850001
30293.175001
30380.900001
30468.900001
30557.000001
30645.175001
30733.400001
30821.650001
30909.925001
30998.225001
31086.525001
31174.850001
31263.200001
31351.525001
31439.900001
31528.250001
31616.625001
31705.025001
31793.400001
31881.800001
31970.200001
32058.600001
32147.000001
32235.425001
32323.825001
32412.250001
32500.675001
32589.125001
32677.550001
32765.975001
32854.425001
32942.850001
33031.300001
33119.750001
33208.200001
33296.650001
33385.075001
33473.525001
33562.000001
33650.450001
33738.900001
33827.375001
33915.825001
34004.300001
34092.750001
34181.225001
34269.675001
34358.150001
34446.600001
34535.075001
34623.550001
34712.000001
34800.475001
34888.950001
34977.425001
