100.000000
34.000000
9878.800000
9942.125000
10004.500000
10065.100000
10124.750000
10183.400000
10241.675000
10299.275000
10357.075000
10414.200000
10471.125000
10528.200000
10585.350000
10642.225000
10698.875000
10755.650000
10812.525000
10869.275000
10925.850000
10982.500000
11039.175000
11095.975000
11152.625000
11209.150000
11265.725000
11322.325000
11379.175000
11435.825000
11492.450000
11548.925000
11605.575000
11662.325000
11719.075000
11775.600000
11832.100000
11888.675000
11945.475000
12002.225000
12058.750000
12115.225000
12171.775000
12228.625000
12285.450000
12342.100000
12398.550000
12455.175000
12511.925000
12568.800000
12625.350000
12681.850000
12738.400000
12795.225000
12852.050000
12908.575000
12965.075000
13021.575000
13078.375000
13135.225000
13191.825000
13248.300000
13304.925000
13361.650000
13418.525000
13475.050000
13531.600000
13588.100000
13644.825000
13701.550000
13758.150000
13814.650000
13871.150000
13927.725000
13984.475000
14041.250000
14097.775000
14154.325000
14210.875000
14267.725000
14324.450000
14381.025000
14437.475000
14494.075000
14550.850000
14607.700000
14664.200000
14720.700000
14777.200000
14834.000000
14890.875000
14947.425000
15003.975000
15060.475000
15117.375000
15174.175000
15230.750000
15287.225000
15343.800000
15400.550000
15457.400000
15513.925000
15570.450000
15626.925000
15683.575000
15740.325000
15796.975000
15853.525000
15910.025000
15966.650000
16023.400000
16080.175000
16136.650000
16193.150000
16249.700000
16306.525000
16363.300000
16419.900000
16476.325000
16532.900000
16589.675000
16646.525000
16703.075000
16759.550000
16816.125000
16872.925000
16929.850000
16986.350000
17042.900000
17099.400000
17156.250000
17213.075000
17269.650000
17326.150000
17382.700000
17439.425000
17496.225000
17552.775000
17609.275000
17665.825000
17722.450000
17779.275000
17835.875000
17892.475000
17948.950000
18005.575000
18062.325000
18119.050000
18175.575000
18232.075001
18288.625001
18345.425001
18402.200001
18458.725001
18515.200001
18571.725001
18628.575001
18685.400001
18742.050001
18798.500001
18855.125001
18911.875001
18968.750001
19025.300001
19081.800001
19138.325001
19195.175001
19252.000001
19308.525001
19365.025001
19421.525001
19478.275001
19535.100001
19591.700001
19648.200001
19704.825001
19761.500001
19818.300001
19874.875001
19931.425001
19987.925001
20044.550001
20101.300001
20158.050001
20214.725001
20271.575001
20328.900001
20385.950001
20443.025001
20500.275001
20557.875001
20615.250001
20673.000001
20730.775001
20788.575001
20846.750001
20904.850001
20963.350001
21021.650001
21080.375001
21138.875001
21197.550001
21256.650001
21315.450001
21374.725001
21434.100001
21493.475001
21553.025001
21612.925001
21672.825001
21732.850001
21793.000001
21853.300001
21913.825001
21974.600001
22035.575001
22096.725001
22158.025001
22219.375001
22280.825001
22342.500001
22404.275001
22466.200001
22528.525001
22591.150001
22653.725001
22716.450001
22779.650001
22842.775001
22906.225001
22969.850001
23033.550001
23097.550001
23161.800001
23226.200001
23291.125001
23356.125001
23421.200001
23486.625001
23552.500001
23618.675001
23685.050001
23751.600001
23818.600001
23885.800001
23953.200001
24020.800001
24088.700001
24157.250001
24225.925001
24295.075001
24364.575001
24434.550001
24504.775001
24575.575001
24646.975001
24718.875001
24791.250001
24864.075001
24937.375001
25011.250001
25086.175001
25161.625001
25238.075001
25315.550001
25394.275001
25473.925001
25555.200001
25638.075001
25746.825001
25826.600001
25950.075001
26028.950001
26180.900001
26258.375001
26425.325001
26502.550001
26686.550001
26764.800001
26994.500001
27073.050001
27350.875001
27434.075001
27803.550001
28186.150001
