10.000000
6.000000
4887.700000
4991.075000
5099.675000
5209.025000
5316.800000
5422.525000
5525.975000
5627.150000
5726.375000
5823.800000
5919.575000
6013.725000
6106.625000
6198.100000
6288.325000
6377.400000
6465.350000
6552.400000
6638.425000
6723.700000
6808.050000
6891.525000
6974.225000
7056.300000
7137.375000
7217.900000
7297.525000
7376.375000
7454.700000
7532.425000
7609.500000
7685.900000
7761.725000
7836.875000
7911.375000
7985.200000
8058.125000
8130.100000
8200.825000
8269.725000
8336.550000
8401.825000
8465.550000
8528.325000
8590.150000
8651.000000
8710.925000
8770.100000
8828.875000
8886.725000
8944.200000
9001.100000
9057.475000
9113.375000
9168.825000
9223.700000
9277.925000
9331.650000
9384.975000
9437.525000
9489.850000
9541.600000
9593.000000
9644.275000
9695.475000
9746.475000
9797.250000
9847.900000
9898.450000
9948.725000
9998.975000
10049.225000
10099.475000
10149.675000
10199.750000
10249.750000
10299.725000
10349.650000
10399.550000
10449.450000
10499.325000
10549.100000
10598.750000
10648.375000
10698.050000
10747.725000
10797.325000
10846.950000
10896.650000
10946.400000
10996.100000
11045.750000
11095.450000
11145.225000
11194.950000
11244.600000
11294.175000
11343.775000
11393.375000
11442.925000
11492.525000
11542.175000
11591.775000
11641.375000
11691.100000
11740.850000
11790.525000
11840.175000
11889.850000
11939.550000
11989.200000
12038.750000
12088.325000
12137.950000
12187.475000
12237.025000
12286.600000
12336.125000
12385.750000
12435.450000
12485.200000
12534.875000
12584.525000
12634.225000
12683.925000
12733.550000
12783.125000
12832.725000
12882.350000
12931.900000
12981.475000
13031.075000
13080.625000
13130.250000
13179.975000
13229.750000
13279.475000
13329.150000
13378.850000
13428.575000
13478.275000
13527.875000
13577.425000
13627.000000
13676.525000
13726.075000
13775.650000
13825.225000
13874.800000
13924.450000
13974.175000
14023.825000
14073.450000
14123.150000
14172.875000
14222.550000
14272.125000
14321.700000
14371.275000
14420.825000
14470.400000
14520.025000
14569.575000
14619.175000
14668.875000
14718.600000
14768.300000
14817.950000
14867.650000
14917.425000
14967.175000
15016.800000
15066.400000
15115.975000
15165.575000
15215.075000
15264.650000
15314.175000
15363.725000
15413.375000
15463.100000
15512.825000
15562.450000
15612.125000
15661.800000
15711.450000
15761.025000
15810.600000
15860.225000
15909.750000
15959.325000
16008.875000
16058.425000
16108.025000
16157.725000
16207.500000
16257.175000
16306.825000
16356.525000
16406.250000
16455.950000
16505.525000
16555.125000
16604.800000
16654.400000
16703.950000
16753.525000
16803.125000
16852.650000
16902.300000
16952.000000
17001.675000
17051.300000
17100.975000
17150.700000
17200.375000
17249.950000
17299.525000
17349.075000
17398.600000
17448.175000
17497.775000
17547.325000
17596.925000
17646.600000
17696.325000
17745.975000
17795.625000
17845.350000
17895.075000
17944.775000
17994.350000
18043.925000
18093.525000
18143.075000
18192.650000
18242.300001
18291.900001
18341.475001
18391.150001
18440.900001
18490.600001
18540.225001
18589.900001
18639.600001
18689.250001
18738.800001
18788.375001
18838.000001
18887.525001
18937.075001
18986.625001
19036.150001
19085.775001
19135.475001
19185.225001
19234.875001
19284.525001
19334.225001
19383.925001
19433.550001
19483.100001
19532.700001
19582.325001
19631.850001
19681.450001
19731.025001
19780.575001
19830.200001
19879.950001
19929.725001
19979.425001
20029.100001
20078.800001
20128.575001
20178.475001
20228.450001
20278.525001
20328.675001
20378.875001
20429.025001
20479.225001
20529.500001
20579.925001
20630.350001
20680.725001
20731.300001
20781.950001
20832.675001
20883.575001
20934.550001
20985.550001
21036.625001
21087.750001
21138.950001
21190.300001
21241.625001
21293.025001
21344.625001
21396.325001
21448.125001
21500.000001
21551.975001
21604.050001
21656.275001
21708.425001
21760.750001
21813.250001
21865.800001
21918.525001
21971.175001
22024.025001
22076.850001
22130.000001
22183.125001
22236.175001
22289.525001
22342.925001
22396.450001
22450.075001
22503.750001
22557.675001
22611.700001
22665.700001
22719.825001
22774.100001
22828.625001
22883.100001
22937.550001
22992.225001
23047.025001
23101.975001
23157.100001
23212.275001
23267.625001
23323.125001
23378.775001
23434.475001
23490.225001
23546.100001
23602.125001
23658.250001
23714.450001
23770.825001
23827.350001
23884.150001
23941.075001
23998.050001
24055.225001
24112.500001
24169.800001
24227.325001
24285.100001
24342.900001
24400.950001
24459.125001
24517.600001
24576.050001
24634.750001
24693.525001
24752.550001
24811.775001
24871.125001
24930.625001
24990.375001
25050.300001
25110.425001
25170.775001
25231.325001
25292.125001
25353.075001
25414.200001
25475.625001
25537.275001
25599.125001
25661.275001
25723.700001
25786.275001
25849.250001
25912.625001
25976.200001
26040.175001
26104.350001
26168.925001
26233.750001
26298.775001
26364.050001
26429.750001
26495.750001
26562.000001
26628.600001
26695.500001
26762.625001
26830.075001
26897.800001
26965.875001
27034.300001
27102.950001
27171.950001
27241.325001
27311.025001
27381.050001
27451.525001
27522.300001
27593.475001
27665.075001
27737.125001
27809.600001
27882.550001
27956.075001
28030.150001
28104.775001
28180.150001
28256.300001
28333.375001
28411.400001
28490.400001
28570.375001
28651.475001
28733.800001
28817.500001
28902.525001
28988.825001
29076.350001
29165.150001
29255.225001
29346.725001
29439.700001
29534.375001
29630.975001
29729.950001
29832.100001
29939.300001
30057.275001
30642.525001
30753.800001
30878.050001
31422.375001
31533.775001
31658.225001
32202.575001
32313.975001
32438.425001
32982.775001
33094.150001
33218.625001
33762.975001
33874.350001
33998.800001
34543.150001
34654.550001
34779.000001
