100.000000
13.000000
5910.175000
5986.300000
6064.325000
6142.100000
6219.325000
6295.950000
6371.875000
6447.400000
6522.325000
6596.925000
6670.825000
6744.250000
6817.200000
6889.625000
6961.475000
7032.800000
7103.725000
7174.300000
7244.375000
7313.925000
7383.175000
7452.225000
7520.800000
7589.025000
7657.125000
7724.800000
7792.200000
7859.300000
7926.075000
7992.650000
8058.900000
8124.925000
8190.800000
8256.475000
8321.725000
8386.750000
8451.675000
8516.225000
8580.600000
8644.700000
8708.500000
8772.150000
8835.675000
8898.825000
8962.000000
9024.875000
9087.375000
9149.725000
9212.075000
9274.225000
9336.025000
9397.550000
9458.875000
9520.175000
9581.300000
9642.250000
9702.900000
9763.475000
9823.950000
9884.275000
9944.325000
10004.125000
10063.775000
10123.525000
10183.100000
10242.725000
10302.400000
10362.175000
10421.725000
10481.400000
10541.200000
10600.975000
10660.550000
10720.225000
10780.050000
10839.800000
10899.350000
10958.975000
11018.800000
11078.600000
11138.175000
11197.775000
11257.575000
11317.375000
11376.850000
11436.325000
11495.950000
11555.475000
11614.925000
11674.575000
11734.325000
11793.900000
11853.525000
11913.275000
11973.025000
12032.625000
12092.275000
12152.000000
12211.650000
12271.100000
12330.575000
12390.225000
12449.675000
12509.200000
12568.975000
12628.750000
12688.250000
12747.850000
12807.650000
12867.450000
12926.925000
12986.400000
13046.025000
13105.525000
13164.950000
13224.600000
13284.325000
13343.875000
13403.500000
13463.250000
13523.000000
13582.575000
13642.200000
13701.875000
13761.375000
13820.775000
13880.350000
13940.000000
13999.475000
14059.050000
14118.850000
14178.625000
14238.175000
14297.750000
14357.500000
14417.200000
14476.600000
14536.050000
14595.700000
14655.250000
14714.725000
14774.450000
14834.200000
14893.775000
14953.400000
15013.150000
15072.850000
15132.350000
15191.875000
15251.475000
15310.925000
15370.425000
15430.150000
15489.850000
15549.350000
15608.950000
15668.725000
15728.450000
15787.950000
15847.450000
15907.100000
15966.600000
16026.050000
16085.700000
16145.450000
16205.025000
16264.575000
16324.325000
16384.050000
16443.600000
16503.125000
16562.775000
16622.225000
16681.700000
16741.325000
16801.025000
16860.525000
16920.150000
16979.975000
17039.675000
17099.200000
17158.725000
17218.425000
17277.875000
17337.275000
17396.875000
17456.625000
17516.150000
17575.725000
17635.500000
17695.275000
17754.875000
17814.425000
17874.100000
17933.675000
17993.100000
18052.600000
18112.275000
18171.750000
18231.350001
18291.125001
18350.875001
18410.425001
18470.025001
18529.850001
18589.500001
18648.950001
18708.400001
18768.050001
18827.500001
18887.000001
18946.725001
19006.500001
19066.050001
19125.650001
19185.425001
19245.175001
19304.775001
19364.250001
19423.875001
19483.325001
19542.825001
19602.400001
19662.125001
19721.625001
19781.250001
19841.025001
19900.775001
19960.300001
20019.875001
20079.625001
20139.225001
20198.800001
20258.600001
20318.800001
20379.175001
20439.475001
20499.925001
20560.475001
20621.175001
20682.000001
20742.975001
20804.100001
20865.325001
20926.700001
20988.375001
21050.300001
21112.400001
21174.650001
21236.975001
21299.550001
21362.450001
21425.225001
21488.275001
21551.725001
21615.075001
21678.925001
21742.750001
21806.950001
21871.050001
21935.625001
22000.350001
22065.125001
22130.325001
22195.750001
22261.200001
22326.850001
22392.875001
22459.100001
22525.650001
22592.500001
22659.500001
22726.575001
22794.100001
22862.000001
22930.250001
22998.500001
23067.225001
23136.175001
23205.425001
23275.000001
23344.975001
23415.200001
23485.875001
23557.025001
23628.475001
23700.325001
23772.550001
23845.325001
23918.675001
23992.350001
24066.425001
24141.100001
24216.150001
24291.825001
24368.025001
24444.675001
24521.900001
24599.700001
24678.175001
24757.575001
24837.425001
24918.125001
24999.425001
25081.750001
25164.850001
25248.900001
25334.100001
25420.575001
25508.350001
25597.550001
25688.225001
25781.250001
25876.850001
26600.000001
26688.175001
