100.000000
4.000000
6088.025000
6170.625000
6255.800000
6341.200000
6426.075000
6510.300000
6594.000000
6676.875000
6759.225000
6841.100000
6922.150000
7002.600000
7082.475000
7161.875000
7240.875000
7319.325000
7397.150000
7474.550000
7551.475000
7627.750000
7703.725000
7779.475000
7854.525000
7929.400000
8003.700000
8077.625000
8151.275000
8224.575000
8297.450000
8369.975000
8442.250000
8514.025000
8585.650000
8657.025000
8727.775000
8798.250000
8868.725000
8938.675000
9008.300000
9077.600000
9146.800000
9215.500000
9284.175000
9352.525000
9420.525000
9488.250000
9555.875000
9623.250000
9690.325000
9757.175000
9823.700000
9890.050000
9956.200000
10022.025000
10087.425000
10152.825000
10218.425000
10283.950000
10349.400000
10414.825000
10480.350000
10545.800000
10611.025000
10676.175000
10741.525000
10806.900000
10872.075000
10937.200000
11002.450000
11067.850000
11132.975000
11198.100000
11263.400000
11328.725000
11393.825000
11458.900000
11524.050000
11588.950000
11653.850000
11718.925000
11783.950000
11848.675000
11913.525000
11978.475000
12043.175000
12107.975000
12172.825000
12237.425000
12302.175000
12366.975000
12431.575000
12496.350000
12560.925000
12625.450000
12690.175000
12754.725000
12819.350000
12884.000000
12948.500000
13013.200000
13077.775000
13142.350000
13207.125000
13271.600000
13336.150000
13400.825000
13465.275000
13530.025000
13594.650000
13659.150000
13723.850000
13788.325000
13852.875000
13917.625000
13982.100000
14046.750000
14111.300000
14175.800000
14240.525000
14305.075000
14369.650000
14434.325000
14498.725000
14563.375000
14627.950000
14692.500000
14757.300000
14821.775000
14886.250000
14950.950000
15015.375000
15080.075000
15144.725000
15209.200000
15273.900000
15338.400000
15402.925000
15467.675000
15532.125000
15596.775000
15661.325000
15725.800000
15790.550000
15855.100000
15919.675000
15984.350000
16048.725000
16113.375000
16177.950000
16242.525000
16307.300000
16371.800000
16436.275000
16500.950000
16565.375000
16630.075000
16694.725000
16759.200000
16823.900000
16888.400000
16952.925000
17017.675000
17082.125000
17146.775000
17211.325000
17275.800000
17340.550000
17405.100000
17469.675000
17534.350000
17598.725000
17663.375000
17727.950000
17792.525000
17857.300000
17921.800000
17986.275000
18050.950000
18115.375000
18180.075000
18244.725001
18309.200001
18373.900001
18438.400001
18502.925001
18567.675001
18632.125001
18696.775001
18761.325001
18825.800001
18890.550001
18955.100001
19019.675001
19084.350001
19148.725001
19213.375001
19277.950001
19342.525001
19407.300001
19471.800001
19536.275001
19600.950001
19665.375001
19730.075001
19794.725001
19859.200001
19923.900001
19988.400001
20052.925001
20117.725001
20182.500001
20247.475001
20312.750001
20378.125001
20443.700001
20509.550001
20575.550001
20641.875001
20708.300001
20774.975001
20841.975001
20909.175001
20976.575001
21044.325001
21112.425001
21180.650001
21249.100001
21318.175001
21387.225001
21456.850001
21526.425001
21596.675001
21667.350001
21738.150001
21809.375001
21880.925001
21952.800001
22025.050001
22097.775001
22170.850001
22244.425001
22318.650001
22393.150001
22468.325001
22543.825001
22620.050001
22696.900001
22774.275001
22852.300001
22930.875001
23009.825001
23089.500001
23169.950001
23250.950001
23332.600001
23414.875001
23497.950001
23581.800001
23666.225001
23751.675001
23837.800001
23925.050001
24013.400001
24102.850001
24193.525001
24285.775001
24379.550001
24475.225001
24573.500001
24675.825001
