100.000000
8.000000
5888.150000
5967.625000
6049.725000
6132.125000
6214.300000
6296.200000
6377.350000
6458.225000
6538.275000
6618.100000
6697.200000
6775.700000
6853.800000
6931.425000
7008.550000
7085.275000
7161.350000
7237.000000
7312.400000
7387.175000
7461.625000
7535.800000
7609.425000
7682.700000
7755.675000
7828.150000
7900.300000
7972.050000
8043.475000
8114.600000
8185.625000
8256.325000
8326.400000
8396.400000
8465.900000
8535.350000
8604.275000
8672.975000
8741.450000
8809.425000
8877.100000
8944.675000
9011.925000
9079.050000
9145.750000
9212.175000
9278.300000
9344.125000
9409.550000
9474.750000
9539.750000
9604.300000
9668.725000
9732.750000
9796.675000
9860.075000
9923.425000
9986.275000
10048.925000
10111.600000
10174.375000
10237.025000
10299.650000
10362.350000
10424.850000
10487.300000
10549.800000
10612.425000
10674.875000
10737.300000
10799.775000
10862.375000
10924.825000
10987.250000
11049.725000
11112.350000
11174.800000
11237.200000
11299.675000
11362.300000
11424.750000
11487.175000
11549.625000
11612.275000
11674.725000
11737.125000
11799.600000
11862.225000
11924.700000
11987.100000
12049.575000
12112.225000
12174.675000
12237.075000
12299.550000
12362.200000
12424.675000
12487.075000
12549.525000
12612.175000
12674.650000
12737.050000
12799.525000
12862.175000
12924.650000
12987.050000
13049.525000
13112.175000
13174.650000
13237.050000
13299.500000
13362.175000
13424.650000
13487.050000
13549.500000
13612.150000
13674.650000
13737.050000
13799.500000
13862.150000
13924.650000
13987.050000
14049.500000
14112.150000
14174.650000
14237.050000
14299.500000
14362.150000
14424.650000
14487.050000
14549.500000
14612.150000
14674.650000
14737.050000
14799.500000
14862.150000
14924.650000
14987.050000
15049.500000
15112.150000
15174.650000
15237.050000
15299.500000
15362.150000
15424.650000
15487.050000
15549.500000
15612.150000
15674.650000
15737.050000
15799.500000
15862.150000
15924.650000
15987.050000
16049.500000
16112.150000
16174.650000
16237.050000
16299.500000
16362.150000
16424.650000
16487.050000
16549.500000
16612.150000
16674.650000
16737.050000
16799.500000
16862.150000
16924.650000
16987.050000
17049.500000
17112.150000
17174.650000
17237.050000
17299.500000
17362.150000
17424.650000
17487.050000
17549.500000
17612.150000
17674.650000
17737.050000
17799.500000
17862.150000
17924.650000
17987.050000
18049.500000
18112.150000
18174.650000
18237.050001
18299.500001
18362.150001
18424.650001
18487.050001
18549.500001
18612.150001
18674.650001
18737.050001
18799.500001
18862.150001
18924.650001
18987.050001
19049.500001
19112.150001
19174.650001
19237.050001
19299.500001
19362.150001
19424.650001
19487.050001
19549.500001
19612.150001
19674.650001
19737.050001
19799.500001
19862.150001
19924.650001
19987.050001
20049.500001
20112.175001
20174.800001
20237.450001
20300.475001
20363.650001
20426.850001
20490.500001
20554.100001
20618.125001
20682.075001
20746.525001
20811.025001
20875.700001
20940.875001
21006.225001
21071.625001
21137.225001
21202.975001
21269.150001
21335.575001
21402.275001
21469.200001
21536.150001
21603.425001
21670.925001
21738.675001
21806.900001
21875.175001
21943.800001
22012.950001
22082.125001
22151.700001
22221.450001
22291.700001
22362.250001
22433.025001
22504.100001
22575.500001
22647.325001
22719.500001
22792.025001
22864.875001
22938.125001
23011.975001
23086.100001
23160.575001
23235.725001
23311.100001
23386.950001
23463.500001
23540.475001
23618.000001
23696.025001
23774.600001
23853.725001
23933.425001
24013.750001
24094.775001
24176.325001
24258.800001
24342.050001
24426.025001
24510.850001
24596.825001
24683.650001
24771.525001
24860.700001
24951.200001
25043.275001
25137.250001
25233.700001
25334.250001
