1.000000
18.000000
5736.800000
5820.400000
5900.000000
5975.725000
6048.575000
6119.400000
6188.625000
6256.900000
6324.200000
6390.925000
6457.025000
6522.425000
6587.275000
6651.775000
6715.625000
6779.125000
6841.900000
6904.125000
6965.900000
7027.350000
7088.400000
7149.100000
7209.500000
7269.600000
7329.625000
7389.275000
7448.525000
7507.700000
7566.475000
7624.775000
7682.725000
7740.400000
7797.425000
7854.125000
7910.575000
7966.900000
8023.025000
8079.050000
8134.725000
8190.250000
8245.650000
8300.875000
8355.850000
8410.550000
8465.000000
8519.175000
8573.150000
8626.600000
8680.025000
8733.100000
8785.825000
8838.350000
8890.750000
8942.775000
8994.550000
9046.100000
9097.300000
9148.300000
9199.025000
9249.575000
9299.850000
9349.775000
9399.500000
9448.925000
9498.175000
9547.175000
9596.025000
9644.650000
9693.000000
9741.375000
9789.700000
9837.675000
9885.675000
9933.525000
9981.225000
10029.100000
10076.425000
10124.000000
10171.500000
10219.100000
10266.600000
10313.875000
10361.300000
10408.600000
10456.175000
10503.650000
10551.225000
10598.475000
10645.925000
10693.175000
10740.700000
10788.075000
10835.625000
10883.075000
10930.425000
10977.800000
11025.050000
11072.475000
11119.750000
11167.350000
11214.725000
11262.325000
11309.575000
11357.025000
11404.300000
11451.700000
11498.950000
11546.450000
11593.925000
11641.425000
11688.750000
11736.000000
11783.375000
11830.600000
11878.000000
11925.225000
11972.700000
12020.075000
12067.700000
12114.975000
12162.450000
12209.650000
12257.075000
12304.325000
12351.700000
12398.925000
12446.400000
12493.800000
12541.300000
12588.650000
12635.925000
12683.250000
12730.475000
12777.800000
12825.000000
12872.325000
12919.525000
12966.900000
13014.025000
13061.325000
13108.475000
13155.825000
13203.000000
13250.375000
13297.575000
13345.050000
13392.400000
13439.900000
13487.150000
13534.575000
13581.750000
13629.150000
13676.250000
13723.600000
13770.725000
13818.100000
13865.225000
13912.550000
13959.700000
14007.050000
14054.200000
14101.500000
14148.600000
14195.925000
14243.075000
14290.400000
14337.525000
14384.850000
14432.000000
14479.375000
14526.450000
14573.750000
14620.875000
14668.200000
14715.325000
14762.675000
14809.775000
14857.150000
14904.300000
14951.575000
14998.675000
15046.000000
15093.125000
15140.475000
15187.600000
15234.925000
15282.075000
15329.450000
15376.525000
15423.850000
15470.950000
15518.300000
15565.425000
15612.775000
15659.900000
15707.275000
15754.450000
15801.775000
15848.925000
15896.300000
15943.575000
15991.050000
16038.375000
16085.750000
16133.050000
16180.325000
16227.600000
16274.800000
16322.075000
16369.300000
16416.600000
16463.750000
16511.000000
16558.175000
16605.475000
16652.650000
16699.925000
16747.100000
16794.375000
16841.600000
16888.825000
16935.975000
16983.250000
17030.425000
17077.700000
17124.875000
17172.150000
17219.350000
17266.650000
17313.775000
17361.025000
17408.200000
17455.475000
17502.650000
17549.925000
17597.100000
17644.400000
17691.600000
17738.825000
17785.975000
17833.250000
17880.450000
17927.700000
17974.875000
18022.150000
18069.350000
18116.650000
18163.775000
18211.025000
18258.200001
18305.475001
18352.650001
18399.925001
18447.100001
18494.400001
18541.600001
18588.825001
18635.975001
18683.250001
18730.450001
18777.700001
18824.875001
18872.150001
18919.350001
18966.650001
19013.775001
19061.025001
19108.200001
19155.475001
19202.650001
19249.925001
19297.100001
19344.400001
19391.600001
19438.825001
19485.975001
19533.250001
19580.450001
19627.700001
19674.875001
19722.150001
19769.350001
19816.650001
19863.775001
19911.025001
19958.200001
20005.475001
20052.650001
20099.925001
20147.150001
20194.550001
20241.875001
20289.450001
20337.025001
20384.750001
20432.300001
20480.125001
20527.925001
20575.725001
20623.750001
20671.700001
20719.700001
20767.925001
20816.075001
20864.250001
20912.600001
20960.900001
21009.300001
21057.875001
21106.625001
21155.225001
21203.925001
21252.625001
21301.450001
21350.325001
21399.250001
21448.325001
21497.325001
21546.575001
21595.900001
21645.325001
21694.750001
21744.225001
21793.725001
21843.300001
21892.925001
21942.650001
21992.525001
22042.500001
22092.550001
22142.650001
22192.775001
22242.925001
22293.100001
22343.400001
22393.875001
22444.450001
22495.150001
22545.900001
22596.700001
22647.525001
22698.400001
22749.425001
22800.675001
22851.950001
22903.200001
22954.550001
23006.050001
23057.675001
23109.300001
23160.975001
23212.750001
23264.550001
23316.550001
23368.625001
23420.675001
23472.975001
23525.200001
23577.550001
23630.075001
23682.650001
23735.425001
23788.175001
23841.125001
23894.100001
23947.075001
24000.150001
24053.325001
24106.750001
24160.050001
24213.550001
24267.250001
24320.900001
24374.700001
24428.725001
24482.750001
24536.900001
24591.250001
24645.650001
24700.075001
24754.600001
24809.275001
24864.025001
24919.000001
24974.100001
25029.350001
25084.650001
25140.100001
25195.700001
25251.375001
25307.225001
25363.225001
25419.375001
25475.625001
25532.050001
25588.625001
25645.500001
25702.450001
25759.575001
25816.975001
25874.575001
25932.425001
25990.550001
26048.850001
26107.550001
26166.500001
26225.650001
26285.175001
26344.900001
26404.850001
26464.975001
26525.300001
26585.850001
26646.650001
26707.700001
26768.925001
26830.350001
26891.900001
26953.700001
27015.700001
27077.925001
27140.400001
27203.025001
27265.950001
27329.175001
27392.550001
27456.275001
27520.200001
27584.425001
27648.825001
27713.550001
27778.625001
27843.950001
27909.575001
27975.500001
28041.825001
28108.450001
28175.475001
28242.925001
28310.800001
28379.200001
28448.100001
28517.700001
28587.950001
28659.075001
28731.275001
28804.625001
28879.275001
28955.100001
29032.175001
29110.575001
29190.575001
29272.450001
29356.875001
29444.450001
29535.325001
29629.325001
29726.750001
29828.850001
30114.350001
30212.600001
30632.125001
30731.850001
31182.875001
31280.925001
31699.825001
31797.975001
32216.850001
32314.900001
32733.675001
32831.600001
33251.250001
33349.025001
33744.625001
33842.950001
34262.125001
34360.025001
34780.125001
34877.850001
