1.000000
8.000000
5257.275000
5348.800000
5439.700000
5528.400000
5614.975000
5699.700000
5782.800000
5864.400000
5944.900000
6024.425000
6103.050000
6180.850000
6257.975000
6334.325000
6409.525000
6483.575000
6556.675000
6628.925000
6700.300000
6770.925000
6841.125000
6910.600000
6979.600000
7047.725000
7115.275000
7182.325000
7248.900000
7315.125000
7381.075000
7446.800000
7512.175000
7576.950000
7641.475000
7705.400000
7768.850000
7831.650000
7893.800000
7955.425000
8016.375000
8076.550000
8136.150000
8195.400000
8253.925000
8311.950000
8369.325000
8426.050000
8482.375000
8538.350000
8594.100000
8649.500000
8704.800000
8759.775000
8814.600000
8869.375000
8924.000000
8978.675000
9033.050000
9087.225000
9141.375000
9195.475000
9249.300000
9302.975000
9356.650000
9409.850000
9463.125000
9516.250000
9569.150000
9621.850000
9674.450000
9726.800000
9779.200000
9831.250000
9883.300000
9935.200000
9986.950000
10038.600000
10090.125000
10141.475000
10192.775000
10244.125000
10295.550000
10346.825000
10398.100000
10449.425000
10500.900000
10552.225000
10603.525000
10654.875000
10706.350000
10757.700000
10808.900000
10860.100000
10911.275000
10962.475000
11013.575000
11064.725000
11116.000000
11167.400000
11218.650000
11269.750000
11320.750000
11371.850000
11423.100000
11474.275000
11525.325000
11576.275000
11627.325000
11678.600000
11729.825000
11780.800000
11831.775000
11882.825000
11934.050000
11985.225000
12036.150000
12087.150000
12138.200000
12189.350000
12240.450000
12291.450000
12342.500000
12393.550000
12444.650000
12495.725000
12546.750000
12597.800000
12648.750000
12699.775000
12750.925000
12802.050000
12853.050000
12904.025000
12955.100000
13006.325000
13057.500000
13108.425000
13159.425000
13210.475000
13261.650000
13312.800000
13363.700000
13414.700000
13465.800000
13516.950000
13568.000000
13619.050000
13670.100000
13721.075000
13772.100000
13823.225000
13874.325000
13925.325000
13976.250000
14027.300000
14078.575000
14129.775000
14180.725000
14231.700000
14282.750000
14333.975000
14385.125000
14436.025000
14487.050000
14538.100000
14589.225000
14640.275000
14691.325000
14742.375000
14793.400000
14844.450000
14895.550000
14946.650000
14997.675000
15048.600000
15099.625000
15150.825000
15201.950000
15252.925000
15303.925000
15355.000000
15406.250000
15457.425000
15508.325000
15559.350000
15610.400000
15661.550000
15712.650000
15763.600000
15814.600000
15865.650000
15916.725000
15967.825000
16018.925000
16069.950000
16120.900000
16171.950000
16223.125000
16274.250000
16325.225000
16376.150000
16427.200000
16478.450000
16529.675000
16580.600000
16631.600000
16682.675000
16733.850000
16784.975000
16835.900000
16886.925000
16937.975000
16989.000000
17040.100000
17091.175000
17142.250000
17193.250000
17244.275000
17295.425000
17346.550000
17397.550000
17448.475000
17499.525000
17550.750000
17601.875000
17652.800000
17703.850000
17754.925000
17806.150000
17857.300000
17908.225000
17959.225000
18010.300000
18061.400000
18112.475000
18163.475000
18214.475000
18265.500001
18316.550001
18367.700001
18418.825001
18469.850001
18520.775001
18571.825001
18623.025001
18674.175001
18725.125001
18776.075001
18827.125001
18878.375001
18929.550001
18980.475001
19031.500001
19082.575001
19133.725001
19184.800001
19235.775001
19286.775001
19337.825001
19388.800001
19439.925001
19491.075001
19542.150001
19593.100001
19644.150001
19695.325001
19746.475001
19797.450001
19848.400001
19899.425001
19950.650001
20001.775001
20052.700001
20103.750001
20154.975001
20206.400001
20257.800001
20309.200001
20360.700001
20412.350001
20463.775001
20515.350001
20567.250001
20619.150001
20670.950001
20723.125001
20775.150001
20827.350001
20879.825001
20932.175001
20984.700001
21037.175001
21089.950001
21142.700001
21195.650001
21248.450001
21301.475001
21354.525001
21407.825001
21461.150001
21514.475001
21568.125001
21621.700001
21675.400001
21729.325001
21783.150001
21837.125001
21891.300001
21945.625001
21999.875001
22054.225001
22108.625001
22163.325001
22218.175001
22273.100001
22328.125001
22383.175001
22438.350001
22493.700001
22549.150001
22604.750001
22660.475001
22716.350001
22772.225001
22828.250001
22884.525001
22940.825001
22997.200001
23053.725001
23110.450001
23167.475001
23224.500001
23281.650001
23338.850001
23396.325001
23453.900001
23511.675001
23569.550001
23627.550001
23685.725001
23744.100001
23802.550001
23861.125001
23919.825001
23978.875001
24037.850001
24097.050001
24156.500001
24216.050001
24275.775001
24335.675001
24395.750001
24455.900001
24516.250001
24576.675001
24637.275001
24698.100001
24759.125001
24820.350001
24881.725001
24943.200001
25004.950001
25066.925001
25129.075001
25191.375001
25253.875001
25316.575001
25379.500001
25442.600001
25505.975001
25569.500001
25633.225001
25697.150001
25761.325001
25825.750001
25890.500001
25955.425001
26020.550001
26085.975001
26151.675001
26217.725001
26284.025001
26350.625001
26417.575001
26484.750001
26552.225001
26620.050001
26688.175001
26756.775001
26825.575001
26894.875001
26964.475001
27034.600001
27105.075001
27176.000001
27247.375001
27319.250001
27391.625001
27464.525001
27538.050001
27612.325001
27687.200001
27762.800001
27838.950001
27915.650001
27992.975001
28070.875001
28149.400001
28228.700001
28308.625001
28389.300001
28470.750001
28553.025001
28636.150001
28720.225001
28805.325001
28891.650001
28979.500001
29069.200001
29160.725001
29253.950001
29348.850001
29445.575001
29544.350001
29645.525001
29749.600001
29857.525001
29971.600001
30331.750001
30432.650001
30541.200001
30654.600001
30772.175001
30895.200001
31192.825001
31294.925001
31404.450001
31518.725001
31637.300001
31934.500001
32036.575001
32146.075001
32260.325001
32378.875001
32651.325001
32754.200001
32864.400001
32979.375001
33098.750001
33394.225001
33496.350001
33605.925001
33720.275001
33838.875001
34135.450001
34237.525001
34347.050001
34461.325001
34579.900001
34854.175001
34956.950001
