1.000000
20.000000
5897.900000
5979.975000
6057.975000
6132.025000
6203.675000
6273.675000
6342.250000
6409.725000
6476.250000
6542.100000
6607.325000
6671.725000
6735.725000
6799.025000
6862.125000
6924.725000
6986.900000
7048.700000
7110.125000
7171.175000
7231.825000
7292.150000
7352.225000
7412.050000
7471.300000
7530.350000
7588.850000
7647.025000
7704.925000
7762.675000
7820.025000
7877.275000
7934.450000
7991.300000
8047.850000
8104.200000
8160.200000
8216.025000
8271.450000
8326.400000
8380.850000
8435.025000
8488.700000
8541.975000
8595.050000
8647.625000
8699.875000
8751.825000
8803.425000
8854.825000
8905.975000
8956.875000
9007.500000
9057.950000
9108.150000
9158.150000
9208.000000
9257.775000
9307.375000
9356.775000
9405.775000
9454.600000
9503.275000
9551.875000
9600.275000
9648.375000
9696.525000
9744.550000
9792.350000
9840.225000
9887.675000
9935.350000
9982.875000
10030.300000
10077.600000
10124.825000
10172.075000
10219.250000
10266.500000
10313.625000
10360.825000
10408.025000
10455.250000
10502.425000
10549.600000
10596.825000
10644.000000
10691.250000
10738.400000
10785.625000
10832.800000
10880.075000
10927.175000
10974.425000
11021.525000
11068.775000
11115.875000
11163.100000
11210.100000
11257.225000
11304.150000
11351.225000
11398.175000
11445.375000
11492.375000
11539.550000
11586.425000
11633.400000
11680.325000
11727.300000
11774.375000
11821.300000
11868.375000
11915.175000
11962.250000
12009.100000
12056.250000
12103.100000
12150.025000
12196.925000
12243.850000
12290.975000
12337.825000
12384.800000
12431.625000
12478.725000
12525.550000
12572.575000
12619.400000
12666.325000
12713.300000
12760.200000
12807.200000
12854.025000
12901.025000
12947.850000
12994.900000
13041.725000
13088.600000
13135.575000
13182.475000
13229.500000
13276.250000
13323.275000
13370.100000
13417.175000
13463.925000
13510.825000
13557.800000
13604.725000
13651.675000
13698.425000
13745.450000
13792.325000
13839.275000
13886.050000
13932.950000
13979.975000
14026.775000
14073.700000
14120.500000
14167.575000
14214.350000
14261.225000
14308.075000
14355.000000
14402.000000
14448.775000
14495.725000
14542.550000
14589.600000
14636.350000
14683.225000
14730.150000
14776.975000
14823.975000
14870.725000
14917.750000
14964.500000
15011.475000
15058.225000
15105.150000
15152.125000
15198.900000
15245.850000
15292.650000
15339.675000
15386.450000
15433.325000
15480.200000
15527.025000
15574.025000
15620.775000
15667.800000
15714.525000
15761.500000
15808.275000
15855.175000
15902.125000
15948.900000
15995.825000
16042.650000
16089.675000
16136.400000
16183.275000
16230.175000
16276.975000
16323.950000
16370.700000
16417.700000
16464.450000
16511.350000
16558.125000
16605.025000
16652.000000
16698.750000
16745.700000
16792.500000
16839.500000
16886.225000
16933.100000
16980.025000
17026.800000
17073.725000
17120.475000
17167.550000
17214.250000
17261.075000
17307.925000
17354.825000
17401.775000
17448.475000
17495.475000
17542.275000
17589.150000
17635.900000
17682.750000
17729.800000
17776.500000
17823.425000
17870.200000
17917.225000
17963.925000
18010.775000
18057.700000
18104.525000
18151.375000
18198.125000
18245.150001
18291.925001
18338.725001
18385.575001
18432.375001
18479.300001
18526.000001
18573.000001
18619.725001
18666.575001
18713.375001
18760.150001
18807.050001
18853.800001
18900.750001
18947.450001
18994.275001
19041.125001
19087.850001
19134.725001
19181.425001
19228.400001
19275.075001
19321.875001
19368.750001
19415.450001
19462.325001
19508.975001
19555.850001
19602.550001
19649.275001
19696.150001
19742.825001
19789.700001
19836.325001
19883.100001
19929.950001
19976.575001
20023.425001
20070.075001
20116.975001
20163.675001
20210.550001
20257.625001
20304.600001
20351.625001
20398.550001
20445.725001
20492.825001
20540.125001
20587.300001
20634.700001
20681.975001
20729.550001
20777.025001
20824.700001
20872.350001
20920.025001
20967.975001
21015.750001
21063.700001
21111.800001
21159.825001
21208.000001
21256.375001
21304.700001
21353.050001
21401.525001
21450.025001
21498.525001
21547.150001
21595.975001
21644.875001
21693.850001
21742.925001
21792.000001
21841.300001
21890.675001
21940.150001
21989.700001
22039.325001
22088.950001
22138.650001
22188.475001
22238.425001
22288.450001
22338.550001
22388.700001
22438.875001
22489.175001
22539.675001
22590.250001
22640.875001
22691.550001
22742.275001
22793.075001
22844.000001
22895.150001
22946.325001
22997.425001
23048.600001
23099.925001
23151.375001
23202.800001
23254.375001
23306.175001
23358.000001
23409.825001
23461.875001
23513.875001
23566.025001
23618.375001
23670.625001
23723.125001
23775.600001
23828.275001
23880.925001
23933.700001
23986.475001
24039.500001
24092.575001
24145.775001
24198.875001
24252.250001
24305.700001
24359.175001
24412.875001
24466.575001
24520.350001
24574.325001
24628.450001
24682.575001
24736.825001
24791.250001
24845.725001
24900.225001
24954.850001
25009.600001
25064.400001
25119.400001
25174.500001
25229.825001
25285.225001
25340.700001
25396.325001
25452.050001
25507.925001
25563.825001
25619.875001
25676.075001
25732.400001
25788.875001
25845.550001
25902.325001
25959.275001
26016.400001
26073.700001
26131.100001
26188.775001
26246.650001
26304.750001
26363.125001
26421.675001
26480.450001
26539.450001
26598.625001
26658.025001
26717.700001
26777.500001
26837.475001
26897.700001
26958.150001
27018.875001
27079.875001
27141.125001
27202.575001
27264.250001
27326.200001
27388.450001
27451.050001
27513.825001
27576.875001
27640.250001
27703.825001
27767.725001
27831.825001
27896.225001
27960.875001
28025.800001
28091.075001
28156.625001
28222.450001
28288.575001
28355.075001
28421.950001
28489.175001
28556.850001
28624.975001
28693.625001
28762.925001
28832.950001
28903.800001
28975.525001
29048.100001
29121.400001
29195.375001
29269.950001
29345.125001
29420.875001
29497.200001
29574.150001
29651.775001
29730.075001
29809.125001
29888.950001
29969.675001
30051.400001
30133.950001
30217.025001
30300.675001
30384.900001
30469.850001
30555.625001
30642.150001
30729.125001
30816.375001
30903.775001
30991.325001
31078.975001
31166.750001
31254.675001
31342.725001
31430.900001
31519.250001
31607.750001
31696.425001
31785.325001
31874.450001
31963.850001
32053.600001
32143.750001
32234.375001
32325.575001
32417.275001
32509.400001
32601.925001
32694.775001
32788.000001
32881.650001
32975.875001
33070.725001
33166.275001
33262.500001
33359.225001
33456.325001
33553.625001
33651.025001
33748.500001
33846.000001
33943.525001
34041.025001
34138.550001
34236.075001
34333.600001
34431.125001
34528.650001
34626.150001
34723.675001
34821.200001
34918.700001
