100.000000
29.000000
7624.450000
7690.000000
7754.550000
7817.325000
7878.575000
7938.450000
7997.400000
8055.675000
8113.450000
8170.600000
8227.425000
8284.125000
8340.600000
8396.775000
8452.675000
8508.350000
8563.875000
8619.350000
8674.725000
8730.100000
8785.350000
8840.450000
8895.450000
8950.175000
9004.800000
9059.325000
9113.750000
9168.200000
9222.350000
9276.300000
9330.375000
9384.400000
9438.075000
9491.800000
9545.525000
9598.825000
9652.325000
9705.675000
9758.750000
9812.050000
9865.000000
9918.100000
9970.775000
10023.675000
10076.200000
10129.075000
10181.600000
10234.400000
10286.900000
10339.725000
10392.350000
10445.175000
10497.700000
10550.325000
10602.800000
10655.375000
10708.000000
10760.500000
10813.275000
10865.775000
10918.525000
10970.900000
11023.550000
11076.000000
11128.775000
11181.250000
11233.950000
11286.375000
11338.875000
11391.475000
11443.975000
11496.675000
11549.125000
11601.825000
11654.250000
11706.925000
11759.325000
11812.050000
11864.475000
11917.225000
11969.700000
12022.200000
12074.750000
12127.200000
12180.000000
12232.500000
12285.225000
12337.600000
12390.250000
12442.700000
12495.425000
12547.900000
12600.600000
12653.050000
12705.600000
12758.125000
12810.600000
12863.325000
12915.825000
12968.575000
13020.925000
13073.575000
13126.000000
13178.775000
13231.225000
13283.900000
13336.325000
13388.825000
13441.425000
13493.925000
13546.625000
13599.075000
13651.750000
13704.175000
13756.850000
13809.250000
13861.975000
13914.425000
13967.125000
14019.575000
14072.075000
14124.650000
14177.100000
14229.925000
14282.400000
14335.075000
14387.425000
14440.125000
14492.600000
14545.325000
14597.800000
14650.475000
14702.900000
14755.450000
14808.025000
14860.500000
14913.250000
14965.725000
15018.425000
15070.775000
15123.450000
15175.875000
15228.650000
15281.125000
15333.750000
15386.175000
15438.675000
15491.325000
15543.800000
15596.550000
15648.950000
15701.600000
15754.050000
15806.725000
15859.125000
15911.875000
15964.300000
16016.925000
16069.400000
16121.900000
16174.525000
16226.975000
16279.800000
16332.225000
16384.875000
16437.250000
16489.950000
16542.450000
16595.200000
16647.675000
16700.250000
16752.700000
16805.250000
16857.900000
16910.375000
16963.125000
17015.550000
17068.225000
17120.600000
17173.300000
17225.750000
17278.500000
17330.975000
17383.525000
17435.975000
17488.475000
17541.200000
17593.700000
17646.425000
17698.800000
17751.450000
17803.900000
17856.625000
17909.025000
17961.725000
18014.150000
18066.725000
18119.250000
18171.725000
18224.425000
18276.875001
18329.650001
18382.025001
18434.700001
18487.100001
18539.825001
18592.350001
18645.075001
18697.550001
18750.050001
18802.575001
18855.125001
18907.825001
18960.300001
19013.050001
19065.425001
19118.100001
19170.525001
19223.225001
19275.675001
19328.425001
19380.875001
19433.400001
19485.900001
19538.400001
19591.150001
19643.625001
19696.350001
19748.700001
19801.375001
19853.825001
19906.550001
19958.975001
20011.650001
20064.050001
20116.650001
20169.275001
20221.900001
20274.700001
20327.475001
20380.400001
20433.300001
20486.200001
20539.350001
20592.550001
20645.950001
20699.150001
20752.625001
20806.250001
20859.725001
20913.475001
20967.425001
21021.125001
21075.000001
21129.175001
21183.175001
21237.250001
21291.550001
21345.975001
21400.425001
21454.975001
21509.575001
21564.175001
21619.100001
21674.125001
21729.300001
21784.500001
21839.800001
21895.275001
21950.825001
22006.550001
22062.275001
22118.100001
22174.000001
22230.075001
22286.100001
22342.275001
22398.500001
22454.950001
22511.550001
22568.325001
22625.025001
22681.825001
22738.800001
22796.000001
22853.175001
22910.550001
22968.250001
23025.800001
23083.600001
23141.550001
23199.500001
23257.825001
23316.125001
23374.675001
23433.175001
23491.850001
23550.750001
23609.650001
23668.900001
23728.150001
23787.425001
23847.000001
23906.800001
23966.575001
24026.400001
24086.450001
24146.825001
24207.375001
24268.075001
24328.900001
24389.850001
24451.025001
24512.350001
24573.800001
24635.475001
24697.250001
24759.175001
24821.250001
24883.600001
24946.200001
25008.900001
25071.825001
25135.100001
25198.400001
25262.050001
25325.875001
25390.025001
25454.300001
25518.975001
25583.825001
25648.875001
25714.275001
25780.175001
25846.300001
25912.750001
25979.575001
26046.675001
26114.025001
26181.675001
26249.600001
26318.050001
26386.675001
26455.675001
26525.025001
26594.700001
26664.750001
26735.325001
26806.225001
26877.450001
26949.100001
27021.225001
27093.850001
27166.975001
27240.650001
27314.825001
27389.550001
27464.950001
27541.050001
27617.850001
27695.375001
27773.725001
27853.050001
27933.425001
28015.075001
28098.375001
28183.825001
28273.200001
28437.675001
28515.475001
28601.025001
28798.075001
28876.125001
29072.225001
29152.125001
29432.100001
29512.825001
29981.875001
30476.075001
30955.075001
31435.075001
31914.675001
32394.100001
32873.625001
33353.425001
33833.175001
34312.675001
34792.125001
