200.000000
4.000000
9558.450000
9609.100000
9656.050000
9700.250000
9742.475000
9783.125000
9822.875000
9861.725000
9899.525000
9936.800000
9973.250000
10009.225000
10044.975000
10080.050000
10114.750000
10149.250000
10183.500000
10217.400000
10250.950000
10284.350000
10317.575000
10350.750000
10383.950000
10417.050000
10449.725000
10482.475000
10514.975000
10547.700000
10580.125000
10612.600000
10645.075000
10677.375000
10709.575000
10742.025000
10774.300000
10806.500000
10838.625000
10870.600000
10902.750000
10934.875000
10967.125000
10999.250000
11031.350000
11063.350000
11095.325000
11127.300000
11159.225000
11191.175000
11223.075000
11255.000000
11286.925000
11318.850000
11350.775000
11382.675000
11414.600000
11446.525000
11478.500000
11510.375000
11542.300000
11574.225000
11606.200000
11638.050000
11670.000000
11701.900000
11733.850000
11765.700000
11797.625000
11829.425000
11861.100000
11892.625000
11924.400000
11956.250000
11988.050000
12019.950000
12051.750000
12083.525000
12115.000000
12146.675000
12178.500000
12210.275000
12242.150000
12273.875000
12305.450000
12337.000000
12368.750000
12400.575000
12432.325000
12464.025000
12495.475000
12527.150000
12558.950000
12590.775000
12622.600000
12654.125000
12685.650000
12717.375000
12749.125000
12780.950000
12812.550000
12844.075000
12875.725000
12907.500000
12939.350000
12970.850000
13002.375000
13034.075000
13065.850000
13097.675000
13129.325000
13160.800000
13192.425000
13224.200000
13256.050000
13287.650000
13319.150000
13350.775000
13382.500000
13414.325000
13445.925000
13477.425000
13509.075000
13540.875000
13572.700000
13604.325000
13635.800000
13667.450000
13699.175000
13731.000000
13762.650000
13794.150000
13825.750000
13857.525000
13889.350000
13920.875000
13952.400000
13984.100000
14015.850000
14047.675000
14079.325000
14110.800000
14142.425000
14174.200000
14206.050000
14237.625000
14269.125000
14300.750000
14332.500000
14364.325000
14395.875000
14427.400000
14459.075000
14490.875000
14522.700000
14554.275000
14585.750000
14617.425000
14649.175000
14681.000000
14712.625000
14744.125000
14775.750000
14807.500000
14839.350000
14870.850000
14902.375000
14934.075000
14965.850000
14997.650000
15029.300000
15060.750000
15092.400000
15124.200000
15156.025000
15187.600000
15219.100000
15250.750000
15282.500000
15314.300000
15345.850000
15377.375000
15409.050000
15440.850000
15472.675000
15504.275000
15535.750000
15567.425000
15599.150000
15630.975000
15662.600000
15694.100000
15725.725000
15757.500000
15789.325000
15820.825000
15852.350000
15884.075000
15915.825000
15947.650000
15979.275000
16010.750000
16042.400000
16074.175000
16106.025000
16137.575000
16169.100000
16200.750000
16232.475000
16264.300000
16295.825000
16327.350000
16359.050000
16390.850000
16422.675000
16454.250000
16485.725000
16517.425000
16549.150000
16580.975000
16612.575000
16644.100000
16675.725000
16707.500000
16739.325000
16770.800000
16802.350000
16834.075000
16865.825000
16897.650000
16929.275000
16960.750000
16992.400000
17024.175000
17056.025000
17087.575000
17119.100000
17150.750000
17182.475000
17214.300000
17245.825000
17277.350000
17309.050000
17340.850000
17372.675000
17404.250000
17435.725000
17467.400000
17499.150000
17530.975000
17562.575000
17594.100000
17625.725000
17657.500000
17689.325000
17720.800000
17752.350000
17784.075000
17815.825000
17847.650000
17879.275000
17910.725000
17942.400000
17974.175000
18006.025000
18037.575000
18069.100000
18100.750000
18132.475000
18164.300000
18195.825000
18227.350001
18259.050001
18290.850001
18322.675001
18354.250001
18385.725001
18417.400001
18449.150001
18480.975001
18512.575001
18544.075001
18575.725001
18607.500001
18639.325001
18670.800001
18702.350001
18734.075001
18765.825001
18797.650001
18829.275001
18860.725001
18892.400001
18924.175001
18956.025001
18987.575001
19019.100001
19050.750001
19082.475001
19114.300001
19145.825001
19177.350001
19209.050001
19240.850001
19272.675001
19304.250001
19335.725001
19367.400001
19399.150001
19430.975001
19462.575001
19494.075001
19525.725001
19557.500001
19589.325001
19620.800001
19652.350001
19684.075001
19715.825001
19747.650001
19779.275001
19810.725001
19842.400001
19874.175001
19906.025001
19937.575001
19969.100001
20000.750001
20032.475001
20064.300001
20095.825001
20127.350001
20159.075001
20190.900001
20222.775001
20254.600001
20286.500001
20318.325001
20350.175001
20381.775001
20413.500001
20445.300001
20477.200001
20509.125001
20541.125001
20573.050001
20605.025001
20637.000001
20669.000001
20700.975001
20732.975001
20764.975001
20797.050001
20829.175001
20861.475001
20893.725001
20925.875001
20958.075001
20990.375001
21022.800001
21055.075001
21087.350001
21119.900001
21152.275001
21184.725001
21217.300001
21249.750001
21282.350001
21314.825001
21347.600001
21380.125001
21412.900001
21445.475001
21478.375001
21511.100001
21543.850001
21576.725001
21609.425001
21642.350001
21675.425001
21708.275001
21741.200001
21774.275001
21807.450001
21840.625001
21873.675001
21906.700001
21939.800001
21973.025001
22006.325001
22039.650001
22073.000001
22106.375001
22139.775001
22173.150001
22206.575001
22240.000001
22273.425001
22306.975001
22340.700001
22374.375001
22408.025001
22441.850001
22475.650001
22509.400001
22543.300001
22577.175001
22611.225001
22645.225001
22679.375001
22713.400001
22747.725001
22781.825001
22816.100001
22850.550001
22884.975001
22919.325001
22953.725001
22988.250001
23022.900001
23057.600001
23092.350001
23127.100001
23161.900001
23196.700001
23231.525001
23266.400001
23301.225001
23336.250001
23371.325001
23406.425001
23441.575001
23476.775001
23512.000001
23547.325001
23582.650001
23618.000001
23653.500001
23689.075001
23724.550001
23760.225001
23795.850001
23831.500001
23867.350001
23903.350001
23939.375001
23975.450001
24011.600001
24047.775001
24084.025001
24120.275001
24156.550001
24192.850001
24229.375001
24265.950001
24302.550001
24339.375001
24376.050001
24413.025001
24450.000001
24487.000001
24524.225001
24561.575001
24598.900001
24636.375001
24673.900001
24711.625001
24749.350001
24787.125001
24825.125001
24863.175001
24901.325001
24939.675001
24978.225001
25016.850001
25055.450001
25094.200001
25133.050001
25172.050001
25211.200001
25250.550001
25289.900001
25329.500001
25369.075001
25408.900001
25448.675001
25488.525001
25528.650001
25568.850001
25609.175001
25649.575001
25690.075001
25730.775001
25771.550001
25812.475001
25853.575001
25894.850001
25936.200001
25977.625001
26019.225001
26060.975001
26103.050001
26145.225001
26187.575001
26230.125001
26272.975001
26316.050001
26359.325001
26402.900001
26446.700001
26490.875001
26535.300001
26579.975001
26624.850001
26670.075001
26715.525001
26761.200001
26807.200001
26853.525001
26900.100001
26946.925001
26994.100001
27041.625001
27089.525001
27137.750001
27186.375001
27235.425001
27284.950001
27334.950001
27385.525001
27436.825001
27488.800001
27541.800001
27595.800001
27651.075001
27707.875001
27766.450001
27827.275001
27891.075001
27958.650001
28031.475001
28164.275001
28224.300001
28291.700001
28446.500001
28507.125001
28580.400001
28770.225001
28831.600001
29030.850001
29092.825001
29352.500001
29415.250001
29870.850001
29934.350001
30695.750001
30758.275001
31335.450001
31398.375001
31966.325001
32029.150001
32590.200001
32653.175001
33219.500001
33282.350001
33842.825001
33905.825001
34471.925001
34534.775001
