1.000000
6.000000
5218.525000
5311.050000
5402.525000
5491.775000
5578.750000
5663.475000
5746.250000
5827.350000
5907.600000
5986.800000
6065.200000
6142.900000
6219.975000
6296.550000
6372.375000
6447.375000
6521.625000
6595.125000
6667.625000
6738.975000
6809.600000
6879.875000
6949.475000
7018.700000
7087.200000
7155.200000
7222.750000
7289.850000
7356.500000
7422.625000
7488.300000
7553.750000
7618.925000
7683.750000
7748.175000
7812.425000
7876.150000
7939.775000
8002.900000
8065.600000
8127.925000
8189.875000
8251.325000
8312.325000
8372.875000
8432.975000
8492.525000
8551.525000
8609.775000
8667.750000
8724.900000
8781.500000
8837.450000
8892.925000
8948.125000
9003.050000
9057.900000
9112.600000
9167.150000
9221.500000
9275.800000
9330.075000
9384.250000
9438.125000
9491.925000
9545.625000
9599.000000
9652.425000
9705.675000
9758.575000
9811.550000
9864.225000
9916.900000
9969.300000
10021.625000
10073.950000
10126.025000
10178.225000
10230.300000
10282.275000
10334.450000
10386.275000
10438.275000
10490.400000
10542.350000
10594.400000
10646.400000
10698.325000
10750.250000
10802.175000
10854.050000
10905.875000
10957.750000
11009.475000
11061.125000
11112.825000
11164.400000
11216.200000
11267.975000
11319.475000
11370.950000
11422.650000
11474.375000
11526.025000
11577.675000
11629.350000
11680.825000
11732.425000
11784.275000
11835.850000
11887.400000
11938.950000
11990.600000
12042.225000
12093.950000
12145.700000
12197.175000
12248.650000
12300.300000
12351.975000
12403.675000
12455.375000
12507.025000
12558.450000
12610.000000
12661.700000
12713.425000
12765.025000
12816.675000
12868.300000
12919.825000
12971.475000
13023.300000
13074.850000
13126.325000
13177.925000
13229.625000
13281.275000
13333.000000
13384.700000
13436.125000
13487.625000
13539.250000
13591.000000
13642.700000
13694.350000
13745.950000
13797.425000
13848.925000
13900.700000
13952.400000
14004.025000
14055.600000
14107.275000
14158.775000
14210.475000
14262.300000
14313.750000
14365.275000
14416.950000
14468.625000
14520.300000
14572.000000
14623.625000
14675.075000
14726.550000
14778.275000
14830.050000
14881.675000
14933.275000
14984.900000
15036.325000
15087.900000
15139.700000
15191.400000
15242.925000
15294.550000
15346.150000
15397.725000
15449.425000
15501.200000
15552.700000
15604.250000
15655.875000
15707.600000
15759.275000
15810.925000
15862.575000
15913.975000
15965.500000
16017.300000
16069.025000
16120.600000
16172.200000
16223.800000
16275.300000
16326.850000
16378.725000
16430.325000
16481.875000
16533.425000
16585.100000
16636.625000
16688.350000
16740.150000
16791.650000
16843.150000
16894.825000
16946.525000
16998.200000
17049.850000
17101.450000
17152.925000
17204.500000
17256.275000
17307.975000
17359.550000
17411.100000
17462.750000
17514.200000
17565.825000
17617.700000
17669.275000
17720.775000
17772.375000
17824.000000
17875.600000
17927.325000
17979.125000
18030.575000
18082.100000
18133.750000
18185.475000
18237.125001
18288.750001
18340.375001
18391.900001
18443.425001
18495.250001
18546.925001
18598.450001
18650.025001
18701.625001
18753.150001
18804.850001
18856.700001
18908.200001
18959.700001
19011.275001
19062.950001
19114.550001
19166.325001
19218.025001
19269.500001
19320.975001
19372.650001
19424.375001
19476.025001
19527.650001
19579.350001
19630.800001
19682.400001
19734.200001
19785.825001
19837.375001
19888.925001
19940.575001
19992.150001
20043.875001
20095.675001
20147.225001
20198.875001
20250.900001
20302.775001
20354.850001
20407.125001
20459.275001
20511.700001
20564.000001
20616.525001
20669.100001
20721.775001
20774.600001
20827.475001
20880.375001
20933.375001
20986.325001
21039.700001
21092.975001
21146.450001
21200.000001
21253.600001
21307.475001
21361.275001
21415.075001
21469.125001
21523.325001
21577.525001
21631.775001
21686.075001
21740.675001
21795.425001
21850.150001
21905.025001
21959.950001
22014.950001
22070.150001
22125.450001
22180.825001
22236.200001
22291.775001
22347.425001
22403.225001
22459.250001
22515.275001
22571.475001
22627.850001
22684.375001
22741.050001
22797.775001
22854.675001
22911.725001
22968.950001
23026.125001
23083.450001
23141.000001
23198.575001
23256.450001
23314.275001
23372.300001
23430.425001
23488.675001
23547.100001
23605.675001
23664.325001
23723.325001
23782.325001
23841.525001
23900.950001
23960.500001
24020.225001
24080.175001
24140.225001
24200.400001
24260.725001
24321.200001
24381.875001
24442.700001
24503.775001
24564.975001
24626.325001
24687.850001
24749.650001
24811.725001
24874.000001
24936.325001
24998.850001
25061.750001
25124.825001
25188.075001
25251.650001
25315.300001
25379.350001
25443.550001
25508.075001
25572.900001
25637.950001
25703.250001
25768.950001
25834.925001
25901.150001
25967.725001
26034.600001
26101.750001
26169.275001
26237.100001
26305.350001
26374.025001
26443.075001
26512.650001
26582.725001
26653.375001
26724.525001
26796.200001
26868.375001
26941.125001
27014.525001
27088.650001
27163.400001
27238.750001
27314.625001
27391.150001
27468.225001
27545.825001
27623.975001
27702.725001
27782.050001
27862.075001
27942.775001
28024.150001
28106.300001
28189.175001
28272.875001
28357.500001
28443.000001
28529.500001
28617.075001
28705.875001
28796.075001
28887.825001
28981.700001
29078.325001
29178.375001
29282.200001
29390.900001
29510.525001
