1.000000
29.000000
7435.950000
7511.550000
7583.350000
7651.800000
7718.100000
7782.675000
7846.525000
7909.375000
7971.550000
8033.225000
8094.175000
8154.425000
8213.950000
8272.925000
8331.000000
8388.250000
8444.850000
8500.700000
8555.975000
8610.625000
8664.900000
8718.925000
8772.450000
8825.550000
8878.625000
8931.050000
8983.200000
9034.950000
9086.125000
9137.100000
9187.700000
9238.100000
9288.350000
9338.375000
9388.150000
9437.650000
9486.925000
9536.050000
9585.075000
9633.850000
9682.350000
9730.625000
9778.975000
9826.775000
9874.650000
9922.275000
9969.600000
10017.025000
10064.025000
10111.075000
10158.050000
10205.000000
10251.950000
10298.600000
10345.475000
10392.000000
10438.600000
10485.200000
10531.650000
10578.075000
10624.475000
10670.700000
10717.025000
10763.275000
10809.375000
10855.450000
10901.450000
10947.225000
10992.975000
11038.725000
11084.525000
11130.150000
11175.675000
11221.075000
11266.525000
11311.950000
11357.275000
11402.450000
11447.450000
11492.525000
11537.475000
11582.375000
11627.325000
11672.225000
11717.125000
11762.075000
11806.900000
11851.600000
11896.325000
11941.150000
11985.800000
12030.400000
12074.900000
12119.400000
12163.825000
12208.225000
12252.650000
12297.050000
12341.475000
12385.825000
12430.200000
12474.550000
12518.925000
12563.275000
12607.625000
12651.875000
12696.050000
12740.200000
12784.350000
12828.500000
12872.575000
12916.575000
12960.500000
13004.450000
13048.325000
13092.250000
13136.100000
13180.100000
13224.075000
13268.050000
13312.025000
13355.950000
13399.825000
13443.600000
13487.450000
13531.275000
13575.100000
13619.025000
13662.975000
13706.925000
13750.875000
13794.775000
13838.600000
13882.375000
13926.175000
13969.950000
14013.775000
14057.725000
14101.625000
14145.575000
14189.425000
14233.275000
14277.050000
14320.850000
14364.650000
14408.425000
14452.350000
14496.250000
14540.200000
14584.100000
14627.975000
14671.800000
14715.550000
14759.350000
14803.100000
14846.975000
14890.900000
14934.825000
14978.800000
15022.625000
15066.525000
15110.250000
15154.075000
15197.850000
15241.700000
15285.600000
15329.575000
15373.475000
15417.400000
15461.225000
15505.075000
15548.800000
15592.650000
15636.350000
15680.250000
15724.125000
15768.075000
15812.000000
15855.825000
15899.650000
15943.375000
15987.175000
16030.900000
16074.775000
16118.675000
16162.600000
16206.550000
16250.375000
16294.225000
16337.950000
16381.775000
16425.525000
16469.350000
16513.275000
16557.200000
16601.125000
16645.000000
16688.825000
16732.625000
16776.375000
16820.200000
16863.950000
16907.875000
16951.775000
16995.700000
17039.575000
17083.400000
17127.200000
17170.975000
17214.775000
17258.525000
17302.425000
17346.300000
17390.250000
17434.150000
17478.000000
17521.825000
17565.575000
17609.375000
17653.125000
17696.975000
17740.900000
17784.825000
17828.800000
17872.625000
17916.500000
17960.225000
18004.050000
18047.800000
18091.650000
18135.550000
18179.525000
18223.425000
18267.350001
18311.175001
18355.025001
18398.750001
18442.600001
18486.300001
18530.225001
18574.100001
18618.025001
18661.950001
18705.800001
18749.600001
18793.325001
18837.150001
18880.875001
18924.725001
18968.650001
19012.575001
19056.525001
19100.350001
19144.200001
19187.925001
19231.725001
19275.475001
19319.325001
19363.225001
19407.150001
19451.075001
19494.950001
19538.775001
19582.550001
19626.325001
19670.125001
19713.900001
19757.825001
19801.725001
19845.650001
19889.500001
19933.350001
19977.125001
20020.900001
20064.700001
20108.450001
20152.400001
20196.400001
20240.450001
20284.500001
20328.650001
20372.800001
20417.000001
20461.100001
20505.300001
20549.525001
20593.850001
20638.250001
20682.700001
20727.200001
20771.750001
20816.375001
20860.900001
20905.525001
20950.150001
20994.925001
21039.850001
21084.725001
21129.675001
21174.625001
21219.525001
21264.525001
21309.625001
21354.775001
21400.025001
21445.425001
21490.825001
21536.125001
21581.550001
21627.050001
21672.775001
21718.475001
21764.050001
21809.725001
21855.550001
21901.425001
21947.250001
21993.175001
22039.275001
22085.475001
22131.700001
22177.950001
22224.325001
22270.700001
22317.300001
22363.800001
22410.425001
22457.250001
22503.950001
22550.900001
22597.775001
22644.875001
22691.900001
22739.025001
22786.150001
22833.475001
22880.775001
22928.375001
22975.950001
23023.700001
23071.400001
23119.300001
23167.375001
23215.375001
23263.550001
23311.950001
23360.325001
23408.850001
23457.600001
23506.525001
23555.425001
23604.400001
23653.575001
23702.900001
23752.425001
23802.150001
23852.075001
23902.175001
23952.400001
24002.725001
24053.200001
24103.975001
24154.925001
24206.225001
24257.750001
24309.425001
24361.400001
24413.650001
24466.275001
24519.250001
24572.550001
24626.175001
24680.250001
24734.700001
24789.475001
24844.575001
24899.975001
24955.700001
25011.775001
25068.225001
25124.825001
25181.750001
25238.950001
25296.550001
25354.375001
25412.575001
25470.925001
25529.800001
25588.875001
25648.250001
25708.050001
25768.150001
25828.600001
25889.300001
25950.275001
26011.500001
26073.050001
26134.850001
26196.800001
26258.950001
26321.275001
26383.900001
26446.725001
26509.675001
26572.875001
26636.275001
26699.825001
26763.650001
26827.650001
26891.900001
26956.425001
27021.100001
27086.025001
27151.250001
27216.650001
27282.275001
27348.175001
27414.350001
27480.800001
27547.500001
27614.450001
27681.750001
27749.250001
27817.175001
27885.375001
27953.875001
28022.650001
28091.775001
28161.200001
28231.000001
28301.200001
28371.700001
28442.650001
28513.975001
28585.700001
28657.900001
28730.525001
28803.575001
28877.100001
28951.175001
29025.750001
29100.900001
29176.600001
29252.950001
29329.975001
29407.725001
29486.200001
29565.500001
29645.700001
29726.875001
29809.225001
29892.925001
29978.250001
30065.625001
30154.700001
30245.050001
30336.650001
30429.775001
30525.125001
30624.825001
30819.900001
30910.750001
31157.575001
31249.125001
31510.225001
31601.225001
31861.700001
31952.625001
32213.175001
32304.075001
32564.675001
32655.575001
32916.150001
33007.050001
33267.625001
33358.525001
33619.050001
33709.950001
33970.475001
34061.400001
34321.900001
34412.825001
34673.350001
34764.250001
