10.000000
18.000000
5572.075000
5661.425000
5749.975000
5835.750000
5918.400000
5997.850000
6074.725000
6149.250000
6222.225000
6293.750000
6364.025000
6433.075000
6501.100000
6568.150000
6634.325000
6699.575000
6764.100000
6828.075000
6891.600000
6954.675000
7017.525000
7079.850000
7141.525000
7202.575000
7263.250000
7323.500000
7383.125000
7442.450000
7501.500000
7560.000000
7618.375000
7676.225000
7734.000000
7791.500000
7848.475000
7905.250000
7961.675000
8017.775000
8073.300000
8128.475000
8183.200000
8237.400000
8291.375000
8345.075000
8398.300000
8451.300000
8503.875000
8556.350000
8608.375000
8660.300000
8712.250000
8763.775000
8815.175000
8866.575000
8917.900000
8969.025000
9019.950000
9070.700000
9121.175000
9171.550000
9221.800000
9271.725000
9321.375000
9370.775000
9420.000000
9469.150000
9518.100000
9566.825000
9615.225000
9663.600000
9711.950000
9759.925000
9807.850000
9855.525000
9902.825000
9950.025000
9996.975000
10043.725000
10090.400000
10136.675000
10183.025000
10229.250000
10275.100000
10320.900000
10366.800000
10412.600000
10458.200000
10503.900000
10549.550000
10595.350000
10641.025000
10686.500000
10731.975000
10777.450000
10823.075000
10868.650000
10913.975000
10959.400000
11004.875000
11050.450000
11095.900000
11141.350000
11186.675000
11232.075000
11277.500000
11323.050000
11368.575000
11413.875000
11459.275000
11504.750000
11550.225000
11595.700000
11641.150000
11686.475000
11731.850000
11777.250000
11822.850000
11868.350000
11913.675000
11959.050000
12004.500000
12049.900000
12095.450000
12140.950000
12186.250000
12231.650000
12277.025000
12322.550000
12368.025000
12413.425000
12458.775000
12504.175000
12549.575000
12595.175000
12640.675000
12686.000000
12731.400000
12776.750000
12822.200000
12867.725000
12913.175000
12958.500000
13003.925000
13049.300000
13094.850000
13140.325000
13185.700000
13231.075000
13276.425000
13321.875000
13367.475000
13412.950000
13458.275000
13503.725000
13549.075000
13594.550000
13640.025000
13685.475000
13730.825000
13776.175000
13821.575000
13867.200000
13912.675000
13958.025000
14003.450000
14048.775000
14094.250000
14139.750000
14185.275000
14230.600000
14275.975000
14321.375000
14366.900000
14412.375000
14457.800000
14503.175000
14548.500000
14593.950000
14639.500000
14685.000000
14730.350000
14775.725000
14821.100000
14866.575000
14912.075000
14957.575000
15002.900000
15048.275000
15093.700000
15139.175000
15184.650000
15230.100000
15275.450000
15320.800000
15366.275000
15411.800000
15457.325000
15502.650000
15548.050000
15593.450000
15638.850000
15684.375000
15729.875000
15775.200000
15820.575000
15866.025000
15911.525000
15957.025000
16002.400000
16047.800000
16093.150000
16138.575000
16184.125000
16229.675000
16275.000000
16320.400000
16365.825000
16411.275000
16456.775000
16502.200000
16547.550000
16592.925000
16638.350000
16683.900000
16729.425000
16774.775000
16820.175000
16865.550000
16910.950000
16956.500000
17001.975000
17047.300000
17092.725000
17138.125000
17183.600000
17229.100000
17274.500000
17319.900000
17365.250000
17410.675000
17456.250000
17501.725000
17547.075000
17592.500000
17637.875000
17683.300000
17728.850000
17774.275000
17819.650000
17865.000000
17910.425000
17955.975000
18001.400000
18046.825000
18092.250000
18137.600000
18183.025000
18228.625001
18274.075001
18319.425001
18364.800001
18410.225001
18455.700001
18501.175001
18546.600001
18592.025001
18637.350001
18682.800001
18728.375001
18773.850001
18819.225001
18864.575001
18909.975001
18955.400001
19000.925001
19046.400001
19091.775001
19137.150001
19182.575001
19228.075001
19273.525001
19318.975001
19364.275001
19409.650001
19455.100001
19500.675001
19546.150001
19591.525001
19636.900001
19682.325001
19727.725001
19773.250001
19818.725001
19864.025001
19909.425001
19954.875001
20000.400001
20045.850001
20091.300001
20136.675001
20182.175001
20227.700001
20273.375001
20319.025001
20364.700001
20410.550001
20456.575001
20502.400001
20548.275001
20594.275001
20640.300001
20686.150001
20732.200001
20778.525001
20824.750001
20870.900001
20917.400001
20963.725001
21010.100001
21056.750001
21103.150001
21149.800001
21196.500001
21243.175001
21290.050001
21336.800001
21383.850001
21430.725001
21477.725001
21524.750001
21571.875001
21619.100001
21666.400001
21713.625001
21760.975001
21808.275001
21855.775001
21903.225001
21951.000001
21998.550001
22046.325001
22094.175001
22141.950001
22189.975001
22237.850001
22285.875001
22334.075001
22382.200001
22430.425001
22478.850001
22527.175001
22575.650001
22624.250001
22672.975001
22721.650001
22770.400001
22819.200001
22868.075001
22917.000001
22965.975001
23015.025001
23064.050001
23113.300001
23162.650001
23212.050001
23261.450001
23310.925001
23360.475001
23410.125001
23459.800001
23509.525001
23559.375001
23609.325001
23659.350001
23709.450001
23759.575001
23809.775001
23860.075001
23910.525001
23961.075001
24011.750001
24062.525001
24113.325001
24164.150001
24215.100001
24266.200001
24317.500001
24368.850001
24420.250001
24471.750001
24523.425001
24575.000001
24626.725001
24678.750001
24730.700001
24782.875001
24835.225001
24887.575001
24940.175001
24992.850001
25045.750001
25098.675001
25151.925001
25205.350001
25258.900001
25312.775001
25366.750001
25420.825001
25475.100001
25529.675001
25584.425001
25639.200001
25694.175001
25749.250001
25804.525001
25859.850001
25915.325001
25970.925001
26026.650001
26082.625001
26138.725001
26195.025001
26251.450001
26307.975001
26364.650001
26421.525001
26478.650001
26535.825001
26593.125001
26650.650001
26708.300001
26766.150001
26824.225001
26882.425001
26940.875001
26999.450001
27058.250001
27117.275001
27176.425001
27235.850001
27295.525001
27355.425001
27415.525001
27475.925001
27536.625001
27597.675001
27659.075001
27720.850001
27783.100001
27845.900001
27909.275001
27973.400001
28038.175001
28103.700001
28169.925001
28236.875001
28304.650001
28373.375001
28443.125001
28514.000001
28585.875001
28658.600001
28732.125001
28806.450001
28881.600001
28957.625001
29034.600001
29112.600001
29191.775001
29272.150001
29353.600001
29436.000001
29519.325001
29603.575001
29688.775001
29774.950001
29862.200001
29950.550001
30040.125001
30130.625001
30221.300001
30312.175001
30403.200001
30494.400001
30585.850001
30677.625001
30769.900001
30862.600001
30955.525001
31048.500001
31141.525001
31234.550001
31327.600001
31420.625001
31513.675001
31606.725001
31699.800001
31792.850001
31885.900001
31978.975001
32072.025001
32165.100001
32258.175001
32351.225001
32444.300001
32537.375001
32630.425001
32723.500001
32816.575001
32909.650001
33002.725001
33095.775001
33188.850001
33281.925001
33375.000001
33468.050001
33561.125001
33654.200001
33747.275001
33840.350001
33933.425001
34026.500001
34119.550001
34212.625001
34305.700001
34398.775001
34491.850001
34584.900001
34677.975001
34771.050001
34864.125001
34957.200001
