200.000000
7.000000
12636.650000
12690.600000
12743.225000
12795.000000
12845.475000
12895.225000
12944.000000
12992.425000
13040.050000
13087.150000
13134.100000
13180.575000
13226.375000
13272.025000
13317.575000
13362.950000
13407.900000
13452.575000
13497.000000
13541.325000
13585.500000
13629.725000
13673.425000
13717.325000
13760.775000
13804.125000
13847.700000
13891.125000
13934.350000
13977.400000
14020.400000
14063.450000
14106.500000
14149.425000
14192.475000
14235.475000
14278.575000
14321.425000
14364.475000
14407.450000
14450.375000
14492.875000
14535.600000
14578.550000
14621.200000
14663.800000
14706.475000
14749.150000
14792.100000
14834.650000
14877.200000
14920.075000
14962.800000
15005.250000
15047.950000
15090.775000
15133.250000
15175.825000
15218.600000
15261.100000
15303.675000
15346.400000
15388.925000
15431.450000
15474.150000
15516.850000
15559.275000
15601.975000
15644.600000
15687.025000
15729.775000
15772.350000
15814.775000
15857.475000
15899.950000
15942.475000
15985.150000
16027.550000
16070.150000
16112.725000
16155.100000
16197.800000
16240.250000
16282.675000
16325.375000
16367.725000
16410.200000
16452.625000
16495.200000
16537.475000
16579.975000
16622.625000
16664.925000
16707.500000
16749.850000
16792.400000
16834.775000
16877.125000
16919.650000
16962.000000
17004.300000
17046.675000
17088.975000
17131.350000
17173.550000
17215.850000
17258.075000
17300.525000
17342.650000
17384.950000
17427.100000
17469.300000
17511.625000
17553.775000
17595.800000
17637.875000
17680.050000
17722.075000
17764.325000
17806.450000
17848.300000
17890.375000
17932.425000
17974.525000
18016.550000
18058.725000
18100.800000
18142.700000
18184.675000
18226.450001
18268.625001
18310.575001
18352.575001
18394.700001
18436.825001
18478.850001
18520.600001
18562.575001
18604.600001
18646.675001
18688.550001
18730.525001
18772.700001
18814.725001
18856.675001
18898.400001
18940.450001
18982.425001
19024.500001
19066.475001
19108.450001
19150.600001
19192.575001
19234.500001
19276.225001
19318.225001
19360.200001
19402.250001
19444.200001
19486.125001
19528.350001
19570.325001
19612.250001
19654.100001
19696.100001
19738.100001
19780.125001
19822.050001
19864.050001
19906.200001
19948.125001
19990.050001
20031.850001
20073.850001
20115.925001
20157.975001
20200.275001
20242.525001
20284.975001
20327.350001
20370.100001
20412.975001
20456.000001
20498.825001
20542.150001
20585.450001
20628.875001
20672.450001
20716.100001
20759.825001
20803.775001
20848.025001
20892.475001
20937.025001
20981.650001
21026.300001
21071.350001
21116.725001
21162.150001
21207.850001
21253.775001
21299.775001
21346.175001
21392.675001
21439.625001
21486.850001
21534.225001
21581.700001
21629.725001
21677.750001
21726.000001
21774.675001
21823.525001
21872.925001
21922.650001
21972.725001
22023.075001
22073.675001
22124.675001
22176.025001
22227.775001
22280.175001
22332.850001
22386.150001
22439.925001
22494.200001
22549.125001
22604.900001
22661.175001
22718.575001
22776.500001
22835.650001
22895.850001
22957.625001
23020.775001
23085.875001
23153.700001
23225.475001
23363.525001
23420.725001
23484.075001
23640.475001
23698.300001
23765.725001
23973.050001
24031.750001
24263.375001
24322.575001
24701.025001
24760.225001
