1.000000
34.000000
9736.275000
9808.550000
9876.725000
9941.575000
10003.550000
10063.750000
10122.450000
10180.325000
10237.225000
10293.625000
10349.700000
10405.400000
10460.725000
10515.800000
10570.650000
10625.200000
10679.875000
10734.325000
10788.350000
10842.325000
10896.225000
10949.775000
11003.100000
11056.600000
11109.625000
11162.800000
11215.550000
11268.575000
11321.175000
11373.950000
11426.350000
11479.050000
11531.350000
11583.800000
11636.025000
11688.175000
11740.525000
11792.575000
11844.700000
11896.750000
11948.575000
12000.525000
12052.450000
12104.150000
12155.875000
12207.650000
12259.200000
12310.775000
12362.350000
12413.625000
12464.775000
12515.950000
12567.150000
12618.125000
12668.925000
12719.450000
12769.750000
12819.900000
12869.950000
12919.800000
12969.475000
13019.075000
13068.550000
13117.925000
13166.925000
13215.675000
13264.325000
13313.125000
13361.775000
13410.125000
13458.350000
13506.750000
13554.875000
13602.950000
13651.175000
13699.000000
13747.025000
13795.100000
13842.975000
13891.025000
13938.925000
13986.675000
14034.725000
14082.450000
14130.350000
14178.250000
14226.025000
14273.925000
14321.700000
14369.475000
14417.475000
14465.175000
14513.075000
14560.900000
14608.500000
14656.500000
14704.175000
14752.050000
14799.850000
14847.475000
14895.450000
14943.075000
14990.975000
15038.750000
15086.325000
15134.300000
15181.925000
15229.850000
15277.625000
15325.225000
15373.175000
15420.775000
15468.650000
15516.500000
15564.050000
15611.975000
15659.625000
15707.500000
15755.300000
15802.900000
15850.825000
15898.475000
15946.300000
15994.075000
16041.775000
16089.625000
16137.300000
16185.150000
16232.875000
16280.575000
16328.450000
16376.150000
16423.925000
16471.625000
16519.400000
16567.275000
16614.950000
16662.775000
16710.450000
16758.200000
16806.000000
16853.725000
16901.525000
16949.125000
16996.950000
17044.650000
17092.350000
17140.250000
17187.775000
17235.600000
17283.325000
17330.875000
17378.825000
17426.350000
17474.125000
17521.875000
17569.500000
17617.375000
17665.025000
17712.800000
17760.425000
17808.150000
17855.850000
17903.475000
17951.325000
17998.775000
18046.575000
18094.300000
18141.850000
18189.625000
18237.225001
18284.950001
18332.475001
18380.225001
18427.825001
18475.275001
18523.025001
18570.550001
18618.200001
18665.575001
18713.250001
18760.800001
18808.200001
18855.650001
18902.925001
18950.375001
18997.625001
19045.150001
19092.475001
19139.950001
19187.075001
19234.450001
19281.525001
19328.875001
19375.850001
19423.150001
19470.150001
19517.475001
19564.350001
19611.425001
19658.300001
19705.300001
19752.325001
19799.250001
19846.350001
19893.200001
19940.275001
19987.075001
20034.225001
20081.050001
20128.125001
20175.025001
20222.075001
20269.175001
20316.350001
20363.550001
20410.825001
20458.125001
20505.500001
20552.800001
20600.350001
20647.850001
20695.700001
20743.225001
20791.125001
20838.950001
20886.775001
20934.925001
20982.950001
21031.025001
21079.400001
21127.625001
21175.900001
21224.475001
21273.150001
21321.750001
21370.425001
21419.225001
21468.125001
21517.075001
21566.075001
21615.125001
21664.150001
21713.500001
21762.925001
21812.450001
21862.075001
21911.750001
21961.525001
22011.325001
22061.175001
22111.150001
22161.200001
22211.375001
22261.725001
22312.300001
22362.825001
22413.475001
22464.100001
22514.875001
22565.825001
22616.975001
22668.200001
22719.400001
22770.700001
22822.175001
22873.825001
22925.475001
22977.375001
23029.525001
23081.600001
23133.925001
23186.275001
23238.800001
23291.500001
23344.300001
23397.225001
23450.400001
23503.725001
23557.325001
23610.950001
23664.775001
23718.975001
23773.350001
23827.800001
23882.475001
23937.425001
23992.700001
24048.225001
24104.100001
24160.250001
24216.925001
24273.950001
24331.325001
24389.175001
24447.400001
24506.200001
24565.350001
24625.100001
24685.550001
24746.750001
24808.575001
24871.200001
24935.075001
24999.850001
25065.850001
25133.150001
25201.750001
25271.350001
25342.375001
25414.525001
25487.900001
25562.775001
25638.900001
25716.575001
25795.950001
25876.625001
25959.025001
26042.950001
26128.125001
26215.075001
26303.825001
26394.675001
26488.050001
26587.400001
26747.500001
26834.950001
27016.200001
27106.200001
27369.575001
27462.075001
27836.675001
28387.850001
