100.000000
1.000000
6242.350000
6327.000000
6414.350000
6501.750000
6588.450000
6674.725000
6760.025000
6844.675000
6928.625000
7011.975000
7094.550000
7176.300000
7257.750000
7338.375000
7418.725000
7498.275000
7577.150000
7655.675000
7733.550000
7810.900000
7887.725000
7964.150000
8040.275000
8115.775000
8191.200000
8266.025000
8340.600000
8414.550000
8488.200000
8561.550000
8634.575000
8707.250000
8779.625000
8851.525000
8923.150000
8994.400000
9065.125000
9135.775000
9206.225000
9276.175000
9345.975000
9415.225000
9484.475000
9553.300000
9621.925000
9690.350000
9758.325000
9826.050000
9893.625000
9960.975000
10028.000000
10094.925000
10161.900000
10228.975000
10295.850000
10362.700000
10429.650000
10496.600000
10563.525000
10630.400000
10697.125000
10763.800000
10830.550000
10897.250000
10963.900000
11030.625000
11097.300000
11163.950000
11230.650000
11297.350000
11363.975000
11430.700000
11497.375000
11564.000000
11630.700000
11697.400000
11764.000000
11830.725000
11897.400000
11964.025000
12030.725000
12097.425000
12164.025000
12230.750000
12297.425000
12364.050000
12430.750000
12497.425000
12564.050000
12630.750000
12697.450000
12764.050000
12830.775000
12897.450000
12964.075000
13030.775000
13097.475000
13164.075000
13230.800000
13297.475000
13364.100000
13430.825000
13497.500000
13564.125000
13630.850000
13697.550000
13764.175000
13830.900000
13897.625000
13964.325000
14031.125000
14097.950000
14164.775000
14231.625000
14298.325000
14365.025000
14431.750000
14498.400000
14565.075000
14631.800000
14698.425000
14765.075000
14831.800000
14898.450000
14965.100000
15031.800000
15098.450000
15165.100000
15231.800000
15298.450000
15365.100000
15431.800000
15498.450000
15565.100000
15631.800000
15698.450000
15765.100000
15831.800000
15898.450000
15965.100000
16031.800000
16098.450000
16165.100000
16231.800000
16298.450000
16365.100000
16431.800000
16498.450000
16565.100000
16631.800000
16698.450000
16765.100000
16831.800000
16898.450000
16965.100000
17031.800000
17098.450000
17165.100000
17231.800000
17298.450000
17365.100000
17431.800000
17498.450000
17565.100000
17631.800000
17698.450000
17765.100000
17831.800000
17898.450000
17965.100000
18031.800000
18098.450000
18165.100000
18231.800001
18298.450001
18365.100001
18431.800001
18498.450001
18565.100001
18631.800001
18698.450001
18765.100001
18831.800001
18898.450001
18965.100001
19031.800001
19098.450001
19165.100001
19231.800001
19298.450001
19365.100001
19431.800001
19498.450001
19565.100001
19631.800001
19698.450001
19765.100001
19831.800001
19898.450001
19965.100001
20031.800001
20098.450001
20165.300001
20232.500001
20299.975001
20367.850001
20435.825001
20504.025001
20572.475001
20641.325001
20710.325001
20779.925001
20849.550001
20919.500001
20989.775001
21060.275001
21131.150001
21202.400001
21273.950001
21345.825001
21418.025001
21490.525001
21563.375001
21636.525001
21709.975001
21783.925001
21858.300001
21932.975001
22008.175001
22083.675001
22159.550001
22235.975001
22312.950001
22390.375001
22468.325001
22546.800001
22625.725001
22705.250001
22785.450001
22866.100001
22947.450001
23029.475001
23112.125001
23195.625001
23279.900001
23364.800001
23450.625001
23537.325001
23625.000001
23713.775001
23803.700001
23895.075001
23987.700001
24082.100001
24178.225001
24276.950001
24379.375001
