100.000000
32.000000
8743.150000
8807.425000
8870.425000
8931.525000
8991.375000
9049.875000
9107.875000
9165.050000
9221.800000
9278.375000
9334.675000
9390.650000
9446.375000
9501.950000
9557.375000
9612.550000
9667.675000
9722.425000
9776.950000
9831.550000
9886.000000
9940.500000
9994.725000
10048.675000
10102.725000
10156.975000
10210.900000
10264.850000
10319.050000
10373.225000
10427.150000
10481.175000
10535.425000
10589.550000
10643.475000
10697.400000
10751.500000
10805.450000
10859.325000
10913.475000
10967.700000
11021.550000
11075.550000
11129.850000
11183.900000
11237.775000
11291.775000
11345.875000
11399.750000
11453.700000
11507.875000
11562.025000
11615.950000
11669.975000
11724.125000
11778.150000
11831.975000
11885.950000
11940.075000
11994.000000
12047.975000
12102.175000
12156.375000
12210.275000
12264.175000
12318.350000
12372.225000
12426.100000
12480.225000
12534.350000
12588.250000
12642.325000
12696.500000
12750.625000
12804.600000
12858.475000
12912.600000
12966.550000
13020.450000
13074.575000
13128.775000
13182.675000
13236.625000
13290.850000
13344.925000
13398.725000
13452.700000
13506.850000
13560.725000
13614.650000
13668.900000
13723.050000
13776.950000
13830.900000
13885.025000
13938.925000
13992.825000
14046.900000
14101.025000
14155.000000
14208.950000
14263.175000
14317.375000
14371.225000
14425.150000
14479.350000
14533.225000
14587.100000
14641.275000
14695.425000
14749.300000
14803.300000
14857.525000
14911.525000
14965.350000
15019.375000
15073.475000
15127.350000
15181.325000
15235.550000
15289.700000
15343.625000
15397.600000
15451.700000
15505.650000
15559.500000
15613.550000
15667.750000
15721.625000
15775.625000
15829.900000
15884.000000
15937.875000
15991.875000
16045.950000
16099.850000
16153.800000
16207.925000
16262.050000
16316.000000
16370.000000
16424.175000
16478.225000
16532.075000
16586.025000
16640.150000
16694.075000
16748.000000
16802.200000
16856.400000
16910.325000
16964.250000
17018.400000
17072.325000
17126.150000
17180.275000
17234.400000
17288.275000
17342.350000
17396.550000
17450.675000
17504.675000
17558.550000
17612.675000
17666.625000
17720.500000
17774.600000
17828.800000
17882.700000
17936.650000
17990.900000
18045.000000
18098.800000
18152.750000
18206.900000
18260.800001
18314.700001
18368.925001
18423.100001
18476.975001
18530.950001
18585.100001
18639.000001
18692.900001
18746.925001
18801.050001
18855.025001
18908.975001
18963.200001
19017.425001
19071.275001
19125.225001
19179.400001
19233.275001
19287.150001
19341.300001
19395.450001
19449.325001
19503.325001
19557.550001
19611.600001
19665.425001
19719.400001
19773.525001
19827.400001
19881.375001
19935.575001
19989.725001
20043.650001
20097.625001
20151.850001
20206.025001
20260.100001
20314.275001
20368.850001
20423.450001
20477.900001
20532.375001
20587.000001
20641.825001
20696.800001
20751.875001
20807.050001
20862.275001
20917.675001
20973.075001
21028.700001
21084.325001
21140.050001
21195.825001
21251.650001
21307.675001
21363.700001
21419.725001
21475.850001
21532.075001
21588.450001
21645.125001
21701.900001
21758.525001
21815.225001
21872.125001
21929.375001
21986.375001
22043.600001
22101.175001
22158.575001
22216.225001
22274.125001
22331.925001
22390.075001
22448.125001
22506.600001
22564.875001
22623.550001
22682.050001
22741.000001
22799.900001
22858.900001
22918.300001
22977.525001
23036.950001
23096.775001
23156.725001
23216.600001
23276.525001
23336.700001
23397.175001
23457.875001
23518.800001
23579.900001
23641.150001
23702.475001
23763.875001
23825.425001
23887.150001
23949.000001
24011.125001
24073.600001
24136.125001
24198.775001
24261.825001
24325.075001
24388.450001
24452.300001
24516.200001
24580.525001
24644.950001
24709.600001
24774.675001
24840.000001
24905.525001
24971.275001
25037.400001
25103.925001
25170.750001
25237.875001
25305.475001
25373.500001
25441.925001
25510.575001
25579.975001
25649.450001
25719.600001
25790.000001
25860.750001
25932.025001
26003.775001
26075.975001
26148.625001
26221.775001
26295.600001
26370.050001
26444.975001
26520.650001
26597.050001
26674.125001
26752.125001
26831.250001
26911.150001
26992.425001
27074.900001
27159.275001
27246.100001
27386.050001
27463.600001
27548.625001
27721.425001
27798.500001
27956.150001
28035.975001
28256.350001
28334.775001
28603.750001
28684.050001
29074.975001
29355.300001
30245.550001
31073.500001
31790.975001
32507.850001
33224.900001
33941.575001
34658.225001
