1.000000
26.000000
6745.425000
6823.350000
6897.550000
6968.725000
7037.450000
7104.625000
7170.650000
7235.875000
7300.375000
7364.200000
7427.550000
7490.525000
7552.900000
7614.925000
7676.575000
7738.000000
7799.225000
7860.275000
7920.975000
7981.525000
8041.875000
8102.075000
8162.175000
8221.800000
8281.300000
8340.725000
8399.675000
8458.350000
8516.875000
8575.000000
8632.925000
8690.675000
8747.900000
8804.850000
8861.275000
8917.275000
8972.650000
9027.300000
9081.425000
9134.975000
9187.575000
9239.850000
9291.475000
9342.550000
9393.125000
9443.225000
9493.000000
9542.525000
9591.750000
9640.825000
9689.725000
9738.300000
9786.625000
9834.925000
9882.900000
9930.675000
9978.500000
10026.000000
10073.500000
10120.600000
10167.875000
10214.825000
10262.000000
10308.775000
10355.600000
10402.350000
10448.850000
10495.575000
10541.925000
10588.375000
10634.825000
10680.975000
10727.275000
10773.600000
10819.600000
10865.625000
10911.850000
10957.975000
11003.975000
11049.925000
11095.900000
11141.725000
11187.525000
11233.400000
11279.350000
11325.050000
11370.775000
11416.625000
11462.450000
11508.125000
11553.875000
11599.625000
11645.500000
11691.250000
11736.875000
11782.575000
11828.375000
11874.050000
11919.500000
11964.975000
12010.475000
12056.075000
12101.525000
12146.875000
12192.175000
12237.400000
12282.600000
12327.850000
12373.100000
12418.225000
12463.300000
12508.250000
12553.100000
12598.000000
12642.875000
12687.575000
12732.300000
12777.050000
12821.900000
12866.625000
12911.200000
12955.850000
13000.575000
13045.350000
13090.050000
13134.650000
13179.225000
13223.725000
13268.225000
13312.725000
13357.200000
13401.625000
13446.050000
13490.475000
13534.850000
13579.250000
13623.575000
13667.925000
13712.250000
13756.600000
13800.925000
13845.250000
13889.500000
13933.700000
13977.800000
14021.875000
14065.975000
14110.000000
14154.050000
14198.050000
14242.100000
14286.050000
14330.150000
14374.250000
14418.350000
14462.400000
14506.525000
14550.575000
14594.625000
14638.575000
14682.550000
14726.450000
14770.425000
14814.350000
14858.275000
14902.325000
14946.400000
14990.500000
15034.550000
15078.650000
15122.700000
15166.725000
15210.675000
15254.675000
15298.575000
15342.550000
15386.450000
15430.425000
15474.475000
15518.575000
15562.625000
15606.700000
15650.750000
15694.800000
15738.750000
15782.725000
15826.625000
15870.575000
15914.475000
15958.400000
16002.425000
16046.500000
16090.600000
16134.650000
16178.750000
16222.800000
16266.825000
16310.775000
16354.775000
16398.675000
16442.650000
16486.550000
16530.500000
16574.550000
16618.625000
16662.700000
16706.775000
16750.825000
16794.900000
16838.850000
16882.825000
16926.725000
16970.675000
17014.600000
17058.500000
17102.525000
17146.575000
17190.675000
17234.725000
17278.825000
17322.875000
17366.925000
17410.875000
17454.875000
17498.750000
17542.750000
17586.625000
17630.575000
17674.600000
17718.700000
17762.775000
17806.825000
17850.900000
17894.975000
17938.925000
17982.900000
18026.825000
18070.725000
18114.675000
18158.600000
18202.575000
18246.625001
18290.750001
18334.800001
18378.900001
18422.950001
18467.025001
18510.950001
18554.950001
18598.850001
18642.825001
18686.725001
18730.650001
18774.675001
18818.750001
18862.825001
18906.900001
18950.950001
18995.025001
19039.000001
19082.975001
19126.875001
19170.800001
19214.750001
19258.675001
19302.650001
19346.700001
19390.800001
19434.850001
19478.975001
19523.000001
19567.100001
19611.050001
19655.050001
19698.950001
19742.900001
19786.825001
19830.750001
19874.750001
19918.825001
19962.900001
20006.950001
20051.025001
20095.100001
20139.125001
20183.150001
20227.225001
20271.350001
20315.475001
20359.625001
20403.875001
20448.150001
20492.550001
20536.950001
20581.450001
20625.950001
20670.500001
20715.050001
20759.625001
20804.250001
20848.850001
20893.650001
20938.575001
20983.450001
21028.575001
21073.625001
21118.750001
21163.825001
21208.950001
21254.225001
21299.525001
21345.050001
21390.525001
21435.925001
21481.475001
21527.100001
21572.975001
21618.825001
21664.600001
21710.575001
21756.675001
21802.600001
21848.575001
21894.725001
21941.025001
21987.275001
22033.625001
22080.125001
22126.525001
22173.250001
22219.825001
22266.600001
22313.425001
22360.350001
22407.475001
22454.550001
22501.775001
22548.925001
22596.350001
22643.825001
22691.450001
22739.050001
22786.750001
22834.725001
22882.650001
22930.725001
22979.025001
23027.300001
23075.775001
23124.450001
23173.300001
23222.125001
23271.000001
23320.175001
23369.500001
23419.050001
23468.800001
23518.800001
23568.950001
23619.275001
23669.700001
23720.425001
23771.400001
23822.750001
23874.350001
23926.125001
23978.200001
24030.475001
24083.025001
24135.825001
24188.850001
24242.075001
24295.650001
24349.275001
24403.175001
24457.300001
24511.525001
24565.950001
24620.550001
24675.250001
24730.225001
24785.375001
24840.725001
24896.200001
24951.850001
25007.700001
25063.675001
25119.775001
25176.050001
25232.575001
25289.350001
25346.325001
25403.475001
25460.825001
25518.425001
25576.125001
25634.125001
25692.325001
25750.800001
25809.400001
25868.275001
25927.250001
25986.475001
26045.925001
26105.500001
26165.200001
26225.075001
26285.225001
26345.550001
26406.000001
26466.600001
26527.350001
26588.300001
26649.425001
26710.750001
26772.225001
26833.900001
26895.800001
26957.850001
27020.100001
27082.525001
27145.225001
27208.100001
27271.075001
27334.350001
27397.800001
27461.475001
27525.325001
27589.450001
27653.825001
27718.450001
27783.250001
27848.300001
27913.625001
27979.250001
28045.100001
28111.225001
28177.600001
28244.275001
28311.225001
28378.525001
28446.150001
28514.050001
28582.275001
28650.900001
28719.875001
28789.175001
28858.900001
28929.050001
28999.575001
29070.575001
29142.025001
29213.975001
29286.475001
29359.550001
29433.300001
29507.800001
29583.150001
29659.450001
29736.725001
29815.075001
29894.550001
29975.400001
30057.950001
30142.375001
30228.575001
30316.575001
30406.050001
30496.625001
30588.075001
30680.200001
30772.925001
30866.225001
30960.100001
31054.600001
31149.825001
31245.950001
31343.325001
31442.750001
31546.700001
31748.975001
31839.400001
31937.900001
32041.725001
32204.400001
32297.150001
32396.475001
32499.725001
32605.700001
32711.900001
32818.500001
32925.075001
33032.075001
33138.725001
33246.100001
33352.550001
33460.525001
33566.500001
33675.875001
33780.625001
33942.750001
34035.550001
34134.900001
34238.150001
34344.025001
34450.225001
34556.775001
34663.350001
34770.325001
34876.950001
34984.300001
