10.000000
1.000000
4388.625000
4494.225000
4601.125000
4706.200000
4809.150000
4909.850000
5008.650000
5105.675000
5201.150000
5295.300000
5387.975000
5479.625000
5570.025000
5659.350000
5747.575000
5834.925000
5921.175000
6006.800000
6091.475000
6175.275000
6258.350000
6340.775000
6422.500000
6503.500000
6584.025000
6663.800000
6742.875000
6821.350000
6899.350000
6976.750000
7053.650000
7130.200000
7206.200000
7281.650000
7356.675000
7431.050000
7505.100000
7578.800000
7651.925000
7724.650000
7796.925000
7868.825000
7940.325000
8011.150000
8081.650000
8151.850000
8221.600000
8291.150000
8360.025000
8428.675000
8496.825000
8564.325000
8631.400000
8697.875000
8763.625000
8828.625000
8892.600000
8955.475000
9017.200000
9077.725000
9137.200000
9196.025000
9254.000000
9311.375000
9368.225000
9424.525000
9480.400000
9535.875000
9591.175000
9646.125000
9700.825000
9755.150000
9809.100000
9862.925000
9916.400000
9969.450000
10022.275000
10074.775000
10127.050000
10179.425000
10231.375000
10283.300000
10335.150000
10386.925000
10438.700000
10490.400000
10541.950000
10593.575000
10645.425000
10696.975000
10748.425000
10799.900000
10851.375000
10902.675000
10954.000000
11005.350000
11056.750000
11107.975000
11159.200000
11210.425000
11261.700000
11312.850000
11363.725000
11414.650000
11465.550000
11516.500000
11567.525000
11618.500000
11669.350000
11720.200000
11771.025000
11821.900000
11872.900000
11923.800000
11974.650000
12025.450000
12076.250000
12127.075000
12178.025000
12229.000000
12279.900000
12330.700000
12381.550000
12432.375000
12483.250000
12534.200000
12585.150000
12635.925000
12686.725000
12737.550000
12788.400000
12839.350000
12890.275000
12941.175000
12992.000000
13042.825000
13093.625000
13144.575000
13195.500000
13246.400000
13297.200000
13348.025000
13398.800000
13449.650000
13500.600000
13551.500000
13602.325000
13653.125000
13703.975000
13754.825000
13805.750000
13856.675000
13907.575000
13958.325000
14009.150000
14059.950000
14110.800000
14161.725000
14212.650000
14263.450000
14314.200000
14364.975000
14415.800000
14466.700000
14517.650000
14568.550000
14619.350000
14670.150000
14720.925000
14771.750000
14822.700000
14873.550000
14924.400000
14975.150000
15025.900000
15076.625000
15127.425000
15178.325000
15229.250000
15280.050000
15330.725000
15381.475000
15432.150000
15482.875000
15533.600000
15584.375000
15635.050000
15685.675000
15736.150000
15786.675000
15837.275000
15887.700000
15938.225000
15988.825000
16039.325000
16090.000000
16140.525000
16191.100000
16241.600000
16292.025000
16342.575000
16393.025000
16443.400000
16493.975000
16544.500000
16595.075000
16645.700000
16696.150000
16746.700000
16797.150000
16847.500000
16898.000000
16948.450000
16998.775000
17049.225000
17099.800000
17150.250000
17200.850000
17251.375000
17301.850000
17352.375000
17402.775000
17453.175000
17503.725000
17554.175000
17604.600000
17655.175000
17705.650000
17756.225000
17806.850000
17857.350000
17907.875000
17958.275000
18008.625000
18059.100000
18109.600000
18159.950000
18210.425000
18260.975001
18311.400001
18362.000001
18412.550001
18463.050001
18513.550001
18563.900001
18614.250001
18664.750001
18715.200001
18765.550001
18816.100001
18866.675001
18917.225001
18967.850001
19018.325001
19068.875001
19119.350001
19169.725001
19220.200001
19270.675001
19321.000001
19371.450001
19422.025001
19472.475001
19523.075001
19573.600001
19624.075001
19674.625001
19725.000001
19775.400001
19825.900001
19876.300001
19926.625001
19977.100001
20027.675001
20078.125001
20128.850001
20179.525001
20230.225001
20280.925001
20331.750001
20382.725001
20433.925001
20485.150001
20536.225001
20587.425001
20638.725001
20690.225001
20741.675001
20793.200001
20845.050001
20896.925001
20948.725001
21000.875001
21052.900001
21105.175001
21157.600001
21209.975001
21262.525001
21315.025001
21367.850001
21420.575001
21473.525001
21526.375001
21579.600001
21632.850001
21686.125001
21739.675001
21793.150001
21846.850001
21900.750001
21954.675001
22008.625001
22062.775001
22117.025001
22171.300001
22225.800001
22280.400001
22335.150001
22390.050001
22445.050001
22500.125001
22555.300001
22610.600001
22666.125001
22721.750001
22777.475001
22833.275001
22889.175001
22945.375001
23001.650001
23058.000001
23114.475001
23171.100001
23227.875001
23284.850001
23341.850001
23399.025001
23456.575001
23514.025001
23571.775001
23629.825001
23687.900001
23746.250001
23804.750001
23863.500001
23922.425001
23981.550001
24041.025001
24100.750001
24160.600001
24220.650001
24280.825001
24341.325001
24402.075001
24463.125001
24524.400001
24585.900001
24647.625001
24709.675001
24772.075001
24834.875001
24897.975001
24961.525001
25025.250001
25089.325001
25153.700001
25218.400001
25283.225001
25348.325001
25413.700001
25479.425001
25545.400001
25611.650001
25678.200001
25745.025001
25812.175001
25879.600001
25947.225001
26015.125001
26083.375001
26152.000001
26220.950001
26290.250001
26359.850001
26429.925001
26500.375001
26571.175001
26642.450001
26714.125001
26786.250001
26858.950001
26932.250001
27006.325001
27081.175001
27156.925001
27233.325001
27310.475001
27388.375001
27467.025001
27546.425001
27626.600001
27707.675001
27789.675001
27872.625001
27956.650001
28041.875001
28128.600001
28217.100001
28307.350001
28399.125001
28492.575001
28587.675001
28684.725001
28783.875001
28885.625001
28990.525001
29099.900001
29215.750001
29344.675001
