100.000000
17.000000
5990.650000
6062.750000
6135.475000
6207.300000
6278.000000
6348.100000
6417.900000
6487.000000
6555.850000
6624.400000
6692.650000
6760.525000
6828.225000
6895.750000
6962.950000
7030.025000
7096.825000
7163.375000
7229.825000
7295.925000
7361.650000
7427.175000
7492.600000
7557.900000
7622.900000
7687.525000
7752.125000
7816.450000
7880.525000
7944.375000
8008.075000
8071.475000
8134.925000
8197.950000
8260.825000
8323.575000
8385.975000
8448.175000
8510.175000
8572.000000
8633.625000
8695.200000
8756.675000
8817.875000
8878.900000
8939.650000
9000.200000
9060.500000
9120.675000
9180.650000
9240.600000
9300.250000
9359.650000
9419.125000
9478.450000
9537.425000
9596.475000
9655.300000
9713.800000
9772.200000
9830.475000
9888.550000
9946.700000
10004.525000
10062.350000
10119.825000
10177.325000
10234.975000
10292.425000
10349.850000
10407.325000
10464.550000
10521.900000
10579.325000
10636.325000
10693.425000
10750.675000
10807.925000
10864.925000
10921.975000
10979.125000
11035.950000
11092.825000
11149.700000
11206.725000
11263.550000
11320.350000
11377.150000
11434.150000
11491.100000
11547.825000
11604.550000
11661.175000
11717.975000
11774.650000
11831.275000
11887.875000
11944.500000
12001.200000
12057.875000
12114.400000
12170.850000
12227.400000
12284.125000
12340.875000
12397.325000
12453.850000
12510.300000
12566.925000
12623.475000
12680.075000
12736.475000
12792.875000
12849.275000
12905.825000
12962.375000
13018.900000
13075.275000
13131.675000
13188.000000
13244.475000
13301.000000
13357.575000
13413.875000
13470.275000
13526.550000
13582.975000
13639.450000
13695.925000
13752.350000
13808.650000
13864.950000
13921.225000
13977.575000
14034.075000
14090.600000
14146.950000
14203.250000
14259.525000
14315.825000
14372.225000
14428.750000
14485.225000
14541.575000
14597.875000
14654.225000
14710.525000
14767.050000
14823.475000
14879.975000
14936.200000
14992.575000
15048.800000
15105.200000
15161.575000
15218.075000
15274.450000
15330.750000
15387.025000
15443.325000
15499.625000
15556.100000
15612.550000
15668.975000
15725.225000
15781.550000
15837.775000
15894.125000
15950.550000
16007.050000
16063.400000
16119.725000
16175.975000
16232.250000
16288.575000
16345.050000
16401.475000
16457.875000
16514.100000
16570.400000
16626.600000
16682.950000
16739.350000
16795.800000
16852.175000
16908.450000
16964.725000
17020.975000
17077.300000
17133.725000
17190.150000
17246.575000
17302.850000
17359.150000
17415.400000
17471.725000
17528.175000
17584.600000
17641.050000
17697.325000
17753.650000
17809.925000
17866.275000
17922.700000
17979.200000
18035.575000
18091.925000
18148.175000
18204.500000
18260.800001
18317.325001
18373.750001
18430.150001
18486.350001
18542.700001
18598.875001
18655.250001
18711.625001
18768.125001
18824.475001
18880.775001
18937.050001
18993.300001
19049.625001
19106.075001
19162.525001
19218.925001
19275.200001
19331.500001
19387.750001
19444.100001
19500.500001
19556.975001
19613.350001
19669.675001
19725.925001
19782.225001
19838.525001
19895.000001
19951.400001
20007.825001
20064.050001
20120.400001
20176.775001
20233.325001
20290.100001
20346.900001
20403.800001
20460.800001
20518.075001
20575.200001
20632.575001
20690.275001
20747.875001
20805.750001
20863.675001
20921.750001
20980.200001
21038.575001
21097.125001
21155.900001
21214.725001
21273.950001
21333.150001
21392.600001
21452.325001
21512.275001
21572.200001
21632.300001
21692.700001
21753.300001
21814.050001
21875.050001
21936.200001
21997.650001
22059.325001
22121.175001
22183.300001
22245.775001
22308.325001
22371.050001
22434.275001
22497.600001
22561.150001
22624.975001
22689.025001
22753.400001
22818.275001
22883.150001
22948.325001
23013.825001
23079.775001
23145.950001
23212.325001
23279.025001
23345.925001
23413.125001
23480.575001
23548.175001
23616.125001
23684.500001
23752.950001
23821.675001
23890.975001
23960.350001
24030.250001
24100.175001
24170.500001
24241.275001
24312.325001
24383.600001
24455.250001
24527.175001
24599.550001
24672.275001
24745.525001
24819.175001
24893.050001
24967.475001
25042.375001
25117.750001
25193.400001
25269.650001
25346.425001
25423.700001
25501.475001
25579.950001
25659.000001
25738.550001
25819.075001
25900.050001
25981.950001
26064.675001
26148.375001
26232.975001
26318.700001
26405.425001
26493.375001
26582.850001
26674.025001
26767.350001
26867.325001
