10.000000
32.000000
8491.450000
8568.275000
8641.225000
8709.850000
8775.400000
8838.525000
8899.825000
8959.650000
9018.725000
9076.800000
9134.550000
9191.625000
9248.275000
9304.725000
9360.900000
9416.800000
9472.375000
9527.700000
9582.800000
9637.675000
9692.425000
9747.025000
9801.425000
9855.525000
9909.400000
9963.350000
10017.175000
10070.600000
10124.050000
10177.300000
10230.525000
10283.550000
10336.400000
10389.350000
10442.175000
10495.000000
10547.450000
10599.750000
10651.925000
10703.800000
10755.425000
10806.900000
10858.075000
10909.050000
10959.900000
11010.675000
11061.325000
11111.950000
11162.450000
11212.700000
11262.775000
11312.675000
11362.450000
11412.025000
11461.300000
11510.400000
11559.425000
11608.225000
11657.025000
11705.600000
11754.025000
11802.475000
11851.000000
11899.175000
11947.350000
11995.625000
12043.525000
12091.575000
12139.525000
12187.300000
12235.100000
12282.725000
12330.350000
12377.825000
12425.075000
12472.425000
12519.575000
12566.825000
12613.825000
12660.875000
12707.925000
12754.925000
12801.925000
12848.625000
12895.550000
12942.150000
12988.800000
13035.450000
13081.925000
13128.600000
13174.975000
13221.275000
13267.875000
13314.000000
13360.300000
13406.825000
13452.925000
13499.100000
13545.575000
13591.700000
13637.800000
13684.175000
13730.375000
13776.400000
13822.650000
13868.925000
13915.050000
13961.175000
14007.375000
14053.500000
14099.725000
14145.900000
14191.900000
14237.950000
14284.275000
14330.375000
14376.325000
14422.450000
14468.600000
14514.675000
14560.875000
14607.025000
14652.925000
14698.875000
14745.125000
14791.325000
14837.300000
14883.350000
14929.500000
14975.425000
15021.475000
15067.800000
15113.725000
15159.675000
15205.700000
15251.775000
15297.725000
15343.825000
15390.075000
15435.950000
15481.900000
15527.900000
15573.900000
15619.800000
15665.750000
15711.950000
15758.000000
15803.950000
15849.900000
15895.900000
15941.750000
15987.575000
16033.525000
16079.575000
16125.375000
16171.250000
16217.450000
16263.450000
16309.350000
16355.325000
16401.300000
16447.125000
16492.950000
16538.825000
16584.775000
16630.525000
16676.325000
16722.225000
16768.150000
16813.875000
16859.675000
16905.575000
16951.475000
16997.225000
17043.025000
17088.875000
17134.825000
17180.575000
17226.325000
17272.225000
17318.150000
17363.875000
17409.675000
17455.550000
17501.450000
17547.200000
17593.000000
17638.850000
17684.775000
17730.525000
17776.300000
17822.175000
17868.100000
17913.825000
17959.625000
18005.500000
18051.400000
18097.175000
18142.975000
18188.825000
18234.750001
18280.500001
18326.275001
18372.150001
18418.075001
18463.800001
18509.600001
18555.500001
18601.400001
18647.150001
18692.950001
18738.800001
18784.725001
18830.500001
18876.250001
18922.125001
18968.075001
19013.800001
19059.600001
19105.475001
19151.375001
19197.150001
19242.950001
19288.775001
19334.725001
19380.475001
19426.250001
19472.125001
19518.050001
19563.800001
19609.575001
19655.475001
19701.375001
19747.125001
19792.925001
19838.775001
19884.725001
19930.475001
19976.250001
20022.125001
20068.050001
20113.800001
20159.650001
20205.625001
20251.650001
20297.625001
20343.800001
20390.200001
20436.225001
20482.575001
20529.150001
20575.450001
20622.025001
20668.700001
20715.275001
20762.150001
20808.800001
20855.750001
20902.625001
20949.650001
20996.800001
21044.000001
21091.350001
21138.625001
21185.950001
21233.400001
21280.800001
21328.600001
21376.225001
21424.050001
21471.950001
21519.775001
21567.950001
21615.975001
21664.100001
21712.475001
21760.775001
21809.175001
21857.850001
21906.625001
21955.300001
22004.050001
22052.825001
22101.850001
22151.050001
22200.150001
22249.375001
22298.675001
22348.100001
22397.650001
22447.275001
22497.050001
22546.925001
22596.925001
22647.025001
22697.175001
22747.425001
22797.850001
22848.425001
22899.050001
22949.925001
23001.000001
23052.200001
23103.500001
23155.050001
23206.800001
23258.425001
23310.325001
23362.575001
23414.800001
23467.500001
23520.200001
23573.275001
23626.300001
23679.750001
23733.325001
23787.050001
23841.200001
23895.550001
23949.975001
24004.600001
24059.475001
24114.575001
24170.000001
24225.650001
24281.600001
24337.700001
24394.150001
24451.000001
24508.075001
24565.350001
24623.125001
24681.125001
24739.550001
24798.250001
24857.375001
24916.750001
24976.350001
25036.325001
25096.750001
25157.500001
25218.475001
25279.675001
25341.100001
25402.675001
25464.375001
25526.300001
25588.450001
25650.975001
25713.625001
25776.400001
25839.500001
25902.825001
25966.375001
26030.250001
26094.300001
26158.550001
26223.200001
26288.025001
26353.200001
26418.750001
26484.600001
26550.725001
26617.250001
26684.150001
26751.425001
26819.125001
26887.225001
26955.925001
27025.225001
27095.325001
27166.250001
27238.125001
27311.125001
27385.250001
27460.325001
27536.325001
27613.125001
27690.700001
27769.075001
27848.125001
27927.950001
28008.700001
28090.375001
28173.025001
28256.900001
28342.000001
28428.550001
28516.975001
28607.850001
28701.575001
28799.100001
28951.050001
29044.975001
29261.525001
29355.725001
29681.325001
30047.275001
30551.100001
31006.700001
31462.825001
31919.200001
32375.475001
32831.225001
33287.225001
33743.575001
34199.900001
34655.675001
