10.000000
8.000000
5000.500000
5095.675000
5187.725000
5277.175000
5364.725000
5450.400000
5534.575000
5617.300000
5698.675000
5779.025000
5858.125000
5936.025000
6012.975000
6088.925000
6164.100000
6238.700000
6312.925000
6386.550000
6459.725000
6532.475000
6604.900000
6676.825000
6748.325000
6819.450000
6890.200000
6960.475000
7030.475000
7099.925000
7169.050000
7237.525000
7305.550000
7373.075000
7439.975000
7506.150000
7571.625000
7636.300000
7700.250000
7763.550000
7826.200000
7888.375000
7950.075000
8011.125000
8071.750000
8131.875000
8191.525000
8250.800000
8309.525000
8367.900000
8425.600000
8483.000000
8540.000000
8596.500000
8652.525000
8708.025000
8763.100000
8817.750000
8871.675000
8925.075000
8978.050000
9030.525000
9082.750000
9134.800000
9186.325000
9237.725000
9289.050000
9340.300000
9391.400000
9442.425000
9493.325000
9544.175000
9594.950000
9645.700000
9696.175000
9746.650000
9796.975000
9847.075000
9897.050000
9946.925000
9996.750000
10046.500000
10096.100000
10145.625000
10195.125000
10244.500000
10293.800000
10343.075000
10392.350000
10441.625000
10490.925000
10540.250000
10589.400000
10638.575000
10687.525000
10736.425000
10785.550000
10834.650000
10883.525000
10932.400000
10981.375000
11030.350000
11079.325000
11128.275000
11177.200000
11226.125000
11274.925000
11323.850000
11372.825000
11421.800000
11470.650000
11519.450000
11568.375000
11617.425000
11666.400000
11715.150000
11763.900000
11812.825000
11861.825000
11910.775000
11959.575000
12008.325000
12057.275000
12106.275000
12155.250000
12204.050000
12252.800000
12301.675000
12350.650000
12399.575000
12448.400000
12497.175000
12546.050000
12595.000000
12643.925000
12692.825000
12741.625000
12790.500000
12839.325000
12888.225000
12937.125000
12985.925000
13034.825000
13083.600000
13132.375000
13181.250000
13230.200000
13279.150000
13327.875000
13376.525000
13425.225000
13474.100000
13523.100000
13571.925000
13620.650000
13669.350000
13718.175000
13766.950000
13815.600000
13864.250000
13913.150000
13962.100000
14010.825000
14059.500000
14108.150000
14156.975000
14205.625000
14254.225000
14302.825000
14351.550000
14400.225000
14448.775000
14497.400000
14546.150000
14594.950000
14643.675000
14692.525000
14741.350000
14790.150000
14838.750000
14887.350000
14935.975000
14984.750000
15033.350000
15081.950000
15130.550000
15179.350000
15228.000000
15276.525000
15325.125000
15373.850000
15422.600000
15471.200000
15519.925000
15568.800000
15617.725000
15666.450000
15715.050000
15763.700000
15812.475000
15861.075000
15909.675000
15958.250000
16007.025000
16055.675000
16104.275000
16152.850000
16201.575000
16250.275000
16298.825000
16347.425000
16396.175000
16445.025000
16493.800000
16542.625000
16591.400000
16640.175000
16688.800000
16737.375000
16785.975000
16834.750000
16883.375000
16931.975000
16980.550000
17029.350000
17078.000000
17126.550000
17175.150000
17223.875000
17272.625000
17321.250000
17370.000000
17418.900000
17467.800000
17516.500000
17565.100000
17613.725000
17662.475000
17711.100000
17759.675000
17808.275000
17857.050000
17905.700000
17954.300000
18002.875000
18051.600000
18100.300000
18148.850000
18197.475000
18246.250001
18295.125001
18343.925001
18392.700001
18441.450001
18490.200001
18538.825001
18587.400001
18636.000001
18684.775001
18733.375001
18781.975001
18830.575001
18879.375001
18928.025001
18976.575001
19025.175001
19073.900001
19122.675001
19171.350001
19220.150001
19269.025001
19317.875001
19366.550001
19415.125001
19463.750001
19512.500001
19561.125001
19609.700001
19658.275001
19707.075001
19755.700001
19804.325001
19852.900001
19901.625001
19950.325001
19998.900001
20047.550001
20096.350001
20145.375001
20194.250001
20243.025001
20291.950001
20341.100001
20390.325001
20439.550001
20488.825001
20538.125001
20587.500001
20636.950001
20686.475001
20736.025001
20785.750001
20835.600001
20885.575001
20935.625001
20985.700001
21035.800001
21085.925001
21136.050001
21186.225001
21236.550001
21287.075001
21337.550001
21388.200001
21438.950001
21489.850001
21540.825001
21591.775001
21642.775001
21693.950001
21745.375001
21796.750001
21848.150001
21899.700001
21951.300001
22002.825001
22054.550001
22106.550001
22158.375001
22210.425001
22262.650001
22314.825001
22367.325001
22419.725001
22472.250001
22524.825001
22577.550001
22630.375001
22683.325001
22736.275001
22789.575001
22842.900001
22896.375001
22949.925001
23003.575001
23057.475001
23111.375001
23165.250001
23219.300001
23273.525001
23327.775001
23382.100001
23436.550001
23491.275001
23546.075001
23601.000001
23656.025001
23711.100001
23766.325001
23821.675001
23877.175001
23932.825001
23988.550001
24044.375001
24100.275001
24156.450001
24212.675001
24269.025001
24325.450001
24382.025001
24438.700001
24495.600001
24552.550001
24609.625001
24666.900001
24724.325001
24781.900001
24839.650001
24897.475001
24955.475001
25013.600001
25071.925001
25130.375001
25188.975001
25247.725001
25306.800001
25365.900001
25425.200001
25484.700001
25544.350001
25604.150001
25664.100001
25724.375001
25784.850001
25845.525001
25906.450001
25967.600001
26028.950001
26090.450001
26152.200001
26214.150001
26276.325001
26338.775001
26401.500001
26464.475001
26527.775001
26591.350001
26655.225001
26719.400001
26783.900001
26848.700001
26913.850001
26979.475001
27045.525001
27111.925001
27178.725001
27245.800001
27313.200001
27380.925001
27448.950001
27517.400001
27586.150001
27655.300001
27724.825001
27794.750001
27865.050001
27935.825001
28007.075001
28078.825001
28151.175001
28224.225001
28297.975001
28372.325001
28447.225001
28522.700001
28598.675001
28675.225001
28752.400001
28830.175001
28908.575001
28987.650001
29067.475001
29148.100001
29229.575001
29312.000001
29395.500001
29480.275001
29566.650001
29655.175001
29746.500001
29841.025001
29939.200001
30041.575001
30147.725001
30255.500001
30364.150001
30473.375001
30583.175001
30693.725001
30805.575001
30920.125001
31045.400001
31609.200001
31718.775001
31840.675001
32369.425001
32479.125001
32601.225001
33130.125001
33239.800001
33361.900001
33890.800001
34000.475001
34122.575001
34651.475001
34761.175001
34883.275001
