10.000000
15.000000
5345.675000
5436.300000
5526.350000
5614.450000
5700.875000
5785.575000
5868.475000
5949.550000
6029.575000
6108.250000
6185.750000
6262.025000
6336.775000
6410.125000
6482.275000
6553.350000
6623.475000
6692.450000
6760.550000
6827.875000
6894.575000
6960.750000
7026.425000
7091.800000
7156.900000
7221.450000
7285.800000
7349.625000
7413.100000
7475.950000
7538.300000
7600.175000
7661.450000
7722.250000
7782.525000
7842.325000
7901.450000
7959.700000
8017.600000
8074.700000
8131.050000
8186.850000
8242.250000
8297.175000
8351.825000
8406.300000
8460.350000
8514.000000
8567.500000
8620.475000
8673.225000
8725.500000
8777.625000
8829.650000
8881.425000
8933.100000
8984.650000
9035.900000
9087.075000
9138.175000
9189.175000
9240.025000
9290.650000
9341.175000
9391.450000
9441.475000
9491.325000
9541.050000
9590.550000
9639.875000
9688.900000
9737.675000
9786.325000
9835.100000
9883.700000
9932.100000
9980.425000
10028.875000
10076.925000
10125.000000
10173.200000
10221.075000
10269.100000
10317.125000
10364.975000
10412.900000
10460.725000
10508.375000
10556.250000
10603.950000
10651.575000
10699.000000
10746.625000
10794.125000
10841.475000
10888.675000
10935.825000
10982.975000
11030.100000
11077.050000
11124.050000
11170.750000
11217.650000
11264.125000
11310.750000
11357.400000
11403.900000
11450.400000
11496.875000
11543.175000
11589.725000
11636.025000
11682.350000
11728.900000
11775.050000
11821.325000
11867.825000
11913.925000
11960.150000
12006.625000
12052.750000
12098.850000
12145.275000
12191.500000
12237.600000
12283.875000
12330.175000
12376.275000
12422.500000
12468.775000
12514.975000
12561.125000
12607.375000
12653.575000
12699.825000
12745.975000
12792.100000
12838.325000
12884.650000
12930.650000
12976.700000
13023.050000
13069.225000
13115.275000
13161.450000
13207.725000
13253.950000
13300.075000
13346.250000
13392.475000
13438.700000
13484.875000
13530.900000
13577.125000
13623.450000
13669.475000
13715.550000
13761.850000
13808.050000
13854.175000
13900.350000
13946.600000
13992.800000
14038.900000
14085.125000
14131.275000
14177.525000
14223.700000
14269.750000
14315.950000
14362.300000
14408.300000
14454.400000
14500.700000
14546.925000
14593.000000
14639.125000
14685.375000
14731.600000
14777.750000
14823.900000
14870.050000
14916.350000
14962.550000
15008.525000
15054.725000
15101.075000
15147.125000
15193.175000
15239.425000
15285.675000
15331.800000
15377.950000
15424.150000
15470.375000
15516.625000
15562.775000
15608.825000
15655.150000
15701.375000
15747.375000
15793.475000
15839.850000
15885.950000
15932.025000
15978.250000
16024.525000
16070.650000
16116.850000
16163.050000
16209.250000
16255.475000
16301.600000
16347.675000
16393.950000
16440.225000
16486.200000
16532.325000
16578.700000
16624.800000
16670.850000
16717.125000
16763.350000
16809.525000
16855.675000
16901.850000
16948.025000
16994.275000
17040.450000
17086.450000
17132.700000
17179.075000
17225.050000
17271.100000
17317.475000
17363.625000
17409.700000
17455.875000
17502.125000
17548.300000
17594.475000
17640.675000
17686.800000
17733.075000
17779.325000
17825.325000
17871.500000
17917.875000
17963.850000
18009.925000
18056.250000
18102.450000
18148.525000
18194.725000
18240.975001
18287.150001
18333.300001
18379.550001
18425.675001
18471.950001
18518.150001
18564.100001
18610.275001
18656.675001
18702.700001
18748.725001
18795.025001
18841.300001
18887.375001
18933.500001
18979.775001
19025.975001
19072.175001
19118.350001
19164.400001
19210.675001
19256.950001
19302.950001
19349.025001
19395.400001
19441.550001
19487.575001
19533.800001
19580.075001
19626.200001
19672.350001
19718.575001
19764.750001
19810.975001
19857.175001
19903.225001
19949.475001
19995.750001
20041.800001
20087.900001
20134.300001
20180.475001
20226.650001
20273.175001
20319.500001
20366.000001
20412.650001
20459.175001
20505.925001
20552.600001
20599.350001
20646.300001
20693.125001
20740.150001
20787.075001
20834.325001
20881.425001
20928.850001
20976.000001
21023.425001
21070.675001
21118.150001
21165.525001
21213.175001
21260.875001
21308.425001
21356.350001
21404.150001
21452.100001
21500.100001
21548.100001
21596.300001
21644.500001
21692.700001
21741.125001
21789.650001
21838.125001
21886.650001
21935.400001
21984.250001
22033.000001
22081.800001
22130.575001
22179.650001
22228.875001
22277.950001
22327.100001
22376.375001
22425.725001
22475.175001
22524.700001
22574.400001
22624.225001
22674.125001
22724.100001
22774.175001
22824.375001
22874.625001
22924.875001
22975.175001
23025.625001
23076.200001
23126.825001
23177.625001
23228.625001
23279.725001
23330.725001
23381.850001
23433.125001
23484.550001
23535.925001
23587.425001
23639.025001
23690.825001
23742.700001
23794.675001
23846.750001
23898.825001
23951.150001
24003.475001
24056.025001
24108.525001
24161.150001
24213.825001
24266.725001
24319.625001
24372.800001
24426.025001
24479.450001
24532.900001
24586.450001
24640.200001
24694.050001
24748.025001
24802.225001
24856.600001
24910.950001
24965.400001
25020.050001
25074.900001
25129.925001
25185.100001
25240.400001
25295.825001
25351.425001
25407.200001
25463.150001
25519.275001
25575.550001
25632.025001
25688.675001
25745.625001
25802.700001
25860.025001
25917.725001
25975.625001
26033.925001
26092.575001
26151.600001
26211.025001
26270.900001
26331.300001
26392.200001
26453.500001
26515.200001
26577.300001
26639.875001
26702.700001
26765.850001
26829.350001
26892.975001
26956.975001
27021.125001
27085.625001
27150.400001
27215.375001
27280.650001
27346.250001
27412.200001
27478.400001
27544.950001
27611.825001
27679.025001
27746.525001
27814.350001
27882.525001
27951.125001
28020.025001
28089.350001
28159.100001
28229.300001
28299.925001
28371.000001
28442.675001
28514.875001
28587.675001
28661.125001
28735.350001
28810.275001
28885.800001
28961.900001
29038.500001
29115.650001
29193.350001
29271.625001
29350.500001
29430.025001
29510.175001
29591.025001
29672.575001
29754.875001
29838.000001
29922.000001
30006.925001
30092.875001
30179.225001
30266.000001
30353.200001
30440.675001
30528.300001
30616.000001
30703.775001
30791.600001
30879.475001
30967.350001
31055.300001
31143.250001
31231.225001
31319.225001
31407.250001
31495.300001
31583.375001
31671.450001
31759.550001
31847.675001
31935.800001
32023.950001
32112.125001
32200.300001
32288.500001
32376.725001
32464.975001
32553.225001
32641.500001
32729.800001
32818.125001
32906.475001
32994.900001
33083.350001
33171.900001
33260.525001
33349.325001
33438.400001
33528.025001
33618.500001
33709.750001
33801.400001
33893.175001
33985.025001
34076.900001
34168.750001
34260.650001
34352.525001
34444.400001
34536.300001
34628.200001
34720.075001
34811.975001
34903.850001
34995.750001
