100.000000
15.000000
5949.675000
6022.200000
6096.100000
6169.200000
6241.550000
6313.300000
6384.575000
6455.200000
6525.425000
6595.400000
6664.825000
6734.050000
6802.850000
6871.200000
6939.350000
7007.375000
7074.925000
7142.275000
7209.350000
7276.125000
7342.725000
7409.075000
7475.200000
7541.225000
7607.075000
7672.475000
7737.575000
7802.625000
7867.650000
7932.225000
7996.775000
8061.000000
8125.000000
8188.800000
8252.500000
8315.950000
8379.500000
8442.600000
8505.550000
8568.400000
8630.850000
8693.100000
8755.275000
8817.450000
8879.450000
8941.150000
9002.600000
9063.800000
9124.850000
9185.800000
9246.675000
9307.475000
9368.025000
9428.325000
9488.450000
9548.375000
9608.175000
9667.975000
9727.425000
9786.775000
9846.200000
9905.300000
9964.125000
10023.100000
10081.775000
10140.475000
10198.900000
10257.700000
10316.375000
10374.900000
10433.400000
10491.925000
10550.525000
10609.075000
10667.875000
10726.250000
10784.875000
10843.225000
10901.850000
10960.325000
11019.050000
11077.550000
11136.000000
11194.500000
11252.875000
11311.350000
11369.800000
11428.450000
11486.950000
11545.675000
11604.075000
11662.675000
11720.975000
11779.675000
11838.125000
11896.800000
11955.350000
12013.775000
12072.225000
12130.650000
12189.100000
12247.500000
12306.100000
12364.575000
12423.325000
12481.750000
12540.325000
12598.625000
12657.275000
12715.625000
12774.250000
12832.825000
12891.450000
12949.900000
13008.300000
13066.825000
13125.200000
13183.725000
13242.250000
13300.950000
13359.425000
13418.075000
13476.350000
13534.975000
13593.300000
13651.925000
13710.400000
13769.100000
13827.575000
13886.000000
13944.500000
14002.875000
14061.325000
14119.750000
14178.375000
14236.850000
14295.600000
14354.025000
14412.600000
14470.900000
14529.600000
14588.000000
14646.675000
14705.250000
14763.725000
14822.175000
14880.600000
14939.025000
14997.425000
15056.000000
15114.425000
15173.150000
15231.650000
15290.250000
15348.550000
15407.200000
15465.525000
15524.125000
15582.650000
15641.350000
15699.800000
15758.250000
15816.750000
15875.125000
15933.625000
15992.100000
16050.750000
16109.275000
16167.975000
16226.275000
16284.900000
16343.225000
16401.825000
16460.250000
16518.950000
16577.450000
16635.950000
16694.425000
16752.825000
16811.275000
16869.700000
16928.250000
16986.700000
17045.450000
17103.925000
17162.525000
17220.825000
17279.500000
17337.850000
17396.500000
17455.100000
17513.650000
17572.125000
17630.550000
17688.975000
17747.375000
17805.925000
17864.300000
17922.975000
17981.525000
18040.175000
18098.500000
18157.125000
18215.425000
18274.025001
18332.500001
18391.200001
18449.700001
18508.175001
18566.700001
18625.075001
18683.550001
18742.000001
18800.600001
18859.125001
18917.875001
18976.225001
19034.825001
19093.150001
19151.725001
19210.100001
19268.775001
19327.300001
19385.875001
19444.375001
19502.775001
19561.200001
19619.625001
19678.150001
19736.550001
19795.275001
19853.825001
19912.450001
19970.775001
20029.425001
20087.750001
20146.475001
20205.275001
20264.000001
20323.125001
20382.150001
20441.450001
20500.950001
20560.450001
20620.175001
20680.200001
20740.250001
20800.275001
20860.475001
20920.825001
20981.375001
21042.175001
21102.975001
21163.900001
21225.025001
21286.250001
21347.725001
21409.375001
21471.100001
21533.125001
21595.450001
21657.925001
21720.475001
21783.175001
21846.175001
21909.200001
21972.550001
22035.975001
22099.600001
22163.550001
22227.575001
22291.825001
22356.425001
22421.000001
22485.900001
22551.100001
22616.400001
22681.850001
22747.550001
22813.575001
22879.950001
22946.550001
23013.375001
23080.400001
23147.500001
23214.825001
23282.500001
23350.450001
23418.800001
23487.200001
23555.950001
23624.950001
23694.200001
23763.775001
23833.575001
23903.750001
23974.350001
24045.325001
24116.475001
24187.825001
24259.575001
24331.750001
24404.225001
24477.050001
24550.425001
24624.250001
24698.400001
24773.050001
24848.125001
24923.750001
24999.675001
25076.200001
25153.300001
25231.100001
25309.425001
25388.300001
25468.050001
25548.300001
25629.350001
25710.950001
25793.450001
25876.700001
25960.900001
26046.325001
26132.775001
26220.575001
26309.750001
26400.525001
26493.825001
26590.950001
