100.000000
9.000000
5864.700000
5943.350000
6024.800000
6106.525000
6187.800000
6269.000000
6349.475000
6429.800000
6509.375000
6588.325000
6666.900000
6744.975000
6822.475000
6899.425000
6976.025000
7052.275000
7127.900000
7203.050000
7277.725000
7352.200000
7426.150000
7499.625000
7572.900000
7645.850000
7718.375000
7790.450000
7862.175000
7933.450000
8004.350000
8074.950000
8145.425000
8215.300000
8285.100000
8354.375000
8423.500000
8492.250000
8560.700000
8629.050000
8696.900000
8764.325000
8831.550000
8898.375000
8964.825000
9031.075000
9096.975000
9162.525000
9227.575000
9292.450000
9357.250000
9421.500000
9485.750000
9549.625000
9613.425000
9676.825000
9740.225000
9803.225000
9866.175000
9929.125000
9991.600000
10053.900000
10116.075000
10178.525000
10240.900000
10302.975000
10365.000000
10427.025000
10489.175000
10551.300000
10613.425000
10675.450000
10737.375000
10799.325000
10861.425000
10923.500000
10985.575000
11047.525000
11109.425000
11171.275000
11233.225000
11295.300000
11357.450000
11419.350000
11481.225000
11543.075000
11605.000000
11667.025000
11729.025000
11790.975000
11852.775000
11914.525000
11976.275000
12037.975000
12099.750000
12161.550000
12223.425000
12285.300000
12347.075000
12408.675000
12470.400000
12532.050000
12593.725000
12655.500000
12717.325000
12779.175000
12840.950000
12902.600000
12964.075000
13025.650000
13087.250000
13148.650000
13210.125000
13271.700000
13333.275000
13394.875000
13456.575000
13518.200000
13579.850000
13641.425000
13702.800000
13764.100000
13825.475000
13886.875000
13948.325000
14009.625000
14070.875000
14132.150000
14193.450000
14254.875000
14316.350000
14377.650000
14438.925000
14500.200000
14561.525000
14623.025000
14684.550000
14745.900000
14807.325000
14868.775000
14930.250000
14991.575000
15052.750000
15113.925000
15175.125000
15236.275000
15297.475000
15358.650000
15419.925000
15481.250000
15542.650000
15603.950000
15665.100000
15726.250000
15787.400000
15848.525000
15909.675000
15970.825000
16032.000000
16093.150000
16154.350000
16215.450000
16276.550000
16337.675000
16398.775000
16459.925000
16521.050000
16582.250000
16643.450000
16704.750000
16766.100000
16827.425000
16888.675000
16949.900000
17011.075000
17072.300000
17133.525000
17194.825000
17256.250000
17317.775000
17379.175000
17440.450000
17501.750000
17563.150000
17624.550000
17685.875000
17747.100000
17808.275000
17869.500000
17930.675000
17991.925000
18053.075000
18114.225000
18175.425000
18236.625001
18297.950001
18359.275001
18420.550001
18481.775001
18542.950001
18604.150001
18665.250001
18726.350001
18787.500001
18848.600001
18909.725001
18970.850001
19032.025001
19093.175001
19154.375001
19215.475001
19276.575001
19337.700001
19398.800001
19459.950001
19521.075001
19582.275001
19643.475001
19704.800001
19766.150001
19827.475001
19888.700001
19949.925001
20011.100001
20072.325001
20133.650001
20195.325001
20257.175001
20319.050001
20381.025001
20443.125001
20505.450001
20568.050001
20630.650001
20693.450001
20756.700001
20819.925001
20883.400001
20947.050001
21010.900001
21074.975001
21139.300001
21203.850001
21268.850001
21334.100001
21399.450001
21465.050001
21530.900001
21597.075001
21663.575001
21730.425001
21797.450001
21864.825001
21932.650001
22000.950001
22069.450001
22138.125001
22207.475001
22276.775001
22346.650001
22416.775001
22487.075001
22557.950001
22629.150001
22700.500001
22772.175001
22844.225001
22916.600001
22989.325001
23062.575001
23136.075001
23209.900001
23284.350001
23359.125001
23434.525001
23510.075001
23586.175001
23662.875001
23740.025001
23817.800001
23896.100001
23974.875001
24054.175001
24134.250001
24214.900001
24296.450001
24378.650001
24461.550001
24545.450001
24630.300001
24715.825001
24802.625001
24890.500001
24979.775001
25070.600001
25162.925001
25257.550001
25354.625001
25458.525001
