1.000000
35.000000
10260.600000
10331.450000
10401.075000
10468.125000
10532.850000
10596.475000
10658.725000
10720.275000
10781.325000
10841.975000
10902.350000
10962.475000
11022.100000
11081.575000
11141.175000
11200.400000
11259.325000
11318.400000
11376.850000
11435.575000
11493.950000
11552.325000
11610.300000
11668.450000
11726.075000
11783.750000
11841.425000
11898.625000
11956.050000
12013.450000
12070.575000
12127.650000
12184.825000
12241.800000
12298.575000
12355.525000
12412.525000
12469.375000
12526.125000
12582.975000
12640.000000
12696.875000
12753.675000
12810.500000
12867.625000
12924.550000
12981.325000
13038.125000
13095.150000
13152.125000
13208.875000
13265.575000
13322.350000
13379.300000
13435.975000
13492.725000
13549.425000
13606.500000
13663.400000
13720.175000
13776.900000
13833.750000
13890.700000
13947.350000
14004.075000
14060.775000
14117.800000
14174.600000
14231.350000
14288.100000
14345.100000
14402.050000
14458.750000
14515.400000
14572.150000
14629.100000
14685.825000
14742.600000
14799.300000
14856.375000
14913.325000
14970.100000
15026.800000
15083.575000
15140.450000
15197.150000
15253.875000
15310.575000
15367.675000
15424.525000
15481.300000
15538.050000
15595.000000
15651.925000
15708.600000
15765.225000
15821.975000
15878.950000
15935.750000
15992.525000
16049.250000
16106.275000
16163.250000
16220.025000
16276.700000
16333.425000
16390.300000
16447.050000
16503.775000
16560.500000
16617.600000
16674.500000
16731.275000
16788.000000
16844.925000
16901.850000
16958.500000
17015.150000
17071.875000
17128.875000
17185.700000
17242.500000
17299.225000
17356.225000
17413.225000
17470.000000
17526.625000
17583.375000
17640.250000
17697.000000
17753.725000
17810.475000
17867.575000
17924.475000
17981.250000
18038.000000
18094.900000
18151.800000
18208.450000
18265.100001
18321.825001
18378.850001
18435.700001
18492.500001
18549.200001
18606.200001
18663.200001
18719.975001
18776.600001
18833.350001
18890.225001
18947.000001
19003.725001
19060.475001
19117.575001
19174.475001
19231.250001
19288.000001
19344.900001
19401.775001
19458.425001
19515.075001
19571.800001
19628.850001
19685.675001
19742.500001
19799.200001
19856.200001
19913.200001
19969.975001
20026.600001
20083.350001
20140.300001
20197.150001
20254.125001
20311.250001
20368.750001
20426.175001
20483.825001
20541.675001
20599.525001
20657.875001
20716.150001
20774.725001
20833.275001
20892.050001
20951.150001
21010.125001
21069.475001
21129.175001
21188.725001
21248.475001
21308.475001
21368.925001
21429.625001
21490.400001
21551.325001
21612.450001
21673.750001
21735.350001
21797.100001
21858.925001
21921.000001
21983.325001
22046.025001
22108.725001
22171.775001
22235.325001
22298.750001
22362.700001
22426.550001
22491.100001
22555.775001
22620.600001
22685.875001
22751.425001
22817.300001
22883.400001
22949.725001
23016.500001
23083.550001
23151.125001
23219.150001
23287.300001
23356.000001
23425.150001
23494.700001
23564.700001
23635.525001
23706.875001
23778.625001
23851.100001
23924.275001
23998.100001
24072.650001
24148.075001
24224.525001
24301.775001
24380.175001
24459.425001
24539.725001
24621.500001
24704.825001
24789.800001
24876.975001
24967.025001
25062.225001
25220.825001
25308.525001
25506.250001
25596.200001
25880.625001
26130.575001
