10.000000
5.000000
4818.650000
4923.175000
5032.450000
5141.200000
5247.825000
5351.900000
5453.600000
5553.225000
5651.000000
5747.125000
5841.625000
5934.725000
6026.325000
6116.775000
6206.250000
6294.625000
6381.900000
6468.325000
6553.750000
6638.300000
6722.125000
6805.075000
6887.275000
6968.900000
7049.675000
7129.950000
7209.400000
7288.125000
7366.350000
7443.925000
7520.850000
7597.175000
7673.050000
7748.275000
7823.075000
7897.175000
7970.600000
8043.425000
8115.575000
8187.075000
8257.900000
8327.450000
8395.575000
8461.750000
8526.300000
8589.900000
8652.450000
8714.025000
8774.825000
8834.950000
8894.175000
8952.600000
9010.350000
9067.775000
9124.475000
9180.650000
9236.200000
9291.425000
9346.175000
9400.450000
9454.175000
9507.525000
9560.425000
9613.025000
9665.050000
9716.800000
9768.200000
9819.325000
9870.325000
9921.150000
9971.950000
10022.600000
10073.250000
10123.700000
10174.150000
10224.625000
10274.925000
10325.150000
10375.400000
10425.725000
10476.025000
10526.200000
10576.250000
10626.275000
10676.250000
10726.225000
10776.175000
10826.100000
10876.050000
10925.975000
10975.925000
11025.875000
11075.850000
11125.800000
11175.750000
11225.700000
11275.625000
11325.525000
11375.400000
11425.175000
11474.925000
11524.750000
11574.625000
11624.550000
11674.500000
11724.475000
11774.450000
11824.425000
11874.425000
11924.400000
11974.400000
12024.400000
12074.400000
12124.375000
12174.375000
12224.375000
12274.375000
12324.375000
12374.375000
12424.375000
12474.375000
12524.350000
12574.350000
12624.350000
12674.350000
12724.350000
12774.350000
12824.350000
12874.350000
12924.350000
12974.350000
13024.350000
13074.350000
13124.350000
13174.350000
13224.350000
13274.350000
13324.350000
13374.350000
13424.350000
13474.350000
13524.350000
13574.350000
13624.350000
13674.350000
13724.350000
13774.350000
13824.350000
13874.350000
13924.350000
13974.350000
14024.350000
14074.350000
14124.350000
14174.350000
14224.350000
14274.350000
14324.350000
14374.350000
14424.350000
14474.350000
14524.350000
14574.350000
14624.350000
14674.350000
14724.350000
14774.350000
14824.350000
14874.350000
14924.350000
14974.350000
15024.350000
15074.350000
15124.350000
15174.350000
15224.350000
15274.350000
15324.350000
15374.350000
15424.350000
15474.350000
15524.350000
15574.350000
15624.350000
15674.350000
15724.350000
15774.350000
15824.350000
15874.350000
15924.350000
15974.350000
16024.350000
16074.350000
16124.350000
16174.350000
16224.350000
16274.350000
16324.350000
16374.350000
16424.350000
16474.350000
16524.350000
16574.350000
16624.350000
16674.350000
16724.350000
16774.350000
16824.350000
16874.350000
16924.350000
16974.350000
17024.350000
17074.350000
17124.350000
17174.350000
17224.350000
17274.350000
17324.350000
17374.350000
17424.350000
17474.350000
17524.350000
17574.350000
17624.350000
17674.350000
17724.350000
17774.350000
17824.350000
17874.350000
17924.350000
17974.350000
18024.350000
18074.350000
18124.350000
18174.350000
18224.350000
18274.350001
18324.350001
18374.350001
18424.350001
18474.350001
18524.350001
18574.350001
18624.350001
18674.350001
18724.350001
18774.350001
18824.350001
18874.350001
18924.350001
18974.350001
19024.350001
19074.350001
19124.350001
19174.350001
19224.350001
19274.350001
19324.350001
19374.350001
19424.350001
19474.350001
19524.350001
19574.350001
19624.350001
19674.350001
19724.350001
19774.350001
19824.350001
19874.350001
19924.350001
19974.350001
20024.350001
20074.350001
20124.375001
20174.475001
20224.600001
20274.725001
20324.850001
20375.025001
20425.250001
20475.675001
20526.200001
20576.650001
20627.350001
20678.225001
20729.175001
20780.125001
20831.150001
20882.250001
20933.400001
20984.700001
21035.925001
21087.300001
21138.775001
21190.400001
21242.025001
21293.875001
21345.875001
21397.750001
21449.875001
21502.075001
21554.350001
21606.775001
21659.150001
21711.875001
21764.500001
21817.500001
21870.350001
21923.400001
21976.275001
22029.500001
22082.725001
22136.025001
22189.550001
22243.050001
22296.750001
22350.625001
22404.500001
22458.350001
22512.475001
22566.625001
22620.775001
22675.100001
22729.725001
22784.475001
22839.175001
22894.075001
22949.000001
23004.100001
23059.275001
23114.650001
23170.225001
23225.875001
23281.650001
23337.425001
23393.350001
23449.500001
23505.825001
23562.275001
23618.850001
23675.575001
23732.425001
23789.500001
23846.725001
23904.000001
23961.400001
24019.025001
24076.700001
24134.675001
24192.700001
24251.025001
24309.400001
24368.025001
24426.650001
24485.625001
24544.800001
24604.075001
24663.550001
24723.300001
24783.175001
24843.150001
24903.425001
24963.900001
25024.625001
25085.600001
25146.825001
25208.225001
25269.850001
25331.775001
25394.000001
25456.625001
25519.350001
25582.300001
25645.600001
25709.050001
25772.825001
25836.750001
25901.000001
25965.325001
26030.000001
26094.950001
26160.025001
26225.350001
26291.050001
26357.000001
26423.200001
26489.675001
26556.500001
26623.525001
26690.850001
26758.450001
26826.300001
26894.525001
26963.125001
27032.025001
27101.325001
27170.900001
27240.975001
27311.450001
27382.325001
27453.675001
27525.525001
27597.900001
27670.850001
27744.450001
27818.825001
27894.075001
27970.300001
28047.700001
28126.150001
28205.525001
28285.775001
28366.775001
28448.500001
28531.050001
28614.375001
28698.575001
28783.650001
28869.700001
28956.775001
29044.925001
29134.300001
29224.950001
29317.050001
29410.850001
29506.700001
29605.175001
29706.875001
29812.400001
29923.400001
30514.575001
30626.750001
30752.750001
31306.825001
31418.925001
31544.600001
32098.575001
32210.675001
32336.350001
32890.325001
33002.425001
33128.100001
33682.100001
33794.175001
33919.850001
34473.850001
34585.925001
34711.600001
