10.000000
22.000000
5991.825000
6077.500000
6160.975000
6241.025000
6317.700000
6391.000000
6461.425000
6529.925000
6596.850000
6662.525000
6727.125000
6791.225000
6854.300000
6916.600000
6978.025000
7038.725000
7098.700000
7158.225000
7217.450000
7276.150000
7334.625000
7392.725000
7450.700000
7508.350000
7565.750000
7623.200000
7680.325000
7737.175000
7793.925000
7850.575000
7907.025000
7963.125000
8019.025000
8074.600000
8129.975000
8185.050000
8239.875000
8294.375000
8348.475000
8402.475000
8456.250000
8509.575000
8562.650000
8615.275000
8667.875000
8719.950000
8771.850000
8823.400000
8874.525000
8925.250000
8975.750000
9026.000000
9075.975000
9125.700000
9175.175000
9224.500000
9273.675000
9322.600000
9371.275000
9419.925000
9468.550000
9516.975000
9565.050000
9613.150000
9661.000000
9708.475000
9755.975000
9803.100000
9850.150000
9896.925000
9943.425000
9989.975000
10036.000000
10081.900000
10127.725000
10173.475000
10219.075000
10264.550000
10309.975000
10355.375000
10400.825000
10446.175000
10491.450000
10536.575000
10581.825000
10626.975000
10672.250000
10717.600000
10762.850000
10808.025000
10853.100000
10898.250000
10943.325000
10988.525000
11033.725000
11079.025000
11124.150000
11169.300000
11214.325000
11259.475000
11304.550000
11349.700000
11394.875000
11440.125000
11485.250000
11530.375000
11575.375000
11620.475000
11665.500000
11710.625000
11755.775000
11800.975000
11846.075000
11891.225000
11936.175000
11981.250000
12026.300000
12071.275000
12116.450000
12161.500000
12206.725000
12251.725000
12296.825000
12341.825000
12386.825000
12431.875000
12476.800000
12521.925000
12567.025000
12612.175000
12657.225000
12702.275000
12747.250000
12792.250000
12837.275000
12882.175000
12927.200000
12972.275000
13017.400000
13062.500000
13107.525000
13152.525000
13197.400000
13242.400000
13287.350000
13332.225000
13377.200000
13422.225000
13467.300000
13512.350000
13557.325000
13602.300000
13647.200000
13692.075000
13737.000000
13781.900000
13826.700000
13871.650000
13916.675000
13961.575000
14006.700000
14051.550000
14096.500000
14141.475000
14186.225000
14231.075000
14276.025000
14320.825000
14365.675000
14410.625000
14455.575000
14500.525000
14545.575000
14590.475000
14635.425000
14680.350000
14725.125000
14770.000000
14814.925000
14859.725000
14904.600000
14949.550000
14994.500000
15039.400000
15084.475000
15129.375000
15174.300000
15219.250000
15263.975000
15308.775000
15353.775000
15398.550000
15443.350000
15488.275000
15533.225000
15578.125000
15623.175000
15668.125000
15713.050000
15758.000000
15802.800000
15847.600000
15892.550000
15937.400000
15982.200000
16027.075000
16072.050000
16116.975000
16161.975000
16206.975000
16251.850000
16296.800000
16341.650000
16386.400000
16431.325000
16476.200000
16520.950000
16565.850000
16610.825000
16655.700000
16700.675000
16745.700000
16790.600000
16835.550000
16880.425000
16925.200000
16970.075000
17015.000000
17059.775000
17104.675000
17149.625000
17194.525000
17239.475000
17284.525000
17329.450000
17374.375000
17419.275000
17464.000000
17508.825000
17553.825000
17598.575000
17643.375000
17688.325000
17733.275000
17778.175000
17823.225000
17868.150000
17913.075000
17958.025000
18002.800000
18047.625000
18092.575000
18137.425000
18182.200000
18227.100001
18272.075001
18317.000001
18362.025001
18406.975001
18451.875001
18496.825001
18541.675001
18586.425001
18631.350001
18676.225001
18720.975001
18765.875001
18810.850001
18855.700001
18900.700001
18945.725001
18990.600001
19035.550001
19080.450001
19125.200001
19170.100001
19215.025001
19259.800001
19304.700001
19349.650001
19394.550001
19439.475001
19484.550001
19529.450001
19574.375001
19619.300001
19664.025001
19708.850001
19753.825001
19798.600001
19843.400001
19888.350001
19933.275001
19978.200001
20023.250001
20068.150001
20113.100001
20158.075001
20202.975001
20248.000001
20293.075001
20338.200001
20383.450001
20428.850001
20474.125001
20519.450001
20564.825001
20610.300001
20655.925001
20701.500001
20747.075001
20792.725001
20838.500001
20884.450001
20930.275001
20976.125001
21022.125001
21068.175001
21114.100001
21160.275001
21206.700001
21252.850001
21299.150001
21345.725001
21392.150001
21438.725001
21485.425001
21532.075001
21578.975001
21625.700001
21672.750001
21719.650001
21766.700001
21813.700001
21860.875001
21908.075001
21955.400001
22002.675001
22050.100001
22097.500001
22145.225001
22192.850001
22240.625001
22288.400001
22336.200001
22384.250001
22432.175001
22480.275001
22528.550001
22576.650001
22624.900001
22673.350001
22721.750001
22770.275001
22818.975001
22867.775001
22916.475001
22965.175001
23013.950001
23062.950001
23112.075001
23161.125001
23210.225001
23259.475001
23308.675001
23358.075001
23407.600001
23457.200001
23506.850001
23556.575001
23606.400001
23656.300001
23706.300001
23756.375001
23806.525001
23856.725001
23906.925001
23957.175001
24007.550001
24058.000001
24108.400001
24158.925001
24209.575001
24260.250001
24311.050001
24362.000001
24413.025001
24464.000001
24515.075001
24566.325001
24617.700001
24669.100001
24720.525001
24772.075001
24823.700001
24875.350001
24927.150001
24979.175001
25031.100001
25083.200001
25135.400001
25187.650001
25240.050001
25292.500001
25345.150001
25397.800001
25450.625001
25503.500001
25556.575001
25609.575001
25662.725001
25715.975001
25769.350001
25822.875001
25876.400001
25930.125001
25984.000001
26037.900001
26091.925001
26146.075001
26200.350001
26254.750001
26309.300001
26363.925001
26418.750001
26473.725001
26528.875001
26584.125001
26639.575001
26695.225001
26751.025001
26807.000001
26863.150001
26919.525001
26976.125001
27032.975001
27090.075001
27147.325001
27204.850001
27262.600001
27320.500001
27378.675001
27437.025001
27495.650001
27554.425001
27613.475001
27672.850001
27732.450001
27792.350001
27852.550001
27913.025001
27973.800001
28034.850001
28096.175001
28157.825001
28219.725001
28281.950001
28344.500001
28407.500001
28470.875001
28534.800001
28599.300001
28664.600001
28730.725001
28797.650001
28865.275001
28933.500001
29002.250001
29071.450001
29141.150001
29211.250001
29281.850001
29352.950001
29424.600001
29496.825001
29569.700001
29643.225001
29717.525001
29792.625001
29868.650001
29945.600001
30023.375001
30101.900001
30180.600001
30259.425001
30338.375001
30417.375001
30496.475001
30575.600001
30654.775001
30734.000001
30813.250001
30892.525001
30971.825001
31051.125001
31130.475001
31209.825001
31289.200001
31368.600001
31447.975001
31527.400001
31606.800001
31686.225001
31765.675001
31845.100001
31924.550001
32004.000001
32083.475001
32162.925001
32242.400001
32321.875001
32401.350001
32480.850001
32560.325001
32639.825001
32719.325001
32798.825001
32878.325001
32957.825001
33037.325001
33116.850001
33196.350001
33275.875001
33355.400001
33434.925001
33514.450001
33593.975001
33673.500001
33753.025001
33832.550001
33912.100001
33991.625001
34071.175001
34150.700001
34230.250001
34309.775001
34389.325001
34468.875001
34548.425001
34627.975001
34707.525001
34787.075001
34866.625001
34946.175001
