10.000000
36.000000
10870.600000
10946.650000
11024.850000
11101.475000
11176.100000
11248.825000
11320.350000
11390.775000
11459.625000
11527.525000
11594.750000
11661.100000
11726.700000
11792.100000
11857.125000
11921.200000
11985.325000
12048.625000
12111.700000
12174.575000
12236.850000
12298.775000
12360.500000
12422.125000
12483.425000
12544.650000
12605.725000
12666.725000
12727.550000
12788.350000
12849.100000
12909.800000
12970.500000
13031.225000
13092.050000
13152.725000
13213.475000
13274.300000
13335.175000
13395.950000
13456.725000
13517.475000
13578.075000
13638.600000
13699.025000
13759.575000
13820.150000
13880.800000
13941.525000
14002.225000
14063.050000
14123.775000
14184.500000
14245.175000
14305.825000
14366.400000
14426.775000
14487.300000
14547.850000
14608.450000
14669.175000
14730.000000
14790.825000
14851.550000
14912.250000
14972.875000
15033.450000
15094.000000
15154.600000
15215.100000
15275.650000
15336.225000
15396.925000
15457.725000
15518.600000
15579.450000
15640.100000
15700.750000
15761.325000
15821.825000
15882.350000
15942.925000
16003.475000
16064.050000
16124.750000
16185.500000
16246.325000
16307.100000
16367.875000
16428.525000
16489.075000
16549.575000
16610.050000
16670.600000
16731.175000
16791.875000
16852.525000
16913.275000
16974.075000
17034.825000
17095.550000
17156.225000
17216.925000
17277.400000
17337.875000
17398.400000
17458.900000
17519.575000
17580.325000
17641.100000
17701.875000
17762.600000
17823.300000
17883.925000
17944.550000
18005.125000
18065.600000
18126.125000
18186.625000
18247.275001
18308.000001
18368.825001
18429.725001
18490.475001
18551.175001
18611.750001
18672.375001
18732.900001
18793.425001
18854.025001
18914.500001
18975.125001
19035.825001
19096.575001
19157.450001
19218.250001
19279.000001
19339.600001
19400.200001
19460.700001
19521.175001
19581.750001
19642.375001
19702.975001
19763.650001
19824.375001
19885.225001
19945.975001
20006.725001
20067.450001
20128.150001
20188.850001
20249.725001
20310.825001
20372.100001
20433.575001
20495.500001
20557.675001
20619.900001
20682.225001
20744.950001
20808.025001
20870.975001
20934.550001
20998.125001
21062.250001
21126.275001
21190.950001
21255.775001
21320.725001
21386.075001
21451.850001
21518.025001
21584.400001
21651.100001
21718.225001
21785.625001
21853.300001
21921.200001
21989.700001
22058.575001
22127.650001
22197.300001
22267.500001
22337.925001
22408.975001
22480.700001
22552.750001
22625.325001
22698.425001
22772.125001
22846.800001
22921.875001
22997.900001
23074.825001
23152.500001
23231.175001
23310.625001
23391.525001
23473.350001
23556.725001
23641.600001
23727.875001
23816.575001
23908.725001
24004.250001
24146.950001
24236.175001
24398.050001
24487.125001
24672.625001
24763.150001
24996.800001
25088.475001
25388.700001
25607.975001
26013.500001
