100.000000
21.000000
6300.800000
6370.475000
6440.650000
6509.650000
6578.025000
6646.025000
6713.550000
6780.650000
6847.350000
6913.750000
6980.000000
7045.850000
7111.175000
7176.175000
7241.150000
7305.700000
7369.900000
7433.900000
7497.575000
7560.900000
7624.125000
7686.950000
7749.575000
7812.075000
7874.325000
7936.175000
7997.800000
8059.250000
8120.475000
8181.500000
8242.350000
8302.900000
8363.375000
8423.625000
8483.475000
8543.050000
8602.550000
8661.875000
8720.800000
8779.750000
8838.200000
8896.600000
8954.550000
9012.325000
9069.575000
9126.450000
9183.200000
9239.775000
9296.100000
9352.100000
9407.900000
9463.450000
9518.850000
9573.975000
9629.000000
9683.600000
9738.025000
9792.500000
9846.875000
9901.150000
9955.150000
10009.025000
10063.050000
10116.825000
10170.450000
10224.275000
10277.975000
10331.550000
10385.350000
10438.950000
10492.575000
10546.325000
10599.900000
10653.475000
10707.250000
10760.775000
10814.250000
10868.000000
10921.450000
10975.025000
11028.800000
11082.250000
11135.825000
11189.475000
11243.000000
11296.675000
11350.300000
11403.825000
11457.550000
11511.100000
11564.575000
11618.350000
11671.875000
11725.350000
11779.100000
11832.575000
11886.100000
11939.825000
11993.300000
12046.900000
12100.575000
12154.100000
12207.775000
12261.375000
12314.850000
12368.600000
12422.175000
12475.675000
12529.475000
12582.975000
12636.425000
12690.150000
12743.600000
12797.175000
12850.875000
12904.400000
12958.000000
13011.625000
13065.125000
13118.825000
13172.450000
13225.925000
13279.725000
13333.275000
13386.750000
13440.475000
13494.025000
13547.525000
13601.225000
13654.725000
13708.275000
13761.975000
13815.425000
13869.075000
13922.750000
13976.200000
14029.950000
14083.525000
14137.025000
14190.775000
14244.350000
14297.825000
14351.525000
14405.100000
14458.575000
14512.300000
14565.725000
14619.325000
14673.025000
14726.450000
14780.150000
14833.775000
14887.250000
14940.975000
14994.600000
15048.075000
15101.800000
15155.375000
15208.825000
15262.525000
15316.050000
15369.600000
15423.325000
15476.700000
15530.325000
15583.975000
15637.450000
15691.175000
15744.825000
15798.300000
15851.975000
15905.575000
15959.050000
16012.800000
16066.375000
16119.875000
16173.550000
16226.975000
16280.550000
16334.275000
16387.700000
16441.375000
16495.050000
16548.500000
16602.175000
16655.825000
16709.300000
16763.025000
16816.650000
16870.150000
16923.850000
16977.350000
17030.875000
17084.575000
17138.025000
17191.650000
17245.375000
17298.775000
17352.400000
17406.100000
17459.575000
17513.250000
17566.950000
17620.425000
17674.125000
17727.675000
17781.200000
17834.925000
17888.425000
17942.025000
17995.700000
18049.125000
18102.675000
18156.425000
18209.875000
18263.500001
18317.250001
18370.700001
18424.375001
18478.000001
18531.500001
18585.250001
18638.775001
18692.325001
18746.025001
18799.525001
18853.050001
18906.800001
18960.225001
19013.775001
19067.550001
19120.975001
19174.600001
19228.275001
19281.775001
19335.450001
19389.025001
19442.575001
19496.300001
19549.825001
19603.350001
19657.075001
19710.575001
19764.075001
19817.825001
19871.225001
19924.800001
19978.525001
20032.000001
20085.650001
20139.350001
20192.975001
20246.825001
20300.850001
20354.850001
20408.850001
20463.150001
20517.625001
20571.900001
20626.200001
20680.600001
20735.325001
20790.150001
20845.000001
20899.875001
20954.850001
21009.875001
21065.000001
21120.300001
21175.725001
21231.300001
21286.950001
21342.750001
21398.500001
21454.400001
21510.450001
21566.750001
21623.175001
21679.825001
21736.300001
21792.925001
21849.700001
21906.800001
21963.775001
22020.850001
22078.225001
22135.750001
22193.275001
22251.150001
22308.950001
22367.150001
22425.250001
22483.550001
22542.000001
22600.700001
22659.450001
22718.525001
22777.575001
22836.750001
22896.350001
22955.975001
23015.625001
23075.500001
23135.700001
23196.075001
23256.625001
23317.375001
23378.250001
23439.250001
23500.475001
23561.975001
23623.675001
23685.575001
23747.600001
23809.775001
23872.200001
23935.000001
23997.925001
24061.125001
24124.650001
24188.350001
24252.475001
24316.800001
24381.425001
24446.525001
24511.900001
24577.550001
24643.525001
24709.925001
24776.700001
24844.050001
24912.025001
24980.525001
25049.500001
25119.350001
25189.825001
25261.075001
25333.200001
25406.425001
25480.650001
25555.650001
25631.675001
25708.575001
25786.275001
25864.750001
25944.175001
26024.500001
26105.725001
26187.900001
26271.375001
26356.250001
26442.775001
26531.300001
26622.575001
26894.225001
26974.725001
27064.725001
27487.550001
27570.350001
28445.225001
