100.000000
2.000000
6264.350000
6348.450000
6435.400000
6522.325000
6608.950000
6695.175000
6780.775000
6865.375000
6949.425000
7032.975000
7115.650000
7197.825000
7279.575000
7360.400000
7440.950000
7520.700000
7599.800000
7678.525000
7756.925000
7834.675000
7911.900000
7988.625000
8064.850000
8140.900000
8216.375000
8291.475000
8366.000000
8440.375000
8514.050000
8587.350000
8660.375000
8733.150000
8805.500000
8877.425000
8949.025000
9020.400000
9091.550000
9162.350000
9232.750000
9302.875000
9372.750000
9442.375000
9511.775000
9580.775000
9649.375000
9718.050000
9786.050000
9853.900000
9921.425000
9988.775000
10055.875000
10122.850000
10189.900000
10256.900000
10323.675000
10390.425000
10457.175000
10523.750000
10590.325000
10656.925000
10723.450000
10789.975000
10856.600000
10923.150000
10989.725000
11056.375000
11122.975000
11189.500000
11256.050000
11322.475000
11388.750000
11455.150000
11521.550000
11587.950000
11654.300000
11720.600000
11786.925000
11853.400000
11919.850000
11986.125000
12052.525000
12119.050000
12185.600000
12252.150000
12318.825000
12385.425000
12452.000000
12518.650000
12585.225000
12651.700000
12718.175000
12784.625000
12851.100000
12917.675000
12984.225000
13050.800000
13117.475000
13184.050000
13250.575000
13317.150000
13383.525000
13449.825000
13516.200000
13582.650000
13649.000000
13715.250000
13781.625000
13848.000000
13914.400000
13980.775000
14047.125000
14113.525000
14180.125000
14246.675000
14313.275000
14379.950000
14446.550000
14513.175000
14579.850000
14646.425000
14713.000000
14779.625000
14846.100000
14912.525000
14979.025000
15045.525000
15112.050000
15178.650000
15245.275000
15311.825000
15378.375000
15444.925000
15511.275000
15577.575000
15643.975000
15710.400000
15776.725000
15843.025000
15909.350000
15975.750000
16042.275000
16108.625000
16174.950000
16241.400000
16307.900000
16374.450000
16441.075000
16507.725000
16574.300000
16640.950000
16707.600000
16774.150000
16840.700000
16907.225000
16973.625000
17040.100000
17106.650000
17173.150000
17239.700000
17306.350000
17372.925000
17439.425000
17505.900000
17572.225000
17638.525000
17705.000000
17771.425000
17837.750000
17904.050000
17970.425000
18036.800000
18103.250000
18169.625000
18235.950001
18302.400001
18368.975001
18435.550001
18502.125001
18568.800001
18635.400001
18701.975001
18768.575001
18835.150001
18901.575001
18968.050001
19034.525001
19101.000001
19167.625001
19234.200001
19300.775001
19367.425001
19434.000001
19500.525001
19567.025001
19633.325001
19699.625001
19766.050001
19832.525001
19898.775001
19965.050001
20031.475001
20097.900001
20164.550001
20231.500001
20298.500001
20365.675001
20433.200001
20501.075001
20569.200001
20637.375001
20706.000001
20774.825001
20843.925001
20913.475001
20983.150001
21053.025001
21123.375001
21193.925001
21264.800001
21336.025001
21407.700001
21479.800001
21552.150001
21624.750001
21697.575001
21770.725001
21844.300001
21918.400001
21992.750001
22067.700001
22142.875001
22218.650001
22294.800001
22371.175001
22448.125001
22525.625001
22603.650001
22682.125001
22761.025001
22840.675001
22920.775001
23001.550001
23082.925001
23164.975001
23247.800001
23331.450001
23415.650001
23500.850001
23586.950001
23674.125001
23762.250001
23851.450001
23941.950001
24033.850001
24127.275001
24222.950001
24321.250001
24423.600001
