10.000000
9.000000
5018.375000
5112.175000
5204.175000
5294.250000
5382.950000
5470.600000
5557.375000
5643.175000
5728.150000
5812.550000
5896.275000
5979.350000
6061.625000
6143.250000
6224.300000
6304.725000
6384.625000
6463.700000
6542.275000
6620.350000
6697.800000
6774.750000
6851.150000
6926.800000
7002.200000
7076.975000
7151.400000
7225.100000
7298.325000
7371.075000
7443.325000
7515.075000
7586.275000
7657.100000
7726.975000
7796.350000
7864.625000
7931.950000
7998.175000
8063.500000
8127.725000
8191.075000
8253.375000
8314.750000
8375.175000
8434.925000
8493.850000
8552.175000
8609.625000
8666.450000
8722.775000
8778.725000
8834.025000
8888.650000
8942.675000
8996.175000
9048.950000
9101.425000
9153.450000
9205.325000
9256.875000
9308.100000
9359.225000
9410.275000
9461.175000
9512.050000
9562.750000
9613.325000
9663.725000
9713.900000
9763.925000
9813.825000
9863.650000
9913.425000
9963.150000
10012.675000
10062.050000
10111.125000
10160.100000
10209.100000
10258.075000
10307.000000
10355.775000
10404.525000
10453.275000
10502.175000
10551.125000
10599.825000
10648.450000
10697.125000
10745.875000
10794.575000
10843.125000
10891.800000
10940.550000
10989.250000
11037.900000
11086.550000
11135.425000
11184.350000
11233.050000
11281.700000
11330.375000
11379.150000
11427.775000
11476.300000
11524.900000
11573.600000
11622.225000
11670.750000
11719.375000
11768.075000
11816.725000
11865.225000
11913.775000
11962.475000
12011.050000
12059.575000
12108.150000
12156.875000
12205.425000
12253.975000
12302.525000
12351.200000
12399.750000
12448.275000
12496.900000
12545.600000
12594.150000
12642.700000
12691.325000
12740.000000
12788.525000
12837.075000
12885.700000
12934.425000
12982.950000
13031.525000
13080.175000
13128.900000
13177.400000
13225.950000
13274.600000
13323.300000
13371.825000
13420.400000
13469.050000
13517.775000
13566.325000
13614.850000
13663.475000
13712.175000
13760.700000
13809.275000
13857.925000
13906.650000
13955.200000
14003.775000
14052.375000
14101.075000
14149.600000
14198.150000
14246.800000
14295.525000
14344.075000
14392.650000
14441.300000
14489.975000
14538.500000
14587.050000
14635.675000
14684.400000
14732.950000
14781.525000
14830.175000
14878.900000
14927.400000
14975.950000
15024.575000
15073.275000
15121.825000
15170.400000
15219.050000
15267.775000
15316.325000
15364.850000
15413.475000
15462.175000
15510.700000
15559.275000
15607.925000
15656.650000
15705.200000
15753.775000
15802.375000
15851.075000
15899.600000
15948.150000
15996.800000
16045.525000
16094.075000
16142.650000
16191.300000
16239.975000
16288.500000
16337.050000
16385.675000
16434.400000
16482.950000
16531.525000
16580.175000
16628.900000
16677.400000
16725.950000
16774.575000
16823.275000
16871.825000
16920.400000
16969.050000
17017.775000
17066.325000
17114.850000
17163.475000
17212.175000
17260.700000
17309.275000
17357.925000
17406.650000
17455.200000
17503.775000
17552.375000
17601.075000
17649.600000
17698.150000
17746.800000
17795.525000
17844.075000
17892.650000
17941.300000
17989.975000
18038.500000
18087.050000
18135.675000
18184.400000
18232.950001
18281.525001
18330.175001
18378.900001
18427.400001
18475.950001
18524.575001
18573.275001
18621.825001
18670.400001
18719.050001
18767.775001
18816.325001
18864.850001
18913.475001
18962.175001
19010.700001
19059.275001
19107.925001
19156.650001
19205.200001
19253.775001
19302.375001
19351.075001
19399.600001
19448.150001
19496.800001
19545.525001
19594.075001
19642.650001
19691.300001
19739.975001
19788.500001
19837.050001
19885.675001
19934.400001
19982.950001
20031.525001
20080.175001
20128.925001
20177.525001
20226.150001
20274.875001
20323.750001
20372.700001
20421.750001
20470.750001
20519.825001
20569.125001
20618.475001
20667.925001
20717.500001
20767.125001
20816.725001
20866.375001
20916.150001
20966.050001
21016.050001
21066.150001
21116.300001
21166.475001
21216.650001
21266.950001
21317.425001
21367.975001
21418.525001
21469.175001
21519.800001
21570.550001
21621.375001
21672.375001
21723.450001
21774.550001
21825.775001
21877.125001
21928.725001
21980.225001
22031.750001
22083.325001
22135.075001
22186.875001
22238.825001
22290.900001
22342.975001
22395.275001
22447.525001
22499.900001
22552.400001
22605.075001
22657.875001
22710.725001
22763.650001
22816.700001
22869.750001
22923.125001
22976.425001
23030.000001
23083.675001
23137.325001
23191.225001
23245.325001
23299.375001
23353.625001
23407.975001
23462.425001
23516.900001
23571.450001
23626.175001
23680.950001
23735.875001
23791.025001
23846.275001
23901.575001
23957.025001
24012.525001
24068.175001
24123.925001
24179.900001
24235.925001
24292.025001
24348.275001
24404.675001
24461.200001
24517.925001
24574.675001
24631.600001
24688.650001
24745.875001
24803.125001
24860.625001
24918.325001
24976.050001
25034.050001
25092.150001
25150.425001
25208.775001
25267.425001
25326.100001
25385.000001
25444.025001
25503.200001
25562.600001
25622.100001
25681.775001
25741.650001
25801.725001
25862.050001
25922.525001
25983.175001
26044.025001
26105.125001
26166.425001
26227.875001
26289.625001
26351.575001
26413.700001
26476.075001
26538.700001
26601.600001
26664.700001
26728.175001
26791.850001
26855.825001
26920.075001
26984.725001
27049.575001
27114.775001
27180.350001
27246.275001
27312.600001
27379.350001
27446.500001
27514.025001
27581.850001
27650.025001
27718.550001
27787.375001
27856.575001
27926.050001
27995.900001
28066.050001
28136.600001
28207.550001
28278.900001
28350.575001
28422.700001
28495.250001
28568.250001
28641.675001
28715.600001
28790.075001
28865.100001
28940.725001
29016.950001
29093.800001
29171.275001
29249.400001
29328.225001
29407.775001
29488.125001
29569.300001
29651.450001
29734.700001
29819.325001
29905.875001
29994.900001
30086.900001
30181.100001
30276.675001
30373.025001
30469.950001
30567.475001
30665.825001
30765.600001
30867.200001
30969.900001
31072.950001
31176.175001
31279.500001
31382.900001
31486.400001
31589.975001
31693.675001
31797.450001
31901.350001
32005.375001
32109.550001
32213.850001
32318.350001
32423.025001
32527.975001
32633.200001
32738.775001
32844.825001
32951.425001
33058.750001
33166.950001
33276.275001
33387.025001
33499.875001
33616.675001
34062.700001
34170.925001
34618.775001
34726.725001
34848.300001
