1.000000
36.000000
10972.075000
11047.300000
11121.775000
11194.500000
11265.325000
11335.375000
11404.125000
11471.875000
11539.000000
11605.675000
11671.825000
11737.600000
11803.275000
11869.075000
11934.525000
11999.525000
12064.650000
12130.100000
12195.275000
12260.075000
12325.025000
12390.050000
12454.875000
12519.875000
12584.925000
12649.600000
12714.425000
12779.675000
12844.500000
12909.250000
12974.375000
13039.200000
13104.025000
13169.100000
13233.975000
13298.675000
13363.650000
13428.625000
13493.400000
13558.300000
13623.275000
13687.925000
13752.825000
13817.900000
13882.600000
13947.525000
14012.500000
14077.150000
14142.200000
14207.350000
14272.075000
14336.850000
14402.000000
14466.925000
14531.700000
14596.750000
14661.625000
14726.350000
14791.425000
14856.425000
14921.100000
14986.000000
15050.975000
15115.650000
15180.600000
15245.625000
15310.275000
15375.175000
15440.150000
15504.950000
15569.900000
15634.950000
15699.625000
15764.450000
15829.700000
15894.525000
15959.275000
16024.400000
16089.225000
16154.050000
16219.125000
16284.000000
16348.700000
16413.675000
16478.650000
16543.425000
16608.325000
16673.300000
16737.950000
16802.850000
16867.925000
16932.625000
16997.550000
17062.550000
17127.200000
17192.250000
17257.425000
17322.200000
17386.950000
17452.100000
17517.100000
17581.875000
17646.875000
17711.750000
17776.475000
17841.525000
17906.525000
17971.175000
18036.075000
18101.025000
18165.700000
18230.650001
18295.675001
18360.325001
18425.225001
18490.200001
18555.000001
18619.975001
18685.050001
18749.750001
18814.525001
18879.825001
18944.700001
19009.450001
19074.500001
19139.350001
19204.175001
19269.200001
19334.100001
19398.800001
19463.725001
19528.725001
19593.475001
19658.375001
19723.350001
19788.000001
19852.900001
19917.975001
19982.700001
20047.625001
20112.650001
20177.575001
20242.875001
20308.400001
20374.375001
20440.725001
20507.350001
20574.175001
20641.450001
20708.675001
20776.200001
20844.150001
20912.625001
20981.350001
21050.450001
21120.025001
21190.050001
21260.075001
21330.875001
21402.125001
21473.825001
21545.900001
21618.550001
21691.625001
21764.875001
21838.650001
21913.300001
21988.175001
22063.925001
22140.125001
22216.800001
22294.250001
22372.250001
22451.150001
22531.100001
22611.450001
22693.075001
22775.525001
22859.300001
22944.075001
23030.300001
23117.725001
23207.325001
23299.050001
23393.975001
23532.050001
23619.500001
23775.675001
23863.400001
24060.900001
24148.800001
24395.350001
24567.650001
24863.050001
25306.175001
