10.000000
13.000000
5210.150000
5302.900000
5396.075000
5487.000000
5575.325000
5661.150000
5745.150000
5827.500000
5908.600000
5988.600000
6067.950000
6146.500000
6224.450000
6301.675000
6378.150000
6453.975000
6529.250000
6603.600000
6677.100000
6749.675000
6821.100000
6891.700000
6961.250000
7030.000000
7097.700000
7164.600000
7230.775000
7296.150000
7360.725000
7424.750000
7488.200000
7551.350000
7613.825000
7675.950000
7737.650000
7798.875000
7859.725000
7920.200000
7980.250000
8039.725000
8098.400000
8156.625000
8213.975000
8270.800000
8327.200000
8383.100000
8438.325000
8493.050000
8547.300000
8601.350000
8655.050000
8708.350000
8761.275000
8813.800000
8866.225000
8918.500000
8970.475000
9022.275000
9073.925000
9125.375000
9176.675000
9227.950000
9279.175000
9330.175000
9380.975000
9431.675000
9482.100000
9532.375000
9582.525000
9632.500000
9682.150000
9731.600000
9780.825000
9830.100000
9879.250000
9928.125000
9976.850000
10025.600000
10074.375000
10123.150000
10171.700000
10220.275000
10268.925000
10317.600000
10366.075000
10414.500000
10463.050000
10511.475000
10559.725000
10608.025000
10656.525000
10704.850000
10753.100000
10801.425000
10849.650000
10897.900000
10946.300000
10994.600000
11042.775000
11091.125000
11139.500000
11187.675000
11235.850000
11284.250000
11332.475000
11380.650000
11429.025000
11477.175000
11525.400000
11573.700000
11621.900000
11670.100000
11718.500000
11766.750000
11814.875000
11863.225000
11911.525000
11959.675000
12007.925000
12056.325000
12104.525000
12152.675000
12201.000000
12249.125000
12297.300000
12345.625000
12393.775000
12442.025000
12490.275000
12538.425000
12586.575000
12634.900000
12683.050000
12731.200000
12779.575000
12827.700000
12875.825000
12924.125000
12972.300000
13020.400000
13068.700000
13116.950000
13164.975000
13213.200000
13261.300000
13309.325000
13357.525000
13405.575000
13453.575000
13501.625000
13549.525000
13597.375000
13645.400000
13693.100000
13741.000000
13788.800000
13836.350000
13884.275000
13931.900000
13979.725000
14027.450000
14075.025000
14122.825000
14170.525000
14218.250000
14265.875000
14313.600000
14361.250000
14408.800000
14456.700000
14504.225000
14551.950000
14599.700000
14647.250000
14695.050000
14742.750000
14790.450000
14838.050000
14885.800000
14933.425000
14981.000000
15028.900000
15076.375000
15124.100000
15171.850000
15219.450000
15267.250000
15314.900000
15362.650000
15410.250000
15458.000000
15505.650000
15553.225000
15601.075000
15648.575000
15696.325000
15744.075000
15791.675000
15839.400000
15887.075000
15934.825000
15982.425000
16030.200000
16077.850000
16125.400000
16173.250000
16220.775000
16268.525000
16316.275000
16363.825000
16411.550000
16459.225000
16507.025000
16554.625000
16602.375000
16650.050000
16697.600000
16745.450000
16793.000000
16840.750000
16888.450000
16936.050000
16983.750000
17031.475000
17079.275000
17126.775000
17174.525000
17222.225000
17269.775000
17317.650000
17365.200000
17412.925000
17460.625000
17508.250000
17555.975000
17603.700000
17651.425000
17698.925000
17746.700000
17794.425000
17842.000000
17889.825000
17937.400000
17985.125000
18032.825000
18080.475000
18128.200000
18175.875000
18223.625000
18271.150001
18318.925001
18366.675001
18414.125001
18461.975001
18509.575001
18557.325001
18605.050001
18652.675001
18700.375001
18748.050001
18795.825001
18843.350001
18891.150001
18938.825001
18986.300001
19034.150001
19081.775001
19129.550001
19177.200001
19224.875001
19272.575001
19320.250001
19368.050001
19415.575001
19463.325001
19511.025001
19558.500001
19606.375001
19654.025001
19701.675001
19749.325001
19797.050001
19844.725001
19892.400001
19940.225001
19987.725001
20035.475001
20083.200001
20130.750001
20178.725001
20226.400001
20274.375001
20322.400001
20370.375001
20418.600001
20466.825001
20514.950001
20563.325001
20611.850001
20660.275001
20708.750001
20757.450001
20806.225001
20855.025001
20903.850001
20952.625001
21001.550001
21050.575001
21099.700001
21148.675001
21197.850001
21247.150001
21296.550001
21346.075001
21395.625001
21445.300001
21495.100001
21544.925001
21594.800001
21644.700001
21694.625001
21744.650001
21794.750001
21845.050001
21895.500001
21945.850001
21996.325001
22046.900001
22097.425001
22148.125001
22198.850001
22249.725001
22300.800001
22351.925001
22403.025001
22454.200001
22505.525001
22556.975001
22608.350001
22659.875001
22711.625001
22763.500001
22815.350001
22867.500001
22919.575001
22971.825001
23024.225001
23076.625001
23129.275001
23181.850001
23234.675001
23287.450001
23340.500001
23393.575001
23446.875001
23500.250001
23553.725001
23607.425001
23661.125001
23714.925001
23768.975001
23823.175001
23877.400001
23931.725001
23986.100001
24040.750001
24095.575001
24150.425001
24205.425001
24260.525001
24315.825001
24371.225001
24426.750001
24482.475001
24538.400001
24594.500001
24650.775001
24707.275001
24763.800001
24820.550001
24877.500001
24934.700001
24992.025001
25049.625001
25107.550001
25165.650001
25224.050001
25282.650001
25341.475001
25400.450001
25459.575001
25518.925001
25578.500001
25638.150001
25698.000001
25758.050001
25818.250001
25878.650001
25939.150001
25999.825001
26060.700001
26121.800001
26183.075001
26244.550001
26306.250001
26368.200001
26430.275001
26492.600001
26555.150001
26617.950001
26680.875001
26744.100001
26807.600001
26871.275001
26935.275001
26999.475001
27063.900001
27128.675001
27193.650001
27258.925001
27324.525001
27390.400001
27456.575001
27523.075001
27589.900001
27657.075001
27724.575001
27792.475001
27860.775001
27929.525001
27998.625001
28068.250001
28138.375001
28209.100001
28280.400001
28352.150001
28424.400001
28497.050001
28570.100001
28643.575001
28717.525001
28791.900001
28866.725001
28942.025001
29017.850001
29094.150001
29170.975001
29248.375001
29326.325001
29404.900001
29484.125001
29564.000001
29644.550001
29725.850001
29807.925001
29890.850001
29974.675001
30059.550001
30145.200001
30231.325001
30317.800001
30404.525001
30491.400001
30578.400001
30665.550001
30752.825001
30840.275001
30927.925001
31015.800001
31103.925001
31192.300001
31280.925001
31369.750001
31458.800001
31548.100001
31637.650001
31727.550001
31817.975001
31909.250001
32001.550001
32094.450001
32187.575001
32280.800001
32374.075001
32467.375001
32560.725001
32654.075001
32747.475001
32840.875001
32934.300001
33027.775001
33121.275001
33214.775001
33308.325001
33401.875001
33495.475001
33589.100001
33682.750001
33776.450001
33870.175001
33963.950001
34057.750001
34151.625001
34245.550001
34339.550001
34433.650001
34527.850001
34622.175001
34716.700001
34811.500001
34906.725001
