10.000000
14.000000
5261.175000
5353.625000
5446.450000
5536.775000
5625.025000
5711.650000
5797.250000
5881.775000
5965.275000
6048.050000
6130.175000
6211.150000
6291.275000
6370.325000
6448.150000
6524.750000
6600.100000
6674.600000
6748.050000
6820.425000
6891.650000
6961.850000
7031.200000
7099.600000
7167.200000
7234.000000
7300.050000
7365.350000
7430.350000
7494.900000
7558.825000
7622.225000
7685.025000
7747.100000
7808.475000
7869.275000
7929.400000
7988.575000
8047.025000
8104.675000
8161.725000
8218.050000
8273.650000
8328.925000
8383.725000
8438.325000
8492.700000
8546.825000
8600.750000
8654.200000
8707.325000
8759.950000
8812.450000
8864.575000
8916.675000
8968.525000
9020.200000
9071.800000
9123.300000
9174.525000
9225.575000
9276.400000
9327.050000
9377.625000
9427.875000
9477.900000
9527.725000
9577.350000
9626.750000
9676.000000
9725.050000
9774.100000
9823.175000
9871.950000
9920.550000
9969.150000
10017.775000
10066.150000
10114.400000
10162.825000
10210.975000
10259.125000
10307.475000
10355.600000
10403.700000
10451.875000
10499.950000
10547.950000
10596.100000
10644.125000
10692.100000
10740.200000
10788.125000
10836.050000
10884.150000
10932.000000
10980.025000
11027.925000
11075.700000
11123.625000
11171.250000
11219.075000
11266.775000
11314.225000
11362.000000
11409.525000
11457.100000
11504.500000
11552.075000
11599.625000
11647.050000
11694.500000
11741.825000
11789.300000
11836.675000
11884.350000
11931.725000
11979.250000
12026.450000
12073.925000
12121.250000
12168.850000
12216.375000
12263.700000
12311.100000
12358.350000
12405.800000
12453.125000
12500.700000
12548.150000
12595.700000
12643.000000
12690.450000
12737.725000
12785.225000
12832.725000
12880.250000
12927.650000
12974.950000
13022.375000
13069.650000
13117.225000
13164.625000
13212.275000
13259.550000
13307.025000
13354.325000
13401.775000
13449.150000
13496.725000
13544.200000
13591.575000
13638.925000
13686.175000
13733.600000
13780.900000
13828.525000
13875.950000
13923.500000
13970.750000
14018.225000
14065.475000
14113.000000
14160.450000
14207.975000
14255.425000
14302.725000
14350.125000
14397.400000
14444.900000
14492.375000
14540.000000
14587.300000
14634.775000
14682.050000
14729.575000
14776.900000
14824.475000
14871.950000
14919.325000
14966.750000
15013.975000
15061.400000
15108.675000
15156.300000
15203.775000
15251.275000
15298.525000
15345.975000
15393.250000
15440.750000
15488.200000
15535.725000
15583.175000
15630.475000
15677.875000
15725.150000
15772.625000
15820.050000
15867.725000
15915.050000
15962.525000
16009.775000
16057.275000
16104.650000
16152.200000
16199.700000
16247.050000
16294.475000
16341.775000
16389.175000
16436.450000
16484.025000
16531.500000
16579.100000
16626.300000
16673.750000
16721.000000
16768.500000
16815.975000
16863.500000
16910.925000
16958.225000
17005.650000
17052.900000
17100.375000
17147.750000
17195.425000
17242.800000
17290.275000
17337.525000
17385.000000
17432.325000
17479.900000
17527.400000
17574.800000
17622.200000
17669.500000
17716.975000
17764.225000
17811.800000
17859.250000
17906.825000
17954.125000
18001.550000
18048.775000
18096.275000
18143.725000
18191.300000
18238.700001
18286.000001
18333.400001
18380.675001
18428.125001
18475.500001
18523.125001
18570.525001
18618.025001
18665.275001
18712.750001
18760.050001
18807.600001
18855.125001
18902.550001
18949.950001
18997.225001
19044.675001
19092.000001
19139.550001
19187.000001
19234.575001
19281.850001
19329.350001
19376.575001
19424.050001
19471.500001
19519.050001
19566.525001
19613.800001
19661.175001
19708.425001
19755.900001
19803.250001
19850.900001
19898.275001
19945.775001
19993.050001
20040.500001
20087.800001
20135.375001
20183.000001
20230.500001
20278.225001
20325.925001
20373.750001
20421.550001
20469.475001
20517.600001
20565.550001
20613.625001
20661.950001
20710.150001
20758.375001
20806.875001
20855.300001
20903.825001
20952.425001
21001.200001
21049.875001
21098.550001
21147.350001
21196.375001
21245.575001
21294.650001
21343.825001
21393.075001
21442.425001
21491.850001
21541.375001
21591.025001
21640.825001
21690.625001
21740.475001
21790.350001
21840.325001
21890.350001
21940.475001
21990.700001
22041.100001
22091.500001
22141.875001
22192.425001
22243.025001
22293.725001
22344.600001
22395.550001
22446.550001
22497.575001
22548.625001
22599.850001
22651.200001
22702.550001
22754.025001
22805.575001
22857.300001
22909.025001
22960.950001
23012.950001
23065.000001
23117.275001
23169.525001
23221.875001
23274.425001
23327.000001
23379.850001
23432.700001
23485.700001
23538.700001
23591.775001
23645.100001
23698.450001
23751.975001
23805.600001
23859.300001
23913.250001
23967.400001
24021.550001
24075.850001
24130.300001
24184.850001
24239.550001
24294.375001
24349.250001
24404.350001
24459.525001
24514.825001
24570.350001
24626.000001
24681.750001
24737.575001
24793.600001
24849.825001
24906.225001
24962.750001
25019.350001
25076.075001
25133.000001
25190.150001
25247.325001
25304.725001
25362.400001
25420.150001
25478.200001
25536.325001
25594.775001
25653.450001
25712.500001
25771.750001
25831.425001
25891.425001
25951.725001
26012.300001
26073.150001
26134.250001
26195.550001
26257.025001
26318.700001
26380.550001
26442.600001
26504.900001
26567.475001
26630.225001
26693.100001
26756.275001
26819.650001
26883.225001
26947.075001
27011.125001
27075.450001
27140.125001
27205.000001
27270.200001
27335.675001
27401.425001
27467.475001
27533.825001
27600.450001
27667.450001
27734.725001
27802.300001
27870.200001
27938.450001
28007.100001
28076.050001
28145.450001
28215.200001
28285.450001
28356.175001
28427.375001
28499.075001
28571.350001
28644.250001
28717.850001
28792.175001
28867.250001
28942.925001
29019.225001
29096.075001
29173.500001
29251.475001
29330.100001
29409.325001
29489.200001
29569.775001
29651.075001
29733.150001
29816.025001
29899.800001
29984.500001
30070.250001
30156.650001
30243.475001
30330.800001
30418.475001
30506.400001
30594.475001
30682.725001
30771.150001
30859.750001
30948.600001
31037.725001
31127.100001
31216.750001
31306.625001
31396.750001
31487.125001
31577.775001
31668.775001
31760.250001
31852.550001
31945.950001
32040.200001
32134.750001
32229.425001
32324.175001
32418.925001
32513.725001
32608.550001
32703.400001
32798.275001
32893.150001
32988.075001
33083.025001
33177.975001
33272.975001
33367.975001
33463.000001
33558.050001
33653.150001
33748.250001
33843.400001
33938.550001
34033.775001
34129.000001
34224.275001
34319.600001
34414.975001
34510.400001
34605.900001
34701.500001
34797.175001
34892.975001
34988.950001
