1.000000
31.000000
8265.050000
8338.700000
8408.650000
8475.100000
8539.100000
8601.525000
8662.650000
8722.625000
8781.725000
8840.225000
8897.925000
8955.325000
9012.275000
9068.800000
9124.850000
9180.450000
9235.725000
9290.675000
9345.200000
9399.000000
9452.475000
9505.400000
9557.900000
9609.800000
9661.425000
9712.775000
9763.675000
9814.175000
9864.475000
9914.575000
9964.375000
10013.875000
10063.250000
10112.425000
10161.150000
10209.650000
10258.100000
10306.600000
10354.700000
10402.750000
10450.825000
10498.575000
10546.450000
10594.200000
10641.750000
10689.325000
10736.775000
10784.475000
10831.725000
10879.200000
10926.275000
10973.575000
11020.600000
11067.850000
11114.750000
11161.900000
11208.675000
11255.525000
11302.275000
11348.775000
11395.500000
11441.825000
11488.150000
11534.600000
11580.600000
11626.525000
11672.600000
11718.600000
11764.350000
11810.100000
11855.875000
11901.575000
11947.100000
11992.675000
12038.225000
12083.875000
12129.475000
12174.825000
12220.200000
12265.525000
12310.875000
12356.300000
12401.625000
12446.850000
12491.975000
12537.100000
12582.125000
12627.200000
12672.300000
12717.450000
12762.500000
12807.475000
12852.425000
12897.200000
12941.975000
12986.750000
13031.625000
13076.300000
13120.950000
13165.650000
13210.425000
13255.300000
13300.025000
13344.775000
13389.575000
13434.500000
13479.250000
13523.950000
13568.750000
13613.525000
13658.175000
13702.800000
13747.400000
13792.050000
13836.700000
13881.475000
13926.150000
13970.750000
14015.350000
14059.950000
14104.650000
14149.375000
14194.200000
14238.850000
14283.500000
14328.250000
14373.125000
14417.950000
14462.625000
14507.375000
14552.125000
14596.900000
14641.575000
14686.125000
14730.700000
14775.300000
14819.975000
14864.675000
14909.425000
14954.075000
14998.625000
15043.200000
15087.825000
15132.525000
15177.300000
15222.050000
15266.750000
15311.400000
15356.200000
15401.075000
15445.800000
15490.500000
15535.250000
15580.050000
15624.750000
15669.375000
15713.925000
15758.500000
15803.125000
15847.775000
15892.550000
15937.250000
15981.850000
16026.400000
16070.975000
16115.600000
16160.300000
16205.125000
16249.850000
16294.525000
16339.175000
16383.925000
16428.850000
16473.550000
16518.250000
16563.000000
16607.775000
16652.500000
16697.125000
16741.750000
16786.300000
16830.900000
16875.575000
16920.325000
16965.025000
17009.625000
17054.250000
17098.800000
17143.425000
17188.125000
17232.925000
17277.650000
17322.300000
17367.075000
17411.875000
17456.750000
17501.400000
17546.100000
17590.875000
17635.650000
17680.350000
17724.950000
17769.550000
17814.100000
17858.700000
17903.400000
17948.150000
17992.850000
18037.425000
18082.025000
18126.575000
18171.175000
18215.925000
18260.700001
18305.450001
18350.100001
18394.825001
18439.625001
18484.500001
18529.225001
18573.900001
18618.650001
18663.425001
18708.125001
18752.725001
18797.300001
18841.950001
18886.525001
18931.225001
18975.975001
19020.625001
19065.225001
19109.800001
19154.450001
19199.050001
19243.825001
19288.600001
19333.275001
19377.950001
19422.675001
19467.575001
19512.375001
19557.075001
19601.750001
19646.500001
19691.325001
19735.950001
19780.550001
19825.125001
19869.725001
19914.325001
19959.025001
20003.800001
20048.425001
20093.025001
20137.625001
20182.350001
20227.200001
20272.125001
20317.075001
20362.125001
20407.150001
20452.200001
20497.225001
20542.350001
20587.500001
20632.750001
20678.125001
20723.525001
20768.950001
20814.300001
20859.725001
20905.325001
20951.050001
20996.725001
21042.475001
21088.325001
21134.375001
21180.250001
21226.150001
21272.150001
21318.250001
21364.250001
21410.475001
21456.900001
21503.100001
21549.500001
21596.050001
21642.550001
21689.200001
21735.825001
21782.550001
21829.500001
21876.250001
21923.300001
21970.250001
22017.575001
22064.675001
22112.100001
22159.325001
22206.825001
22254.175001
22301.700001
22349.225001
22396.975001
22444.725001
22492.550001
22540.550001
22588.500001
22636.475001
22684.725001
22732.925001
22781.225001
22829.800001
22878.375001
22926.925001
22975.575001
23024.450001
23073.425001
23122.300001
23171.250001
23220.400001
23269.600001
23319.000001
23368.525001
23418.150001
23467.875001
23517.725001
23567.700001
23617.800001
23667.950001
23718.200001
23768.625001
23819.175001
23869.750001
23920.500001
23971.400001
24022.575001
24073.850001
24125.200001
24176.725001
24228.700001
24280.650001
24332.900001
24385.475001
24438.225001
24491.350001
24544.650001
24598.250001
24652.325001
24706.800001
24761.575001
24816.800001
24872.375001
24928.475001
24985.025001
25041.850001
25099.025001
25156.775001
25214.675001
25273.125001
25331.750001
25390.850001
25450.225001
25509.925001
25570.125001
25630.800001
25691.950001
25753.575001
25815.725001
25878.450001
25941.675001
26005.350001
26069.525001
26134.250001
26199.375001
26265.025001
26331.100001
26397.650001
26464.550001
26531.900001
26599.600001
26667.825001
26736.300001
26805.200001
26874.550001
26944.225001
27014.250001
27084.800001
27155.675001
27227.000001
27298.850001
27371.250001
27444.275001
27518.100001
27592.650001
27668.075001
27744.225001
27821.125001
27898.700001
27976.975001
28056.050001
28135.900001
28216.425001
28297.850001
28380.225001
28463.500001
28547.850001
28633.300001
28720.075001
28808.325001
28898.200001
28990.025001
29084.525001
29183.075001
29352.050001
29441.475001
29631.050001
29722.025001
29998.175001
30090.525001
30389.825001
30479.450001
30755.000001
30844.725001
31104.075001
31194.350001
31456.250001
31546.300001
31805.525001
31895.725001
32155.450001
32245.625001
32505.075001
32595.250001
32854.700001
32944.875001
33204.300001
33294.500001
33553.900001
33644.100001
33903.500001
33993.700001
34253.075001
34343.275001
34602.675001
34692.875001
34952.250001
