100.000000
19.000000
6138.700000
6209.700000
6281.400000
6352.250000
6422.175000
6491.625000
6560.475000
6629.275000
6697.475000
6765.300000
6832.925000
6900.325000
6967.600000
7034.575000
7101.175000
7167.625000
7233.625000
7299.300000
7364.825000
7430.250000
7495.375000
7560.050000
7624.650000
7688.850000
7752.850000
7816.650000
7880.350000
7943.675000
8007.050000
8069.975000
8132.750000
8195.525000
8257.950000
8320.100000
8382.000000
8443.675000
8505.300000
8566.625000
8627.650000
8688.500000
8749.150000
8809.625000
8869.925000
8930.225000
8990.250000
9049.925000
9109.400000
9168.950000
9228.200000
9287.150000
9346.100000
9404.700000
9463.350000
9521.650000
9580.050000
9637.950000
9695.850000
9753.375000
9810.850000
9868.200000
9925.100000
9981.875000
10038.525000
10095.175000
10151.675000
10207.975000
10264.025000
10320.075000
10376.050000
10431.875000
10487.525000
10543.125000
10598.625000
10654.150000
10709.575000
10764.950000
10820.375000
10875.750000
10931.125000
10986.350000
11041.625000
11096.900000
11152.200000
11207.600000
11262.900000
11318.125000
11373.325000
11428.600000
11483.750000
11538.775000
11593.825000
11648.800000
11703.875000
11758.825000
11813.850000
11869.000000
11924.175000
11979.425000
12034.525000
12089.625000
12144.750000
12199.725000
12254.750000
12309.700000
12364.675000
12419.700000
12474.750000
12529.950000
12585.125000
12640.225000
12695.375000
12750.475000
12805.500000
12860.450000
12915.400000
12970.400000
13025.400000
13080.425000
13135.550000
13190.750000
13245.850000
13300.975000
13356.100000
13411.100000
13466.100000
13521.025000
13576.000000
13631.000000
13685.975000
13741.150000
13796.300000
13851.400000
13906.575000
13961.625000
14016.675000
14071.625000
14126.550000
14181.550000
14236.500000
14291.550000
14346.675000
14401.825000
14456.950000
14512.050000
14567.250000
14622.250000
14677.200000
14732.200000
14787.150000
14842.175000
14897.175000
14952.275000
15007.500000
15062.625000
15117.775000
15172.875000
15227.900000
15282.900000
15337.850000
15392.825000
15447.800000
15502.800000
15557.900000
15613.075000
15668.225000
15723.350000
15778.475000
15833.500000
15888.475000
15943.450000
15998.375000
16053.375000
16108.350000
16163.450000
16218.650000
16273.775000
16328.950000
16384.025000
16439.025000
16494.050000
16548.925000
16603.950000
16658.875000
16713.850000
16769.000000
16824.150000
16879.325000
16934.450000
16989.500000
17044.550000
17099.525000
17154.550000
17209.500000
17264.400000
17319.425000
17374.525000
17429.775000
17484.925000
17540.025000
17595.150000
17650.200000
17705.225000
17760.150000
17815.100000
17870.100000
17925.075000
17980.200000
18035.350000
18090.525000
18145.625000
18200.725000
18255.825001
18310.775001
18365.725001
18420.675001
18475.650001
18530.650001
18585.725001
18640.925001
18696.075001
18751.175001
18806.300001
18861.325001
18916.350001
18971.250001
19026.175001
19081.175001
19136.150001
19191.275001
19246.425001
19301.550001
19356.700001
19411.775001
19466.875001
19521.825001
19576.725001
19631.700001
19686.625001
19741.700001
19796.775001
19851.925001
19907.075001
19962.200001
20017.375001
20072.400001
20127.400001
20182.575001
20237.750001
20293.000001
20348.350001
20403.875001
20459.450001
20515.100001
20570.825001
20626.625001
20682.725001
20738.950001
20795.425001
20851.975001
20908.475001
20965.075001
21021.875001
21079.025001
21136.000001
21193.125001
21250.575001
21308.125001
21365.700001
21423.600001
21481.525001
21539.800001
21598.075001
21656.725001
21715.200001
21774.050001
21833.000001
21892.175001
21951.575001
22011.000001
22070.625001
22130.525001
22190.775001
22251.225001
22311.825001
22372.700001
22433.750001
22495.150001
22556.850001
22618.725001
22680.750001
22743.000001
22805.575001
22868.575001
22931.725001
22995.350001
23059.150001
23123.450001
23187.825001
23252.675001
23318.050001
23383.625001
23449.600001
23516.000001
23582.850001
23650.000001
23717.700001
23785.700001
23853.950001
23922.500001
23991.550001
24060.800001
24130.575001
24200.700001
24271.150001
24342.125001
24413.550001
24485.450001
24557.825001
24630.550001
24703.600001
24777.050001
24851.125001
24925.525001
25000.400001
25075.775001
25151.750001
25228.050001
25304.975001
25382.500001
25460.550001
25539.150001
25618.600001
25698.525001
25779.225001
25860.525001
25942.825001
26025.850001
26109.850001
26194.800001
26281.025001
26368.475001
26457.550001
26548.550001
26642.275001
27057.650001
27141.075001
