10.000000
27.000000
6884.000000
6964.900000
7042.000000
7114.475000
7183.825000
7250.775000
7315.725000
7379.400000
7441.725000
7503.175000
7564.025000
7624.550000
7684.750000
7744.525000
7804.025000
7863.425000
7922.650000
7981.625000
8040.500000
8098.950000
8157.575000
8215.875000
8274.175000
8332.100000
8390.000000
8447.525000
8505.025000
8562.475000
8619.475000
8676.300000
8733.050000
8789.750000
8846.275000
8902.500000
8958.375000
9014.000000
9069.450000
9124.675000
9179.750000
9234.525000
9288.725000
9342.700000
9396.550000
9450.000000
9503.025000
9555.975000
9608.425000
9660.700000
9712.700000
9764.050000
9815.125000
9865.850000
9916.375000
9966.400000
10015.950000
10065.150000
10113.825000
10162.425000
10210.525000
10258.350000
10306.000000
10353.250000
10400.450000
10447.200000
10493.825000
10540.400000
10586.525000
10632.775000
10679.050000
10724.875000
10770.650000
10816.475000
10862.250000
10907.875000
10953.450000
10998.875000
11044.325000
11089.775000
11135.150000
11180.350000
11225.425000
11270.550000
11315.500000
11360.550000
11405.600000
11450.600000
11495.650000
11540.500000
11585.375000
11630.250000
11674.950000
11719.575000
11764.175000
11808.825000
11853.600000
11898.275000
11942.900000
11987.425000
12031.950000
12076.400000
12120.875000
12165.350000
12209.825000
12254.300000
12298.700000
12343.150000
12387.550000
12431.975000
12476.350000
12520.750000
12565.150000
12609.575000
12654.000000
12698.375000
12742.800000
12787.200000
12831.625000
12876.025000
12920.475000
12964.900000
13009.325000
13053.800000
13098.200000
13142.675000
13187.075000
13231.525000
13275.950000
13320.400000
13364.825000
13409.250000
13453.750000
13498.150000
13542.625000
13587.025000
13631.475000
13675.900000
13720.350000
13764.800000
13809.225000
13853.700000
13898.125000
13942.600000
13987.025000
14031.475000
14075.900000
14120.350000
14164.775000
14209.225000
14253.700000
14298.125000
14342.600000
14387.000000
14431.450000
14475.900000
14520.350000
14564.775000
14609.200000
14653.700000
14698.125000
14742.575000
14787.000000
14831.450000
14875.875000
14920.325000
14964.775000
15009.200000
15053.700000
15098.100000
15142.575000
15187.000000
15231.450000
15275.875000
15320.325000
15364.775000
15409.200000
15453.700000
15498.100000
15542.575000
15587.000000
15631.450000
15675.875000
15720.325000
15764.775000
15809.200000
15853.700000
15898.100000
15942.575000
15987.000000
16031.450000
16075.875000
16120.325000
16164.775000
16209.200000
16253.700000
16298.100000
16342.575000
16387.000000
16431.450000
16475.875000
16520.325000
16564.775000
16609.200000
16653.700000
16698.100000
16742.575000
16787.000000
16831.450000
16875.875000
16920.325000
16964.750000
17009.200000
17053.700000
17098.100000
17142.575000
17187.000000
17231.450000
17275.875000
17320.325000
17364.750000
17409.200000
17453.700000
17498.100000
17542.575000
17587.000000
17631.450000
17675.875000
17720.325000
17764.750000
17809.200000
17853.700000
17898.100000
17942.575000
17987.000000
18031.450000
18075.875000
18120.325000
18164.750000
18209.200000
18253.700001
18298.100001
18342.575001
18387.000001
18431.450001
18475.875001
18520.325001
18564.750001
18609.200001
18653.700001
18698.100001
18742.575001
18787.000001
18831.450001
18875.875001
18920.325001
18964.750001
19009.200001
19053.700001
19098.100001
19142.575001
19187.000001
19231.450001
19275.875001
19320.325001
19364.750001
19409.200001
19453.700001
19498.100001
19542.575001
19587.000001
19631.450001
19675.875001
19720.325001
19764.750001
19809.200001
19853.700001
19898.100001
19942.575001
19987.000001
20031.450001
20075.875001
20120.350001
20164.850001
20209.375001
20253.925001
20298.425001
20342.975001
20387.575001
20432.225001
20477.000001
20521.975001
20566.900001
20611.975001
20657.075001
20702.175001
20747.275001
20792.500001
20837.725001
20883.075001
20928.625001
20974.125001
21019.600001
21065.100001
21110.775001
21156.625001
21202.400001
21248.225001
21294.175001
21340.200001
21386.075001
21432.100001
21478.400001
21524.675001
21570.875001
21617.425001
21663.800001
21710.275001
21757.000001
21803.625001
21850.450001
21897.200001
21944.100001
21991.150001
22038.200001
22085.450001
22132.700001
22180.100001
22227.475001
22274.850001
22322.350001
22369.850001
22417.725001
22465.350001
22513.275001
22561.250001
22609.250001
22657.500001
22705.775001
22754.075001
22802.500001
22851.150001
22899.750001
22948.450001
22997.250001
23046.325001
23095.575001
23144.825001
23194.225001
23243.700001
23293.325001
23343.050001
23392.925001
23442.950001
23493.100001
23543.400001
23593.975001
23644.700001
23695.625001
23746.650001
23797.800001
23849.125001
23900.750001
23952.450001
24004.225001
24056.325001
24108.425001
24160.750001
24213.325001
24266.000001
24318.900001
24371.850001
24424.900001
24478.050001
24531.325001
24584.850001
24638.325001
24691.975001
24745.750001
24799.575001
24853.550001
24907.725001
24962.000001
25016.300001
25070.650001
25125.075001
25179.775001
25234.575001
25289.375001
25344.350001
25399.350001
25454.550001
25509.775001
25565.150001
25620.625001
25676.225001
25731.950001
25787.775001
25843.775001
25899.950001
25956.275001
26012.750001
26069.275001
26125.900001
26182.725001
26239.775001
26296.875001
26354.075001
26411.425001
26468.975001
26526.575001
26584.425001
26642.375001
26700.550001
26758.800001
26817.300001
26875.875001
26934.700001
26993.575001
27052.675001
27112.000001
27171.425001
27231.075001
27290.950001
27351.025001
27411.200001
27471.600001
27532.200001
27593.000001
27654.025001
27715.225001
27776.675001
27838.400001
27900.400001
27962.650001
28025.125001
28087.900001
28151.025001
28214.450001
28278.275001
28342.500001
28407.175001
28472.200001
28537.650001
28603.575001
28669.950001
28736.800001
28804.200001
28872.250001
28941.075001
29010.775001
29081.550001
29153.475001
29226.500001
29300.700001
29376.075001
29452.775001
29531.125001
29611.225001
29693.225001
29777.200001
29863.625001
29953.425001
30048.550001
30150.900001
30319.975001
30415.050001
30516.700001
30621.650001
30728.175001
30835.075001
30942.125001
31049.250001
31156.475001
31263.700001
31371.025001
31478.325001
31585.675001
31693.050001
31800.425001
31907.850001
32015.275001
32122.725001
32230.225001
32337.675001
32445.200001
32552.700001
32660.250001
32767.825001
32875.350001
32982.975001
33090.550001
33198.175001
33305.825001
33413.450001
33521.150001
33628.800001
33736.475001
33844.225001
33951.900001
34059.675001
34167.425001
34275.150001
34382.975001
34490.750001
34598.550001
34706.400001
34814.200001
34922.075001
