1.000000
25.000000
6564.100000
6642.100000
6716.450000
6787.325000
6855.975000
6923.075000
6988.900000
7053.950000
7118.625000
7182.800000
7246.775000
7310.275000
7373.700000
7436.625000
7499.450000
7562.225000
7624.625000
7686.725000
7748.600000
7810.200000
7871.700000
7933.000000
7994.025000
8054.800000
8115.250000
8175.375000
8235.425000
8295.175000
8354.350000
8413.200000
8471.450000
8529.425000
8586.425000
8642.975000
8698.850000
8754.250000
8809.000000
8863.325000
8916.875000
8969.600000
9021.800000
9073.575000
9124.675000
9175.300000
9225.575000
9275.625000
9325.325000
9374.800000
9424.100000
9473.275000
9522.100000
9570.650000
9619.175000
9667.700000
9715.875000
9763.900000
9812.000000
9859.700000
9907.500000
9955.100000
10002.525000
10049.775000
10096.900000
10143.950000
10191.050000
10237.850000
10284.725000
10331.350000
10378.075000
10424.675000
10471.050000
10517.700000
10563.925000
10610.275000
10656.800000
10702.875000
10749.025000
10795.425000
10841.550000
10887.550000
10933.650000
10979.850000
11025.925000
11072.000000
11118.075000
11163.875000
11209.750000
11255.725000
11301.675000
11347.475000
11393.300000
11439.225000
11485.225000
11531.050000
11576.950000
11623.050000
11669.000000
11714.850000
11760.750000
11806.750000
11852.500000
11898.275000
11944.150000
11990.075000
12035.800000
12081.575000
12127.400000
12173.325000
12219.075000
12264.800000
12310.600000
12356.550000
12402.300000
12448.000000
12493.750000
12539.625000
12585.400000
12630.975000
12676.475000
12722.075000
12767.775000
12813.325000
12858.750000
12904.200000
12949.650000
12995.200000
13040.650000
13085.925000
13131.150000
13176.350000
13221.550000
13266.825000
13312.050000
13357.200000
13402.250000
13447.225000
13492.150000
13537.100000
13581.950000
13626.675000
13671.550000
13716.500000
13761.225000
13806.050000
13850.975000
13895.775000
13940.475000
13985.250000
14030.050000
14074.750000
14119.375000
14163.900000
14208.425000
14253.000000
14297.575000
14342.225000
14386.875000
14431.575000
14476.150000
14520.700000
14565.225000
14609.750000
14654.300000
14698.775000
14743.325000
14787.900000
14832.525000
14877.225000
14921.925000
14966.575000
15011.100000
15055.700000
15100.300000
15145.000000
15189.775000
15234.525000
15279.175000
15323.750000
15368.375000
15413.050000
15457.775000
15502.450000
15547.025000
15591.600000
15636.075000
15680.600000
15725.100000
15769.625000
15814.100000
15858.600000
15903.150000
15947.750000
15992.425000
16037.075000
16081.700000
16126.200000
16170.725000
16215.250000
16259.750000
16304.300000
16348.750000
16393.275000
16437.800000
16482.375000
16527.000000
16571.700000
16616.425000
16660.975000
16705.575000
16750.125000
16794.750000
16839.400000
16884.175000
16928.975000
16973.550000
17018.175000
17062.775000
17107.450000
17152.150000
17196.850000
17241.475000
17285.975000
17330.500000
17375.025000
17419.525000
17464.000000
17508.500000
17553.025000
17597.550000
17642.175000
17686.775000
17731.475000
17776.075000
17820.625000
17865.150000
17909.675000
17954.225000
17998.675000
18043.175000
18087.700000
18132.250000
18176.750000
18221.350000
18266.050001
18310.750001
18355.400001
18399.975001
18444.550001
18489.100001
18533.700001
18578.475001
18623.250001
18667.925001
18712.550001
18757.175001
18801.775001
18846.450001
18891.200001
18935.825001
18980.400001
19024.925001
19069.450001
19113.925001
19158.400001
19202.925001
19247.450001
19292.000001
19336.525001
19381.125001
19425.800001
19470.450001
19515.050001
19559.575001
19604.125001
19648.600001
19693.100001
19737.600001
19782.125001
19826.625001
19871.125001
19915.725001
19960.375001
20005.100001
20049.750001
20094.350001
20138.950001
20183.600001
20228.450001
20273.375001
20318.175001
20363.100001
20408.050001
20452.875001
20497.875001
20542.925001
20588.000001
20633.200001
20678.550001
20723.875001
20769.200001
20814.500001
20859.925001
20905.450001
20951.075001
20996.725001
21042.450001
21088.250001
21134.250001
21180.175001
21226.050001
21272.050001
21318.125001
21364.075001
21410.225001
21456.650001
21502.800001
21549.125001
21595.700001
21642.150001
21688.725001
21735.450001
21782.100001
21829.025001
21875.800001
21922.925001
21969.900001
22017.100001
22064.125001
22111.375001
22158.575001
22206.075001
22253.575001
22301.275001
22348.750001
22396.600001
22444.475001
22492.375001
22540.500001
22588.600001
22636.775001
22685.250001
22733.725001
22782.225001
22830.825001
22879.725001
22928.800001
22977.800001
23026.875001
23076.175001
23125.600001
23175.200001
23224.925001
23274.850001
23324.925001
23375.125001
23425.600001
23476.275001
23527.175001
23578.450001
23629.925001
23681.500001
23733.275001
23785.325001
23837.450001
23889.900001
23942.425001
23995.300001
24048.150001
24101.275001
24154.400001
24207.800001
24261.325001
24314.975001
24368.925001
24423.050001
24477.250001
24531.650001
24586.100001
24640.850001
24695.750001
24750.775001
24805.925001
24861.150001
24916.550001
24972.050001
25027.675001
25083.425001
25139.375001
25195.525001
25251.700001
25308.025001
25364.425001
25420.925001
25477.600001
25534.475001
25591.425001
25648.425001
25705.625001
25762.975001
25820.425001
25878.050001
25935.775001
25993.650001
26051.725001
26109.800001
26168.150001
26226.500001
26285.125001
26343.875001
26402.775001
26461.875001
26521.050001
26580.425001
26640.000001
26699.675001
26759.525001
26819.575001
26879.875001
26940.350001
27001.000001
27061.875001
27122.975001
27184.350001
27245.925001
27307.800001
27369.950001
27432.425001
27495.250001
27558.300001
27621.600001
27685.250001
27749.050001
27813.175001
27877.500001
27942.100001
28007.000001
28072.100001
28137.500001
28203.200001
28269.225001
28335.600001
28402.275001
28469.325001
28536.700001
28604.500001
28672.725001
28741.475001
28810.700001
28880.600001
28951.200001
29022.500001
29094.575001
29167.425001
29241.050001
29315.500001
29390.925001
29467.450001
29545.125001
29624.025001
29704.150001
29785.475001
29868.025001
29951.775001
30036.775001
30122.950001
30209.600001
30296.800001
30384.525001
30472.850001
30561.850001
30651.675001
30742.400001
30834.275001
30927.625001
31022.475001
31118.275001
31214.700001
31311.725001
31409.675001
31509.175001
31612.400001
31866.425001
31959.550001
32212.425001
32305.350001
32557.950001
32650.650001
32883.450001
32976.950001
33228.825001
33321.575001
33554.925001
33648.375001
33900.250001
33993.025001
34226.225001
34319.700001
34571.525001
34664.300001
34897.500001
34990.975001
