10.000000
10.000000
5062.925000
5156.700000
5248.750000
5338.550000
5426.325000
5512.425000
5596.950000
5680.075000
5761.600000
5841.725000
5920.525000
5998.325000
6075.325000
6151.750000
6227.500000
6302.725000
6377.400000
6451.725000
6525.450000
6598.675000
6671.425000
6743.900000
6815.800000
6887.200000
6958.100000
7028.400000
7098.025000
7166.875000
7234.850000
7302.050000
7368.550000
7434.175000
7498.875000
7563.125000
7626.600000
7689.625000
7752.050000
7813.725000
7874.800000
7935.525000
7995.825000
8055.525000
8114.725000
8173.625000
8231.750000
8289.525000
8346.825000
8403.500000
8459.550000
8514.900000
8569.700000
8624.150000
8678.375000
8732.100000
8785.625000
8838.825000
8891.625000
8944.200000
8996.550000
9048.525000
9100.350000
9152.025000
9203.575000
9255.025000
9306.425000
9357.625000
9408.525000
9459.350000
9510.025000
9560.650000
9611.125000
9661.450000
9711.750000
9761.975000
9812.025000
9861.900000
9911.550000
9960.975000
10010.175000
10059.350000
10108.275000
10157.300000
10206.300000
10255.250000
10304.025000
10352.700000
10401.475000
10450.200000
10498.775000
10547.425000
10596.200000
10645.100000
10693.900000
10742.700000
10791.450000
10840.200000
10888.825000
10937.400000
10986.000000
11034.750000
11083.350000
11131.925000
11180.500000
11229.275000
11277.875000
11326.375000
11374.950000
11423.625000
11472.225000
11520.725000
11569.325000
11618.025000
11666.625000
11715.125000
11763.675000
11812.375000
11860.900000
11909.450000
11958.025000
12006.750000
12055.300000
12103.850000
12152.425000
12201.100000
12249.650000
12298.175000
12346.825000
12395.525000
12444.050000
12492.625000
12541.275000
12589.950000
12638.475000
12687.025000
12735.650000
12784.375000
12832.900000
12881.475000
12930.125000
12978.850000
13027.350000
13075.900000
13124.550000
13173.250000
13221.775000
13270.350000
13319.000000
13367.725000
13416.275000
13464.775000
13513.425000
13562.125000
13610.650000
13659.225000
13707.875000
13756.600000
13805.150000
13853.725000
13902.325000
13951.025000
13999.550000
14048.100000
14096.750000
14145.475000
14194.025000
14242.600000
14291.250000
14339.925000
14388.450000
14437.000000
14485.625000
14534.350000
14582.875000
14631.450000
14680.125000
14728.850000
14777.325000
14825.900000
14874.525000
14923.225000
14971.775000
15020.325000
15069.000000
15117.725000
15166.275000
15214.775000
15263.425000
15312.125000
15360.650000
15409.225000
15457.875000
15506.600000
15555.150000
15603.725000
15652.325000
15701.025000
15749.550000
15798.100000
15846.750000
15895.475000
15944.025000
15992.600000
16041.250000
16089.925000
16138.450000
16187.000000
16235.625000
16284.350000
16332.875000
16381.450000
16430.125000
16478.850000
16527.325000
16575.900000
16624.525000
16673.225000
16721.775000
16770.325000
16819.000000
16867.725000
16916.275000
16964.775000
17013.425000
17062.125000
17110.650000
17159.225000
17207.875000
17256.600000
17305.150000
17353.725000
17402.325000
17451.025000
17499.550000
17548.100000
17596.750000
17645.475000
17694.025000
17742.600000
17791.250000
17839.925000
17888.450000
17937.000000
17985.625000
18034.350000
18082.875000
18131.450000
18180.125000
18228.850001
18277.325001
18325.900001
18374.525001
18423.225001
18471.775001
18520.325001
18569.000001
18617.725001
18666.275001
18714.775001
18763.425001
18812.125001
18860.650001
18909.225001
18957.875001
19006.600001
19055.150001
19103.725001
19152.325001
19201.025001
19249.550001
19298.100001
19346.750001
19395.475001
19444.025001
19492.600001
19541.250001
19589.925001
19638.450001
19687.000001
19735.625001
19784.350001
19832.875001
19881.450001
19930.125001
19978.850001
20027.325001
20075.900001
20124.575001
20173.350001
20222.000001
20270.650001
20319.400001
20368.350001
20417.475001
20466.575001
20515.525001
20564.675001
20613.900001
20663.300001
20712.825001
20762.375001
20812.025001
20861.775001
20911.600001
20961.425001
21011.250001
21061.150001
21111.125001
21161.175001
21211.300001
21261.625001
21312.150001
21362.600001
21413.175001
21463.775001
21514.375001
21565.150001
21616.050001
21667.175001
21718.275001
21769.325001
21820.500001
21871.825001
21923.350001
21974.775001
22026.225001
22077.850001
22129.675001
22181.550001
22233.475001
22285.525001
22337.600001
22389.925001
22442.225001
22494.725001
22547.150001
22599.750001
22652.450001
22705.325001
22758.175001
22811.175001
22864.225001
22917.650001
22970.925001
23024.475001
23078.200001
23131.875001
23185.725001
23239.825001
23293.950001
23348.150001
23402.475001
23456.950001
23511.425001
23566.075001
23620.800001
23675.600001
23730.575001
23785.675001
23840.975001
23896.400001
23951.900001
24007.550001
24063.300001
24119.150001
24175.000001
24231.000001
24287.150001
24343.400001
24399.800001
24456.450001
24513.175001
24570.025001
24626.975001
24684.200001
24741.450001
24798.700001
24856.250001
24913.850001
24971.625001
25029.700001
25087.725001
25145.950001
25204.275001
25262.825001
25321.475001
25380.375001
25439.400001
25498.550001
25557.925001
25617.550001
25677.250001
25737.150001
25797.175001
25857.450001
25917.950001
25978.600001
26039.475001
26100.525001
26161.825001
26223.300001
26284.950001
26346.800001
26408.850001
26471.125001
26533.625001
26596.400001
26659.375001
26722.625001
26786.075001
26849.800001
26913.775001
26978.050001
27042.625001
27107.575001
27172.825001
27238.375001
27304.225001
27370.425001
27436.975001
27503.950001
27571.300001
27639.150001
27707.500001
27776.250001
27845.425001
27914.900001
27984.800001
28055.000001
28125.600001
28196.600001
28267.975001
28339.725001
28411.875001
28484.500001
28557.525001
28631.025001
28705.000001
28779.550001
28854.600001
28930.250001
29006.525001
29083.400001
29160.875001
29239.025001
29317.875001
29397.425001
29477.725001
29558.900001
29640.975001
29724.100001
29808.500001
29894.575001
29983.000001
30074.450001
30168.400001
30263.900001
30360.300001
30457.325001
30555.050001
30653.750001
30754.100001
30856.025001
30958.600001
31061.350001
31164.175001
31267.025001
31369.875001
31472.725001
31575.600001
31678.475001
31781.375001
31884.275001
31987.175001
32090.100001
32193.025001
32295.950001
32398.875001
32501.825001
32604.775001
32707.700001
32810.650001
32913.600001
33016.550001
33119.500001
33222.475001
33325.425001
33428.400001
33531.350001
33634.325001
33737.275001
33840.250001
33943.225001
34046.175001
34149.150001
34252.125001
34355.100001
34458.050001
34561.025001
34664.000001
34766.975001
34869.950001
34972.925001
