100.000000
3.000000
6088.975000
6171.800000
6257.300000
6342.575000
6427.200000
6511.200000
6594.525000
6677.050000
6759.175000
6840.725000
6921.450000
7001.775000
7081.475000
7160.550000
7239.125000
7317.275000
7395.000000
7472.100000
7548.600000
7624.850000
7700.675000
7776.050000
7851.125000
7925.700000
7999.900000
8073.775000
8147.200000
8220.325000
8293.075000
8365.300000
8437.275000
8509.000000
8580.525000
8651.650000
8722.375000
8792.825000
8863.150000
8933.075000
9002.650000
9071.950000
9141.150000
9209.875000
9278.500000
9346.900000
9414.850000
9482.650000
9550.200000
9617.625000
9684.775000
9751.550000
9818.175000
9884.550000
9950.700000
10016.625000
10082.100000
10147.575000
10213.250000
10279.025000
10344.475000
10409.800000
10475.175000
10540.775000
10606.475000
10671.950000
10737.300000
10802.675000
10868.225000
10933.575000
10998.775000
11064.050000
11129.625000
11195.200000
11260.650000
11326.025000
11391.500000
11457.000000
11522.275000
11587.450000
11652.725000
11718.200000
11783.450000
11848.625000
11913.850000
11979.350000
12044.650000
12109.800000
12175.050000
12240.450000
12305.750000
12370.900000
12436.125000
12501.475000
12566.800000
12632.000000
12697.250000
12762.625000
12827.850000
12893.050000
12958.300000
13023.675000
13088.875000
13154.125000
13219.400000
13284.800000
13350.025000
13415.200000
13480.500000
13545.900000
13611.100000
13676.250000
13741.600000
13807.025000
13872.250000
13937.425000
14002.675000
14068.125000
14133.350000
14198.500000
14263.750000
14329.225000
14394.500000
14459.650000
14524.925000
14590.300000
14655.575000
14720.750000
14786.000000
14851.375000
14916.675000
14981.875000
15047.150000
15112.525000
15177.750000
15242.975000
15308.225000
15373.625000
15438.825000
15504.075000
15569.375000
15634.775000
15700.000000
15765.150000
15830.475000
15895.875000
15961.075000
16026.250000
16091.575000
16157.025000
16222.250000
16287.400000
16352.675000
16418.100000
16483.350000
16548.500000
16613.750000
16679.225000
16744.500000
16809.650000
16874.925000
16940.300000
17005.575000
17070.750000
17136.000000
17201.375000
17266.675000
17331.875000
17397.150000
17462.525000
17527.750000
17592.975000
17658.225000
17723.625000
17788.825000
17854.075000
17919.375000
17984.775000
18050.000000
18115.150000
18180.475000
18245.875001
18311.075001
18376.250001
18441.575001
18507.025001
18572.250001
18637.400001
18702.675001
18768.100001
18833.350001
18898.500001
18963.750001
19029.225001
19094.500001
19159.650001
19224.925001
19290.300001
19355.575001
19420.750001
19486.000001
19551.375001
19616.675001
19681.875001
19747.150001
19812.525001
19877.750001
19942.975001
20008.225001
20073.625001
20138.950001
20204.550001
20270.425001
20336.450001
20402.700001
20469.275001
20535.975001
20602.875001
20670.150001
20737.575001
20805.350001
20873.450001
20941.700001
21010.125001
21079.100001
21148.125001
21217.775001
21287.325001
21357.475001
21427.725001
21498.250001
21569.275001
21640.625001
21712.300001
21784.375001
21856.850001
21929.700001
22002.750001
22076.100001
22149.850001
22224.200001
22298.725001
22373.850001
22449.200001
22525.150001
22601.525001
22678.350001
22755.700001
22833.425001
22911.725001
22990.700001
23070.150001
23150.075001
23230.650001
23311.775001
23393.625001
23476.100001
23559.325001
23643.250001
23727.825001
23813.475001
23899.875001
23987.250001
24075.750001
24165.300001
24256.275001
24348.600001
24442.625001
24538.425001
24636.950001
24738.975001
