100.000000
36.000000
11116.425000
11181.500000
11247.475000
11312.800000
11377.075000
11441.575000
11505.375000
11569.275000
11632.575000
11696.325000
11759.525000
11822.800000
11886.150000
11949.100000
12012.500000
12075.625000
12138.700000
12202.075000
12265.100000
12328.150000
12391.525000
12454.450000
12517.825000
12580.900000
12643.875000
12707.325000
12770.350000
12833.350000
12896.650000
12959.575000
13022.550000
13085.800000
13148.600000
13211.600000
13274.825000
13337.600000
13400.675000
13463.850000
13526.600000
13589.725000
13652.875000
13715.650000
13778.925000
13842.025000
13904.975000
13968.375000
14031.350000
14094.350000
14157.675000
14220.625000
14283.500000
14346.775000
14409.600000
14472.500000
14535.750000
14598.550000
14661.425000
14724.650000
14787.425000
14850.350000
14913.575000
14976.350000
15039.250000
15102.475000
15165.225000
15228.175000
15291.450000
15354.275000
15417.450000
15480.625000
15543.450000
15606.700000
15669.700000
15732.500000
15795.750000
15858.675000
15921.450000
15984.700000
16047.625000
16110.450000
16173.700000
16236.575000
16299.425000
16362.700000
16425.625000
16488.550000
16551.750000
16614.650000
16677.575000
16740.825000
16803.825000
16866.775000
16930.125000
16993.000000
17056.025000
17119.275000
17182.025000
17245.100000
17308.275000
17370.975000
17434.025000
17497.175000
17559.875000
17622.950000
17686.075000
17748.775000
17811.775000
17874.950000
17937.650000
18000.700000
18063.825000
18126.525000
18189.550000
18252.725001
18315.425001
18378.525001
18441.725001
18504.575001
18567.850001
18630.825001
18693.675001
18756.975001
18819.925001
18882.825001
18946.075001
19008.950001
19071.850001
19135.075001
19198.000001
19260.900001
19324.100001
19386.975001
19449.875001
19513.100001
19576.025001
19638.850001
19702.075001
19764.975001
19827.800001
19891.100001
19954.025001
20017.000001
20080.300001
20143.175001
20206.650001
20270.050001
20333.550001
20397.350001
20461.125001
20525.300001
20589.700001
20654.275001
20719.350001
20784.475001
20849.525001
20915.050001
20981.000001
21047.200001
21113.700001
21180.525001
21247.450001
21314.600001
21382.100001
21449.700001
21518.150001
21586.600001
21655.450001
21724.800001
21794.250001
21864.250001
21934.600001
22005.300001
22076.325001
22148.025001
22220.375001
22293.050001
22365.825001
22439.125001
22513.375001
22587.900001
22663.250001
22738.900001
22815.475001
22893.150001
22971.550001
23050.250001
23130.650001
23212.025001
23313.300001
23392.725001
23479.025001
23613.450001
23690.000001
23838.000001
23915.050001
24093.400001
24171.325001
24378.350001
24478.025001
24715.750001
24890.575001
25141.275001
25437.825001
26034.600001
