200.000000
3.000000
9216.475000
9267.525000
9314.725000
9359.225000
9401.900000
9442.750000
9482.575000
9521.425000
9559.275000
9596.550000
9633.100000
9669.125000
9704.850000
9740.100000
9775.100000
9809.575000
9843.925000
9878.325000
9912.175000
9945.850000
9979.500000
10012.975000
10046.350000
10079.600000
10112.575000
10145.325000
10178.375000
10211.150000
10243.825000
10276.400000
10309.050000
10341.675000
10374.275000
10406.700000
10439.375000
10471.775000
10504.175000
10536.725000
10569.075000
10601.425000
10633.925000
10666.275000
10698.450000
10730.975000
10763.275000
10795.500000
10827.950000
10860.250000
10892.500000
10924.775000
10957.025000
10989.425000
11021.675000
11053.850000
11086.025000
11118.325000
11150.625000
11182.800000
11214.925000
11247.100000
11279.300000
11311.625000
11343.825000
11375.900000
11408.000000
11440.050000
11472.175000
11504.200000
11536.450000
11568.650000
11600.775000
11632.825000
11664.850000
11696.875000
11728.875000
11760.850000
11792.750000
11824.750000
11856.700000
11888.675000
11920.525000
11952.525000
11984.475000
12016.500000
12048.325000
12080.300000
12112.225000
12144.225000
12176.075000
12208.025000
12239.975000
12271.950000
12303.875000
12335.800000
12367.725000
12399.725000
12431.625000
12463.575000
12495.500000
12527.475000
12559.375000
12591.375000
12623.275000
12655.250000
12687.150000
12719.150000
12751.050000
12783.000000
12814.925000
12846.900000
12878.875000
12910.800000
12942.700000
12974.700000
13006.625000
13038.575000
13070.450000
13102.450000
13134.400000
13166.400000
13198.250000
13230.225000
13262.175000
13294.175000
13326.025000
13358.000000
13389.950000
13421.925000
13453.850000
13485.800000
13517.725000
13549.700000
13581.600000
13613.550000
13645.475000
13677.475000
13709.375000
13741.375000
13773.275000
13805.250000
13837.150000
13869.150000
13901.050000
13933.000000
13964.925000
13996.900000
14028.875000
14060.800000
14092.700000
14124.700000
14156.625000
14188.575000
14220.450000
14252.450000
14284.400000
14316.400000
14348.250000
14380.225000
14412.175000
14444.175000
14476.025000
14508.000000
14539.950000
14571.925000
14603.850000
14635.800000
14667.725000
14699.700000
14731.600000
14763.550000
14795.475000
14827.475000
14859.375000
14891.375000
14923.275000
14955.250000
14987.150000
15019.150000
15051.050000
15083.000000
15114.925000
15146.900000
15178.875000
15210.800000
15242.700000
15274.700000
15306.625000
15338.575000
15370.450000
15402.450000
15434.400000
15466.400000
15498.250000
15530.225000
15562.175000
15594.175000
15626.025000
15658.000000
15689.950000
15721.925000
15753.850000
15785.800000
15817.725000
15849.700000
15881.600000
15913.550000
15945.475000
15977.475000
16009.375000
16041.375000
16073.275000
16105.250000
16137.150000
16169.150000
16201.050000
16233.000000
16264.925000
16296.900000
16328.875000
16360.800000
16392.700000
16424.700000
16456.625000
16488.575000
16520.450000
16552.450000
16584.400000
16616.400000
16648.250000
16680.225000
16712.175000
16744.175000
16776.025000
16808.000000
16839.950000
16871.925000
16903.850000
16935.800000
16967.725000
16999.700000
17031.600000
17063.550000
17095.475000
17127.475000
17159.375000
17191.375000
17223.275000
17255.250000
17287.150000
17319.150000
17351.050000
17383.000000
17414.925000
17446.900000
17478.875000
17510.800000
17542.700000
17574.700000
17606.625000
17638.575000
17670.450000
17702.450000
17734.400000
17766.400000
17798.250000
17830.225000
17862.175000
17894.175000
17926.025000
17958.000000
17989.950000
18021.925000
18053.850000
18085.800000
18117.725000
18149.700000
18181.600000
18213.550000
18245.475001
18277.475001
18309.375001
18341.375001
18373.275001
18405.250001
18437.150001
18469.150001
18501.050001
18533.000001
18564.925001
18596.900001
18628.875001
18660.800001
18692.700001
18724.700001
18756.625001
18788.575001
18820.450001
18852.450001
18884.400001
18916.400001
18948.250001
18980.225001
19012.175001
19044.175001
19076.025001
19108.000001
19139.950001
19171.925001
19203.850001
19235.800001
19267.725001
19299.700001
19331.600001
19363.550001
19395.475001
19427.475001
19459.375001
19491.375001
19523.275001
19555.250001
19587.150001
19619.150001
19651.050001
19683.000001
19714.925001
19746.900001
19778.875001
19810.800001
19842.700001
19874.700001
19906.625001
19938.575001
19970.450001
20002.450001
20034.400001
20066.400001
20098.250001
20130.250001
20162.225001
20194.300001
20226.225001
20258.350001
20290.600001
20322.875001
20355.050001
20387.175001
20419.450001
20451.825001
20484.125001
20516.450001
20548.750001
20581.225001
20613.525001
20646.025001
20678.525001
20710.950001
20743.550001
20775.950001
20808.700001
20841.250001
20874.000001
20906.550001
20939.400001
20972.050001
21004.825001
21037.525001
21070.250001
21103.275001
21136.075001
21168.900001
21201.950001
21234.950001
21267.750001
21300.750001
21333.950001
21367.175001
21400.400001
21433.600001
21466.750001
21499.775001
21532.875001
21566.125001
21599.400001
21632.700001
21666.075001
21699.425001
21732.775001
21766.200001
21799.600001
21832.975001
21866.450001
21899.975001
21933.625001
21967.300001
22000.875001
22034.475001
22068.175001
22101.975001
22135.675001
22169.550001
22203.450001
22237.200001
22271.125001
22305.000001
22339.075001
22373.025001
22407.150001
22441.175001
22475.450001
22509.475001
22543.700001
22578.100001
22612.250001
22646.575001
22681.075001
22715.450001
22749.775001
22784.200001
22818.775001
22853.425001
22888.075001
22922.825001
22957.550001
22992.350001
23027.125001
23061.950001
23096.750001
23131.575001
23166.475001
23201.350001
23236.450001
23271.525001
23306.575001
23341.800001
23377.000001
23412.175001
23447.575001
23482.825001
23518.300001
23553.675001
23589.300001
23624.750001
23660.350001
23696.025001
23731.600001
23767.400001
23803.350001
23839.325001
23875.350001
23911.375001
23947.450001
23983.600001
24019.825001
24056.150001
24092.475001
24128.825001
24165.225001
24201.825001
24238.400001
24275.175001
24311.925001
24348.800001
24385.650001
24422.800001
24459.875001
24496.975001
24534.200001
24571.550001
24609.025001
24646.550001
24684.150001
24721.750001
24759.400001
24797.175001
24835.100001
24873.050001
24911.075001
24949.250001
24987.425001
25025.750001
25064.300001
25102.850001
25141.425001
25180.125001
25218.950001
25257.850001
25296.875001
25335.950001
25375.225001
25414.600001
25454.000001
25493.575001
25533.200001
25573.000001
25613.000001
25653.150001
25693.300001
25733.675001
25774.175001
25814.800001
25855.575001
25896.525001
25937.625001
25978.850001
26020.275001
26061.900001
26103.650001
26145.500001
26187.500001
26229.775001
26272.100001
26314.650001
26357.400001
26400.325001
26443.325001
26486.600001
26529.975001
26573.500001
26617.325001
26661.300001
26705.400001
26749.725001
26794.275001
26839.125001
26884.225001
26929.625001
26975.275001
27021.125001
27067.325001
27113.725001
27160.400001
27207.475001
27254.800001
27302.400001
27350.375001
27398.575001
27447.125001
27496.050001
27545.325001
27595.025001
27645.100001
27695.500001
27746.400001
27797.800001
27849.600001
27902.025001
27955.025001
28008.775001
28063.250001
28118.525001
28174.575001
28231.525001
28289.350001
28348.100001
28407.850001
28468.700001
28530.825001
28594.375001
28659.825001
28727.800001
28799.550001
28878.825001
29018.300001
29079.175001
29149.350001
29340.725001
29402.625001
29645.200001
29707.675001
30132.750001
30196.975001
30696.100001
30758.800001
31241.325001
31304.025001
31785.250001
31847.925001
32329.050001
32391.700001
32872.475001
32935.150001
33415.450001
33478.125001
33958.225001
34020.900001
34500.875001
34563.575001
