2.000000
6.000000
10362.250000
10417.325000
10470.550000
10522.625000
10573.200000
10622.825000
10670.925000
10718.250000
10764.700000
10810.400000
10855.325000
10899.650000
10943.675000
10987.125000
11030.250000
11073.125000
11115.800000
11158.050000
11200.325000
11242.375000
11284.200000
11325.800000
11367.450000
11408.975000
11450.425000
11491.525000
11532.550000
11573.375000
11614.425000
11655.150000
11695.750000
11736.575000
11777.175000
11817.700000
11858.125000
11898.350000
11938.675000
11979.025000
12019.375000
12059.500000
12099.750000
12139.950000
12180.200000
12220.375000
12260.600000
12300.875000
12341.175000
12381.425000
12421.625000
12461.925000
12502.175000
12542.425000
12582.575000
12622.875000
12663.100000
12703.375000
12743.300000
12783.100000
12823.050000
12863.075000
12903.125000
12942.700000
12982.475000
13022.125000
13061.825000
13101.225000
13140.825000
13180.150000
13219.400000
13258.575000
13297.775000
13336.825000
13375.725000
13414.575000
13453.400000
13492.100000
13530.300000
13568.625000
13606.650000
13644.725000
13682.550000
13720.250000
13757.825000
13795.300000
13832.650000
13870.050000
13907.250000
13944.100000
13981.150000
14017.800000
14054.550000
14091.225000
14127.825000
14164.475000
14200.900000
14237.200000
14273.450000
14309.650000
14345.950000
14382.275000
14418.725000
14455.000000
14491.300000
14527.450000
14563.575000
14599.700000
14635.775000
14671.875000
14707.950000
14744.050000
14780.125000
14816.250000
14852.325000
14888.350000
14924.475000
14960.500000
14996.625000
15032.675000
15068.800000
15104.825000
15140.950000
15176.950000
15213.000000
15248.800000
15284.500000
15320.250000
15356.250000
15392.225000
15428.225000
15463.875000
15499.475000
15535.325000
15570.850000
15606.450000
15642.275000
15678.125000
15713.575000
15749.225000
15784.825000
15820.275000
15856.075000
15891.625000
15927.125000
15962.700000
15998.075000
16033.800000
16069.200000
16104.725000
16140.100000
16175.625000
16210.975000
16246.475000
16281.725000
16317.300000
16352.625000
16388.000000
16423.250000
16458.775000
16494.025000
16529.450000
16564.725000
16600.025000
16635.350000
16670.450000
16705.850000
16741.100000
16776.100000
16811.475000
16846.650000
16881.675000
16917.000000
16952.150000
16987.125000
17022.225000
17057.375000
17092.450000
17127.425000
17162.300000
17197.300000
17232.200000
17267.300000
17302.250000
17337.050000
17371.875000
17406.625000
17441.375000
17475.975000
17510.675000
17545.375000
17580.075000
17614.750000
17649.450000
17684.150000
17718.850000
17753.550000
17788.175000
17822.875000
17857.550000
17892.250000
17926.750000
17961.250000
17995.475000
18029.925000
18064.500000
18098.825000
18133.025000
18167.400000
18201.875000
18236.125001
18270.275001
18304.650001
18338.850001
18373.025001
18407.375001
18441.500001
18475.700001
18509.750001
18543.850001
18578.225001
18612.200001
18646.425001
18680.400001
18714.550001
18748.400001
18782.500001
18816.525001
18850.625001
18884.525001
18918.625001
18952.550001
18986.650001
19020.425001
19054.400001
19088.275001
19122.225001
19156.225001
19190.000001
19223.975001
19257.800001
19291.675001
19325.600001
19359.300001
19392.900001
19426.675001
19460.450001
19494.150001
19527.975001
19561.775001
19595.375001
19628.975001
19662.600001
19696.325001
19729.950001
19763.475001
19796.975001
19830.400001
19863.800001
19897.300001
19930.850001
19964.450001
19997.925001
20031.375001
20064.750001
20098.100001
20131.475001
20164.825001
20198.150001
20231.550001
20264.925001
20298.275001
20331.675001
20365.100001
20398.550001
20432.225001
20466.000001
20499.700001
20533.575001
20567.425001
20601.175001
20635.225001
20669.150001
20703.350001
20737.250001
20771.425001
20805.675001
20839.825001
20874.225001
20908.750001
20942.950001
20977.325001
21011.900001
21046.550001
21081.275001
21116.025001
21150.800001
21185.600001
21220.375001
21255.225001
21290.125001
21325.275001
21360.375001
21395.475001
21430.850001
21466.150001
21501.525001
21536.950001
21572.650001
21608.125001
21643.800001
21679.700001
21715.525001
21751.250001
21787.100001
21823.100001
21859.225001
21895.375001
21931.575001
21967.850001
22004.250001
22040.925001
22077.500001
22114.400001
22151.125001
22188.100001
22225.300001
22262.350001
22299.550001
22336.950001
22374.475001
22412.100001
22449.800001
22487.600001
22525.700001
22563.850001
22602.200001
22640.875001
22679.700001
22718.675001
22757.725001
22796.900001
22836.325001
22875.825001
22915.650001
22955.650001
22995.700001
23036.000001
23076.500001
23117.450001
23158.650001
23199.925001
23241.450001
23283.125001
23325.300001
23367.600001
23410.225001
23453.275001
23496.500001
23539.875001
23583.600001
23627.425001
23671.625001
23716.175001
23760.900001
23806.175001
23851.700001
23897.600001
23943.725001
23990.125001
24036.950001
24084.125001
24131.550001
24179.400001
24227.400001
24275.900001
24324.775001
24374.100001
24423.775001
24473.850001
24524.400001
24575.550001
24626.950001
24678.950001
24731.500001
24784.550001
24838.225001
24892.750001
24948.100001
25004.400001
25061.775001
25120.475001
25180.725001
25242.800001
25307.400001
25375.600001
25452.950001
25615.725001
25675.550001
25745.500001
25988.025001
26048.500001
26401.450001
26462.675001
