10.000000
8.000000
265.250000
341.600000
406.875000
464.875000
517.850000
565.750000
609.925000
653.100000
695.625000
737.125000
778.700000
819.425000
859.975000
900.800000
941.350000
981.650000
1021.975000
1062.325000
1102.425000
1142.650000
1182.900000
1223.275000
1263.400000
1303.550000
1343.725000
1384.175000
1424.350000
1464.275000
1504.300000
1544.350000
1584.525000
1624.525000
1664.475000
1704.675000
1744.925000
1785.075000
1824.925000
1864.925000
1905.100000
1945.425000
1985.525000
2025.525000
2065.500000
2105.550000
2145.675000
2185.675000
2225.700000
2265.825000
2306.150000
2346.275000
2386.125000
2426.100000
2466.250000
2506.550000
2546.625000
2586.525000
2626.450000
2666.575000
2706.725000
2746.725000
2786.675000
2826.650000
2866.775000
2906.850000
2946.825000
2986.775000
3026.825000
3067.125000
3107.225000
3147.100000
3187.075000
3227.150000
3267.625000
3307.725000
3347.725000
3387.675000
3427.725000
3467.875000
3507.875000
3547.900000
3588.000000
3628.300000
3668.425000
3708.250000
3748.250000
3788.350000
3828.775000
3868.850000
3908.750000
3948.675000
3988.725000
4028.950000
4068.975000
4108.900000
4148.875000
4188.900000
4229.075000
4269.050000
4309.025000
4349.050000
4389.200000
4429.325000
4469.225000
4509.200000
4549.300000
4589.675000
4629.925000
4669.900000
4709.850000
4749.875000
4790.050000
4830.100000
4870.125000
4910.200000
4950.450000
4990.575000
5030.425000
5070.450000
5110.550000
5150.925000
5191.100000
5231.025000
5270.950000
5311.000000
5351.150000
5391.225000
5431.175000
5471.200000
5511.250000
5551.300000
5591.350000
5631.300000
5671.375000
5711.675000
5751.800000
5791.725000
5831.700000
5871.750000
5912.075000
5952.175000
5992.250000
6032.275000
6072.325000
6112.425000
6152.400000
6192.475000
6232.625000
6273.025000
6313.200000
6353.150000
6393.075000
6433.125000
6473.300000
6513.350000
6553.400000
6593.425000
6633.500000
6673.550000
6713.525000
6753.600000
6793.700000
6834.050000
6874.225000
6914.075000
6954.100000
6994.150000
7034.375000
7074.425000
7114.325000
7154.375000
7194.425000
7234.550000
7274.550000
7314.475000
7354.650000
7394.875000
7434.975000
7474.850000
7514.825000
7555.025000
7595.400000
7635.500000
7675.475000
7715.450000
7755.500000
7795.625000
7835.650000
7875.675000
7915.775000
7956.025000
7996.100000
8035.950000
8075.975000
8116.150000
8156.500000
8196.600000
8236.500000
8276.400000
8316.550000
8356.700000
8396.725000
8436.650000
8476.600000
8516.725000
8556.825000
8596.800000
8636.750000
8676.775000
8717.025000
8757.075000
8797.000000
8836.975000
8877.050000
8917.550000
8957.700000
8997.650000
9037.575000
9077.650000
9117.825000
9157.850000
9197.875000
9237.950000
9278.125000
9318.175000
9358.075000
9398.100000
9438.225000
9478.700000
9518.825000
9558.700000
9598.600000
9638.675000
9678.925000
9718.950000
9758.875000
9798.825000
9838.850000
9879.050000
9919.025000
9958.975000
9999.000000
10039.100000
10079.225000
10119.150000
10159.125000
10199.200000
10239.550000
10279.825000
10319.750000
10359.675000
10399.725000
10439.950000
10480.050000
10520.075000
10560.125000
10600.225000
10640.275000
10680.250000
10720.275000
10760.400000
10800.800000
10841.025000
10880.925000
10920.825000
10960.900000
11001.075000
11041.200000
11081.125000
11121.125000
11161.150000
11201.250000
11241.300000
11281.250000
11321.300000
11361.500000
11401.525000
11441.500000
11481.475000
11521.575000
11561.950000
11602.100000
11642.150000
11682.125000
11722.150000
11762.300000
11802.300000
11842.400000
11882.525000
11922.875000
11963.050000
12002.925000
12042.900000
12082.975000
12123.250000
12163.325000
12203.350000
12243.350000
12283.375000
12323.475000
12363.450000
12403.525000
12443.625000
12483.925000
12524.075000
12563.900000
12603.950000
12644.025000
12684.325000
12724.400000
12764.300000
12804.325000
12844.350000
12884.500000
12924.500000
12964.450000
13004.575000
13044.700000
13084.750000
13124.700000
13164.650000
13204.925000
13245.300000
13285.450000
13325.425000
13365.350000
13405.425000
13445.575000
13485.600000
13525.625000
13565.700000
13605.850000
13645.875000
13685.800000
13725.825000
13766.025000
13806.425000
13846.550000
13886.425000
13926.325000
13966.475000
14006.650000
14046.675000
14086.600000
14126.550000
14166.675000
14206.775000
14246.775000
14286.725000
14326.725000
14366.900000
14406.950000
14446.900000
14486.875000
14526.950000
14567.400000
14607.575000
14647.475000
14687.425000
14727.475000
14767.750000
14807.800000
14847.800000
14887.850000
14927.900000
14968.000000
15007.950000
15048.000000
15088.125000
15128.550000
15168.725000
15208.575000
15248.500000
15288.575000
15328.875000
15368.900000
15408.825000
15448.775000
15488.800000
15529.000000
15569.000000
15608.950000
15648.950000
15689.000000
15729.150000
15769.100000
15809.075000
15849.125000
15889.400000
15929.625000
15969.475000
16009.475000
16049.525000
16089.850000
16130.025000
16170.000000
16210.025000
16250.075000
16290.175000
16330.175000
16370.200000
16410.325000
16450.725000
16490.950000
16530.825000
16570.750000
16610.800000
16651.050000
16691.175000
16731.100000
16771.075000
16811.100000
16851.200000
16891.275000
16931.225000
16971.275000
17011.400000
17051.425000
17091.425000
17131.400000
17171.500000
17211.875000
17252.050000
17292.050000
17332.000000
17372.050000
17412.225000
17452.250000
17492.350000
17532.450000
17572.675000
17612.800000
17652.650000
17692.700000
17732.800000
17773.175000
17813.275000
17853.275000
17893.250000
17933.275000
17973.400000
18013.425000
18053.475000
18093.550000
18133.750000
18173.800000
18213.675000
18253.750001
18293.850001
18334.225001
18374.350001
18414.225001
18454.225001
18494.275001
18534.450001
18574.475001
18614.400001
18654.475001
18694.550001
18734.625001
18774.600001
18814.550001
18854.775001
18895.150001
18935.350001
18975.250001
19015.175001
19055.275001
19095.500001
19135.575001
19175.575001
19215.600001
19255.650001
19295.725001
19335.700001
19375.725001
19415.900001
19456.275001
19496.425001
19536.275001
19576.225001
19616.350001
19656.600001
19696.650001
19736.550001
19776.475001
19816.600001
19856.750001
19896.750001
19936.675001
19976.675001
20016.800001
20056.875001
20096.850001
20136.800001
20176.850001
20217.200001
20257.375001
20297.225001
20337.200001
20377.250001
20417.675001
20457.750001
20497.750001
20537.750001
20577.800001
20617.925001
20657.900001
20697.925001
20738.050001
20778.400001
20818.575001
20858.400001
20898.375001
20938.450001
20978.825001
21018.875001
21058.800001
21098.725001
21138.775001
21178.975001
21218.975001
21258.925001
21298.925001
21338.950001
21379.100001
21419.075001
21459.025001
21499.100001
21539.275001
21579.450001
21619.325001
21659.300001
21699.375001
21739.775001
21779.975001
21819.950001
21859.925001
21899.975001
21940.100001
21980.125001
22020.150001
22060.275001
22100.600001
22140.825001
22180.650001
22220.625001
22260.700001
22301.000001
22341.150001
22381.075001
22421.025001
22461.050001
22501.175001
22541.250001
22581.200001
22621.250001
22661.325001
22701.375001
22741.400001
22781.350001
22821.450001
22861.800001
22901.975001
22941.950001
22981.875001
23021.925001
23062.150001
23102.200001
23142.300001
23182.375001
23222.500001
23262.550001
23302.500001
23342.550001
23382.700001
23423.100001
23463.250001
23503.225001
23543.150001
23583.200001
23623.350001
23663.375001
23703.450001
23743.475001
23783.600001
23823.625001
23863.575001
23903.650001
23943.750001
23984.125001
24024.300001
24064.150001
24104.150001
24144.200001
24184.400001
24224.450001
24264.350001
24304.425001
24344.450001
24384.575001
24424.575001
24464.500001
24504.700001
24545.000001
24585.150001
24625.000001
24665.000001
24705.125001
24745.425001
24785.525001
24825.525001
24865.525001
24905.575001
24945.675001
24985.675001
25025.700001
25065.825001
25106.125001
25146.275001
25186.100001
25226.100001
25266.250001
25306.550001
25346.625001
25386.525001
25426.450001
25466.575001
25506.725001
25546.725001
25586.675001
25626.625001
25666.750001
25706.850001
25746.825001
25786.775001
25826.825001
25867.125001
25907.200001
25947.075001
25987.075001
26027.150001
26067.625001
26107.725001
26147.700001
26187.675001
26227.725001
26267.875001
26307.875001
26347.900001
26388.000001
26428.275001
26468.375001
26508.225001
26548.225001
26588.350001
26628.775001
26668.850001
26708.750001
26748.675001
26788.725001
26828.950001
26868.975001
26908.900001
26948.875001
26988.900001
27029.075001
27069.050001
27109.000001
27149.050001
27189.175001
27229.300001
27269.225001
27309.200001
27349.275001
27389.675001
27429.925001
27469.875001
27509.825001
27549.875001
27590.025001
27630.100001
27670.125001
27710.200001
27750.425001
27790.525001
27830.400001
27870.400001
27910.525001
27950.900001
27991.100001
28031.000001
28070.950001
28110.975001
28151.125001
28191.225001
28231.175001
28271.175001
28311.225001
28351.300001
28391.325001
28431.300001
28471.375001
28511.650001
28551.750001
28591.675001
28631.650001
28671.700001
28712.050001
28752.150001
28792.250001
28832.250001
28872.300001
28912.400001
28952.375001
28992.475001
29032.600001
29073.000001
29113.175001
29153.125001
29193.050001
29233.100001
29273.300001
29313.350001
29353.400001
29393.425001
29433.475001
29473.525001
29513.500001
29553.575001
29593.700001
29635.600001
29678.675001
29722.975001
29768.900001
29816.675001
29866.725001
29919.800001
29977.200001
30041.050001
30115.000001
30190.250001
30267.975001
30347.650001
30429.150001
30512.500001
30598.000001
30685.525001
30774.575001
30864.900001
30956.625001
31050.225001
31146.525001
31246.125001
31348.425001
31452.950001
31559.125001
31666.500001
31775.375001
31887.250001
32004.000001
32123.275001
32242.750001
32362.075001
32481.300001
32600.475001
32719.650001
32838.825001
32957.975001
33077.150001
33196.300001
33315.450001
33434.625001
33553.775001
33672.925001
33792.100001
33911.250001
34030.400001
34149.575001
34268.725001
34387.900001
34507.050001
34626.200001
34745.375001
34864.525001
34983.675001
