1.000000
6.000000
294.675000
370.325000
435.150000
492.550000
544.525000
594.775000
642.850000
690.000000
735.975000
781.650000
826.950000
872.200000
917.375000
962.375000
1007.125000
1051.775000
1096.550000
1141.325000
1185.825000
1230.350000
1274.800000
1319.275000
1363.675000
1408.100000
1452.550000
1497.000000
1541.475000
1585.875000
1630.325000
1674.775000
1719.225000
1763.625000
1808.075000
1852.525000
1896.975000
1941.450000
1985.850000
2030.300000
2074.750000
2119.200000
2163.600000
2208.050000
2252.525000
2296.975000
2341.450000
2385.850000
2430.300000
2474.750000
2519.200000
2563.600000
2608.050000
2652.500000
2696.975000
2741.450000
2785.825000
2830.300000
2874.750000
2919.200000
2963.600000
3008.050000
3052.500000
3096.975000
3141.450000
3185.825000
3230.300000
3274.750000
3319.200000
3363.600000
3408.050000
3452.500000
3496.975000
3541.450000
3585.825000
3630.300000
3674.750000
3719.200000
3763.600000
3808.050000
3852.500000
3896.975000
3941.450000
3985.825000
4030.300000
4074.750000
4119.200000
4163.600000
4208.050000
4252.500000
4296.975000
4341.450000
4385.825000
4430.300000
4474.750000
4519.200000
4563.600000
4608.050000
4652.500000
4696.975000
4741.450000
4785.825000
4830.300000
4874.750000
4919.200000
4963.600000
5008.050000
5052.500000
5096.975000
5141.450000
5185.825000
5230.300000
5274.750000
5319.200000
5363.600000
5408.050000
5452.500000
5496.975000
5541.450000
5585.825000
5630.300000
5674.750000
5719.200000
5763.600000
5808.050000
5852.500000
5896.975000
5941.450000
5985.825000
6030.300000
6074.750000
6119.200000
6163.600000
6208.050000
6252.500000
6296.975000
6341.450000
6385.825000
6430.300000
6474.750000
6519.200000
6563.600000
6608.050000
6652.500000
6696.975000
6741.450000
6785.825000
6830.300000
6874.750000
6919.200000
6963.600000
7008.050000
7052.500000
7096.975000
7141.450000
7185.825000
7230.300000
7274.750000
7319.200000
7363.600000
7408.050000
7452.500000
7496.975000
7541.450000
7585.825000
7630.300000
7674.750000
7719.200000
7763.600000
7808.050000
7852.500000
7896.975000
7941.450000
7985.825000
8030.300000
8074.750000
8119.200000
8163.600000
8208.050000
8252.500000
8296.975000
8341.450000
8385.825000
8430.300000
8474.750000
8519.200000
8563.600000
8608.050000
8652.500000
8696.975000
8741.450000
8785.825000
8830.300000
8874.750000
8919.200000
8963.600000
9008.050000
9052.500000
9096.975000
9141.450000
9185.825000
9230.300000
9274.750000
9319.200000
9363.600000
9408.050000
9452.500000
9496.975000
9541.450000
9585.825000
9630.300000
9674.750000
9719.200000
9763.600000
9808.050000
9852.500000
9896.975000
9941.450000
9985.825000
10030.300000
10074.750000
10119.200000
10163.600000
10208.050000
10252.500000
10296.975000
10341.450000
10385.825000
10430.300000
10474.750000
10519.200000
10563.600000
10608.050000
10652.500000
10696.975000
10741.450000
10785.825000
10830.300000
10874.750000
10919.200000
10963.600000
11008.050000
11052.500000
11096.975000
11141.450000
11185.825000
11230.300000
11274.750000
11319.200000
11363.600000
11408.050000
11452.500000
11496.975000
11541.450000
11585.825000
11630.300000
11674.750000
11719.200000
11763.600000
11808.050000
11852.500000
11896.975000
11941.450000
11985.825000
12030.300000
12074.750000
12119.200000
12163.600000
12208.050000
12252.500000
12296.975000
12341.450000
12385.825000
12430.300000
12474.750000
12519.200000
12563.600000
12608.050000
12652.500000
12696.975000
12741.450000
12785.825000
12830.300000
12874.750000
12919.200000
12963.600000
13008.050000
13052.500000
13096.975000
13141.450000
13185.825000
13230.300000
13274.750000
13319.200000
13363.600000
13408.050000
13452.500000
13496.975000
13541.450000
13585.825000
13630.300000
13674.750000
13719.200000
13763.600000
13808.050000
13852.500000
13896.975000
13941.450000
13985.825000
14030.300000
14074.750000
14119.200000
14163.600000
14208.050000
14252.500000
14296.975000
14341.450000
14385.825000
14430.300000
14474.750000
14519.200000
14563.600000
14608.050000
14652.500000
14696.975000
14741.450000
14785.825000
14830.300000
14874.750000
14919.200000
14963.600000
15008.050000
15052.500000
15096.975000
15141.450000
15185.825000
15230.300000
15274.750000
15319.200000
15363.600000
15408.050000
15452.500000
15496.975000
15541.450000
15585.825000
15630.300000
15674.750000
15719.200000
15763.600000
15808.050000
15852.500000
15896.975000
15941.450000
15985.825000
16030.300000
16074.750000
16119.200000
16163.600000
16208.050000
16252.500000
16296.975000
16341.450000
16385.825000
16430.300000
16474.750000
16519.200000
16563.600000
16608.050000
16652.500000
16696.975000
16741.450000
16785.825000
16830.300000
16874.750000
16919.200000
16963.600000
17008.050000
17052.500000
17096.975000
17141.450000
17185.825000
17230.300000
17274.750000
17319.200000
17363.600000
17408.050000
17452.500000
17496.975000
17541.450000
17585.825000
17630.300000
17674.750000
17719.200000
17763.600000
17808.050000
17852.500000
17896.975000
17941.450000
17985.825000
18030.300000
18074.750000
18119.200000
18163.600000
18208.050000
18252.500001
18296.975001
18341.450001
18385.825001
18430.300001
18474.750001
18519.200001
18563.600001
18608.050001
18652.500001
18696.975001
18741.450001
18785.825001
18830.300001
18874.750001
18919.200001
18963.600001
19008.050001
19052.500001
19096.975001
19141.450001
19185.825001
19230.300001
19274.750001
19319.200001
19363.600001
19408.050001
19452.500001
19496.975001
19541.450001
19585.825001
19630.300001
19674.750001
19719.200001
19763.600001
19808.050001
19852.500001
19896.975001
19941.450001
19985.825001
20030.300001
20074.750001
20119.200001
20163.600001
20208.050001
20252.500001
20296.975001
20341.450001
20385.825001
20430.300001
20474.750001
20519.200001
20563.600001
20608.050001
20652.500001
20696.975001
20741.450001
20785.825001
20830.300001
20874.750001
20919.200001
20963.600001
21008.050001
21052.500001
21096.975001
21141.450001
21185.825001
21230.300001
21274.750001
21319.200001
21363.600001
21408.050001
21452.500001
21496.975001
21541.450001
21585.825001
21630.300001
21674.750001
21719.200001
21763.600001
21808.050001
21852.500001
21896.975001
21941.450001
21985.825001
22030.300001
22074.750001
22119.200001
22163.600001
22208.050001
22252.500001
22296.975001
22341.450001
22385.825001
22430.300001
22474.750001
22519.200001
22563.600001
22608.050001
22652.500001
22696.975001
22741.450001
22785.825001
22830.300001
22874.750001
22919.200001
22963.600001
23008.050001
23052.500001
23096.975001
23141.450001
23185.825001
23230.300001
23274.750001
23319.200001
23363.600001
23408.050001
23452.500001
23496.975001
23541.450001
23585.825001
23630.300001
23674.750001
23719.200001
23763.600001
23808.050001
23852.500001
23896.975001
23941.450001
23985.825001
24030.300001
24074.750001
24119.200001
24163.600001
24208.050001
24252.500001
24296.975001
24341.450001
24385.825001
24430.300001
24474.750001
24519.200001
24563.600001
24608.050001
24652.500001
24696.975001
24741.450001
24785.825001
24830.300001
24874.750001
24919.200001
24963.600001
25008.050001
25052.500001
25096.975001
25141.450001
25185.825001
25230.300001
25274.750001
25319.200001
25363.600001
25408.050001
25452.500001
25496.975001
25541.450001
25585.825001
25630.300001
25674.750001
25719.200001
25763.600001
25808.050001
25852.500001
25896.975001
25941.450001
25985.825001
26030.300001
26074.750001
26119.200001
26163.600001
26208.050001
26252.500001
26296.975001
26341.450001
26385.825001
26430.300001
26474.750001
26519.200001
26563.600001
26608.050001
26652.500001
26696.975001
26741.450001
26785.825001
26830.300001
26874.750001
26919.200001
26963.600001
27008.050001
27052.500001
27096.975001
27141.450001
27185.825001
27230.300001
27274.750001
27319.200001
27363.600001
27408.050001
27452.500001
27496.975001
27541.450001
27585.825001
27630.300001
27674.750001
27719.200001
27763.600001
27808.050001
27852.500001
27896.975001
27941.450001
27985.825001
28030.300001
28074.750001
28119.200001
28163.600001
28208.050001
28252.500001
28296.975001
28341.450001
28385.825001
28430.300001
28474.750001
28519.200001
28563.600001
28608.050001
28652.500001
28696.975001
28741.450001
28785.825001
28830.300001
28874.750001
28919.200001
28963.600001
29008.050001
29052.500001
29096.975001
29141.450001
29185.825001
29230.300001
29274.750001
29319.200001
29363.600001
29408.050001
29452.500001
29496.975001
29541.450001
29585.825001
29630.300001
29675.025001
29722.100001
29770.825001
29822.150001
29876.425001
29935.075001
30000.025001
30077.800001
30165.275001
30257.400001
30354.500001
30458.150001
30572.425001
30945.450001
31048.075001
31159.275001
31279.000001
31650.375001
31753.150001
31864.650001
31985.675001
32362.300001
32465.300001
32577.300001
32704.875001
33111.825001
33214.675001
33326.700001
33663.175001
33766.800001
33879.525001
34216.775001
34320.325001
34432.950001
34769.050001
34872.525001
34984.950001
