20.000000
9.000000
515.200000
562.150000
604.950000
645.075000
682.725000
720.125000
756.550000
792.525000
828.550000
863.675000
898.200000
932.825000
967.425000
1001.125000
1034.600000
1067.700000
1100.825000
1134.075000
1167.225000
1199.600000
1231.500000
1263.375000
1295.200000
1326.425000
1357.725000
1388.725000
1419.825000
1450.700000
1481.350000
1511.875000
1542.350000
1572.825000
1602.675000
1632.525000
1662.075000
1691.700000
1720.625000
1750.200000
1779.600000
1809.025000
1838.225000
1867.425000
1896.575000
1925.675000
1954.725000
1983.950000
2012.750000
2041.375000
2070.125000
2098.375000
2127.100000
2156.075000
2184.375000
2213.075000
2241.500000
2270.100000
2298.200000
2326.225000
2354.750000
2383.025000
2411.700000
2439.825000
2467.850000
2496.175000
2524.475000
2552.650000
2581.125000
2609.225000
2637.150000
2665.025000
2692.800000
2720.600000
2748.350000
2776.125000
2804.000000
2831.800000
2859.600000
2887.375000
2915.175000
2942.875000
2970.575000
2998.300000
3026.050000
3053.875000
3081.650000
3109.400000
3137.175000
3164.950000
3192.675000
3220.450000
3248.200000
3275.975000
3303.825000
3331.600000
3359.375000
3387.150000
3414.900000
3442.650000
3470.425000
3498.200000
3525.950000
3553.800000
3581.575000
3609.350000
3637.125000
3664.900000
3692.650000
3720.400000
3748.175000
3775.950000
3803.800000
3831.550000
3859.325000
3887.100000
3914.875000
3942.625000
3970.400000
3998.175000
4025.950000
4053.775000
4081.550000
4109.325000
4137.100000
4164.875000
4192.625000
4220.375000
4248.150000
4275.925000
4303.775000
4331.550000
4359.325000
4387.100000
4414.875000
4442.625000
4470.375000
4498.150000
4525.925000
4553.775000
4581.550000
4609.300000
4637.075000
4664.850000
4692.600000
4720.375000
4748.150000
4775.925000
4803.775000
4831.525000
4859.300000
4887.075000
4914.850000
4942.600000
4970.375000
4998.150000
5025.925000
5053.775000
5081.525000
5109.300000
5137.075000
5164.850000
5192.600000
5220.375000
5248.150000
5275.925000
5303.775000
5331.525000
5359.300000
5387.075000
5414.850000
5442.600000
5470.375000
5498.150000
5525.925000
5553.750000
5581.525000
5609.300000
5637.075000
5664.850000
5692.600000
5720.375000
5748.150000
5775.925000
5803.750000
5831.525000
5859.300000
5887.075000
5914.850000
5942.600000
5970.375000
5998.150000
6025.925000
6053.750000
6081.525000
6109.300000
6137.075000
6164.850000
6192.600000
6220.375000
6248.150000
6275.925000
6303.750000
6331.525000
6359.300000
6387.075000
6414.850000
6442.600000
6470.375000
6498.150000
6525.925000
6553.750000
6581.525000
6609.300000
6637.075000
6664.850000
6692.600000
6720.375000
6748.150000
6775.925000
6803.750000
6831.525000
6859.300000
6887.075000
6914.850000
6942.600000
6970.375000
6998.150000
7025.925000
7053.750000
7081.525000
7109.300000
7137.075000
7164.850000
7192.600000
7220.375000
7248.150000
7275.925000
7303.750000
7331.525000
7359.300000
7387.075000
7414.850000
7442.600000
7470.375000
7498.150000
7525.925000
7553.750000
7581.525000
7609.300000
7637.075000
7664.850000
7692.600000
7720.375000
7748.150000
7775.925000
7803.750000
7831.525000
7859.300000
7887.075000
7914.850000
7942.600000
7970.375000
7998.150000
8025.925000
8053.750000
8081.525000
8109.300000
8137.075000
8164.850000
8192.600000
8220.375000
8248.150000
8275.925000
8303.750000
8331.525000
8359.300000
8387.075000
8414.850000
8442.600000
8470.375000
8498.150000
8525.925000
8553.750000
8581.525000
8609.300000
8637.075000
8664.850000
8692.600000
8720.375000
8748.150000
8775.925000
8803.750000
8831.525000
8859.300000
8887.075000
8914.850000
8942.600000
8970.375000
8998.150000
9025.925000
9053.750000
9081.525000
9109.300000
9137.075000
9164.850000
9192.600000
9220.375000
9248.150000
9275.925000
9303.750000
9331.525000
9359.300000
9387.075000
9414.850000
9442.600000
9470.375000
9498.150000
9525.925000
9553.750000
9581.525000
9609.300000
9637.075000
9664.850000
9692.600000
9720.375000
9748.150000
9775.925000
9803.750000
9831.525000
9859.300000
9887.075000
9914.850000
9942.600000
9970.375000
9998.150000
10025.925000
10053.750000
10081.525000
10109.300000
10137.075000
10164.850000
10192.600000
10220.375000
10248.150000
10275.925000
10303.750000
10331.525000
10359.300000
10387.075000
10414.850000
10442.600000
10470.375000
10498.150000
10525.925000
10553.750000
10581.525000
10609.300000
10637.075000
10664.850000
10692.600000
10720.375000
10748.150000
10775.925000
10803.750000
10831.525000
10859.300000
10887.075000
10914.850000
10942.600000
10970.375000
10998.150000
11025.925000
11053.750000
11081.525000
11109.300000
11137.075000
11164.850000
11192.600000
11220.375000
11248.150000
11275.925000
11303.750000
11331.525000
11359.300000
11387.075000
11414.850000
11442.600000
11470.375000
11498.150000
11525.925000
11553.750000
11581.525000
11609.300000
11637.075000
11664.850000
11692.600000
11720.375000
11748.150000
11775.925000
11803.750000
11831.525000
11859.300000
11887.075000
11914.850000
11942.600000
11970.375000
11998.150000
12025.925000
12053.750000
12081.525000
12109.300000
12137.075000
12164.850000
12192.600000
12220.375000
12248.150000
12275.925000
12303.750000
12331.525000
12359.300000
12387.075000
12414.850000
12442.600000
12470.375000
12498.150000
12525.925000
12553.750000
12581.525000
12609.300000
12637.075000
12664.850000
12692.600000
12720.375000
12748.150000
12775.925000
12803.750000
12831.525000
12859.300000
12887.075000
12914.850000
12942.600000
12970.375000
12998.150000
13025.925000
13053.750000
13081.525000
13109.300000
13137.075000
13164.850000
13192.600000
13220.375000
13248.150000
13275.925000
13303.750000
13331.525000
13359.300000
13387.075000
13414.850000
13442.600000
13470.375000
13498.150000
13525.925000
13553.750000
13581.525000
13609.300000
13637.075000
13664.850000
13692.600000
13720.375000
13748.150000
13775.925000
13803.750000
13831.525000
13859.300000
13887.075000
13914.850000
13942.600000
13970.375000
13998.150000
14025.925000
14053.750000
14081.525000
14109.300000
14137.075000
14164.850000
14192.600000
14220.375000
14248.150000
14275.925000
14303.750000
14331.525000
14359.300000
14387.075000
14414.850000
14442.600000
14470.375000
14498.150000
14525.925000
14553.750000
14581.525000
14609.300000
14637.075000
14664.850000
14692.600000
14720.375000
14748.150000
14775.925000
14803.750000
14831.525000
14859.300000
14887.075000
14914.850000
14942.600000
14970.375000
14998.150000
15025.925000
15053.750000
15081.525000
15109.300000
15137.075000
15164.850000
15192.600000
15220.375000
15248.150000
15275.925000
15303.750000
15331.525000
15359.300000
15387.075000
15414.850000
15442.600000
15470.375000
15498.150000
15525.925000
15553.750000
15581.525000
15609.300000
15637.075000
15664.850000
15692.600000
15720.375000
15748.150000
15775.925000
15803.750000
15831.525000
15859.300000
15887.075000
15914.850000
15942.600000
15970.375000
15998.150000
16025.925000
16053.750000
16081.525000
16109.300000
16137.075000
16164.850000
16192.600000
16220.375000
16248.150000
16275.925000
16303.750000
16331.525000
16359.300000
16387.075000
16414.850000
16442.600000
16470.375000
16498.150000
16525.925000
16553.750000
16581.525000
16609.300000
16637.075000
16664.850000
16692.600000
16720.375000
16748.150000
16775.925000
16803.750000
16831.525000
16859.300000
16887.075000
16914.850000
16942.600000
16970.375000
16998.150000
17025.925000
17053.750000
17081.525000
17109.300000
17137.075000
17164.850000
17192.600000
17220.375000
17248.150000
17275.925000
17303.750000
17331.525000
17359.300000
17387.075000
17414.850000
17442.600000
17470.375000
17498.150000
17525.925000
17553.750000
17581.525000
17609.300000
17637.075000
17664.850000
17692.600000
17720.375000
17748.150000
17775.925000
17803.750000
17831.525000
17859.300000
17887.075000
17914.850000
17942.600000
17970.375000
17998.150000
18025.925000
18053.750000
18081.525000
18109.300000
18137.075000
18164.850000
18192.600000
18220.375000
18248.150001
18275.925001
18303.750001
18331.525001
18359.300001
18387.075001
18414.850001
18442.600001
18470.375001
18498.150001
18525.925001
18553.750001
18581.525001
18609.300001
18637.075001
18664.850001
18692.600001
18720.375001
18748.150001
18775.925001
18803.750001
18831.525001
18859.300001
18887.075001
18914.850001
18942.600001
18970.375001
18998.150001
19025.925001
19053.750001
19081.525001
19109.300001
19137.075001
19164.850001
19192.600001
19220.375001
19248.150001
19275.925001
19303.750001
19331.525001
19359.300001
19387.075001
19414.850001
19442.600001
19470.375001
19498.150001
19525.925001
19553.750001
19581.525001
19609.300001
19637.075001
19664.850001
19692.600001
19720.375001
19748.150001
19775.925001
19803.750001
19831.525001
19859.300001
19887.075001
19914.850001
19942.600001
19970.375001
19998.150001
20025.925001
20053.750001
20081.525001
20109.300001
20137.075001
20164.850001
20192.600001
20220.375001
20248.150001
20275.925001
20303.750001
20331.525001
20359.300001
20387.075001
20414.850001
20442.600001
20470.375001
20498.150001
20525.925001
20553.750001
20581.525001
20609.300001
20637.075001
20664.850001
20692.600001
20720.375001
20748.150001
20775.925001
20803.750001
20831.525001
20859.300001
20887.075001
20914.850001
20942.600001
20970.375001
20998.150001
21025.925001
21053.750001
21081.525001
21109.300001
21137.075001
21164.850001
21192.600001
21220.375001
21248.150001
21275.925001
21303.750001
21331.525001
21359.300001
21387.075001
21414.850001
21442.600001
21470.375001
21498.150001
21525.925001
21553.750001
21581.525001
21609.300001
21637.075001
21664.850001
21692.600001
21720.375001
21748.150001
21775.925001
21803.750001
21831.525001
21859.300001
21887.075001
21914.850001
21942.600001
21970.375001
21998.150001
22025.925001
22053.750001
22081.525001
22109.300001
22137.075001
22164.850001
22192.600001
22220.375001
22248.150001
22275.925001
22303.750001
22331.525001
22359.300001
22387.075001
22414.850001
22442.600001
22470.375001
22498.150001
22525.925001
22553.750001
22581.525001
22609.300001
22637.075001
22664.850001
22692.600001
22720.375001
22748.150001
22775.925001
22803.750001
22831.525001
22859.300001
22887.075001
22914.850001
22942.600001
22970.375001
22998.150001
23025.925001
23053.750001
23081.525001
23109.300001
23137.075001
23164.850001
23192.600001
23220.375001
23248.150001
23275.925001
23303.750001
23331.525001
23359.300001
23387.075001
23414.850001
23442.600001
23470.375001
23498.150001
23525.925001
23553.750001
23581.525001
23609.300001
23637.075001
23664.850001
23692.600001
23720.375001
23748.150001
23775.925001
23803.750001
23831.525001
23859.300001
23887.075001
23914.850001
23942.600001
23970.375001
23998.150001
24025.925001
24053.750001
24081.525001
24109.300001
24137.075001
24164.850001
24192.600001
24220.375001
24248.150001
24275.925001
24303.750001
24331.525001
24359.300001
24387.075001
24414.850001
24442.600001
24470.375001
24498.150001
24525.925001
24553.750001
24581.525001
24609.300001
24637.075001
24664.850001
24692.600001
24720.375001
24748.150001
24775.925001
24803.750001
24831.525001
24859.300001
24887.075001
24914.850001
24942.600001
24970.375001
24998.150001
25025.925001
25053.750001
25081.525001
25109.300001
25137.075001
25164.850001
25192.600001
25220.375001
25248.150001
25275.925001
25303.750001
25331.525001
25359.300001
25387.075001
25414.850001
25442.600001
25470.375001
25498.150001
25525.925001
25553.750001
25581.525001
25609.300001
25637.075001
25664.850001
25692.600001
25720.375001
25748.150001
25775.925001
25803.750001
25831.525001
25859.300001
25887.075001
25914.850001
25942.600001
25970.375001
25998.150001
26025.925001
26053.750001
26081.525001
26109.300001
26137.075001
26164.850001
26192.600001
26220.375001
26248.150001
26275.925001
26303.750001
26331.525001
26359.300001
26387.075001
26414.850001
26442.600001
26470.375001
26498.150001
26525.925001
26553.750001
26581.525001
26609.300001
26637.075001
26664.850001
26692.600001
26720.375001
26748.150001
26775.925001
26803.750001
26831.525001
26859.300001
26887.075001
26914.850001
26942.600001
26970.375001
26998.150001
27025.925001
27053.750001
27081.525001
27109.300001
27137.075001
27164.850001
27192.600001
27220.375001
27248.150001
27275.925001
27303.750001
27331.525001
27359.300001
27387.075001
27414.850001
27442.600001
27470.375001
27498.150001
27525.925001
27553.750001
27581.525001
27609.300001
27637.075001
27664.850001
27692.600001
27720.375001
27748.150001
27775.925001
27803.750001
27831.525001
27859.300001
27887.075001
27914.850001
27942.600001
27970.375001
27998.150001
28025.925001
28053.750001
28081.525001
28109.300001
28137.075001
28164.850001
28192.600001
28220.375001
28248.150001
28275.925001
28303.750001
28331.525001
28359.300001
28387.075001
28414.850001
28442.600001
28470.375001
28498.150001
28525.925001
28553.750001
28581.525001
28609.300001
28637.075001
28664.850001
28692.600001
28720.375001
28748.150001
28775.925001
28803.750001
28831.525001
28859.300001
28887.075001
28914.850001
28942.600001
28970.375001
28998.150001
29025.925001
29053.750001
29081.525001
29109.300001
29137.075001
29164.850001
29192.600001
29220.375001
29248.150001
29275.925001
29303.750001
29331.525001
29359.300001
29387.075001
29414.850001
29442.600001
29470.375001
29498.150001
29525.925001
29554.600001
29584.025001
29613.600001
29644.100001
29675.725001
29708.875001
29743.225001
29779.975001
29820.175001
29866.550001
