200.000000
2.000000
473.200000
514.775000
550.700000
583.250000
613.475000
642.475000
670.350000
697.850000
724.500000
750.725000
776.525000
802.025000
827.175000
852.125000
876.925000
901.050000
925.625000
950.500000
974.650000
999.200000
1023.300000
1047.850000
1072.650000
1096.775000
1121.375000
1145.450000
1170.050000
1194.825000
1218.950000
1243.575000
1267.625000
1292.275000
1317.075000
1341.225000
1365.850000
1389.975000
1414.525000
1439.250000
1463.350000
1488.000000
1512.100000
1536.725000
1561.250000
1585.425000
1609.675000
1634.050000
1658.775000
1682.925000
1707.500000
1731.575000
1756.200000
1780.475000
1804.850000
1829.300000
1853.525000
1878.350000
1902.525000
1927.000000
1951.075000
1975.600000
2000.425000
2024.525000
2049.125000
2073.200000
2097.825000
2122.575000
2146.700000
2171.275000
2195.350000
2220.025000
2244.725000
2268.875000
2293.300000
2317.450000
2342.225000
2366.675000
2390.975000
2415.125000
2439.575000
2464.250000
2488.375000
2513.050000
2537.100000
2561.750000
2585.950000
2610.350000
2634.575000
2659.000000
2683.800000
2707.875000
2732.500000
2756.625000
2781.175000
2805.925000
2830.025000
2854.700000
2878.825000
2903.425000
2928.250000
2952.350000
2976.950000
3001.000000
3025.600000
3050.375000
3074.500000
3099.100000
3123.150000
3147.800000
3172.550000
3196.675000
3221.200000
3245.300000
3270.000000
3294.525000
3318.775000
3342.850000
3367.325000
3392.100000
3416.300000
3440.875000
3464.925000
3489.525000
3513.825000
3538.175000
3562.500000
3586.800000
3611.625000
3635.700000
3660.300000
3684.425000
3708.975000
3733.675000
3757.775000
3782.425000
3806.550000
3831.175000
3855.800000
3879.925000
3904.575000
3928.700000
3953.400000
3978.175000
4002.300000
4026.900000
4050.975000
4075.600000
4100.350000
4124.475000
4149.050000
4173.125000
4197.800000
4222.475000
4246.625000
4270.900000
4295.175000
4319.950000
4344.175000
4368.675000
4392.675000
4417.300000
4442.000000
4466.175000
4490.850000
4514.900000
4539.525000
4563.775000
4588.150000
4612.425000
4636.775000
4661.600000
4685.675000
4710.275000
4734.400000
4758.950000
4783.675000
4807.775000
4832.425000
4856.525000
4881.175000
4905.750000
4929.925000
4954.475000
4978.650000
5003.375000
5028.050000
5052.200000
5076.650000
5100.775000
5125.525000
5149.850000
5174.250000
5198.250000
5222.850000
5247.450000
5271.650000
5296.275000
5320.300000
5345.050000
5369.325000
5393.725000
5417.850000
5442.300000
5467.150000
5491.300000
5515.875000
5540.000000
5564.525000
5589.300000
5613.375000
5638.025000
5662.125000
5686.725000
5711.325000
5735.475000
5759.950000
5784.125000
5808.875000
5833.075000
5857.550000
5881.625000
5906.200000
5930.550000
5954.875000
5979.475000
6003.600000
6028.375000
6052.625000
6077.050000
6101.150000
6125.625000
6150.450000
6174.550000
6199.150000
6223.200000
6247.825000
6272.600000
6296.700000
6321.300000
6345.375000
6370.025000
6394.750000
6418.900000
6443.425000
6467.525000
6492.250000
6517.000000
6541.125000
6565.800000
6589.900000
6614.500000
6639.150000
6663.275000
6687.875000
6712.000000
6736.700000
6761.000000
6785.350000
6809.450000
6834.000000
6858.375000
6882.650000
6907.225000
6931.350000
6956.150000
6980.250000
7004.775000
7028.975000
7053.450000
7078.300000
7102.400000
7126.975000
7151.025000
7175.600000
7200.400000
7224.500000
7249.100000
7273.175000
7297.800000
7322.550000
7346.675000
7371.225000
7395.325000
7420.025000
7444.650000
7468.825000
7493.000000
7517.350000
7542.150000
7566.375000
7590.900000
7614.950000
7639.550000
7663.875000
7688.175000
7712.625000
7736.850000
7761.650000
7785.725000
7810.300000
7834.425000
7858.975000
7883.700000
7907.800000
7932.450000
7956.575000
7981.175000
8005.825000
8029.950000
8054.625000
8078.750000
8103.400000
8128.225000
8152.325000
8176.925000
8201.000000
8225.600000
8250.375000
8274.475000
8299.075000
8323.150000
8347.800000
8372.525000
8396.650000
8421.100000
8445.250000
8470.000000
8494.350000
8518.725000
8542.750000
8567.300000
8592.050000
8616.250000
8640.875000
8664.900000
8689.525000
8713.800000
8738.150000
8762.450000
8786.800000
8811.600000
8835.675000
8860.275000
8884.400000
8908.950000
8933.675000
8957.775000
8982.425000
9006.550000
9031.175000
9055.775000
9079.925000
9104.525000
9128.675000
9153.375000
9178.150000
9202.250000
9226.875000
9250.925000
9275.575000
9300.325000
9324.450000
9348.975000
9373.075000
9397.775000
9422.275000
9446.550000
9470.575000
9495.100000
9519.800000
9543.975000
9568.625000
9592.625000
9617.300000
9641.925000
9666.125000
9690.825000
9714.850000
9739.525000
9763.750000
9788.150000
9812.375000
9836.775000
9861.575000
9885.650000
9910.275000
9934.400000
9958.950000
9983.650000
10007.750000
10032.400000
10056.525000
10081.175000
10105.725000
10129.900000
10154.375000
10178.575000
10203.350000
10227.750000
10252.075000
10276.100000
10300.625000
10325.325000
10349.500000
10374.125000
10398.150000
10422.825000
10447.200000
10471.525000
10495.675000
10520.100000
10544.925000
10569.050000
10593.625000
10617.700000
10642.275000
10667.100000
10691.225000
10715.875000
10739.975000
10764.525000
10789.275000
10813.350000
10838.000000
10862.125000
10886.725000
10911.275000
10935.450000
10959.725000
10984.050000
11008.800000
11032.950000
11057.525000
11081.575000
11106.200000
11130.475000
11154.850000
11179.325000
11203.525000
11228.350000
11252.525000
11277.000000
11301.100000
11325.600000
11350.425000
11374.525000
11399.125000
11423.200000
11447.825000
11472.575000
11496.700000
11521.275000
11545.350000
11570.025000
11594.725000
11618.875000
11643.325000
11667.475000
11692.225000
11716.750000
11741.000000
11765.200000
11789.575000
11814.325000
11838.450000
11863.050000
11887.125000
11911.750000
11935.975000
11960.375000
11984.600000
12009.000000
12033.800000
12057.875000
12082.500000
12106.625000
12131.175000
12155.925000
12180.025000
12204.700000
12228.850000
12253.425000
12278.250000
12302.350000
12326.950000
12351.025000
12375.600000
12400.375000
12424.500000
12449.100000
12473.150000
12497.800000
12522.550000
12546.675000
12571.200000
12595.300000
12620.000000
12644.550000
12668.775000
12692.850000
12717.325000
12742.100000
12766.300000
12790.875000
12814.925000
12839.525000
12863.825000
12888.175000
12912.500000
12936.800000
12961.625000
12985.700000
13010.300000
13034.425000
13058.975000
13083.675000
13107.775000
13132.425000
13156.550000
13181.175000
13205.800000
13229.925000
13254.575000
13278.700000
13303.400000
13328.175000
13352.300000
13376.900000
13400.975000
13425.600000
13450.350000
13474.475000
13499.050000
13523.125000
13547.800000
13572.475000
13596.625000
13620.925000
13645.175000
13669.950000
13694.175000
13718.675000
13742.675000
13767.300000
13792.000000
13816.175000
13840.850000
13864.900000
13889.525000
13913.775000
13938.150000
13962.425000
13986.775000
14011.600000
14035.675000
14060.275000
14084.400000
14108.950000
14133.675000
14157.775000
14182.425000
14206.525000
14231.175000
14255.750000
14279.925000
14304.475000
14328.650000
14353.375000
14378.050000
14402.200000
14426.650000
14450.800000
14475.550000
14499.875000
14524.275000
14548.275000
14572.850000
14597.475000
14621.650000
14646.300000
14670.325000
14695.050000
14719.350000
14743.750000
14767.875000
14792.300000
14817.150000
14841.300000
14865.875000
14890.025000
14914.525000
14939.300000
14963.375000
14988.025000
15012.125000
15036.725000
15061.325000
15085.475000
15109.975000
15134.150000
15158.875000
15183.100000
15207.550000
15231.625000
15256.200000
15280.550000
15304.875000
15329.500000
15353.625000
15378.400000
15402.650000
15427.050000
15451.175000
15475.625000
15500.450000
15524.575000
15549.150000
15573.200000
15597.825000
15622.600000
15646.700000
15671.300000
15695.375000
15720.025000
15744.750000
15768.900000
15793.450000
15817.550000
15842.250000
15867.000000
15891.150000
15915.800000
15939.900000
15964.500000
15989.175000
16013.275000
16037.900000
16062.025000
16086.700000
16111.050000
16135.375000
16159.475000
16184.000000
16208.450000
16232.675000
16257.325000
16281.425000
16306.175000
16330.325000
16354.800000
16379.025000
16403.450000
16428.300000
16452.425000
16476.975000
16501.050000
16525.600000
16550.400000
16574.525000
16599.100000
16623.175000
16647.800000
16672.550000
16696.675000
16721.250000
16745.325000
16770.025000
16794.675000
16818.850000
16843.050000
16867.375000
16892.150000
16916.425000
16940.925000
16964.975000
16989.550000
17013.900000
17038.200000
17062.700000
17086.875000
17111.675000
17135.750000
17160.300000
17184.450000
17208.975000
17233.725000
17257.800000
17282.450000
17306.575000
17331.175000
17355.850000
17379.975000
17404.650000
17428.775000
17453.400000
17478.225000
17502.325000
17526.950000
17551.000000
17575.600000
17600.375000
17624.500000
17649.075000
17673.150000
17697.800000
17722.525000
17746.675000
17771.150000
17795.275000
17820.000000
17844.400000
17868.750000
17892.775000
17917.325000
17942.075000
17966.250000
17990.875000
18014.925000
18039.525000
18063.800000
18088.150000
18112.475000
18136.800000
18161.600000
18185.675000
18210.275000
18234.425001
18258.950001
18283.675001
18307.775001
18332.425001
18356.550001
18381.175001
18405.775001
18429.925001
18454.550001
18478.675001
18503.375001
18528.150001
18552.275001
18576.875001
18600.950001
18625.575001
18650.325001
18674.450001
18699.000001
18723.100001
18747.800001
18772.400001
18796.575001
18820.675001
18845.100001
18869.875001
18894.050001
18918.625001
18942.650001
18967.300001
18991.950001
19016.150001
19040.825001
19064.875001
19089.525001
19113.775001
19138.150001
19162.400001
19186.775001
19211.600001
19235.650001
19260.275001
19284.400001
19308.950001
19333.650001
19357.750001
19382.425001
19406.525001
19431.175001
19455.725001
19479.900001
19504.425001
19528.600001
19553.350001
19577.875001
19602.100001
19626.200001
19650.650001
19675.400001
19699.575001
19724.175001
19748.175001
19772.825001
19797.250001
19821.550001
19845.750001
19870.100001
19894.925001
19919.050001
19943.625001
19967.700001
19992.275001
20017.100001
20041.225001
20065.875001
20089.975001
20114.525001
20139.275001
20163.350001
20188.000001
20212.125001
20236.725001
20261.275001
20285.450001
20309.750001
20334.050001
20358.825001
20382.950001
20407.525001
20431.575001
20456.200001
20480.475001
20504.850001
20529.350001
20553.525001
20578.350001
20602.525001
20627.025001
20651.100001
20675.600001
20700.425001
20724.525001
20749.125001
20773.200001
20797.825001
20822.575001
20846.700001
20871.275001
20895.350001
20920.025001
20944.725001
20968.875001
20993.325001
21017.475001
21042.225001
21066.775001
21091.025001
21115.225001
21139.600001
21164.350001
21188.475001
21213.050001
21237.125001
21261.750001
21285.975001
21310.375001
21334.600001
21359.000001
21383.800001
21407.875001
21432.500001
21456.625001
21481.175001
21505.925001
21530.025001
21554.700001
21578.850001
21603.425001
21628.250001
21652.350001
21676.950001
21701.025001
21725.600001
21750.375001
21774.500001
21799.100001
21823.150001
21847.800001
21872.550001
21896.675001
21921.200001
21945.300001
21970.000001
21994.550001
22018.775001
22042.850001
22067.325001
22092.100001
22116.300001
22140.875001
22164.925001
22189.525001
22213.825001
22238.175001
22262.500001
22286.800001
22311.625001
22335.700001
22360.300001
22384.425001
22408.975001
22433.675001
22457.775001
22482.425001
22506.550001
22531.175001
22555.800001
22579.925001
22604.575001
22628.700001
22653.400001
22678.175001
22702.300001
22726.900001
22750.975001
22775.600001
22800.350001
22824.475001
22849.050001
22873.125001
22897.800001
22922.475001
22946.625001
22970.925001
22995.175001
23019.950001
23044.175001
23068.675001
23092.675001
23117.300001
23142.000001
23166.200001
23190.850001
23214.900001
23239.525001
23263.775001
23288.150001
23312.425001
23336.775001
23361.600001
23385.675001
23410.275001
23434.400001
23458.950001
23483.675001
23507.775001
23532.425001
23556.525001
23581.175001
23605.750001
23629.925001
23654.475001
23678.650001
23703.375001
23728.050001
23752.200001
23776.675001
23800.800001
23825.550001
23849.875001
23874.275001
23898.275001
23922.850001
23947.475001
23971.650001
23996.300001
24020.325001
24045.050001
24069.375001
24093.750001
24117.875001
24142.325001
24167.150001
24191.300001
24215.875001
24240.025001
24264.525001
24289.300001
24313.375001
24338.025001
24362.125001
24386.725001
24411.325001
24435.475001
24459.975001
24484.150001
24508.900001
24533.100001
24557.550001
24581.625001
24606.200001
24630.575001
24654.875001
24679.500001
24703.625001
24728.400001
24752.650001
24777.050001
24801.175001
24825.625001
24850.450001
24874.575001
24899.150001
24923.200001
24947.825001
24972.600001
24996.700001
25021.300001
25045.375001
25070.025001
25094.750001
25118.900001
25143.450001
25167.550001
25192.250001
25217.000001
25241.150001
25265.800001
25289.925001
25314.500001
25339.175001
25363.275001
25387.900001
25412.025001
25436.700001
25461.050001
25485.375001
25509.475001
25534.000001
25558.450001
25582.675001
25607.350001
25631.425001
25656.175001
25680.325001
25704.800001
25729.050001
25753.450001
25778.300001
25802.425001
25826.975001
25851.050001
25875.600001
25900.400001
25924.525001
25949.100001
25973.175001
25997.800001
26022.550001
26046.675001
26071.250001
26095.325001
26120.025001
26144.675001
26168.850001
26193.050001
26217.375001
26242.150001
26266.425001
26290.925001
26314.975001
26339.550001
26363.900001
26388.200001
26412.700001
26436.875001
26461.675001
26485.750001
26510.300001
26534.450001
26558.975001
26583.725001
26607.800001
26632.450001
26656.575001
26681.175001
26705.850001
26729.975001
26754.650001
26778.775001
26803.400001
26828.225001
26852.325001
26876.950001
26901.000001
26925.600001
26950.375001
26974.500001
26999.075001
27023.150001
27047.800001
27072.525001
27096.675001
27121.150001
27145.275001
27170.000001
27194.425001
27218.750001
27242.775001
27267.325001
27292.075001
27316.275001
27340.875001
27364.925001
27389.525001
27413.825001
27438.175001
27462.475001
27486.800001
27511.625001
27535.675001
27560.275001
27584.425001
27608.950001
27633.675001
27657.775001
27682.425001
27706.550001
27731.175001
27755.775001
27779.925001
27804.550001
27828.675001
27853.375001
27878.150001
27902.275001
27926.900001
27950.950001
27975.575001
28000.325001
28024.450001
28049.000001
28073.100001
28097.800001
28122.400001
28146.600001
28170.700001
28195.125001
28219.875001
28244.075001
28268.650001
28292.650001
28317.300001
28341.950001
28366.150001
28390.850001
28414.875001
28439.525001
28463.775001
28488.150001
28512.400001
28536.775001
28561.600001
28585.650001
28610.275001
28634.400001
28658.950001
28683.650001
28707.750001
28732.425001
28756.525001
28781.175001
28805.725001
28829.900001
28854.425001
28878.600001
28903.375001
28927.900001
28952.125001
28976.200001
29000.650001
29025.400001
29049.575001
29074.175001
29098.175001
29122.825001
29147.250001
29171.550001
29195.750001
29220.100001
29244.925001
29269.050001
29293.625001
29317.800001
29342.425001
29367.425001
29392.475001
29417.775001
29443.650001
29469.950001
29496.375001
29522.950001
29549.875001
29577.075001
29604.800001
29632.725001
29661.175001
29689.750001
29718.950001
29748.500001
29778.650001
29809.325001
29840.875001
29873.000001
29906.050001
29939.800001
29974.600001
30010.600001
30048.175001
30087.700001
30128.475001
30169.850001
30211.825001
30254.375001
30297.425001
30340.925001
30384.900001
30429.275001
30474.050001
30519.175001
30564.600001
30610.325001
30656.300001
30702.525001
30749.000001
30795.700001
30842.650001
30889.800001
30937.175001
30984.700001
31032.400001
31080.250001
31128.250001
31176.375001
31224.600001
31272.950001
31321.375001
31369.925001
31418.550001
31467.275001
31516.100001
31565.000001
31614.000001
31663.100001
31712.300001
31761.650001
31811.100001
31860.700001
31910.400001
31960.225001
32010.150001
32060.150001
32110.200001
32160.300001
32210.450001
32260.625001
32310.825001
32361.025001
32411.250001
32461.500001
32511.750001
32562.000001
32612.275001
32662.525001
32712.800001
32763.075001
32813.350001
32863.625001
32913.900001
32964.200001
33014.475001
33064.750001
33115.025001
33165.325001
33215.600001
33265.900001
33316.175001
33366.475001
33416.750001
33467.050001
33517.325001
33567.625001
33617.900001
33668.200001
33718.475001
33768.775001
33819.050001
33869.350001
33919.650001
33969.925001
34020.225001
34070.500001
34120.800001
34171.100001
34221.375001
34271.675001
34321.950001
34372.250001
34422.550001
34472.825001
34523.125001
34573.425001
34623.700001
34674.000001
34724.275001
34774.575001
34824.875001
34875.150001
34925.450001
34975.750001
