200.000000
5.000000
537.975000
580.575000
617.350000
650.650000
681.350000
710.475000
738.325000
765.100000
791.250000
817.275000
842.425000
867.400000
892.250000
916.450000
940.025000
963.475000
986.900000
1010.450000
1034.050000
1057.625000
1081.225000
1104.800000
1128.450000
1152.025000
1175.625000
1199.200000
1222.825000
1246.425000
1270.050000
1293.575000
1317.275000
1340.900000
1364.500000
1388.050000
1411.725000
1435.300000
1458.950000
1482.475000
1506.175000
1529.750000
1553.400000
1576.925000
1600.600000
1624.200000
1647.800000
1671.225000
1695.000000
1718.500000
1742.200000
1765.375000
1788.475000
1811.850000
1835.375000
1858.975000
1882.525000
1906.200000
1929.775000
1953.425000
1976.950000
2000.600000
2024.200000
2047.800000
2071.275000
2095.000000
2118.575000
2142.225000
2165.800000
2189.500000
2213.050000
2236.700000
2260.225000
2283.950000
2307.500000
2331.150000
2354.700000
2378.425000
2401.975000
2425.600000
2449.075000
2472.800000
2496.375000
2520.025000
2543.300000
2567.050000
2589.975000
2613.250000
2636.800000
2660.350000
2683.975000
2707.550000
2731.175000
2754.750000
2778.425000
2802.000000
2825.600000
2849.100000
2872.800000
2896.400000
2920.025000
2943.425000
2967.200000
2990.800000
3014.450000
3037.925000
3061.675000
3085.250000
3108.925000
3132.400000
3156.150000
3179.725000
3203.400000
3226.850000
3250.575000
3274.150000
3297.800000
3320.900000
3344.100000
3367.400000
3390.975000
3414.550000
3438.100000
3461.750000
3485.325000
3508.950000
3532.500000
3556.175000
3579.750000
3603.400000
3626.925000
3650.600000
3674.200000
3697.800000
3721.225000
3745.000000
3768.525000
3792.225000
3815.675000
3839.425000
3862.975000
3886.650000
3909.950000
3933.100000
3956.325000
3979.850000
4003.450000
4027.000000
4050.625000
4074.225000
4097.825000
4121.325000
4145.025000
4168.625000
4192.250000
4215.850000
4239.500000
4263.075000
4286.725000
4310.250000
4333.950000
4357.525000
4381.175000
4404.725000
4428.425000
4452.000000
4475.600000
4499.075000
4522.800000
4546.375000
4570.025000
4593.325000
4617.125000
4640.200000
4663.325000
4686.825000
4710.375000
4734.000000
4757.550000
4781.175000
4804.750000
4828.425000
4852.000000
4875.600000
4899.100000
4922.800000
4946.400000
4970.025000
4993.425000
5017.200000
5040.825000
5064.475000
5087.950000
5111.700000
5135.250000
5158.925000
5182.425000
5206.150000
5229.725000
5253.400000
5276.875000
5300.575000
5324.175000
5347.800000
5371.075000
5394.800000
5417.675000
5441.075000
5464.575000
5488.125000
5511.775000
5535.325000
5558.950000
5582.500000
5606.175000
5629.750000
5653.400000
5676.925000
5700.600000
5724.200000
5747.800000
5771.250000
5795.000000
5818.550000
5842.225000
5865.725000
5889.475000
5913.025000
5936.700000
5960.175000
5983.925000
6007.500000
6031.150000
6054.700000
6078.400000
6101.975000
6125.575000
6149.050000
6172.800000
6196.350000
6220.000000
6243.100000
6266.350000
6289.625000
6313.150000
6336.750000
6360.300000
6383.975000
6407.525000
6431.175000
6454.725000
6478.425000
6502.000000
6525.600000
6549.100000
6572.800000
6596.400000
6620.025000
6643.400000
6667.200000
6690.775000
6714.450000
6737.800000
6761.425000
6784.375000
6807.700000
6831.250000
6854.800000
6878.450000
6902.025000
6925.600000
6949.150000
6972.825000
6996.425000
7020.025000
7043.500000
7067.250000
7090.875000
7114.500000
7138.025000
7161.725000
7185.300000
7208.925000
7232.450000
7256.175000
7279.750000
7303.400000
7326.925000
7350.600000
7374.175000
7397.800000
7421.200000
7444.975000
7468.400000
7492.075000
7514.950000
7538.300000
7561.825000
7585.350000
7608.975000
7632.525000
7656.200000
7679.775000
7703.425000
7726.950000
7750.600000
7774.200000
7797.800000
7821.250000
7845.000000
7868.575000
7892.225000
7915.775000
7939.500000
7963.050000
7986.700000
8010.225000
8033.950000
8057.500000
8081.150000
8104.700000
8128.425000
8151.975000
8175.600000
8199.075000
8222.800000
8246.375000
8270.025000
8293.275000
8316.975000
8339.875000
8363.250000
8386.800000
8410.350000
8433.975000
8457.550000
8481.175000
8504.750000
8528.425000
8552.000000
8575.600000
8599.100000
8622.800000
8646.400000
8670.025000
8693.425000
8717.200000
8740.800000
8764.450000
8787.925000
8811.675000
8835.250000
8858.900000
8882.375000
8906.125000
8929.700000
8953.400000
8976.825000
9000.550000
9024.100000
9047.775000
9070.750000
9094.000000
9117.375000
9140.975000
9164.525000
9188.100000
9211.750000
9235.325000
9258.950000
9282.500000
9306.175000
9329.750000
9353.400000
9376.925000
9400.600000
9424.200000
9447.800000
9471.225000
9495.000000
9518.525000
9542.225000
9565.675000
9589.425000
9612.975000
9636.650000
9659.875000
9682.975000
9706.300000
9729.825000
9753.450000
9777.000000
9800.625000
9824.225000
9847.825000
9871.325000
9895.025000
9918.625000
9942.250000
9965.850000
9989.500000
10013.075000
10036.725000
10060.250000
10083.950000
10107.525000
10131.175000
10154.725000
10178.425000
10202.000000
10225.600000
10249.075000
10272.800000
10296.375000
10320.025000
10343.325000
10367.125000
10390.200000
10413.325000
10436.825000
10460.375000
10484.000000
10507.550000
10531.175000
10554.750000
10578.425000
10602.000000
10625.600000
10649.100000
10672.800000
10696.400000
10720.025000
10743.425000
10767.200000
10790.825000
10814.475000
10837.950000
10861.700000
10885.250000
10908.925000
10932.425000
10956.150000
10979.725000
11003.400000
11026.875000
11050.575000
11074.175000
11097.800000
11121.075000
11144.800000
11167.675000
11191.075000
11214.575000
11238.125000
11261.775000
11285.325000
11308.950000
11332.500000
11356.175000
11379.750000
11403.400000
11426.925000
11450.600000
11474.200000
11497.800000
11521.250000
11545.000000
11568.550000
11592.225000
11615.725000
11639.475000
11663.025000
11686.700000
11710.175000
11733.925000
11757.500000
11781.150000
11804.700000
11828.400000
11851.975000
11875.575000
11899.050000
11922.800000
11946.350000
11970.000000
11993.100000
12016.350000
12039.625000
12063.150000
12086.750000
12110.300000
12133.975000
12157.525000
12181.175000
12204.725000
12228.425000
12252.000000
12275.600000
12299.100000
12322.800000
12346.400000
12370.025000
12393.400000
12417.200000
12440.775000
12464.450000
12487.800000
12511.400000
12534.350000
12557.700000
12581.250000
12604.800000
12628.450000
12652.025000
12675.600000
12699.150000
12722.825000
12746.425000
12770.025000
12793.500000
12817.250000
12840.875000
12864.475000
12888.025000
12911.725000
12935.300000
12958.925000
12982.450000
13006.175000
13029.750000
13053.400000
13076.925000
13100.600000
13124.175000
13147.800000
13171.200000
13194.975000
13218.400000
13242.075000
13264.950000
13288.300000
13311.825000
13335.350000
13358.975000
13382.525000
13406.200000
13429.775000
13453.425000
13476.950000
13500.600000
13524.200000
13547.800000
13571.250000
13595.000000
13618.575000
13642.225000
13665.775000
13689.500000
13713.050000
13736.700000
13760.225000
13783.950000
13807.500000
13831.150000
13854.700000
13878.425000
13901.975000
13925.600000
13949.075000
13972.800000
13996.375000
14020.025000
14043.275000
14066.975000
14089.875000
14113.250000
14136.800000
14160.350000
14183.975000
14207.550000
14231.175000
14254.750000
14278.425000
14302.000000
14325.600000
14349.100000
14372.800000
14396.400000
14420.025000
14443.425000
14467.200000
14490.800000
14514.450000
14537.925000
14561.675000
14585.250000
14608.900000
14632.375000
14656.125000
14679.700000
14703.400000
14726.825000
14750.550000
14774.100000
14797.775000
14820.725000
14844.000000
14867.375000
14890.975000
14914.525000
14938.100000
14961.750000
14985.325000
15008.950000
15032.500000
15056.175000
15079.750000
15103.400000
15126.925000
15150.600000
15174.200000
15197.800000
15221.225000
15245.000000
15268.525000
15292.225000
15315.675000
15339.425000
15362.975000
15386.650000
15409.850000
15432.975000
15456.300000
15479.825000
15503.450000
15527.000000
15550.625000
15574.225000
15597.825000
15621.325000
15645.025000
15668.625000
15692.250000
15715.850000
15739.500000
15763.075000
15786.725000
15810.250000
15833.950000
15857.525000
15881.175000
15904.725000
15928.425000
15952.000000
15975.600000
15999.075000
16022.800000
16046.375000
16070.025000
16093.325000
16117.125000
16140.200000
16163.325000
16186.825000
16210.375000
16234.000000
16257.550000
16281.175000
16304.750000
16328.425000
16352.000000
16375.600000
16399.100000
16422.800000
16446.400000
16470.025000
16493.425000
16517.200000
16540.825000
16564.475000
16587.950000
16611.700000
16635.250000
16658.925000
16682.425000
16706.150000
16729.725000
16753.400000
16776.875000
16800.575000
16824.175000
16847.800000
16871.075000
16894.800000
16917.675000
16941.075000
16964.575000
16988.125000
17011.775000
17035.325000
17058.950000
17082.500000
17106.175000
17129.750000
17153.400000
17176.925000
17200.600000
17224.200000
17247.800000
17271.250000
17295.000000
17318.550000
17342.225000
17365.725000
17389.475000
17413.025000
17436.700000
17460.175000
17483.925000
17507.500000
17531.150000
17554.700000
17578.400000
17601.975000
17625.575000
17649.050000
17672.800000
17696.350000
17720.000000
17743.100000
17766.350000
17789.625000
17813.150000
17836.750000
17860.300000
17883.975000
17907.525000
17931.175000
17954.725000
17978.425000
18002.000000
18025.600000
18049.100000
18072.800000
18096.400000
18120.025000
18143.400000
18167.200000
18190.775000
18214.450000
18237.800001
18261.400001
18284.350001
18307.700001
18331.250001
18354.800001
18378.450001
18402.025001
18425.600001
18449.150001
18472.825001
18496.425001
18520.025001
18543.500001
18567.250001
18590.875001
18614.475001
18638.025001
18661.725001
18685.300001
18708.925001
18732.450001
18756.175001
18779.750001
18803.400001
18826.925001
18850.600001
18874.175001
18897.800001
18921.200001
18944.975001
18968.400001
18992.075001
19014.950001
19038.300001
19061.825001
19085.350001
19108.975001
19132.525001
19156.200001
19179.775001
19203.425001
19226.950001
19250.600001
19274.200001
19297.800001
19321.250001
19345.000001
19368.575001
19392.225001
19415.775001
19439.500001
19463.050001
19486.700001
19510.225001
19533.950001
19557.500001
19581.150001
19604.700001
19628.425001
19651.975001
19675.600001
19699.075001
19722.800001
19746.375001
19770.025001
19793.275001
19816.975001
19839.875001
19863.250001
19886.800001
19910.350001
19933.975001
19957.550001
19981.175001
20004.750001
20028.425001
20052.000001
20075.600001
20099.100001
20122.800001
20146.400001
20170.025001
20193.425001
20217.200001
20240.800001
20264.450001
20287.925001
20311.675001
20335.250001
20358.900001
20382.375001
20406.125001
20429.700001
20453.375001
20476.800001
20500.550001
20524.100001
20547.775001
20570.725001
20594.000001
20617.375001
20640.975001
20664.525001
20688.100001
20711.750001
20735.325001
20758.950001
20782.500001
20806.175001
20829.750001
20853.400001
20876.925001
20900.600001
20924.200001
20947.800001
20971.225001
20995.000001
21018.525001
21042.225001
21065.675001
21089.425001
21112.975001
21136.650001
21159.850001
21182.950001
21206.300001
21229.825001
21253.450001
21277.000001
21300.625001
21324.225001
21347.825001
21371.325001
21395.025001
21418.625001
21442.250001
21465.850001
21489.500001
21513.075001
21536.725001
21560.250001
21583.950001
21607.525001
21631.175001
21654.725001
21678.425001
21702.000001
21725.600001
21749.075001
21772.800001
21796.375001
21820.025001
21843.325001
21867.125001
21890.200001
21913.325001
21936.825001
21960.375001
21984.000001
22007.550001
22031.175001
22054.750001
22078.425001
22102.000001
22125.600001
22149.100001
22172.800001
22196.400001
22220.025001
22243.425001
22267.200001
22290.825001
22314.475001
22337.950001
22361.700001
22385.250001
22408.925001
22432.425001
22456.150001
22479.725001
22503.400001
22526.875001
22550.575001
22574.175001
22597.800001
22621.075001
22644.800001
22667.675001
22691.075001
22714.575001
22738.125001
22761.775001
22785.325001
22808.950001
22832.500001
22856.175001
22879.750001
22903.400001
22926.925001
22950.600001
22974.200001
22997.800001
23021.250001
23045.000001
23068.550001
23092.225001
23115.725001
23139.475001
23163.025001
23186.700001
23210.175001
23233.925001
23257.500001
23281.150001
23304.700001
23328.400001
23351.975001
23375.575001
23399.050001
23422.800001
23446.350001
23470.000001
23493.100001
23516.350001
23539.625001
23563.150001
23586.750001
23610.300001
23633.975001
23657.525001
23681.175001
23704.725001
23728.425001
23752.000001
23775.600001
23799.100001
23822.800001
23846.400001
23870.025001
23893.400001
23917.200001
23940.775001
23964.450001
23987.800001
24011.400001
24034.350001
24057.700001
24081.250001
24104.800001
24128.450001
24152.025001
24175.600001
24199.150001
24222.825001
24246.425001
24270.025001
24293.500001
24317.250001
24340.875001
24364.475001
24388.025001
24411.725001
24435.300001
24458.925001
24482.450001
24506.175001
24529.750001
24553.400001
24576.925001
24600.600001
24624.175001
24647.800001
24671.200001
24694.975001
24718.400001
24742.075001
24764.950001
24788.300001
24811.825001
24835.350001
24858.975001
24882.525001
24906.200001
24929.775001
24953.425001
24976.950001
25000.600001
25024.200001
25047.800001
25071.250001
25095.000001
25118.575001
25142.225001
25165.775001
25189.500001
25213.050001
25236.700001
25260.225001
25283.950001
25307.500001
25331.150001
25354.700001
25378.425001
25401.975001
25425.600001
25449.075001
25472.800001
25496.375001
25520.025001
25543.275001
25566.975001
25589.875001
25613.250001
25636.800001
25660.350001
25683.975001
25707.550001
25731.175001
25754.750001
25778.425001
25802.000001
25825.600001
25849.100001
25872.800001
25896.400001
25920.025001
25943.425001
25967.200001
25990.800001
26014.450001
26037.925001
26061.675001
26085.250001
26108.900001
26132.375001
26156.125001
26179.700001
26203.375001
26226.800001
26250.550001
26274.100001
26297.775001
26320.725001
26344.000001
26367.375001
26390.975001
26414.525001
26438.100001
26461.750001
26485.325001
26508.950001
26532.500001
26556.175001
26579.750001
26603.400001
26626.925001
26650.600001
26674.200001
26697.800001
26721.225001
26745.000001
26768.525001
26792.225001
26815.675001
26839.425001
26862.975001
26886.650001
26909.850001
26932.950001
26956.300001
26979.825001
27003.450001
27027.000001
27050.625001
27074.225001
27097.825001
27121.325001
27145.025001
27168.625001
27192.250001
27215.850001
27239.500001
27263.075001
27286.725001
27310.250001
27333.950001
27357.525001
27381.175001
27404.725001
27428.425001
27452.000001
27475.600001
27499.075001
27522.800001
27546.375001
27570.025001
27593.325001
27617.125001
27640.200001
27663.325001
27686.825001
27710.375001
27734.000001
27757.550001
27781.175001
27804.750001
27828.425001
27852.000001
27875.600001
27899.100001
27922.800001
27946.400001
27970.025001
27993.425001
28017.200001
28040.825001
28064.475001
28087.950001
28111.700001
28135.250001
28158.925001
28182.425001
28206.150001
28229.725001
28253.400001
28276.875001
28300.575001
28324.175001
28347.800001
28371.075001
28394.800001
28417.675001
28441.075001
28464.575001
28488.125001
28511.775001
28535.325001
28558.950001
28582.500001
28606.175001
28629.750001
28653.400001
28676.925001
28700.600001
28724.200001
28747.800001
28771.250001
28795.000001
28818.550001
28842.225001
28865.725001
28889.475001
28913.025001
28936.700001
28960.175001
28983.925001
29007.500001
29031.150001
29054.700001
29078.400001
29101.975001
29125.575001
29149.050001
29172.800001
29196.350001
29220.050001
29243.825001
29267.525001
29292.025001
29316.200001
29340.950001
29365.925001
29391.025001
29416.275001
29442.050001
29467.575001
29493.800001
29520.175001
29546.800001
29573.975001
29601.100001
29628.750001
29656.750001
29685.375001
29714.550001
29744.000001
29774.200001
29804.875001
29836.250001
29868.275001
29901.025001
29934.900001
29969.950001
30006.400001
30044.700001
30085.600001
30128.800001
30173.850001
30221.200001
30271.575001
30326.575001
30391.600001
30743.100001
30809.125001
