1.000000
36.000000
588.925000
651.600000
705.000000
752.350000
795.700000
835.975000
875.300000
913.825000
952.150000
990.175000
1027.400000
1064.225000
1101.500000
1138.375000
1175.050000
1212.250000
1248.575000
1285.550000
1322.325000
1358.550000
1395.650000
1431.950000
1468.850000
1505.575000
1541.925000
1579.050000
1615.250000
1652.100000
1688.825000
1725.125000
1762.200000
1798.475000
1835.350000
1872.100000
1908.325000
1945.450000
1981.800000
2018.600000
2055.400000
2091.750000
2128.875000
2165.125000
2201.900000
2238.650000
2275.000000
2312.000000
2348.425000
2385.275000
2422.000000
2458.300000
2495.375000
2531.800000
2568.575000
2605.375000
2641.725000
2678.850000
2715.125000
2751.875000
2788.625000
2824.975000
2861.975000
2898.425000
2935.250000
2972.000000
3008.300000
3045.375000
3081.800000
3118.575000
3155.375000
3191.725000
3228.850000
3265.125000
3301.875000
3338.625000
3374.975000
3411.975000
3448.425000
3485.250000
3522.000000
3558.300000
3595.375000
3631.800000
3668.575000
3705.375000
3741.725000
3778.850000
3815.125000
3851.875000
3888.625000
3924.975000
3961.975000
3998.425000
4035.250000
4072.000000
4108.300000
4145.375000
4181.800000
4218.575000
4255.375000
4291.725000
4328.850000
4365.125000
4401.875000
4438.625000
4474.975000
4511.975000
4548.425000
4585.250000
4622.000000
4658.300000
4695.375000
4731.800000
4768.575000
4805.375000
4841.725000
4878.850000
4915.125000
4951.875000
4988.625000
5024.975000
5061.975000
5098.425000
5135.250000
5172.000000
5208.300000
5245.375000
5281.800000
5318.575000
5355.375000
5391.725000
5428.850000
5465.125000
5501.875000
5538.625000
5574.975000
5611.975000
5648.425000
5685.250000
5722.000000
5758.300000
5795.375000
5831.800000
5868.575000
5905.375000
5941.725000
5978.850000
6015.125000
6051.875000
6088.625000
6124.975000
6161.975000
6198.425000
6235.250000
6272.000000
6308.300000
6345.375000
6381.800000
6418.575000
6455.375000
6491.725000
6528.850000
6565.125000
6601.875000
6638.625000
6674.975000
6711.975000
6748.425000
6785.250000
6822.000000
6858.300000
6895.375000
6931.800000
6968.575000
7005.375000
7041.725000
7078.850000
7115.125000
7151.875000
7188.625000
7224.975000
7261.975000
7298.425000
7335.250000
7372.000000
7408.300000
7445.375000
7481.800000
7518.575000
7555.375000
7591.725000
7628.850000
7665.125000
7701.875000
7738.625000
7774.975000
7811.975000
7848.425000
7885.250000
7922.000000
7958.300000
7995.375000
8031.800000
8068.575000
8105.375000
8141.725000
8178.850000
8215.125000
8251.875000
8288.625000
8324.975000
8361.975000
8398.425000
8435.250000
8472.000000
8508.300000
8545.375000
8581.800000
8618.575000
8655.375000
8691.725000
8728.850000
8765.125000
8801.875000
8838.625000
8874.975000
8911.975000
8948.425000
8985.250000
9022.000000
9058.300000
9095.375000
9131.800000
9168.575000
9205.375000
9241.725000
9278.850000
9315.125000
9351.875000
9388.625000
9424.975000
9461.975000
9498.425000
9535.250000
9572.000000
9608.300000
9645.375000
9681.800000
9718.575000
9755.375000
9791.725000
9828.850000
9865.125000
9901.875000
9938.625000
9974.975000
10011.975000
10048.425000
10085.250000
10122.000000
10158.300000
10195.375000
10231.800000
10268.575000
10305.375000
10341.725000
10378.850000
10415.125000
10451.875000
10488.625000
10524.975000
10561.975000
10598.425000
10635.250000
10672.000000
10708.300000
10745.375000
10781.800000
10818.575000
10855.375000
10891.725000
10928.850000
10965.125000
11001.875000
11038.625000
11074.975000
11111.975000
11148.425000
11185.250000
11222.000000
11258.300000
11295.375000
11331.800000
11368.575000
11405.375000
11441.725000
11478.850000
11515.125000
11551.875000
11588.625000
11624.975000
11661.975000
11698.425000
11735.250000
11772.000000
11808.300000
11845.375000
11881.800000
11918.575000
11955.375000
11991.725000
12028.850000
12065.125000
12101.875000
12138.625000
12174.975000
12211.975000
12248.425000
12285.250000
12322.000000
12358.300000
12395.375000
12431.800000
12468.575000
12505.375000
12541.725000
12578.850000
12615.125000
12651.875000
12688.625000
12724.975000
12761.975000
12798.425000
12835.250000
12872.000000
12908.300000
12945.375000
12981.800000
13018.575000
13055.375000
13091.725000
13128.850000
13165.125000
13201.875000
13238.625000
13274.975000
13311.975000
13348.425000
13385.250000
13422.000000
13458.300000
13495.375000
13531.800000
13568.575000
13605.375000
13641.725000
13678.850000
13715.125000
13751.875000
13788.625000
13824.975000
13861.975000
13898.425000
13935.250000
13972.000000
14008.300000
14045.375000
14081.800000
14118.575000
14155.375000
14191.725000
14228.850000
14265.125000
14301.875000
14338.625000
14374.975000
14411.975000
14448.425000
14485.250000
14522.000000
14558.300000
14595.375000
14631.800000
14668.575000
14705.375000
14741.725000
14778.850000
14815.125000
14851.875000
14888.625000
14924.975000
14961.975000
14998.425000
15035.250000
15072.000000
15108.300000
15145.375000
15181.800000
15218.575000
15255.375000
15291.725000
15328.850000
15365.125000
15401.875000
15438.625000
15474.975000
15511.975000
15548.425000
15585.250000
15622.000000
15658.300000
15695.375000
15731.800000
15768.575000
15805.375000
15841.725000
15878.850000
15915.125000
15951.875000
15988.625000
16024.975000
16061.975000
16098.425000
16135.250000
16172.000000
16208.300000
16245.375000
16281.800000
16318.575000
16355.375000
16391.725000
16428.850000
16465.125000
16501.875000
16538.625000
16574.975000
16611.975000
16648.425000
16685.250000
16722.000000
16758.300000
16795.375000
16831.800000
16868.575000
16905.375000
16941.725000
16978.850000
17015.125000
17051.875000
17088.625000
17124.975000
17161.975000
17198.425000
17235.250000
17272.000000
17308.300000
17345.375000
17381.800000
17418.575000
17455.375000
17491.725000
17528.850000
17565.125000
17601.875000
17638.625000
17674.975000
17711.975000
17748.425000
17785.250000
17822.000000
17858.300000
17895.375000
17931.800000
17968.575000
18005.375000
18041.725000
18078.850000
18115.125000
18151.875000
18188.625000
18224.975000
18261.975001
18298.425001
18335.250001
18372.000001
18408.300001
18445.375001
18481.800001
18518.575001
18555.375001
18591.725001
18628.850001
18665.125001
18701.875001
18738.625001
18774.975001
18811.975001
18848.425001
18885.250001
18922.000001
18958.300001
18995.375001
19031.800001
19068.575001
19105.375001
19141.725001
19178.850001
19215.125001
19251.875001
19288.625001
19324.975001
19361.975001
19398.425001
19435.250001
19472.000001
19508.300001
19545.375001
19581.800001
19618.575001
19655.375001
19691.725001
19728.850001
19765.125001
19801.875001
19838.625001
19874.975001
19911.975001
19948.425001
19985.250001
20022.000001
20058.300001
20095.375001
20131.800001
20168.575001
20205.375001
20241.725001
20278.850001
20315.125001
20351.875001
20388.625001
20424.975001
20461.975001
20498.425001
20535.250001
20572.000001
20608.300001
20645.375001
20681.800001
20718.575001
20755.375001
20791.725001
20828.850001
20865.125001
20901.875001
20938.625001
20974.975001
21011.975001
21048.425001
21085.250001
21122.000001
21158.300001
21195.375001
21231.800001
21268.575001
21305.375001
21341.725001
21378.850001
21415.125001
21451.875001
21488.625001
21524.975001
21561.975001
21598.425001
21635.250001
21672.000001
21708.300001
21745.375001
21781.800001
21818.575001
21855.375001
21891.725001
21928.850001
21965.125001
22001.875001
22038.625001
22074.975001
22111.975001
22148.425001
22185.250001
22222.000001
22258.300001
22295.375001
22331.800001
22368.575001
22405.375001
22441.725001
22478.850001
22515.125001
22551.875001
22588.625001
22624.975001
22661.975001
22698.425001
22735.250001
22772.000001
22808.300001
22845.375001
22881.800001
22918.575001
22955.375001
22991.725001
23028.850001
23065.125001
23101.875001
23138.625001
23174.975001
23211.975001
23248.425001
23285.250001
23322.000001
23358.300001
23395.375001
23431.800001
23468.575001
23505.375001
23541.725001
23578.850001
23615.125001
23651.875001
23688.625001
23724.975001
23761.975001
23798.425001
23835.250001
23872.000001
23908.300001
23945.375001
23981.800001
24018.575001
24055.375001
24091.725001
24128.850001
24165.125001
24201.875001
24238.625001
24274.975001
24311.975001
24348.425001
24385.250001
24422.000001
24458.300001
24495.375001
24531.800001
24568.575001
24605.375001
24641.725001
24678.850001
24715.125001
24751.875001
24788.625001
24824.975001
24861.975001
24898.425001
24935.250001
24972.000001
25008.300001
25045.375001
25081.800001
25118.575001
25155.375001
25191.725001
25228.850001
25265.125001
25301.875001
25338.625001
25374.975001
25411.975001
25448.425001
25485.250001
25522.000001
25558.300001
25595.375001
25631.800001
25668.575001
25705.375001
25741.725001
25778.850001
25815.125001
25851.875001
25888.625001
25924.975001
25961.975001
25998.425001
26035.250001
26072.000001
26108.300001
26145.375001
26181.800001
26218.575001
26255.375001
26291.725001
26328.850001
26365.125001
26401.875001
26438.625001
26474.975001
26511.975001
26548.425001
26585.250001
26622.000001
26658.300001
26695.375001
26731.800001
26768.575001
26805.375001
26841.725001
26878.850001
26915.125001
26951.875001
26988.625001
27024.975001
27061.975001
27098.425001
27135.250001
27172.000001
27208.300001
27245.375001
27281.800001
27318.575001
27355.375001
27391.725001
27428.850001
27465.125001
27501.875001
27538.625001
27574.975001
27611.975001
27648.425001
27685.250001
27722.000001
27758.300001
27795.375001
27831.800001
27868.575001
27905.375001
27941.725001
27978.850001
28015.125001
28051.875001
28088.625001
28124.975001
28161.975001
28198.425001
28235.250001
28272.000001
28308.300001
28345.375001
28381.800001
28418.575001
28455.375001
28491.725001
28528.850001
28565.125001
28601.875001
28638.625001
28674.975001
28711.975001
28748.425001
28785.250001
28822.000001
28858.300001
28895.375001
28931.800001
28968.575001
29005.375001
29041.725001
29078.850001
29115.125001
29151.875001
29188.625001
29224.975001
29261.975001
29298.425001
29335.250001
29372.000001
29409.100001
29447.075001
29485.650001
29524.775001
29564.275001
29605.100001
29646.750001
29689.375001
29733.125001
29778.250001
29824.925001
29873.725001
29925.075001
29980.400001
30042.175001
30118.375001
