100.000000
1.000000
414.400000
482.425000
541.075000
594.325000
644.250000
691.725000
737.400000
783.050000
828.975000
874.525000
920.100000
965.550000
1010.975000
1056.675000
1102.175000
1147.550000
1192.875000
1238.350000
1284.225000
1329.950000
1375.225000
1420.550000
1466.100000
1511.950000
1557.650000
1602.925000
1648.275000
1693.800000
1739.650000
1785.350000
1830.600000
1876.000000
1921.450000
1967.400000
2013.075000
2058.275000
2103.775000
2149.125000
2194.825000
2240.275000
2285.700000
2331.100000
2376.375000
2421.875000
2467.675000
2513.250000
2558.475000
2603.925000
2649.275000
2695.225000
2740.950000
2786.125000
2831.575000
2876.950000
2922.675000
2968.175000
3013.525000
3058.875000
3104.325000
3149.750000
3195.450000
3241.100000
3286.275000
3331.675000
3377.075000
3422.975000
3468.675000
3513.875000
3559.300000
3604.925000
3650.800000
3696.450000
3741.800000
3787.150000
3832.675000
3878.625000
3924.225000
3969.550000
4014.900000
4060.425000
4106.350000
4151.975000
4197.250000
4242.675000
4288.175000
4333.975000
4379.775000
4425.000000
4470.425000
4515.975000
4561.775000
4607.525000
4652.775000
4698.175000
4743.700000
4789.450000
4835.050000
4880.325000
4925.750000
4971.125000
5016.650000
5062.225000
5107.775000
5153.125000
5198.400000
5243.925000
5289.750000
5335.450000
5380.700000
5426.050000
5471.500000
5517.500000
5563.150000
5608.350000
5653.850000
5699.175000
5745.025000
5790.625000
5835.875000
5881.325000
5926.650000
5972.100000
6017.775000
6063.300000
6108.525000
6153.950000
6199.325000
6245.275000
6291.000000
6336.175000
6381.625000
6427.000000
6472.800000
6518.400000
6563.650000
6609.050000
6654.650000
6700.125000
6745.650000
6791.200000
6836.425000
6881.775000
6927.200000
6973.100000
7018.775000
7063.975000
7109.375000
7154.975000
7200.825000
7246.500000
7291.875000
7337.200000
7382.700000
7428.650000
7474.250000
7519.575000
7564.925000
7610.450000
7656.375000
7702.000000
7747.275000
7792.700000
7838.175000
7884.000000
7929.800000
7975.025000
8020.450000
8066.000000
8111.825000
8157.575000
8202.825000
8248.200000
8293.725000
8339.525000
8385.200000
8430.450000
8475.875000
8521.300000
8567.025000
8612.475000
8657.900000
8703.375000
8748.625000
8794.175000
8839.850000
8885.475000
8930.750000
8976.100000
9021.550000
9067.525000
9113.175000
9158.400000
9203.875000
9249.200000
9295.075000
9340.750000
9385.975000
9431.425000
9476.800000
9522.300000
9567.875000
9613.350000
9658.625000
9704.025000
9749.425000
9795.350000
9841.050000
9886.225000
9931.650000
9977.025000
10022.900000
10068.550000
10113.775000
10159.200000
10204.850000
10250.700000
10296.325000
10341.650000
10387.025000
10432.600000
10478.475000
10524.075000
10569.375000
10614.750000
10660.300000
10706.050000
10751.500000
10796.900000
10842.400000
10887.800000
10933.200000
10978.900000
11024.400000
11069.775000
11115.075000
11160.550000
11206.475000
11252.075000
11297.350000
11342.750000
11388.225000
11434.100000
11479.875000
11525.125000
11570.500000
11616.050000
11661.900000
11707.625000
11752.900000
11798.250000
11843.775000
11889.600000
11935.325000
11980.550000
12025.975000
12071.425000
12117.350000
12163.000000
12208.200000
12253.725000
12299.075000
12344.650000
12390.150000
12435.625000
12480.975000
12526.250000
12571.750000
12617.650000
12663.225000
12708.450000
12753.900000
12799.275000
12845.200000
12890.925000
12936.125000
12981.575000
13026.925000
13072.625000
13118.125000
13163.500000
13208.825000
13254.250000
13299.700000
13345.425000
13391.100000
13436.275000
13481.675000
13527.050000
13572.950000
13618.650000
13663.850000
13709.300000
13754.925000
13800.775000
13846.450000
13891.800000
13937.150000
13982.675000
14028.625000
14074.225000
14119.525000
14164.900000
14210.425000
14256.350000
14301.975000
14347.225000
14392.675000
14438.150000
14483.975000
14529.750000
14574.975000
14620.400000
14665.975000
14711.775000
14757.500000
14802.750000
14848.150000
14893.675000
14939.400000
14984.975000
15030.275000
15075.700000
15121.025000
15166.550000
15212.175000
15257.750000
15303.075000
15348.375000
15393.875000
15439.725000
15485.425000
15530.675000
15576.050000
15621.500000
15667.475000
15713.150000
15758.350000
15803.825000
15849.175000
15895.000000
15940.575000
15985.825000
16031.275000
16076.575000
16122.050000
16167.750000
16213.275000
16258.525000
16303.950000
16349.325000
16395.275000
16441.000000
16486.175000
16531.625000
16576.975000
16622.775000
16668.350000
16713.600000
16759.000000
16804.550000
16849.975000
16895.575000
16941.150000
16986.350000
17031.725000
17077.125000
17123.050000
17168.750000
17213.925000
17259.350000
17304.950000
17350.825000
17396.475000
17441.850000
17487.175000
17532.700000
17578.650000
17624.250000
17669.575000
17714.925000
17760.450000
17806.350000
17851.975000
17897.250000
17942.700000
17988.175000
18034.000000
18079.775000
18125.025000
18170.425000
18216.000000
18261.800001
18307.550001
18352.800001
18398.200001
18443.725001
18489.500001
18535.175001
18580.425001
18625.850001
18671.275001
18716.900001
18762.375001
18807.850001
18853.300001
18898.550001
18944.100001
18989.825001
19035.475001
19080.750001
19126.075001
19171.525001
19217.525001
19263.175001
19308.375001
19353.850001
19399.200001
19445.075001
19490.725001
19535.950001
19581.400001
19626.775001
19672.225001
19717.850001
19763.325001
19808.600001
19854.000001
19899.400001
19945.325001
19991.025001
20036.225001
20081.650001
20127.025001
20172.875001
20218.525001
20263.725001
20309.175001
20354.825001
20400.650001
20446.225001
20491.550001
20536.925001
20582.500001
20628.125001
20673.550001
20719.025001
20764.275001
20809.600001
20855.125001
20900.925001
20946.550001
20991.975001
21037.275001
21082.775001
21128.725001
21174.300001
21219.625001
21264.950001
21310.475001
21356.400001
21402.000001
21447.300001
21492.725001
21538.200001
21584.025001
21629.825001
21675.050001
21720.450001
21766.025001
21811.850001
21857.600001
21902.850001
21948.225001
21993.750001
22039.550001
22085.275001
22130.500001
22175.925001
22221.375001
22267.225001
22312.775001
22358.050001
22403.550001
22448.850001
22494.350001
22539.950001
22585.525001
22630.825001
22676.125001
22721.575001
22767.575001
22813.200001
22858.400001
22903.875001
22949.225001
22995.125001
23040.850001
23086.025001
23131.500001
23176.875001
23222.450001
23267.950001
23313.400001
23358.700001
23404.075001
23449.500001
23495.375001
23541.075001
23586.250001
23631.675001
23677.050001
23722.925001
23768.625001
23813.825001
23859.250001
23904.900001
23950.750001
23996.400001
24041.750001
24087.100001
24132.650001
24178.575001
24224.200001
24269.500001
24314.875001
24360.425001
24406.325001
24451.950001
24497.200001
24542.675001
24588.150001
24633.925001
24679.700001
24724.925001
24770.350001
24815.925001
24861.650001
24907.300001
24952.550001
24998.000001
25043.425001
25088.825001
25134.450001
25180.025001
25225.375001
25270.650001
25316.200001
25362.000001
25407.675001
25452.975001
25498.300001
25543.825001
25589.675001
25635.375001
25680.625001
25726.000001
25771.450001
25817.425001
25863.100001
25908.300001
25953.800001
25999.150001
26044.900001
26090.375001
26135.725001
26181.150001
26226.425001
26271.925001
26317.700001
26363.250001
26408.475001
26453.925001
26499.300001
26545.225001
26590.950001
26636.150001
26681.600001
26726.950001
26772.725001
26818.225001
26863.550001
26908.900001
26954.375001
26999.800001
27045.475001
27091.100001
27136.300001
27181.700001
27227.075001
27272.975001
27318.675001
27363.875001
27409.300001
27454.925001
27500.800001
27546.450001
27591.825001
27637.150001
27682.675001
27728.625001
27774.250001
27819.550001
27864.900001
27910.425001
27956.350001
28001.975001
28047.250001
28092.700001
28138.175001
28183.975001
28229.775001
28275.000001
28320.425001
28365.975001
28411.800001
28457.525001
28502.775001
28548.175001
28593.700001
28639.450001
28685.100001
28730.350001
28775.775001
28821.175001
28866.700001
28912.250001
28957.775001
29003.150001
29048.425001
29093.950001
29139.775001
29185.450001
29230.700001
29276.050001
29321.500001
29367.500001
29413.150001
29458.975001
29507.150001
29556.825001
29608.250001
29662.700001
29720.350001
29782.925001
29853.000001
29949.300001
