200.000000
7.000000
605.300000
648.275000
686.225000
720.275000
752.225000
782.475000
811.475000
839.375000
866.100000
892.300000
917.525000
942.450000
967.325000
991.425000
1014.875000
1038.425000
1061.850000
1085.300000
1107.950000
1131.025000
1153.525000
1175.750000
1197.975000
1220.200000
1242.425000
1264.675000
1286.900000
1309.125000
1331.325000
1353.575000
1375.750000
1397.950000
1420.175000
1442.400000
1464.650000
1486.875000
1509.100000
1531.325000
1553.550000
1575.725000
1597.950000
1620.175000
1642.400000
1664.650000
1686.875000
1709.100000
1731.325000
1753.550000
1775.725000
1797.950000
1820.175000
1842.400000
1864.650000
1886.875000
1909.100000
1931.325000
1953.550000
1975.725000
1997.950000
2020.175000
2042.400000
2064.650000
2086.875000
2109.100000
2131.325000
2153.550000
2175.725000
2197.950000
2220.175000
2242.400000
2264.650000
2286.875000
2309.100000
2331.325000
2353.550000
2375.725000
2397.950000
2420.175000
2442.400000
2464.650000
2486.875000
2509.100000
2531.325000
2553.550000
2575.725000
2597.950000
2620.175000
2642.400000
2664.650000
2686.875000
2709.100000
2731.325000
2753.550000
2775.725000
2797.950000
2820.175000
2842.400000
2864.650000
2886.875000
2909.100000
2931.325000
2953.550000
2975.725000
2997.950000
3020.175000
3042.400000
3064.650000
3086.875000
3109.100000
3131.325000
3153.550000
3175.725000
3197.950000
3220.175000
3242.400000
3264.650000
3286.875000
3309.100000
3331.325000
3353.550000
3375.725000
3397.950000
3420.175000
3442.400000
3464.650000
3486.875000
3509.100000
3531.325000
3553.550000
3575.725000
3597.950000
3620.175000
3642.400000
3664.650000
3686.875000
3709.100000
3731.325000
3753.550000
3775.725000
3797.950000
3820.175000
3842.400000
3864.650000
3886.875000
3909.100000
3931.325000
3953.550000
3975.725000
3997.950000
4020.175000
4042.400000
4064.650000
4086.875000
4109.100000
4131.325000
4153.550000
4175.725000
4197.950000
4220.175000
4242.400000
4264.650000
4286.875000
4309.100000
4331.325000
4353.550000
4375.725000
4397.950000
4420.175000
4442.400000
4464.650000
4486.875000
4509.100000
4531.325000
4553.550000
4575.725000
4597.950000
4620.175000
4642.400000
4664.650000
4686.875000
4709.100000
4731.325000
4753.550000
4775.725000
4797.950000
4820.175000
4842.400000
4864.650000
4886.875000
4909.100000
4931.325000
4953.550000
4975.725000
4997.950000
5020.175000
5042.400000
5064.650000
5086.875000
5109.100000
5131.325000
5153.550000
5175.725000
5197.950000
5220.175000
5242.400000
5264.650000
5286.875000
5309.100000
5331.325000
5353.550000
5375.725000
5397.950000
5420.175000
5442.400000
5464.650000
5486.875000
5509.100000
5531.325000
5553.550000
5575.725000
5597.950000
5620.175000
5642.400000
5664.650000
5686.875000
5709.100000
5731.325000
5753.550000
5775.725000
5797.950000
5820.175000
5842.400000
5864.650000
5886.875000
5909.100000
5931.325000
5953.550000
5975.725000
5997.950000
6020.175000
6042.400000
6064.650000
6086.875000
6109.100000
6131.325000
6153.550000
6175.725000
6197.950000
6220.175000
6242.400000
6264.650000
6286.875000
6309.100000
6331.325000
6353.550000
6375.725000
6397.950000
6420.175000
6442.400000
6464.650000
6486.875000
6509.100000
6531.325000
6553.550000
6575.725000
6597.950000
6620.175000
6642.400000
6664.650000
6686.875000
6709.100000
6731.325000
6753.550000
6775.725000
6797.950000
6820.175000
6842.400000
6864.650000
6886.875000
6909.100000
6931.325000
6953.550000
6975.725000
6997.950000
7020.175000
7042.400000
7064.650000
7086.875000
7109.100000
7131.325000
7153.550000
7175.725000
7197.950000
7220.175000
7242.400000
7264.650000
7286.875000
7309.100000
7331.325000
7353.550000
7375.725000
7397.950000
7420.175000
7442.400000
7464.650000
7486.875000
7509.100000
7531.325000
7553.550000
7575.725000
7597.950000
7620.175000
7642.400000
7664.650000
7686.875000
7709.100000
7731.325000
7753.550000
7775.725000
7797.950000
7820.175000
7842.400000
7864.650000
7886.875000
7909.100000
7931.325000
7953.550000
7975.725000
7997.950000
8020.175000
8042.400000
8064.650000
8086.875000
8109.100000
8131.325000
8153.550000
8175.725000
8197.950000
8220.175000
8242.400000
8264.650000
8286.875000
8309.100000
8331.325000
8353.550000
8375.725000
8397.950000
8420.175000
8442.400000
8464.650000
8486.875000
8509.100000
8531.325000
8553.550000
8575.725000
8597.950000
8620.175000
8642.400000
8664.650000
8686.875000
8709.100000
8731.325000
8753.550000
8775.725000
8797.950000
8820.175000
8842.400000
8864.650000
8886.875000
8909.100000
8931.325000
8953.550000
8975.725000
8997.950000
9020.175000
9042.400000
9064.650000
9086.875000
9109.100000
9131.325000
9153.550000
9175.725000
9197.950000
9220.175000
9242.400000
9264.650000
9286.875000
9309.100000
9331.325000
9353.550000
9375.725000
9397.950000
9420.175000
9442.400000
9464.650000
9486.875000
9509.100000
9531.325000
9553.550000
9575.725000
9597.950000
9620.175000
9642.400000
9664.650000
9686.875000
9709.100000
9731.325000
9753.550000
9775.725000
9797.950000
9820.175000
9842.400000
9864.650000
9886.875000
9909.100000
9931.325000
9953.550000
9975.725000
9997.950000
10020.175000
10042.400000
10064.650000
10086.875000
10109.100000
10131.325000
10153.550000
10175.725000
10197.950000
10220.175000
10242.400000
10264.650000
10286.875000
10309.100000
10331.325000
10353.550000
10375.725000
10397.950000
10420.175000
10442.400000
10464.650000
10486.875000
10509.100000
10531.325000
10553.550000
10575.725000
10597.950000
10620.175000
10642.400000
10664.650000
10686.875000
10709.100000
10731.325000
10753.550000
10775.725000
10797.950000
10820.175000
10842.400000
10864.650000
10886.875000
10909.100000
10931.325000
10953.550000
10975.725000
10997.950000
11020.175000
11042.400000
11064.650000
11086.875000
11109.100000
11131.325000
11153.550000
11175.725000
11197.950000
11220.175000
11242.400000
11264.650000
11286.875000
11309.100000
11331.325000
11353.550000
11375.725000
11397.950000
11420.175000
11442.400000
11464.650000
11486.875000
11509.100000
11531.325000
11553.550000
11575.725000
11597.950000
11620.175000
11642.400000
11664.650000
11686.875000
11709.100000
11731.325000
11753.550000
11775.725000
11797.950000
11820.175000
11842.400000
11864.650000
11886.875000
11909.100000
11931.325000
11953.550000
11975.725000
11997.950000
12020.175000
12042.400000
12064.650000
12086.875000
12109.100000
12131.325000
12153.550000
12175.725000
12197.950000
12220.175000
12242.400000
12264.650000
12286.875000
12309.100000
12331.325000
12353.550000
12375.725000
12397.950000
12420.175000
12442.400000
12464.650000
12486.875000
12509.100000
12531.325000
12553.550000
12575.725000
12597.950000
12620.175000
12642.400000
12664.650000
12686.875000
12709.100000
12731.325000
12753.550000
12775.725000
12797.950000
12820.175000
12842.400000
12864.650000
12886.875000
12909.100000
12931.325000
12953.550000
12975.725000
12997.950000
13020.175000
13042.400000
13064.650000
13086.875000
13109.100000
13131.325000
13153.550000
13175.725000
13197.950000
13220.175000
13242.400000
13264.650000
13286.875000
13309.100000
13331.325000
13353.550000
13375.725000
13397.950000
13420.175000
13442.400000
13464.650000
13486.875000
13509.100000
13531.325000
13553.550000
13575.725000
13597.950000
13620.175000
13642.400000
13664.650000
13686.875000
13709.100000
13731.325000
13753.550000
13775.725000
13797.950000
13820.175000
13842.400000
13864.650000
13886.875000
13909.100000
13931.325000
13953.550000
13975.725000
13997.950000
14020.175000
14042.400000
14064.650000
14086.875000
14109.100000
14131.325000
14153.550000
14175.725000
14197.950000
14220.175000
14242.400000
14264.650000
14286.875000
14309.100000
14331.325000
14353.550000
14375.725000
14397.950000
14420.175000
14442.400000
14464.650000
14486.875000
14509.100000
14531.325000
14553.550000
14575.725000
14597.950000
14620.175000
14642.400000
14664.650000
14686.875000
14709.100000
14731.325000
14753.550000
14775.725000
14797.950000
14820.175000
14842.400000
14864.650000
14886.875000
14909.100000
14931.325000
14953.550000
14975.725000
14997.950000
15020.175000
15042.400000
15064.650000
15086.875000
15109.100000
15131.325000
15153.550000
15175.725000
15197.950000
15220.175000
15242.400000
15264.650000
15286.875000
15309.100000
15331.325000
15353.550000
15375.725000
15397.950000
15420.175000
15442.400000
15464.650000
15486.875000
15509.100000
15531.325000
15553.550000
15575.725000
15597.950000
15620.175000
15642.400000
15664.650000
15686.875000
15709.100000
15731.325000
15753.550000
15775.725000
15797.950000
15820.175000
15842.400000
15864.650000
15886.875000
15909.100000
15931.325000
15953.550000
15975.725000
15997.950000
16020.175000
16042.400000
16064.650000
16086.875000
16109.100000
16131.325000
16153.550000
16175.725000
16197.950000
16220.175000
16242.400000
16264.650000
16286.875000
16309.100000
16331.325000
16353.550000
16375.725000
16397.950000
16420.175000
16442.400000
16464.650000
16486.875000
16509.100000
16531.325000
16553.550000
16575.725000
16597.950000
16620.175000
16642.400000
16664.650000
16686.875000
16709.100000
16731.325000
16753.550000
16775.725000
16797.950000
16820.175000
16842.400000
16864.650000
16886.875000
16909.100000
16931.325000
16953.550000
16975.725000
16997.950000
17020.175000
17042.400000
17064.650000
17086.875000
17109.100000
17131.325000
17153.550000
17175.725000
17197.950000
17220.175000
17242.400000
17264.650000
17286.875000
17309.100000
17331.325000
17353.550000
17375.725000
17397.950000
17420.175000
17442.400000
17464.650000
17486.875000
17509.100000
17531.325000
17553.550000
17575.725000
17597.950000
17620.175000
17642.400000
17664.650000
17686.875000
17709.100000
17731.325000
17753.550000
17775.725000
17797.950000
17820.175000
17842.400000
17864.650000
17886.875000
17909.100000
17931.325000
17953.550000
17975.725000
17997.950000
18020.175000
18042.400000
18064.650000
18086.875000
18109.100000
18131.325000
18153.550000
18175.725000
18197.950000
18220.175000
18242.400001
18264.650001
18286.875001
18309.100001
18331.325001
18353.550001
18375.725001
18397.950001
18420.175001
18442.400001
18464.650001
18486.875001
18509.100001
18531.325001
18553.550001
18575.725001
18597.950001
18620.175001
18642.400001
18664.650001
18686.875001
18709.100001
18731.325001
18753.550001
18775.725001
18797.950001
18820.175001
18842.400001
18864.650001
18886.875001
18909.100001
18931.325001
18953.550001
18975.725001
18997.950001
19020.175001
19042.400001
19064.650001
19086.875001
19109.100001
19131.325001
19153.550001
19175.725001
19197.950001
19220.175001
19242.400001
19264.650001
19286.875001
19309.100001
19331.325001
19353.550001
19375.725001
19397.950001
19420.175001
19442.400001
19464.650001
19486.875001
19509.100001
19531.325001
19553.550001
19575.725001
19597.950001
19620.175001
19642.400001
19664.650001
19686.875001
19709.100001
19731.325001
19753.550001
19775.725001
19797.950001
19820.175001
19842.400001
19864.650001
19886.875001
19909.100001
19931.325001
19953.550001
19975.725001
19997.950001
20020.175001
20042.400001
20064.650001
20086.875001
20109.100001
20131.325001
20153.550001
20175.725001
20197.950001
20220.175001
20242.400001
20264.650001
20286.875001
20309.100001
20331.325001
20353.550001
20375.725001
20397.950001
20420.175001
20442.400001
20464.650001
20486.875001
20509.100001
20531.325001
20553.550001
20575.725001
20597.950001
20620.175001
20642.400001
20664.650001
20686.875001
20709.100001
20731.325001
20753.550001
20775.725001
20797.950001
20820.175001
20842.400001
20864.650001
20886.875001
20909.100001
20931.325001
20953.550001
20975.725001
20997.950001
21020.175001
21042.400001
21064.650001
21086.875001
21109.100001
21131.325001
21153.550001
21175.725001
21197.950001
21220.175001
21242.400001
21264.650001
21286.875001
21309.100001
21331.325001
21353.550001
21375.725001
21397.950001
21420.175001
21442.400001
21464.650001
21486.875001
21509.100001
21531.325001
21553.550001
21575.725001
21597.950001
21620.175001
21642.400001
21664.650001
21686.875001
21709.100001
21731.325001
21753.550001
21775.725001
21797.950001
21820.175001
21842.400001
21864.650001
21886.875001
21909.100001
21931.325001
21953.550001
21975.725001
21997.950001
22020.175001
22042.400001
22064.650001
22086.875001
22109.100001
22131.325001
22153.550001
22175.725001
22197.950001
22220.175001
22242.400001
22264.650001
22286.875001
22309.100001
22331.325001
22353.550001
22375.725001
22397.950001
22420.175001
22442.400001
22464.650001
22486.875001
22509.100001
22531.325001
22553.550001
22575.725001
22597.950001
22620.175001
22642.400001
22664.650001
22686.875001
22709.100001
22731.325001
22753.550001
22775.725001
22797.950001
22820.175001
22842.400001
22864.650001
22886.875001
22909.100001
22931.325001
22953.550001
22975.725001
22997.950001
23020.175001
23042.400001
23064.650001
23086.875001
23109.100001
23131.325001
23153.550001
23175.725001
23197.950001
23220.175001
23242.400001
23264.650001
23286.875001
23309.100001
23331.325001
23353.550001
23375.725001
23397.950001
23420.175001
23442.400001
23464.650001
23486.875001
23509.100001
23531.325001
23553.550001
23575.725001
23597.950001
23620.175001
23642.400001
23664.650001
23686.875001
23709.100001
23731.325001
23753.550001
23775.725001
23797.950001
23820.175001
23842.400001
23864.650001
23886.875001
23909.100001
23931.325001
23953.550001
23975.725001
23997.950001
24020.175001
24042.400001
24064.650001
24086.875001
24109.100001
24131.325001
24153.550001
24175.725001
24197.950001
24220.175001
24242.400001
24264.650001
24286.875001
24309.100001
24331.325001
24353.550001
24375.725001
24397.950001
24420.175001
24442.400001
24464.650001
24486.875001
24509.100001
24531.325001
24553.550001
24575.725001
24597.950001
24620.175001
24642.400001
24664.650001
24686.875001
24709.100001
24731.325001
24753.550001
24775.725001
24797.950001
24820.175001
24842.400001
24864.650001
24886.875001
24909.100001
24931.325001
24953.550001
24975.725001
24997.950001
25020.175001
25042.400001
25064.650001
25086.875001
25109.100001
25131.325001
25153.550001
25175.725001
25197.950001
25220.175001
25242.400001
25264.650001
25286.875001
25309.100001
25331.325001
25353.550001
25375.725001
25397.950001
25420.175001
25442.400001
25464.650001
25486.875001
25509.100001
25531.325001
25553.550001
25575.725001
25597.950001
25620.175001
25642.400001
25664.650001
25686.875001
25709.100001
25731.325001
25753.550001
25775.725001
25797.950001
25820.175001
25842.400001
25864.650001
25886.875001
25909.100001
25931.325001
25953.550001
25975.725001
25997.950001
26020.175001
26042.400001
26064.650001
26086.875001
26109.100001
26131.325001
26153.550001
26175.725001
26197.950001
26220.175001
26242.400001
26264.650001
26286.875001
26309.100001
26331.325001
26353.550001
26375.725001
26397.950001
26420.175001
26442.400001
26464.650001
26486.875001
26509.100001
26531.325001
26553.550001
26575.725001
26597.950001
26620.175001
26642.400001
26664.650001
26686.875001
26709.100001
26731.325001
26753.550001
26775.725001
26797.950001
26820.175001
26842.400001
26864.650001
26886.875001
26909.100001
26931.325001
26953.550001
26975.725001
26997.950001
27020.175001
27042.400001
27064.650001
27086.875001
27109.100001
27131.325001
27153.550001
27175.725001
27197.950001
27220.175001
27242.400001
27264.650001
27286.875001
27309.100001
27331.325001
27353.550001
27375.725001
27397.950001
27420.175001
27442.400001
27464.650001
27486.875001
27509.100001
27531.325001
27553.550001
27575.725001
27597.950001
27620.175001
27642.400001
27664.650001
27686.875001
27709.100001
27731.325001
27753.550001
27775.725001
27797.950001
27820.175001
27842.400001
27864.650001
27886.875001
27909.100001
27931.325001
27953.550001
27975.725001
27997.950001
28020.175001
28042.400001
28064.650001
28086.875001
28109.100001
28131.325001
28153.550001
28175.725001
28197.950001
28220.175001
28242.400001
28264.650001
28286.875001
28309.100001
28331.325001
28353.550001
28375.725001
28397.950001
28420.175001
28442.400001
28464.650001
28486.875001
28509.100001
28531.325001
28553.550001
28575.725001
28597.950001
28620.175001
28642.400001
28664.650001
28686.875001
28709.100001
28731.325001
28753.550001
28775.725001
28797.950001
28820.175001
28842.400001
28864.650001
28886.875001
28909.100001
28931.325001
28953.550001
28975.725001
28997.950001
29020.175001
29042.475001
29064.850001
29087.300001
29110.375001
29133.950001
29157.475001
29181.225001
29204.950001
29228.725001
29253.300001
29277.550001
29302.125001
29327.125001
29352.225001
29377.600001
29403.425001
29429.550001
29456.125001
29482.700001
29509.375001
29536.800001
29564.600001
29592.550001
29621.250001
29650.575001
29680.075001
29710.375001
29741.250001
29772.975001
29805.500001
29839.225001
29874.200001
29910.725001
29949.625001
29992.325001
30043.675001
