3.000000
0.000000
453.625000
498.825000
540.850000
580.000000
617.625000
653.300000
688.175000
722.025000
755.025000
787.000000
818.800000
849.750000
879.950000
909.425000
938.725000
967.700000
996.450000
1024.400000
1052.150000
1079.800000
1106.825000
1133.225000
1158.900000
1185.350000
1210.925000
1235.600000
1260.825000
1285.450000
1309.525000
1334.275000
1357.775000
1381.275000
1405.150000
1428.925000
1452.175000
1474.850000
1498.125000
1521.925000
1545.550000
1568.850000
1591.525000
1614.825000
1638.550000
1662.250000
1685.500000
1708.100000
1731.450000
1755.225000
1778.950000
1802.175000
1824.850000
1848.125000
1871.900000
1895.550000
1918.850000
1941.525000
1964.825000
1988.550000
2012.250000
2035.500000
2058.100000
2081.450000
2105.225000
2128.950000
2152.175000
2174.850000
2198.125000
2221.900000
2245.550000
2268.850000
2291.525000
2314.825000
2338.550000
2362.250000
2385.500000
2408.100000
2431.450000
2455.225000
2478.950000
2502.175000
2524.850000
2548.125000
2571.900000
2595.550000
2618.850000
2641.525000
2664.825000
2688.550000
2712.250000
2735.500000
2758.100000
2781.450000
2805.225000
2828.950000
2852.175000
2874.850000
2898.125000
2921.900000
2945.550000
2968.850000
2991.525000
3014.825000
3038.550000
3062.250000
3085.500000
3108.100000
3131.450000
3155.225000
3178.950000
3202.175000
3224.850000
3248.125000
3271.900000
3295.550000
3318.850000
3341.525000
3364.825000
3388.550000
3412.250000
3435.500000
3458.100000
3481.450000
3505.225000
3528.950000
3552.175000
3574.850000
3598.125000
3621.900000
3645.550000
3668.850000
3691.525000
3714.825000
3738.550000
3762.250000
3785.500000
3808.100000
3831.450000
3855.225000
3878.950000
3902.175000
3924.850000
3948.125000
3971.900000
3995.550000
4018.850000
4041.525000
4064.825000
4088.550000
4112.250000
4135.500000
4158.100000
4181.450000
4205.225000
4228.950000
4252.175000
4274.850000
4298.125000
4321.900000
4345.550000
4368.850000
4391.525000
4414.825000
4438.550000
4462.250000
4485.500000
4508.100000
4531.450000
4555.225000
4578.950000
4602.175000
4624.850000
4648.125000
4671.900000
4695.550000
4718.850000
4741.525000
4764.825000
4788.550000
4812.250000
4835.500000
4858.100000
4881.450000
4905.225000
4928.950000
4952.175000
4974.850000
4998.125000
5021.900000
5045.550000
5068.850000
5091.525000
5114.825000
5138.550000
5162.250000
5185.500000
5208.100000
5231.450000
5255.225000
5278.950000
5302.175000
5324.850000
5348.125000
5371.900000
5395.550000
5418.850000
5441.525000
5464.825000
5488.550000
5512.250000
5535.500000
5558.100000
5581.450000
5605.225000
5628.950000
5652.175000
5674.850000
5698.125000
5721.900000
5745.550000
5768.850000
5791.525000
5814.825000
5838.550000
5862.250000
5885.500000
5908.100000
5931.450000
5955.225000
5978.950000
6002.175000
6024.850000
6048.125000
6071.900000
6095.550000
6118.850000
6141.525000
6164.825000
6188.550000
6212.250000
6235.500000
6258.100000
6281.450000
6305.225000
6328.950000
6352.175000
6374.850000
6398.125000
6421.900000
6445.550000
6468.850000
6491.525000
6514.825000
6538.550000
6562.250000
6585.500000
6608.100000
6631.450000
6655.225000
6678.950000
6702.175000
6724.850000
6748.125000
6771.900000
6795.550000
6818.850000
6841.525000
6864.825000
6888.550000
6912.250000
6935.500000
6958.100000
6981.450000
7005.225000
7028.950000
7052.175000
7074.850000
7098.125000
7121.900000
7145.550000
7168.850000
7191.525000
7214.825000
7238.550000
7262.250000
7285.500000
7308.100000
7331.450000
7355.225000
7378.950000
7402.175000
7424.850000
7448.125000
7471.900000
7495.550000
7518.850000
7541.525000
7564.825000
7588.550000
7612.250000
7635.500000
7658.100000
7681.450000
7705.225000
7728.950000
7752.175000
7774.850000
7798.125000
7821.900000
7845.550000
7868.850000
7891.525000
7914.825000
7938.550000
7962.250000
7985.500000
8008.100000
8031.450000
8055.225000
8078.950000
8102.175000
8124.850000
8148.125000
8171.900000
8195.550000
8218.850000
8241.525000
8264.825000
8288.550000
8312.250000
8335.500000
8358.100000
8381.450000
8405.225000
8428.950000
8452.175000
8474.850000
8498.125000
8521.900000
8545.550000
8568.850000
8591.525000
8614.825000
8638.550000
8662.250000
8685.500000
8708.100000
8731.450000
8755.225000
8778.950000
8802.175000
8824.850000
8848.125000
8871.900000
8895.550000
8918.850000
8941.525000
8964.825000
8988.550000
9012.250000
9035.500000
9058.100000
9081.450000
9105.225000
9128.950000
9152.175000
9174.850000
9198.125000
9221.900000
9245.550000
9268.850000
9291.525000
9314.825000
9338.550000
9362.250000
9385.500000
9408.100000
9431.450000
9455.225000
9478.950000
9502.175000
9524.850000
9548.125000
9571.900000
9595.550000
9618.850000
9641.525000
9664.825000
9688.550000
9712.250000
9735.500000
9758.100000
9781.450000
9805.225000
9828.950000
9852.175000
9874.850000
9898.125000
9921.900000
9945.550000
9968.850000
9991.525000
10014.825000
10038.550000
10062.250000
10085.500000
10108.100000
10131.450000
10155.225000
10178.950000
10202.175000
10224.850000
10248.125000
10271.900000
10295.550000
10318.850000
10341.525000
10364.825000
10388.550000
10412.250000
10435.500000
10458.100000
10481.450000
10505.225000
10528.950000
10552.175000
10574.850000
10598.125000
10621.900000
10645.550000
10668.850000
10691.525000
10714.825000
10738.550000
10762.250000
10785.500000
10808.100000
10831.450000
10855.225000
10878.950000
10902.175000
10924.850000
10948.125000
10971.900000
10995.550000
11018.850000
11041.525000
11064.825000
11088.550000
11112.250000
11135.500000
11158.100000
11181.450000
11205.225000
11228.950000
11252.175000
11274.850000
11298.125000
11321.900000
11345.550000
11368.850000
11391.525000
11414.825000
11438.550000
11462.250000
11485.500000
11508.100000
11531.450000
11555.225000
11578.950000
11602.175000
11624.850000
11648.125000
11671.900000
11695.550000
11718.850000
11741.525000
11764.825000
11788.550000
11812.250000
11835.500000
11858.100000
11881.450000
11905.225000
11928.950000
11952.175000
11974.850000
11998.125000
12021.900000
12045.550000
12068.850000
12091.525000
12114.825000
12138.550000
12162.250000
12185.500000
12208.100000
12231.450000
12255.225000
12278.950000
12302.175000
12324.850000
12348.125000
12371.900000
12395.550000
12418.850000
12441.525000
12464.825000
12488.550000
12512.250000
12535.500000
12558.100000
12581.450000
12605.225000
12628.950000
12652.175000
12674.850000
12698.125000
12721.900000
12745.550000
12768.850000
12791.525000
12814.825000
12838.550000
12862.250000
12885.500000
12908.100000
12931.450000
12955.225000
12978.950000
13002.175000
13024.850000
13048.125000
13071.900000
13095.550000
13118.850000
13141.525000
13164.825000
13188.550000
13212.250000
13235.500000
13258.100000
13281.450000
13305.225000
13328.950000
13352.175000
13374.850000
13398.125000
13421.900000
13445.550000
13468.850000
13491.525000
13514.825000
13538.550000
13562.250000
13585.500000
13608.100000
13631.450000
13655.225000
13678.950000
13702.175000
13724.850000
13748.125000
13771.900000
13795.550000
13818.850000
13841.525000
13864.825000
13888.550000
13912.250000
13935.500000
13958.100000
13981.450000
14005.225000
14028.950000
14052.175000
14074.850000
14098.125000
14121.900000
14145.550000
14168.850000
14191.525000
14214.825000
14238.550000
14262.250000
14285.500000
14308.100000
14331.450000
14355.225000
14378.950000
14402.175000
14424.850000
14448.125000
14471.900000
14495.550000
14518.850000
14541.525000
14564.825000
14588.550000
14612.250000
14635.500000
14658.100000
14681.450000
14705.225000
14728.950000
14752.175000
14774.850000
14798.125000
14821.900000
14845.550000
14868.850000
14891.525000
14914.825000
14938.550000
14962.250000
14985.500000
15008.100000
15031.450000
15055.225000
15078.950000
15102.175000
15124.850000
15148.125000
15171.900000
15195.550000
15218.850000
15241.525000
15264.825000
15288.550000
15312.250000
15335.500000
15358.100000
15381.450000
15405.225000
15428.950000
15452.175000
15474.850000
15498.125000
15521.900000
15545.550000
15568.850000
15591.525000
15614.825000
15638.550000
15662.250000
15685.500000
15708.100000
15731.450000
15755.225000
15778.950000
15802.175000
15824.850000
15848.125000
15871.900000
15895.550000
15918.850000
15941.525000
15964.825000
15988.550000
16012.250000
16035.500000
16058.100000
16081.450000
16105.225000
16128.950000
16152.175000
16174.850000
16198.125000
16221.900000
16245.550000
16268.850000
16291.525000
16314.825000
16338.550000
16362.250000
16385.500000
16408.100000
16431.450000
16455.225000
16478.950000
16502.175000
16524.850000
16548.125000
16571.900000
16595.550000
16618.850000
16641.525000
16664.825000
16688.550000
16712.250000
16735.500000
16758.100000
16781.450000
16805.225000
16828.950000
16852.175000
16874.850000
16898.125000
16921.900000
16945.550000
16968.850000
16991.525000
17014.825000
17038.550000
17062.250000
17085.500000
17108.100000
17131.450000
17155.225000
17178.950000
17202.175000
17224.850000
17248.125000
17271.900000
17295.550000
17318.850000
17341.525000
17364.825000
17388.550000
17412.250000
17435.500000
17458.100000
17481.450000
17505.225000
17528.950000
17552.175000
17574.850000
17598.125000
17621.900000
17645.550000
17668.850000
17691.525000
17714.825000
17738.550000
17762.250000
17785.500000
17808.100000
17831.450000
17855.225000
17878.950000
17902.175000
17924.850000
17948.125000
17971.900000
17995.550000
18018.850000
18041.525000
18064.825000
18088.550000
18112.250000
18135.500000
18158.100000
18181.450000
18205.225000
18228.950001
18252.175001
18274.850001
18298.125001
18321.900001
18345.550001
18368.850001
18391.525001
18414.825001
18438.550001
18462.250001
18485.500001
18508.100001
18531.450001
18555.225001
18578.950001
18602.175001
18624.850001
18648.125001
18671.900001
18695.550001
18718.850001
18741.525001
18764.825001
18788.550001
18812.250001
18835.500001
18858.100001
18881.450001
18905.225001
18928.950001
18952.175001
18974.850001
18998.125001
19021.900001
19045.550001
19068.850001
19091.525001
19114.825001
19138.550001
19162.250001
19185.500001
19208.100001
19231.450001
19255.225001
19278.950001
19302.175001
19324.850001
19348.125001
19371.900001
19395.550001
19418.850001
19441.525001
19464.825001
19488.550001
19512.250001
19535.500001
19558.100001
19581.450001
19605.225001
19628.950001
19652.175001
19674.850001
19698.125001
19721.900001
19745.550001
19768.850001
19791.525001
19814.825001
19838.550001
19862.250001
19885.500001
19908.100001
19931.450001
19955.225001
19978.950001
20002.175001
20024.850001
20048.125001
20071.900001
20095.550001
20118.850001
20141.525001
20164.825001
20188.550001
20212.250001
20235.500001
20258.100001
20281.450001
20305.225001
20328.950001
20352.175001
20374.850001
20398.125001
20421.900001
20445.550001
20468.850001
20491.525001
20514.825001
20538.550001
20562.250001
20585.500001
20608.100001
20631.450001
20655.225001
20678.950001
20702.175001
20724.850001
20748.125001
20771.900001
20795.550001
20818.850001
20841.525001
20864.825001
20888.550001
20912.250001
20935.500001
20958.100001
20981.450001
21005.225001
21028.950001
21052.175001
21074.850001
21098.125001
21121.900001
21145.550001
21168.850001
21191.525001
21214.825001
21238.550001
21262.250001
21285.500001
21308.100001
21331.450001
21355.225001
21378.950001
21402.175001
21424.850001
21448.125001
21471.900001
21495.550001
21518.850001
21541.525001
21564.825001
21588.550001
21612.250001
21635.500001
21658.100001
21681.450001
21705.225001
21728.950001
21752.175001
21774.850001
21798.125001
21821.900001
21845.550001
21868.850001
21891.525001
21914.825001
21938.550001
21962.250001
21985.500001
22008.100001
22031.450001
22055.225001
22078.950001
22102.175001
22124.850001
22148.125001
22171.900001
22195.550001
22218.850001
22241.525001
22264.825001
22288.550001
22312.250001
22335.500001
22358.100001
22381.450001
22405.225001
22428.950001
22452.175001
22474.850001
22498.125001
22521.900001
22545.550001
22568.850001
22591.525001
22614.825001
22638.550001
22662.250001
22685.500001
22708.100001
22731.450001
22755.225001
22778.950001
22802.175001
22824.850001
22848.125001
22871.900001
22895.550001
22918.850001
22941.525001
22964.825001
22988.550001
23012.250001
23035.500001
23058.100001
23081.450001
23105.225001
23128.950001
23152.175001
23174.850001
23198.125001
23221.900001
23245.550001
23268.850001
23291.525001
23314.825001
23338.550001
23362.250001
23385.500001
23408.100001
23431.450001
23455.225001
23478.950001
23502.175001
23524.850001
23548.125001
23571.900001
23595.550001
23618.850001
23641.525001
23664.825001
23688.550001
23712.250001
23735.500001
23758.100001
23781.450001
23805.225001
23828.950001
23852.175001
23874.850001
23898.125001
23921.900001
23945.550001
23968.850001
23991.525001
24014.825001
24038.550001
24062.250001
24085.500001
24108.100001
24131.450001
24155.225001
24178.950001
24202.175001
24224.850001
24248.125001
24271.900001
24295.550001
24318.850001
24341.525001
24364.825001
24388.550001
24412.250001
24435.500001
24458.100001
24481.450001
24505.225001
24528.950001
24552.175001
24574.850001
24598.125001
24621.900001
24645.550001
24668.850001
24691.525001
24714.825001
24738.550001
24762.250001
24785.500001
24808.100001
24831.450001
24855.225001
24878.950001
24902.175001
24924.850001
24948.125001
24971.900001
24995.550001
25018.850001
25041.525001
25064.825001
25088.550001
25112.250001
25135.500001
25158.100001
25181.450001
25205.225001
25228.950001
25252.175001
25274.850001
25298.125001
25321.900001
25345.550001
25368.850001
25391.525001
25414.825001
25438.550001
25462.250001
25485.500001
25508.100001
25531.450001
25555.225001
25578.950001
25602.175001
25624.850001
25648.125001
25671.900001
25695.550001
25718.850001
25741.525001
25764.825001
25788.550001
25812.250001
25835.500001
25858.100001
25881.450001
25905.225001
25928.950001
25952.175001
25974.850001
25998.125001
26021.900001
26045.550001
26068.850001
26091.525001
26114.825001
26138.550001
26162.250001
26185.500001
26208.100001
26231.450001
26255.225001
26278.950001
26302.175001
26324.850001
26348.125001
26371.900001
26395.550001
26418.850001
26441.525001
26464.825001
26488.550001
26512.250001
26535.500001
26558.100001
26581.450001
26605.225001
26628.950001
26652.175001
26674.850001
26698.125001
26721.900001
26745.550001
26768.850001
26791.525001
26814.825001
26838.550001
26862.250001
26885.500001
26908.100001
26931.450001
26955.225001
26978.950001
27002.175001
27024.850001
27048.125001
27071.900001
27095.550001
27118.850001
27141.525001
27164.825001
27188.550001
27212.250001
27235.500001
27258.100001
27281.450001
27305.225001
27328.950001
27352.175001
27374.850001
27398.125001
27421.900001
27445.550001
27468.850001
27491.525001
27514.825001
27538.550001
27562.250001
27585.500001
27608.100001
27631.450001
27655.225001
27678.950001
27702.175001
27724.850001
27748.125001
27771.900001
27795.550001
27818.850001
27841.525001
27864.825001
27888.550001
27912.250001
27935.500001
27958.100001
27981.450001
28005.225001
28028.950001
28052.175001
28074.850001
28098.125001
28121.900001
28145.550001
28168.850001
28191.525001
28214.825001
28238.550001
28262.250001
28285.500001
28308.100001
28331.450001
28355.225001
28378.950001
28402.175001
28424.850001
28448.125001
28471.900001
28495.550001
28518.850001
28541.525001
28564.825001
28588.550001
28612.250001
28635.500001
28658.100001
28681.450001
28705.225001
28728.950001
28752.175001
28774.850001
28798.150001
28822.625001
28846.625001
28870.550001
28895.500001
28919.350001
28945.250001
28970.300001
28996.500001
29023.075001
29049.525001
29075.900001
29102.425001
29129.950001
29157.750001
29185.625001
29213.650001
29242.550001
29272.500001
29302.300001
29333.050001
29363.625001
29395.700001
29428.675001
29462.275001
29496.625001
29531.625001
29568.475001
29606.600001
29646.400001
29687.725001
29731.825001
29780.775001
