300.000000
0.000000
753.775000
799.425000
842.475000
884.450000
924.375000
963.175000
1000.925000
1036.475000
1071.925000
1106.800000
1140.975000
1174.325000
1207.525000
1239.950000
1270.800000
1302.075000
1332.850000
1363.175000
1392.575000
1422.725000
1452.050000
1480.050000
1507.850000
1535.550000
1563.225000
1591.000000
1618.700000
1646.275000
1673.200000
1699.700000
1724.675000
1751.050000
1776.025000
1802.000000
1827.525000
1852.150000
1877.425000
1902.075000
1926.050000
1950.925000
1974.400000
1998.075000
2022.925000
2046.525000
2069.025000
2091.375000
2113.475000
2135.650000
2157.825000
2180.000000
2202.200000
2224.400000
2246.575000
2268.775000
2290.975000
2313.125000
2335.325000
2357.525000
2379.725000
2401.250000
2423.050000
2444.300000
2463.525000
2485.300000
2506.600000
2526.200000
2546.550000
2567.675000
2586.100000
2607.450000
2628.575000
2646.875000
2667.650000
2685.700000
2706.525000
2724.575000
2745.300000
2763.350000
2784.150000
2802.225000
2822.050000
2840.950000
2858.150000
2878.600000
2896.600000
2913.675000
2933.050000
2951.975000
2969.000000
2985.875000
3003.425000
3023.100000
3040.975000
3057.825000
3074.650000
3091.350000
3107.925000
3124.625000
3141.275000
3157.850000
3174.550000
3191.225000
3207.850000
3224.550000
3241.225000
3257.850000
3274.550000
3291.225000
3307.850000
3324.550000
3341.225000
3357.850000
3374.550000
3391.225000
3407.850000
3424.550000
3441.225000
3457.850000
3474.550000
3491.225000
3507.850000
3524.550000
3541.225000
3557.850000
3574.550000
3591.225000
3607.850000
3624.550000
3641.225000
3657.850000
3674.550000
3691.225000
3707.850000
3724.550000
3741.225000
3757.850000
3774.550000
3791.225000
3807.850000
3824.550000
3841.225000
3857.850000
3874.550000
3891.225000
3907.850000
3924.550000
3941.225000
3957.850000
3974.550000
3991.225000
4007.850000
4024.550000
4041.225000
4057.850000
4074.550000
4091.225000
4107.850000
4124.550000
4141.225000
4157.850000
4174.550000
4191.225000
4207.850000
4224.550000
4241.225000
4257.850000
4274.550000
4291.225000
4307.850000
4324.550000
4341.225000
4357.850000
4374.550000
4391.225000
4407.850000
4424.550000
4441.225000
4457.850000
4474.550000
4491.225000
4507.850000
4524.550000
4541.225000
4557.850000
4574.550000
4591.225000
4607.850000
4624.550000
4641.225000
4657.850000
4674.550000
4691.225000
4707.850000
4724.550000
4741.225000
4757.850000
4774.550000
4791.225000
4807.850000
4824.550000
4841.225000
4857.850000
4874.550000
4891.225000
4907.850000
4924.550000
4941.225000
4957.850000
4974.550000
4991.225000
5007.850000
5024.550000
5041.225000
5057.850000
5074.550000
5091.225000
5107.850000
5124.550000
5141.225000
5157.850000
5174.550000
5191.225000
5207.850000
5224.550000
5241.225000
5257.850000
5274.550000
5291.225000
5307.850000
5324.550000
5341.225000
5357.850000
5374.550000
5391.225000
5407.850000
5424.550000
5441.225000
5457.850000
5474.550000
5491.225000
5507.850000
5524.550000
5541.225000
5557.850000
5574.550000
5591.225000
5607.850000
5624.550000
5641.225000
5657.850000
5674.550000
5691.225000
5707.850000
5724.550000
5741.225000
5757.850000
5774.550000
5791.225000
5807.850000
5824.550000
5841.225000
5857.850000
5874.550000
5891.225000
5907.850000
5924.550000
5941.225000
5957.850000
5974.550000
5991.225000
6007.850000
6024.550000
6041.225000
6057.850000
6074.550000
6091.225000
6107.850000
6124.550000
6141.225000
6157.850000
6174.550000
6191.225000
6207.850000
6224.550000
6241.225000
6257.850000
6274.550000
6291.225000
6307.850000
6324.550000
6341.225000
6357.850000
6374.550000
6391.225000
6407.850000
6424.550000
6441.225000
6457.850000
6474.550000
6491.225000
6507.850000
6524.550000
6541.225000
6557.850000
6574.550000
6591.225000
6607.850000
6624.550000
6641.225000
6657.850000
6674.550000
6691.225000
6707.850000
6724.550000
6741.225000
6757.850000
6774.550000
6791.225000
6807.850000
6824.550000
6841.225000
6857.850000
6874.550000
6891.225000
6907.850000
6924.550000
6941.225000
6957.850000
6974.550000
6991.225000
7007.850000
7024.550000
7041.225000
7057.850000
7074.550000
7091.225000
7107.850000
7124.550000
7141.225000
7157.850000
7174.550000
7191.225000
7207.850000
7224.550000
7241.225000
7257.850000
7274.550000
7291.225000
7307.850000
7324.550000
7341.225000
7357.850000
7374.550000
7391.225000
7407.850000
7424.550000
7441.225000
7457.850000
7474.550000
7491.225000
7507.850000
7524.550000
7541.225000
7557.850000
7574.550000
7591.225000
7607.850000
7624.550000
7641.225000
7657.850000
7674.550000
7691.225000
7707.850000
7724.550000
7741.225000
7757.850000
7774.550000
7791.225000
7807.850000
7824.550000
7841.225000
7857.850000
7874.550000
7891.225000
7907.850000
7924.550000
7941.225000
7957.850000
7974.550000
7991.225000
8007.850000
8024.550000
8041.225000
8057.850000
8074.550000
8091.225000
8107.850000
8124.550000
8141.225000
8157.850000
8174.550000
8191.225000
8207.850000
8224.550000
8241.225000
8257.850000
8274.550000
8291.225000
8307.850000
8324.550000
8341.225000
8357.850000
8374.550000
8391.225000
8407.850000
8424.550000
8441.225000
8457.850000
8474.550000
8491.225000
8507.850000
8524.550000
8541.225000
8557.850000
8574.550000
8591.225000
8607.850000
8624.550000
8641.225000
8657.850000
8674.550000
8691.225000
8707.850000
8724.550000
8741.225000
8757.850000
8774.550000
8791.225000
8807.850000
8824.550000
8841.225000
8857.850000
8874.550000
8891.225000
8907.850000
8924.550000
8941.225000
8957.850000
8974.550000
8991.225000
9007.850000
9024.550000
9041.225000
9057.850000
9074.550000
9091.225000
9107.850000
9124.550000
9141.225000
9157.850000
9174.550000
9191.225000
9207.850000
9224.550000
9241.225000
9257.850000
9274.550000
9291.225000
9307.850000
9324.550000
9341.225000
9357.850000
9374.550000
9391.225000
9407.850000
9424.550000
9441.225000
9457.850000
9474.550000
9491.225000
9507.850000
9524.550000
9541.225000
9557.850000
9574.550000
9591.225000
9607.850000
9624.550000
9641.225000
9657.850000
9674.550000
9691.225000
9707.850000
9724.550000
9741.225000
9757.850000
9774.550000
9791.225000
9807.850000
9824.550000
9841.225000
9857.850000
9874.550000
9891.225000
9907.850000
9924.550000
9941.225000
9957.850000
9974.550000
9991.225000
10007.850000
10024.550000
10041.225000
10057.850000
10074.550000
10091.225000
10107.850000
10124.550000
10141.225000
10157.850000
10174.550000
10191.225000
10207.850000
10224.550000
10241.225000
10257.850000
10274.550000
10291.225000
10307.850000
10324.550000
10341.225000
10357.850000
10374.550000
10391.225000
10407.850000
10424.550000
10441.225000
10457.850000
10474.550000
10491.225000
10507.850000
10524.550000
10541.225000
10557.850000
10574.550000
10591.225000
10607.850000
10624.550000
10641.225000
10657.850000
10674.550000
10691.225000
10707.850000
10724.550000
10741.225000
10757.850000
10774.550000
10791.225000
10807.850000
10824.550000
10841.225000
10857.850000
10874.550000
10891.225000
10907.850000
10924.550000
10941.225000
10957.850000
10974.550000
10991.225000
11007.850000
11024.550000
11041.225000
11057.850000
11074.550000
11091.225000
11107.850000
11124.550000
11141.225000
11157.850000
11174.550000
11191.225000
11207.850000
11224.550000
11241.225000
11257.850000
11274.550000
11291.225000
11307.850000
11324.550000
11341.225000
11357.850000
11374.550000
11391.225000
11407.850000
11424.550000
11441.225000
11457.850000
11474.550000
11491.225000
11507.850000
11524.550000
11541.225000
11557.850000
11574.550000
11591.225000
11607.850000
11624.550000
11641.225000
11657.850000
11674.550000
11691.225000
11707.850000
11724.550000
11741.225000
11757.850000
11774.550000
11791.225000
11807.850000
11824.550000
11841.225000
11857.850000
11874.550000
11891.225000
11907.850000
11924.550000
11941.225000
11957.850000
11974.550000
11991.225000
12007.850000
12024.550000
12041.225000
12057.850000
12074.550000
12091.225000
12107.850000
12124.550000
12141.225000
12157.850000
12174.550000
12191.225000
12207.850000
12224.550000
12241.225000
12257.850000
12274.550000
12291.225000
12307.850000
12324.550000
12341.225000
12357.850000
12374.550000
12391.225000
12407.850000
12424.550000
12441.225000
12457.850000
12474.550000
12491.225000
12507.850000
12524.550000
12541.225000
12557.850000
12574.550000
12591.225000
12607.850000
12624.550000
12641.225000
12657.850000
12674.550000
12691.225000
12707.850000
12724.550000
12741.225000
12757.850000
12774.550000
12791.225000
12807.850000
12824.550000
12841.225000
12857.850000
12874.550000
12891.225000
12907.850000
12924.550000
12941.225000
12957.850000
12974.550000
12991.225000
13007.850000
13024.550000
13041.225000
13057.850000
13074.550000
13091.225000
13107.850000
13124.550000
13141.225000
13157.850000
13174.550000
13191.225000
13207.850000
13224.550000
13241.225000
13257.850000
13274.550000
13291.225000
13307.850000
13324.550000
13341.225000
13357.850000
13374.550000
13391.225000
13407.850000
13424.550000
13441.225000
13457.850000
13474.550000
13491.225000
13507.850000
13524.550000
13541.225000
13557.850000
13574.550000
13591.225000
13607.850000
13624.550000
13641.225000
13657.850000
13674.550000
13691.225000
13707.850000
13724.550000
13741.225000
13757.850000
13774.550000
13791.225000
13807.850000
13824.550000
13841.225000
13857.850000
13874.550000
13891.225000
13907.850000
13924.550000
13941.225000
13957.850000
13974.550000
13991.225000
14007.850000
14024.550000
14041.225000
14057.850000
14074.550000
14091.225000
14107.850000
14124.550000
14141.225000
14157.850000
14174.550000
14191.225000
14207.850000
14224.550000
14241.225000
14257.850000
14274.550000
14291.225000
14307.850000
14324.550000
14341.225000
14357.850000
14374.550000
14391.225000
14407.850000
14424.550000
14441.225000
14457.850000
14474.550000
14491.225000
14507.850000
14524.550000
14541.225000
14557.850000
14574.550000
14591.225000
14607.850000
14624.550000
14641.225000
14657.850000
14674.550000
14691.225000
14707.850000
14724.550000
14741.225000
14757.850000
14774.550000
14791.225000
14807.850000
14824.550000
14841.225000
14857.850000
14874.550000
14891.225000
14907.850000
14924.550000
14941.225000
14957.850000
14974.550000
14991.225000
15007.850000
15024.550000
15041.225000
15057.850000
15074.550000
15091.225000
15107.850000
15124.550000
15141.225000
15157.850000
15174.550000
15191.225000
15207.850000
15224.550000
15241.225000
15257.850000
15274.550000
15291.225000
15307.850000
15324.550000
15341.225000
15357.850000
15374.550000
15391.225000
15407.850000
15424.550000
15441.225000
15457.850000
15474.550000
15491.225000
15507.850000
15524.550000
15541.225000
15557.850000
15574.550000
15591.225000
15607.850000
15624.550000
15641.225000
15657.850000
15674.550000
15691.225000
15707.850000
15724.550000
15741.225000
15757.850000
15774.550000
15791.225000
15807.850000
15824.550000
15841.225000
15857.850000
15874.550000
15891.225000
15907.850000
15924.550000
15941.225000
15957.850000
15974.550000
15991.225000
16007.850000
16024.550000
16041.225000
16057.850000
16074.550000
16091.225000
16107.850000
16124.550000
16141.225000
16157.850000
16174.550000
16191.225000
16207.850000
16224.550000
16241.225000
16257.850000
16274.550000
16291.225000
16307.850000
16324.550000
16341.225000
16357.850000
16374.550000
16391.225000
16407.850000
16424.550000
16441.225000
16457.850000
16474.550000
16491.225000
16507.850000
16524.550000
16541.225000
16557.850000
16574.550000
16591.225000
16607.850000
16624.550000
16641.225000
16657.850000
16674.550000
16691.225000
16707.850000
16724.550000
16741.225000
16757.850000
16774.550000
16791.225000
16807.850000
16824.550000
16841.225000
16857.850000
16874.550000
16891.225000
16907.850000
16924.550000
16941.225000
16957.850000
16974.550000
16991.225000
17007.850000
17024.550000
17041.225000
17057.850000
17074.550000
17091.225000
17107.850000
17124.550000
17141.225000
17157.850000
17174.550000
17191.225000
17207.850000
17224.550000
17241.225000
17257.850000
17274.550000
17291.225000
17307.850000
17324.550000
17341.225000
17357.850000
17374.550000
17391.225000
17407.850000
17424.550000
17441.225000
17457.850000
17474.550000
17491.225000
17507.850000
17524.550000
17541.225000
17557.850000
17574.550000
17591.225000
17607.850000
17624.550000
17641.225000
17657.850000
17674.550000
17691.225000
17707.850000
17724.550000
17741.225000
17757.850000
17774.550000
17791.225000
17807.850000
17824.550000
17841.225000
17857.850000
17874.550000
17891.225000
17907.850000
17924.550000
17941.225000
17957.850000
17974.550000
17991.225000
18007.850000
18024.550000
18041.225000
18057.850000
18074.550000
18091.225000
18107.850000
18124.550000
18141.225000
18157.850000
18174.550000
18191.225000
18207.850000
18224.550000
18241.225001
18257.850001
18274.550001
18291.225001
18307.850001
18324.550001
18341.225001
18357.850001
18374.550001
18391.225001
18407.850001
18424.550001
18441.225001
18457.850001
18474.550001
18491.225001
18507.850001
18524.550001
18541.225001
18557.850001
18574.550001
18591.225001
18607.850001
18624.550001
18641.225001
18657.850001
18674.550001
18691.225001
18707.850001
18724.550001
18741.225001
18757.850001
18774.550001
18791.225001
18807.850001
18824.550001
18841.225001
18857.850001
18874.550001
18891.225001
18907.850001
18924.550001
18941.225001
18957.850001
18974.550001
18991.225001
19007.850001
19024.550001
19041.225001
19057.850001
19074.550001
19091.225001
19107.850001
19124.550001
19141.225001
19157.850001
19174.550001
19191.225001
19207.850001
19224.550001
19241.225001
19257.850001
19274.550001
19291.225001
19307.850001
19324.550001
19341.225001
19357.850001
19374.550001
19391.225001
19407.850001
19424.550001
19441.225001
19457.850001
19474.550001
19491.225001
19507.850001
19524.550001
19541.225001
19557.850001
19574.550001
19591.225001
19607.850001
19624.550001
19641.225001
19657.850001
19674.550001
19691.225001
19707.850001
19724.550001
19741.225001
19757.850001
19774.550001
19791.225001
19807.850001
19824.550001
19841.225001
19857.850001
19874.550001
19891.225001
19907.850001
19924.550001
19941.225001
19957.850001
19974.550001
19991.225001
20007.850001
20024.550001
20041.225001
20057.850001
20074.550001
20091.225001
20107.850001
20124.550001
20141.225001
20157.850001
20174.550001
20191.225001
20207.850001
20224.550001
20241.225001
20257.850001
20274.550001
20291.225001
20307.850001
20324.550001
20341.225001
20357.850001
20374.550001
20391.225001
20407.850001
20424.550001
20441.225001
20457.850001
20474.550001
20491.225001
20507.850001
20524.550001
20541.225001
20557.850001
20574.550001
20591.225001
20607.850001
20624.550001
20641.225001
20657.850001
20674.550001
20691.225001
20707.850001
20724.550001
20741.225001
20757.850001
20774.550001
20791.225001
20807.850001
20824.550001
20841.225001
20857.850001
20874.550001
20891.225001
20907.850001
20924.550001
20941.225001
20957.850001
20974.550001
20991.225001
21007.850001
21024.550001
21041.225001
21057.850001
21074.550001
21091.225001
21107.850001
21124.550001
21141.225001
21157.850001
21174.550001
21191.225001
21207.850001
21224.550001
21241.225001
21257.850001
21274.550001
21291.225001
21307.850001
21324.550001
21341.225001
21357.850001
21374.550001
21391.225001
21407.850001
21424.550001
21441.225001
21457.850001
21474.550001
21491.225001
21507.850001
21524.550001
21541.225001
21557.850001
21574.550001
21591.225001
21607.850001
21624.550001
21641.225001
21657.850001
21674.550001
21691.225001
21707.850001
21724.550001
21741.225001
21757.850001
21774.550001
21791.225001
21807.850001
21824.550001
21841.225001
21857.850001
21874.550001
21891.225001
21907.850001
21924.550001
21941.225001
21957.850001
21974.550001
21991.225001
22007.850001
22024.550001
22041.225001
22057.850001
22074.550001
22091.225001
22107.850001
22124.550001
22141.225001
22157.850001
22174.550001
22191.225001
22207.850001
22224.550001
22241.225001
22257.850001
22274.550001
22291.225001
22307.850001
22324.550001
22341.225001
22357.850001
22374.550001
22391.225001
22407.850001
22424.550001
22441.225001
22457.850001
22474.550001
22491.225001
22507.850001
22524.550001
22541.225001
22557.850001
22574.550001
22591.225001
22607.850001
22624.550001
22641.225001
22657.850001
22674.550001
22691.225001
22707.850001
22724.550001
22741.225001
22757.850001
22774.550001
22791.225001
22807.850001
22824.550001
22841.225001
22857.850001
22874.550001
22891.225001
22907.850001
22924.550001
22941.225001
22957.850001
22974.550001
22991.225001
23007.850001
23024.550001
23041.225001
23057.850001
23074.550001
23091.225001
23107.850001
23124.550001
23141.225001
23157.850001
23174.550001
23191.225001
23207.850001
23224.550001
23241.225001
23257.850001
23274.550001
23291.225001
23307.850001
23324.550001
23341.225001
23357.850001
23374.550001
23391.225001
23407.850001
23424.550001
23441.225001
23457.850001
23474.550001
23491.225001
23507.850001
23524.550001
23541.225001
23557.850001
23574.550001
23591.225001
23607.850001
23624.550001
23641.225001
23657.850001
23674.550001
23691.225001
23707.850001
23724.550001
23741.225001
23757.850001
23774.550001
23791.225001
23807.850001
23824.550001
23841.225001
23857.850001
23874.550001
23891.225001
23907.850001
23924.550001
23941.225001
23957.850001
23974.550001
23991.225001
24007.850001
24024.550001
24041.225001
24057.850001
24074.550001
24091.225001
24107.850001
24124.550001
24141.225001
24157.850001
24174.550001
24191.225001
24207.850001
24224.550001
24241.225001
24257.850001
24274.550001
24291.225001
24307.850001
24324.550001
24341.225001
24357.850001
24374.550001
24391.225001
24407.850001
24424.550001
24441.225001
24457.850001
24474.550001
24491.225001
24507.850001
24524.550001
24541.225001
24557.850001
24574.550001
24591.225001
24607.850001
24624.550001
24641.225001
24657.850001
24674.550001
24691.225001
24707.850001
24724.550001
24741.225001
24757.850001
24774.550001
24791.225001
24807.850001
24824.550001
24841.225001
24857.850001
24874.550001
24891.225001
24907.850001
24924.550001
24941.225001
24957.850001
24974.550001
24991.225001
25007.850001
25024.550001
25041.225001
25057.850001
25074.550001
25091.225001
25107.850001
25124.550001
25141.225001
25157.850001
25174.550001
25191.225001
25207.850001
25224.550001
25241.225001
25257.850001
25274.550001
25291.225001
25307.850001
25324.550001
25341.225001
25357.850001
25374.550001
25391.225001
25407.850001
25424.550001
25441.225001
25457.850001
25474.550001
25491.225001
25507.850001
25524.550001
25541.225001
25557.850001
25574.550001
25591.225001
25607.850001
25624.550001
25641.225001
25657.850001
25674.550001
25691.225001
25707.850001
25724.550001
25741.225001
25757.850001
25774.550001
25791.225001
25807.850001
25824.550001
25841.225001
25857.850001
25874.550001
25891.225001
25907.850001
25924.550001
25941.225001
25957.850001
25974.550001
25991.225001
26007.850001
26024.550001
26041.225001
26057.850001
26074.550001
26091.225001
26107.850001
26124.550001
26141.225001
26157.850001
26174.550001
26191.225001
26207.850001
26224.550001
26241.225001
26257.850001
26274.550001
26291.225001
26307.850001
26324.550001
26341.225001
26357.850001
26374.550001
26391.225001
26407.850001
26424.550001
26441.225001
26457.850001
26474.550001
26491.225001
26507.850001
26524.550001
26541.225001
26557.850001
26574.550001
26591.225001
26607.850001
26624.550001
26641.225001
26657.850001
26674.550001
26691.225001
26707.850001
26724.550001
26741.225001
26757.850001
26774.550001
26791.225001
26807.850001
26824.550001
26841.225001
26857.850001
26874.550001
26891.225001
26907.850001
26924.550001
26941.225001
26957.850001
26974.550001
26991.225001
27007.850001
27024.550001
27041.225001
27057.875001
27074.625001
27091.325001
27107.950001
27124.725001
27141.450001
27158.100001
27174.950001
27192.875001
27212.100001
27229.875001
27246.975001
27266.375001
27285.300001
27302.500001
27322.200001
27340.975001
27358.300001
27378.750001
27396.700001
27417.475001
27435.575001
27456.450001
27474.550001
27495.375001
27513.475001
27534.400001
27552.550001
27573.350001
27592.650001
27613.150001
27634.375001
27654.050001
27674.350001
27695.675001
27717.425001
27738.525001
27758.000001
27779.800001
27801.975001
27824.175001
27846.425001
27868.675001
27890.950001
27913.150001
27935.400001
27957.650001
27979.925001
28002.200001
28024.475001
28046.750001
28069.025001
28091.350001
28113.600001
28136.075001
28159.425001
28184.150001
28207.700001
28231.625001
28256.575001
28280.075001
28305.325001
28329.900001
28355.525001
28380.025001
28406.500001
28431.675001
28457.650001
28484.475001
28511.025001
28537.175001
28563.400001
28591.025001
28618.775001
28646.600001
28674.475001
28702.375001
28730.375001
28759.300001
28789.700001
28819.000001
28849.700001
28880.025001
28912.050001
28943.975001
28975.900001
29008.050001
29041.225001
29074.750001
29109.325001
29145.575001
29181.725001
29219.075001
29257.875001
29298.075001
29341.125001
29385.800001
29435.675001
