20.000000
8.000000
482.625000
529.975000
572.850000
614.700000
656.075000
696.600000
736.775000
775.950000
814.825000
853.600000
892.175000
930.000000
967.475000
1004.550000
1041.225000
1077.375000
1113.300000
1148.525000
1184.025000
1219.000000
1253.650000
1288.175000
1322.725000
1356.500000
1389.950000
1423.150000
1456.375000
1489.575000
1522.525000
1554.975000
1587.075000
1619.075000
1650.850000
1682.650000
1714.500000
1745.575000
1776.675000
1807.750000
1838.525000
1869.150000
1899.600000
1930.025000
1960.450000
1990.950000
2020.725000
2050.750000
2080.850000
2110.550000
2140.100000
2169.950000
2199.475000
2228.800000
2258.000000
2287.075000
2316.300000
2345.325000
2374.500000
2403.600000
2432.700000
2461.875000
2491.025000
2520.100000
2549.050000
2578.325000
2607.150000
2635.725000
2664.600000
2693.100000
2721.725000
2750.625000
2779.200000
2807.750000
2836.650000
2864.925000
2893.600000
2922.125000
2950.700000
2979.025000
3007.600000
3035.900000
3064.525000
3092.650000
3120.800000
3149.275000
3177.600000
3206.175000
3234.350000
3262.675000
3291.075000
3319.275000
3347.750000
3375.850000
3403.925000
3431.950000
3460.275000
3488.450000
3516.875000
3545.175000
3573.200000
3601.175000
3629.475000
3657.700000
3685.750000
3713.800000
3742.200000
3770.275000
3798.200000
3826.050000
3853.975000
3881.850000
3909.825000
3938.075000
3966.225000
3994.275000
4022.625000
4050.775000
4078.775000
4106.700000
4134.600000
4162.650000
4190.950000
4219.000000
4246.975000
4274.975000
4303.325000
4331.375000
4359.275000
4387.150000
4414.975000
4442.725000
4470.525000
4498.300000
4526.075000
4553.925000
4581.700000
4609.500000
4637.275000
4665.075000
4692.800000
4720.550000
4748.325000
4776.075000
4803.925000
4831.700000
4859.500000
4887.275000
4915.050000
4942.800000
4970.550000
4998.300000
5026.075000
5053.900000
5081.700000
5109.475000
5137.250000
5165.025000
5192.775000
5220.525000
5248.300000
5276.050000
5303.900000
5331.675000
5359.475000
5387.250000
5415.025000
5442.775000
5470.525000
5498.275000
5526.050000
5553.900000
5581.675000
5609.450000
5637.250000
5665.025000
5692.750000
5720.525000
5748.275000
5776.050000
5803.900000
5831.675000
5859.450000
5887.225000
5915.025000
5942.750000
5970.500000
5998.275000
6026.050000
6053.900000
6081.675000
6109.450000
6137.225000
6165.000000
6192.750000
6220.500000
6248.275000
6276.050000
6303.900000
6331.675000
6359.450000
6387.225000
6415.000000
6442.750000
6470.500000
6498.275000
6526.050000
6553.900000
6581.675000
6609.450000
6637.225000
6665.000000
6692.750000
6720.500000
6748.275000
6776.050000
6803.875000
6831.675000
6859.450000
6887.225000
6915.000000
6942.750000
6970.500000
6998.275000
7026.050000
7053.875000
7081.675000
7109.450000
7137.225000
7165.000000
7192.750000
7220.500000
7248.275000
7276.050000
7303.875000
7331.675000
7359.450000
7387.225000
7415.000000
7442.750000
7470.500000
7498.275000
7526.050000
7553.875000
7581.675000
7609.450000
7637.225000
7665.000000
7692.750000
7720.500000
7748.275000
7776.050000
7803.875000
7831.675000
7859.450000
7887.225000
7915.000000
7942.750000
7970.500000
7998.275000
8026.050000
8053.875000
8081.675000
8109.450000
8137.225000
8165.000000
8192.750000
8220.500000
8248.275000
8276.050000
8303.875000
8331.675000
8359.450000
8387.225000
8415.000000
8442.750000
8470.500000
8498.275000
8526.050000
8553.875000
8581.675000
8609.450000
8637.225000
8665.000000
8692.750000
8720.500000
8748.275000
8776.050000
8803.875000
8831.675000
8859.450000
8887.225000
8915.000000
8942.750000
8970.500000
8998.275000
9026.050000
9053.875000
9081.675000
9109.450000
9137.225000
9165.000000
9192.750000
9220.500000
9248.275000
9276.050000
9303.875000
9331.675000
9359.450000
9387.225000
9415.000000
9442.750000
9470.500000
9498.275000
9526.050000
9553.875000
9581.675000
9609.450000
9637.225000
9665.000000
9692.750000
9720.500000
9748.275000
9776.050000
9803.875000
9831.675000
9859.450000
9887.225000
9915.000000
9942.750000
9970.500000
9998.275000
10026.050000
10053.875000
10081.675000
10109.450000
10137.225000
10165.000000
10192.750000
10220.500000
10248.275000
10276.050000
10303.875000
10331.675000
10359.450000
10387.225000
10415.000000
10442.750000
10470.500000
10498.275000
10526.050000
10553.875000
10581.675000
10609.450000
10637.225000
10665.000000
10692.750000
10720.500000
10748.275000
10776.050000
10803.875000
10831.675000
10859.450000
10887.225000
10915.000000
10942.750000
10970.500000
10998.275000
11026.050000
11053.875000
11081.675000
11109.450000
11137.225000
11165.000000
11192.750000
11220.500000
11248.275000
11276.050000
11303.875000
11331.675000
11359.450000
11387.225000
11415.000000
11442.750000
11470.500000
11498.275000
11526.050000
11553.875000
11581.675000
11609.450000
11637.225000
11665.000000
11692.750000
11720.500000
11748.275000
11776.050000
11803.875000
11831.675000
11859.450000
11887.225000
11915.000000
11942.750000
11970.500000
11998.275000
12026.050000
12053.875000
12081.675000
12109.450000
12137.225000
12165.000000
12192.750000
12220.500000
12248.275000
12276.050000
12303.875000
12331.675000
12359.450000
12387.225000
12415.000000
12442.750000
12470.500000
12498.275000
12526.050000
12553.875000
12581.675000
12609.450000
12637.225000
12665.000000
12692.750000
12720.500000
12748.275000
12776.050000
12803.875000
12831.675000
12859.450000
12887.225000
12915.000000
12942.750000
12970.500000
12998.275000
13026.050000
13053.875000
13081.675000
13109.450000
13137.225000
13165.000000
13192.750000
13220.500000
13248.275000
13276.050000
13303.875000
13331.675000
13359.450000
13387.225000
13415.000000
13442.750000
13470.500000
13498.275000
13526.050000
13553.875000
13581.675000
13609.450000
13637.225000
13665.000000
13692.750000
13720.500000
13748.275000
13776.050000
13803.875000
13831.675000
13859.450000
13887.225000
13915.000000
13942.750000
13970.500000
13998.275000
14026.050000
14053.875000
14081.675000
14109.450000
14137.225000
14165.000000
14192.750000
14220.500000
14248.275000
14276.050000
14303.875000
14331.675000
14359.450000
14387.225000
14415.000000
14442.750000
14470.500000
14498.275000
14526.050000
14553.875000
14581.675000
14609.450000
14637.225000
14665.000000
14692.750000
14720.500000
14748.275000
14776.050000
14803.875000
14831.675000
14859.450000
14887.225000
14915.000000
14942.750000
14970.500000
14998.275000
15026.050000
15053.875000
15081.675000
15109.450000
15137.225000
15165.000000
15192.750000
15220.500000
15248.275000
15276.050000
15303.875000
15331.675000
15359.450000
15387.225000
15415.000000
15442.750000
15470.500000
15498.275000
15526.050000
15553.875000
15581.675000
15609.450000
15637.225000
15665.000000
15692.750000
15720.500000
15748.275000
15776.050000
15803.875000
15831.675000
15859.450000
15887.225000
15915.000000
15942.750000
15970.500000
15998.275000
16026.050000
16053.875000
16081.675000
16109.450000
16137.225000
16165.000000
16192.750000
16220.500000
16248.275000
16276.050000
16303.875000
16331.675000
16359.450000
16387.225000
16415.000000
16442.750000
16470.500000
16498.275000
16526.050000
16553.875000
16581.675000
16609.450000
16637.225000
16665.000000
16692.750000
16720.500000
16748.275000
16776.050000
16803.875000
16831.675000
16859.450000
16887.225000
16915.000000
16942.750000
16970.500000
16998.275000
17026.050000
17053.875000
17081.675000
17109.450000
17137.225000
17165.000000
17192.750000
17220.500000
17248.275000
17276.050000
17303.875000
17331.675000
17359.450000
17387.225000
17415.000000
17442.750000
17470.500000
17498.275000
17526.050000
17553.875000
17581.675000
17609.450000
17637.225000
17665.000000
17692.750000
17720.500000
17748.275000
17776.050000
17803.875000
17831.675000
17859.450000
17887.225000
17915.000000
17942.750000
17970.500000
17998.275000
18026.050000
18053.875000
18081.675000
18109.450000
18137.225000
18165.000000
18192.750000
18220.500000
18248.275001
18276.050001
18303.875001
18331.675001
18359.450001
18387.225001
18415.000001
18442.750001
18470.500001
18498.275001
18526.050001
18553.875001
18581.675001
18609.450001
18637.225001
18665.000001
18692.750001
18720.500001
18748.275001
18776.050001
18803.875001
18831.675001
18859.450001
18887.225001
18915.000001
18942.750001
18970.500001
18998.275001
19026.050001
19053.875001
19081.675001
19109.450001
19137.225001
19165.000001
19192.750001
19220.500001
19248.275001
19276.050001
19303.875001
19331.675001
19359.450001
19387.225001
19415.000001
19442.750001
19470.500001
19498.275001
19526.050001
19553.875001
19581.675001
19609.450001
19637.225001
19665.000001
19692.750001
19720.500001
19748.275001
19776.050001
19803.875001
19831.675001
19859.450001
19887.225001
19915.000001
19942.750001
19970.500001
19998.275001
20026.050001
20053.875001
20081.675001
20109.450001
20137.225001
20165.000001
20192.750001
20220.500001
20248.275001
20276.050001
20303.875001
20331.675001
20359.450001
20387.225001
20415.000001
20442.750001
20470.500001
20498.275001
20526.050001
20553.875001
20581.675001
20609.450001
20637.225001
20665.000001
20692.750001
20720.500001
20748.275001
20776.050001
20803.875001
20831.675001
20859.450001
20887.225001
20915.000001
20942.750001
20970.500001
20998.275001
21026.050001
21053.875001
21081.675001
21109.450001
21137.225001
21165.000001
21192.750001
21220.500001
21248.275001
21276.050001
21303.875001
21331.675001
21359.450001
21387.225001
21415.000001
21442.750001
21470.500001
21498.275001
21526.050001
21553.875001
21581.675001
21609.450001
21637.225001
21665.000001
21692.750001
21720.500001
21748.275001
21776.050001
21803.875001
21831.675001
21859.450001
21887.225001
21915.000001
21942.750001
21970.500001
21998.275001
22026.050001
22053.875001
22081.675001
22109.450001
22137.225001
22165.000001
22192.750001
22220.500001
22248.275001
22276.050001
22303.875001
22331.675001
22359.450001
22387.225001
22415.000001
22442.750001
22470.500001
22498.275001
22526.050001
22553.875001
22581.675001
22609.450001
22637.225001
22665.000001
22692.750001
22720.500001
22748.275001
22776.050001
22803.875001
22831.675001
22859.450001
22887.225001
22915.000001
22942.750001
22970.500001
22998.275001
23026.050001
23053.875001
23081.675001
23109.450001
23137.225001
23165.000001
23192.750001
23220.500001
23248.275001
23276.050001
23303.875001
23331.675001
23359.450001
23387.225001
23415.000001
23442.750001
23470.500001
23498.275001
23526.050001
23553.875001
23581.675001
23609.450001
23637.225001
23665.000001
23692.750001
23720.500001
23748.275001
23776.050001
23803.875001
23831.675001
23859.450001
23887.225001
23915.000001
23942.750001
23970.500001
23998.275001
24026.050001
24053.875001
24081.675001
24109.450001
24137.225001
24165.000001
24192.750001
24220.500001
24248.275001
24276.050001
24303.875001
24331.675001
24359.450001
24387.225001
24415.000001
24442.750001
24470.500001
24498.275001
24526.050001
24553.875001
24581.675001
24609.450001
24637.225001
24665.000001
24692.750001
24720.500001
24748.275001
24776.050001
24803.875001
24831.675001
24859.450001
24887.225001
24915.000001
24942.750001
24970.500001
24998.275001
25026.050001
25053.875001
25081.675001
25109.450001
25137.225001
25165.000001
25192.750001
25220.500001
25248.275001
25276.050001
25303.875001
25331.675001
25359.450001
25387.225001
25415.000001
25442.750001
25470.500001
25498.275001
25526.050001
25553.875001
25581.675001
25609.450001
25637.225001
25665.000001
25692.750001
25720.500001
25748.275001
25776.050001
25803.875001
25831.675001
25859.450001
25887.225001
25915.000001
25942.750001
25970.500001
25998.275001
26026.050001
26053.875001
26081.675001
26109.450001
26137.225001
26165.000001
26192.750001
26220.500001
26248.275001
26276.050001
26303.875001
26331.675001
26359.450001
26387.225001
26415.000001
26442.750001
26470.500001
26498.275001
26526.050001
26553.875001
26581.675001
26609.450001
26637.225001
26665.000001
26692.750001
26720.500001
26748.275001
26776.050001
26803.875001
26831.675001
26859.450001
26887.225001
26915.000001
26942.750001
26970.500001
26998.275001
27026.050001
27053.875001
27081.675001
27109.450001
27137.225001
27165.000001
27192.750001
27220.500001
27248.275001
27276.050001
27303.875001
27331.675001
27359.450001
27387.225001
27415.000001
27442.750001
27470.500001
27498.275001
27526.050001
27553.875001
27581.675001
27609.450001
27637.225001
27665.000001
27692.750001
27720.500001
27748.275001
27776.050001
27803.875001
27831.675001
27859.450001
27887.225001
27915.000001
27942.750001
27970.500001
27998.275001
28026.050001
28053.875001
28081.675001
28109.450001
28137.225001
28165.000001
28192.750001
28220.500001
28248.275001
28276.050001
28303.875001
28331.675001
28359.450001
28387.225001
28415.000001
28442.750001
28470.500001
28498.275001
28526.050001
28553.875001
28581.675001
28609.450001
28637.225001
28665.000001
28692.750001
28720.500001
28748.275001
28776.050001
28803.875001
28831.675001
28859.450001
28887.225001
28915.000001
28942.750001
28970.500001
28998.275001
29026.050001
29053.875001
29081.675001
29109.450001
29137.225001
29165.000001
29192.750001
29220.500001
29248.275001
29276.050001
29303.875001
29331.675001
29359.450001
29387.225001
29415.000001
29442.750001
29470.500001
29498.275001
29526.050001
29553.875001
29581.675001
29609.450001
29637.375001
29666.150001
29695.375001
29725.650001
29756.550001
29788.500001
29821.875001
29857.150001
29895.125001
29937.125001
29991.000001
