10.000000
37.000000
575.025000
640.175000
696.800000
746.825000
791.700000
833.400000
873.675000
912.625000
950.800000
987.900000
1024.800000
1061.200000
1097.175000
1133.250000
1169.150000
1204.925000
1241.025000
1276.450000
1312.400000
1347.500000
1383.225000
1418.875000
1454.275000
1490.150000
1525.150000
1560.825000
1596.400000
1631.850000
1667.750000
1702.800000
1738.400000
1774.050000
1809.475000
1845.325000
1880.525000
1916.125000
1951.775000
1987.175000
2023.000000
2058.275000
2093.700000
2129.600000
2164.950000
2200.800000
2236.050000
2271.425000
2307.275000
2342.675000
2378.550000
2413.800000
2449.150000
2484.975000
2520.275000
2556.100000
2591.600000
2626.800000
2662.600000
2697.750000
2733.450000
2769.050000
2804.325000
2840.150000
2875.150000
2910.800000
2946.350000
2981.775000
3017.675000
3052.775000
3088.350000
3124.000000
3159.400000
3195.250000
3230.500000
3266.075000
3301.750000
3337.125000
3372.975000
3408.250000
3443.650000
3479.550000
3514.875000
3550.775000
3586.025000
3621.400000
3657.225000
3692.625000
3728.500000
3763.800000
3799.125000
3834.925000
3870.225000
3906.000000
3941.550000
3976.675000
4012.500000
4047.525000
4083.200000
4118.775000
4154.200000
4190.025000
4225.050000
4260.675000
4296.275000
4331.725000
4367.625000
4402.775000
4438.325000
4474.000000
4509.375000
4545.250000
4580.500000
4616.075000
4651.750000
4687.100000
4722.950000
4758.250000
4793.650000
4829.550000
4864.875000
4900.750000
4936.025000
4971.400000
5007.225000
5042.600000
5078.500000
5113.800000
5149.100000
5184.925000
5220.200000
5256.000000
5291.525000
5326.650000
5362.475000
5397.500000
5433.175000
5468.725000
5504.175000
5540.000000
5575.050000
5610.650000
5646.275000
5681.725000
5717.625000
5752.775000
5788.300000
5823.975000
5859.375000
5895.225000
5930.500000
5966.075000
6001.725000
6037.100000
6072.950000
6108.250000
6143.650000
6179.550000
6214.875000
6250.750000
6286.025000
6321.400000
6357.225000
6392.600000
6428.475000
6463.800000
6499.100000
6534.925000
6570.200000
6605.975000
6641.525000
6676.650000
6712.475000
6747.500000
6783.175000
6818.725000
6854.175000
6890.000000
6925.050000
6960.650000
6996.275000
7031.725000
7067.625000
7102.775000
7138.300000
7173.975000
7209.375000
7245.225000
7280.500000
7316.075000
7351.725000
7387.100000
7422.950000
7458.250000
7493.650000
7529.550000
7564.875000
7600.750000
7636.025000
7671.400000
7707.225000
7742.600000
7778.475000
7813.800000
7849.100000
7884.925000
7920.200000
7955.975000
7991.525000
8026.650000
8062.475000
8097.500000
8133.150000
8168.725000
8204.175000
8240.000000
8275.050000
8310.650000
8346.275000
8381.725000
8417.625000
8452.775000
8488.300000
8523.975000
8559.375000
8595.225000
8630.500000
8666.075000
8701.725000
8737.100000
8772.950000
8808.250000
8843.650000
8879.550000
8914.875000
8950.750000
8986.025000
9021.400000
9057.225000
9092.600000
9128.475000
9163.800000
9199.100000
9234.925000
9270.200000
9305.975000
9341.525000
9376.650000
9412.475000
9447.500000
9483.150000
9518.725000
9554.175000
9590.000000
9625.050000
9660.650000
9696.275000
9731.725000
9767.625000
9802.775000
9838.300000
9873.975000
9909.375000
9945.225000
9980.500000
10016.075000
10051.725000
10087.100000
10122.950000
10158.250000
10193.650000
10229.550000
10264.875000
10300.750000
10336.025000
10371.400000
10407.225000
10442.600000
10478.475000
10513.800000
10549.100000
10584.925000
10620.200000
10655.975000
10691.525000
10726.650000
10762.475000
10797.500000
10833.150000
10868.725000
10904.175000
10940.000000
10975.050000
11010.650000
11046.275000
11081.725000
11117.625000
11152.775000
11188.300000
11223.975000
11259.375000
11295.225000
11330.500000
11366.075000
11401.725000
11437.100000
11472.950000
11508.250000
11543.650000
11579.550000
11614.875000
11650.750000
11686.025000
11721.400000
11757.225000
11792.600000
11828.475000
11863.800000
11899.100000
11934.925000
11970.200000
12005.975000
12041.525000
12076.650000
12112.475000
12147.500000
12183.150000
12218.725000
12254.175000
12290.000000
12325.050000
12360.650000
12396.275000
12431.725000
12467.625000
12502.775000
12538.300000
12573.975000
12609.375000
12645.225000
12680.500000
12716.075000
12751.725000
12787.100000
12822.950000
12858.250000
12893.650000
12929.550000
12964.875000
13000.750000
13036.025000
13071.400000
13107.225000
13142.600000
13178.475000
13213.800000
13249.100000
13284.925000
13320.200000
13355.975000
13391.525000
13426.650000
13462.475000
13497.500000
13533.150000
13568.725000
13604.175000
13640.000000
13675.050000
13710.650000
13746.275000
13781.725000
13817.625000
13852.775000
13888.300000
13923.975000
13959.375000
13995.225000
14030.500000
14066.075000
14101.725000
14137.100000
14172.950000
14208.250000
14243.650000
14279.550000
14314.875000
14350.750000
14386.025000
14421.400000
14457.225000
14492.600000
14528.475000
14563.800000
14599.100000
14634.925000
14670.200000
14705.975000
14741.525000
14776.650000
14812.475000
14847.500000
14883.150000
14918.725000
14954.175000
14990.000000
15025.050000
15060.650000
15096.275000
15131.725000
15167.625000
15202.775000
15238.300000
15273.975000
15309.375000
15345.225000
15380.500000
15416.075000
15451.725000
15487.100000
15522.950000
15558.250000
15593.650000
15629.550000
15664.875000
15700.750000
15736.025000
15771.400000
15807.225000
15842.600000
15878.475000
15913.800000
15949.100000
15984.925000
16020.200000
16055.975000
16091.525000
16126.650000
16162.475000
16197.500000
16233.150000
16268.725000
16304.175000
16340.000000
16375.050000
16410.650000
16446.275000
16481.725000
16517.625000
16552.775000
16588.300000
16623.975000
16659.375000
16695.225000
16730.500000
16766.075000
16801.725000
16837.100000
16872.950000
16908.250000
16943.650000
16979.550000
17014.875000
17050.750000
17086.025000
17121.400000
17157.225000
17192.600000
17228.475000
17263.800000
17299.100000
17334.925000
17370.200000
17405.975000
17441.525000
17476.650000
17512.475000
17547.500000
17583.150000
17618.725000
17654.175000
17690.000000
17725.050000
17760.650000
17796.275000
17831.725000
17867.625000
17902.775000
17938.300000
17973.975000
18009.375000
18045.225000
18080.500000
18116.075000
18151.725000
18187.100000
18222.950000
18258.250001
18293.650001
18329.550001
18364.875001
18400.750001
18436.025001
18471.400001
18507.225001
18542.600001
18578.475001
18613.800001
18649.100001
18684.925001
18720.200001
18755.975001
18791.525001
18826.650001
18862.475001
18897.500001
18933.150001
18968.725001
19004.175001
19040.000001
19075.050001
19110.650001
19146.275001
19181.725001
19217.625001
19252.775001
19288.300001
19323.975001
19359.375001
19395.225001
19430.500001
19466.075001
19501.725001
19537.100001
19572.950001
19608.250001
19643.650001
19679.550001
19714.875001
19750.750001
19786.025001
19821.400001
19857.225001
19892.600001
19928.475001
19963.800001
19999.100001
20034.925001
20070.200001
20105.975001
20141.525001
20176.650001
20212.475001
20247.500001
20283.150001
20318.725001
20354.175001
20390.000001
20425.050001
20460.650001
20496.275001
20531.725001
20567.625001
20602.775001
20638.300001
20673.975001
20709.375001
20745.225001
20780.500001
20816.075001
20851.725001
20887.100001
20922.950001
20958.250001
20993.650001
21029.550001
21064.875001
21100.750001
21136.025001
21171.400001
21207.225001
21242.600001
21278.475001
21313.800001
21349.100001
21384.925001
21420.200001
21455.975001
21491.525001
21526.650001
21562.475001
21597.500001
21633.150001
21668.725001
21704.175001
21740.000001
21775.050001
21810.650001
21846.275001
21881.725001
21917.625001
21952.775001
21988.300001
22023.975001
22059.375001
22095.225001
22130.500001
22166.075001
22201.725001
22237.100001
22272.950001
22308.250001
22343.650001
22379.550001
22414.875001
22450.750001
22486.025001
22521.400001
22557.225001
22592.600001
22628.475001
22663.800001
22699.100001
22734.925001
22770.200001
22805.975001
22841.525001
22876.650001
22912.475001
22947.500001
22983.150001
23018.725001
23054.175001
23090.000001
23125.050001
23160.650001
23196.275001
23231.725001
23267.625001
23302.775001
23338.300001
23373.975001
23409.375001
23445.225001
23480.500001
23516.075001
23551.725001
23587.100001
23622.950001
23658.250001
23693.650001
23729.550001
23764.875001
23800.750001
23836.025001
23871.400001
23907.225001
23942.600001
23978.475001
24013.800001
24049.100001
24084.925001
24120.200001
24155.975001
24191.525001
24226.650001
24262.475001
24297.500001
24333.150001
24368.725001
24404.175001
24440.000001
24475.050001
24510.650001
24546.275001
24581.725001
24617.625001
24652.775001
24688.300001
24723.975001
24759.375001
24795.225001
24830.500001
24866.075001
24901.725001
24937.100001
24972.950001
25008.250001
25043.650001
25079.550001
25114.875001
25150.750001
25186.025001
25221.400001
25257.225001
25292.600001
25328.475001
25363.800001
25399.100001
25434.925001
25470.200001
25505.975001
25541.525001
25576.650001
25612.475001
25647.500001
25683.150001
25718.725001
25754.175001
25790.000001
25825.050001
25860.650001
25896.275001
25931.725001
25967.625001
26002.775001
26038.300001
26073.975001
26109.375001
26145.225001
26180.500001
26216.075001
26251.725001
26287.100001
26322.950001
26358.250001
26393.650001
26429.550001
26464.875001
26500.750001
26536.025001
26571.400001
26607.225001
26642.600001
26678.475001
26713.800001
26749.100001
26784.925001
26820.200001
26855.975001
26891.525001
26926.650001
26962.475001
26997.500001
27033.150001
27068.725001
27104.175001
27140.000001
27175.050001
27210.650001
27246.275001
27281.725001
27317.625001
27352.775001
27388.300001
27423.975001
27459.375001
27495.225001
27530.500001
27566.075001
27601.725001
27637.100001
27672.950001
27708.250001
27743.650001
27779.550001
27814.875001
27850.750001
27886.025001
27921.400001
27957.225001
27992.600001
28028.475001
28063.800001
28099.100001
28134.925001
28170.200001
28205.975001
28241.525001
28276.650001
28312.475001
28347.500001
28383.150001
28418.725001
28454.175001
28490.000001
28525.050001
28560.650001
28596.275001
28631.725001
28667.625001
28702.775001
28738.300001
28773.975001
28809.375001
28845.225001
28880.500001
28916.075001
28951.725001
28987.100001
29022.950001
29058.250001
29093.650001
29129.550001
29164.875001
29200.750001
29236.025001
29271.400001
29307.225001
29342.600001
29378.500001
29414.575001
29451.600001
29488.850001
29526.475001
29565.050001
29604.325001
29644.650001
29685.875001
29728.475001
29772.275001
29817.850001
29865.225001
29915.450001
29969.950001
30031.975001
