100.000000
11.000000
449.175000
512.125000
566.850000
617.450000
664.975000
710.675000
754.925000
798.250000
841.600000
885.000000
928.400000
971.575000
1014.775000
1058.000000
1101.250000
1144.275000
1187.175000
1230.250000
1273.475000
1316.525000
1359.400000
1402.475000
1445.700000
1488.650000
1531.600000
1574.700000
1617.950000
1660.875000
1703.875000
1746.925000
1790.150000
1833.100000
1876.025000
1919.150000
1962.375000
2005.375000
2048.250000
2091.400000
2134.625000
2177.575000
2220.500000
2263.550000
2306.850000
2349.800000
2392.750000
2435.775000
2479.100000
2522.050000
2564.925000
2608.025000
2651.250000
2694.250000
2737.150000
2780.250000
2823.475000
2866.525000
2909.375000
2952.475000
2995.700000
3038.650000
3081.600000
3124.675000
3167.950000
3210.875000
3253.875000
3296.925000
3340.150000
3383.100000
3426.025000
3469.150000
3512.375000
3555.375000
3598.250000
3641.400000
3684.625000
3727.575000
3770.500000
3813.550000
3856.850000
3899.800000
3942.750000
3985.775000
4029.100000
4072.050000
4114.925000
4158.025000
4201.250000
4244.250000
4287.150000
4330.250000
4373.475000
4416.525000
4459.375000
4502.475000
4545.700000
4588.650000
4631.600000
4674.675000
4717.950000
4760.875000
4803.875000
4846.925000
4890.150000
4933.100000
4976.025000
5019.150000
5062.375000
5105.375000
5148.250000
5191.400000
5234.625000
5277.575000
5320.500000
5363.550000
5406.850000
5449.800000
5492.750000
5535.775000
5579.100000
5622.050000
5664.925000
5708.025000
5751.250000
5794.250000
5837.150000
5880.250000
5923.475000
5966.525000
6009.375000
6052.475000
6095.700000
6138.650000
6181.600000
6224.675000
6267.950000
6310.875000
6353.875000
6396.925000
6440.150000
6483.100000
6526.025000
6569.150000
6612.375000
6655.375000
6698.250000
6741.400000
6784.625000
6827.575000
6870.500000
6913.550000
6956.850000
6999.800000
7042.750000
7085.775000
7129.100000
7172.050000
7214.925000
7258.025000
7301.250000
7344.250000
7387.150000
7430.250000
7473.475000
7516.525000
7559.375000
7602.475000
7645.700000
7688.650000
7731.600000
7774.675000
7817.950000
7860.875000
7903.875000
7946.925000
7990.150000
8033.100000
8076.025000
8119.150000
8162.375000
8205.375000
8248.250000
8291.400000
8334.625000
8377.575000
8420.500000
8463.550000
8506.850000
8549.800000
8592.750000
8635.775000
8679.100000
8722.050000
8764.925000
8808.025000
8851.250000
8894.250000
8937.150000
8980.250000
9023.475000
9066.525000
9109.375000
9152.475000
9195.700000
9238.650000
9281.600000
9324.675000
9367.950000
9410.875000
9453.875000
9496.925000
9540.150000
9583.100000
9626.025000
9669.150000
9712.375000
9755.375000
9798.250000
9841.400000
9884.625000
9927.575000
9970.500000
10013.550000
10056.850000
10099.800000
10142.750000
10185.775000
10229.100000
10272.050000
10314.925000
10358.025000
10401.250000
10444.250000
10487.150000
10530.250000
10573.475000
10616.525000
10659.375000
10702.475000
10745.700000
10788.650000
10831.600000
10874.675000
10917.950000
10960.875000
11003.875000
11046.925000
11090.150000
11133.100000
11176.025000
11219.150000
11262.375000
11305.375000
11348.250000
11391.400000
11434.625000
11477.575000
11520.500000
11563.550000
11606.850000
11649.800000
11692.750000
11735.775000
11779.100000
11822.050000
11864.925000
11908.025000
11951.250000
11994.250000
12037.150000
12080.250000
12123.475000
12166.525000
12209.375000
12252.475000
12295.700000
12338.650000
12381.600000
12424.675000
12467.950000
12510.875000
12553.875000
12596.925000
12640.150000
12683.100000
12726.025000
12769.150000
12812.375000
12855.375000
12898.250000
12941.400000
12984.625000
13027.575000
13070.500000
13113.550000
13156.850000
13199.800000
13242.750000
13285.775000
13329.100000
13372.050000
13414.925000
13458.025000
13501.250000
13544.250000
13587.150000
13630.250000
13673.475000
13716.525000
13759.375000
13802.475000
13845.700000
13888.650000
13931.600000
13974.675000
14017.950000
14060.875000
14103.875000
14146.925000
14190.150000
14233.100000
14276.025000
14319.150000
14362.375000
14405.375000
14448.250000
14491.400000
14534.625000
14577.575000
14620.500000
14663.550000
14706.850000
14749.800000
14792.750000
14835.775000
14879.100000
14922.050000
14964.925000
15008.025000
15051.250000
15094.250000
15137.150000
15180.250000
15223.475000
15266.525000
15309.375000
15352.475000
15395.700000
15438.650000
15481.600000
15524.675000
15567.950000
15610.875000
15653.875000
15696.925000
15740.150000
15783.100000
15826.025000
15869.150000
15912.375000
15955.375000
15998.250000
16041.400000
16084.625000
16127.575000
16170.500000
16213.550000
16256.850000
16299.800000
16342.750000
16385.775000
16429.100000
16472.050000
16514.925000
16558.025000
16601.250000
16644.250000
16687.150000
16730.250000
16773.475000
16816.525000
16859.375000
16902.475000
16945.700000
16988.650000
17031.600000
17074.675000
17117.950000
17160.875000
17203.875000
17246.925000
17290.150000
17333.100000
17376.025000
17419.150000
17462.375000
17505.375000
17548.250000
17591.400000
17634.625000
17677.575000
17720.500000
17763.550000
17806.850000
17849.800000
17892.750000
17935.775000
17979.100000
18022.050000
18064.925000
18108.025000
18151.250000
18194.250000
18237.150001
18280.250001
18323.475001
18366.525001
18409.375001
18452.475001
18495.700001
18538.650001
18581.600001
18624.675001
18667.950001
18710.875001
18753.875001
18796.925001
18840.150001
18883.100001
18926.025001
18969.150001
19012.375001
19055.375001
19098.250001
19141.400001
19184.625001
19227.575001
19270.500001
19313.550001
19356.850001
19399.800001
19442.750001
19485.775001
19529.100001
19572.050001
19614.925001
19658.025001
19701.250001
19744.250001
19787.150001
19830.250001
19873.475001
19916.525001
19959.375001
20002.475001
20045.700001
20088.650001
20131.600001
20174.675001
20217.950001
20260.875001
20303.875001
20346.925001
20390.150001
20433.100001
20476.025001
20519.150001
20562.375001
20605.375001
20648.250001
20691.400001
20734.625001
20777.575001
20820.500001
20863.550001
20906.850001
20949.800001
20992.750001
21035.775001
21079.100001
21122.050001
21164.925001
21208.025001
21251.250001
21294.250001
21337.150001
21380.250001
21423.475001
21466.525001
21509.375001
21552.475001
21595.700001
21638.650001
21681.600001
21724.675001
21767.950001
21810.875001
21853.875001
21896.925001
21940.150001
21983.100001
22026.025001
22069.150001
22112.375001
22155.375001
22198.250001
22241.400001
22284.625001
22327.575001
22370.500001
22413.550001
22456.850001
22499.800001
22542.750001
22585.775001
22629.100001
22672.050001
22714.925001
22758.025001
22801.250001
22844.250001
22887.150001
22930.250001
22973.475001
23016.525001
23059.375001
23102.475001
23145.700001
23188.650001
23231.600001
23274.675001
23317.950001
23360.875001
23403.875001
23446.925001
23490.150001
23533.100001
23576.025001
23619.150001
23662.375001
23705.375001
23748.250001
23791.400001
23834.625001
23877.575001
23920.500001
23963.550001
24006.850001
24049.800001
24092.750001
24135.775001
24179.100001
24222.050001
24264.925001
24308.025001
24351.250001
24394.250001
24437.150001
24480.250001
24523.475001
24566.525001
24609.375001
24652.475001
24695.700001
24738.650001
24781.600001
24824.675001
24867.950001
24910.875001
24953.875001
24996.925001
25040.150001
25083.100001
25126.025001
25169.150001
25212.375001
25255.375001
25298.250001
25341.400001
25384.625001
25427.575001
25470.500001
25513.550001
25556.850001
25599.800001
25642.750001
25685.775001
25729.100001
25772.050001
25814.925001
25858.025001
25901.250001
25944.250001
25987.150001
26030.250001
26073.475001
26116.525001
26159.375001
26202.475001
26245.700001
26288.650001
26331.600001
26374.675001
26417.950001
26460.875001
26503.875001
26546.925001
26590.150001
26633.100001
26676.025001
26719.150001
26762.375001
26805.375001
26848.250001
26891.400001
26934.625001
26977.575001
27020.500001
27063.550001
27106.850001
27149.800001
27192.750001
27235.775001
27279.100001
27322.050001
27364.925001
27408.025001
27451.250001
27494.250001
27537.150001
27580.250001
27623.475001
27666.525001
27709.375001
27752.475001
27795.700001
27838.650001
27881.600001
27924.675001
27967.950001
28010.875001
28053.875001
28096.925001
28140.150001
28183.100001
28226.025001
28269.150001
28312.375001
28355.375001
28398.250001
28441.400001
28484.625001
28527.575001
28570.500001
28613.550001
28656.850001
28699.800001
28742.750001
28785.775001
28829.100001
28872.050001
28914.925001
28958.025001
29001.250001
29044.250001
29087.150001
29130.250001
29173.475001
29216.525001
29259.375001
29302.475001
29345.700001
29388.650001
29431.875001
29476.475001
29522.725001
29570.150001
29619.325001
29670.325001
29723.950001
29780.450001
29841.400001
29909.100001
29995.275001
