10.000000
14.000000
304.775000
379.825000
443.925000
500.775000
552.175000
601.200000
647.400000
692.450000
736.300000
779.825000
822.775000
865.100000
907.225000
948.800000
990.550000
1031.900000
1073.425000
1114.550000
1156.025000
1197.125000
1238.300000
1279.675000
1320.675000
1361.950000
1402.850000
1443.975000
1485.150000
1526.125000
1567.400000
1608.275000
1649.250000
1690.450000
1731.375000
1772.500000
1813.500000
1854.425000
1895.600000
1936.250000
1977.325000
2018.425000
2059.375000
2100.450000
2141.475000
2182.300000
2223.450000
2264.100000
2305.200000
2346.175000
2387.125000
2428.200000
2469.175000
2509.975000
2551.125000
2591.875000
2632.900000
2673.900000
2714.800000
2755.850000
2796.850000
2837.625000
2878.850000
2919.525000
2960.550000
3001.575000
3042.500000
3083.500000
3124.500000
3165.325000
3206.525000
3247.250000
3288.225000
3329.375000
3370.225000
3411.225000
3452.225000
3493.075000
3534.225000
3575.000000
3616.000000
3657.100000
3697.925000
3738.950000
3780.000000
3820.800000
3861.950000
3902.750000
3943.675000
3984.800000
4025.575000
4066.700000
4107.700000
4148.525000
4189.650000
4230.475000
4271.350000
4312.475000
4353.225000
4394.275000
4435.275000
4476.150000
4517.325000
4558.175000
4598.950000
4640.100000
4680.725000
4721.750000
4762.800000
4803.725000
4844.750000
4885.700000
4926.450000
4967.675000
5008.350000
5049.275000
5090.400000
5131.200000
5172.250000
5213.250000
5254.175000
5295.325000
5336.050000
5376.950000
5418.075000
5458.750000
5499.825000
5540.825000
5581.750000
5622.825000
5663.700000
5704.600000
5745.700000
5786.300000
5827.350000
5868.375000
5909.250000
5950.300000
5991.300000
6032.075000
6073.225000
6113.900000
6154.950000
6195.975000
6236.775000
6277.850000
6318.850000
6359.700000
6400.850000
6441.675000
6482.625000
6523.700000
6564.450000
6605.525000
6646.500000
6687.400000
6728.575000
6769.400000
6810.275000
6851.375000
6892.200000
6933.225000
6974.175000
7015.100000
7056.200000
7097.075000
7137.900000
7179.100000
7219.750000
7260.775000
7301.725000
7342.675000
7383.625000
7424.600000
7465.375000
7506.575000
7547.275000
7588.250000
7629.400000
7670.225000
7711.225000
7752.225000
7793.075000
7834.225000
7874.975000
7915.950000
7957.075000
7997.900000
8038.900000
8079.950000
8120.775000
8161.925000
8202.725000
8243.625000
8284.750000
8325.525000
8366.625000
8407.600000
8448.475000
8489.550000
8530.425000
8571.225000
8612.375000
8653.050000
8694.100000
8735.100000
8775.975000
8817.100000
8858.025000
8898.750000
8939.925000
8980.600000
9021.575000
9062.675000
9103.550000
9144.600000
9185.575000
9226.375000
9267.600000
9308.300000
9349.200000
9390.350000
9431.100000
9472.175000
9513.175000
9554.100000
9595.225000
9636.025000
9676.850000
9718.000000
9758.625000
9799.675000
9840.675000
9881.600000
9922.600000
9963.550000
10004.400000
10045.525000
10086.150000
10127.150000
10168.225000
10209.050000
10250.100000
10291.150000
10331.975000
10373.125000
10413.850000
10454.875000
10495.925000
10536.700000
10577.750000
10618.775000
10659.650000
10700.775000
10741.650000
10782.550000
10823.625000
10864.350000
10905.425000
10946.375000
10987.300000
11028.400000
11069.300000
11110.125000
11151.225000
11191.975000
11232.975000
11273.950000
11314.825000
11355.875000
11396.850000
11437.625000
11478.825000
11519.500000
11560.500000
11601.525000
11642.425000
11683.425000
11724.425000
11765.275000
11806.450000
11847.200000
11888.150000
11929.300000
11970.125000
12011.125000
12052.125000
12093.000000
12134.125000
12174.950000
12215.875000
12257.000000
12297.775000
12338.800000
12379.875000
12420.725000
12461.825000
12502.675000
12543.525000
12584.675000
12625.375000
12666.450000
12707.425000
12748.325000
12789.300000
12830.275000
12871.000000
12912.175000
12952.850000
12993.850000
13034.925000
13075.775000
13116.875000
13157.850000
13198.625000
13239.800000
13280.550000
13321.475000
13362.600000
13403.425000
13444.475000
13485.475000
13526.300000
13567.525000
13608.275000
13649.150000
13690.275000
13731.000000
13772.050000
13813.025000
13854.000000
13895.050000
13935.925000
13976.700000
14017.850000
14058.450000
14099.475000
14140.550000
14181.425000
14222.450000
14263.425000
14304.300000
14345.450000
14386.125000
14427.050000
14468.150000
14508.925000
14550.000000
14591.025000
14631.900000
14673.050000
14713.800000
14754.800000
14795.875000
14836.600000
14877.675000
14918.675000
14959.575000
15000.675000
15041.575000
15082.450000
15123.550000
15164.175000
15205.250000
15246.200000
15287.100000
15328.125000
15369.100000
15409.875000
15451.025000
15491.775000
15532.775000
15573.775000
15614.625000
15655.675000
15696.675000
15737.500000
15778.700000
15819.450000
15860.400000
15901.475000
15942.350000
15983.350000
16024.350000
16065.225000
16106.375000
16147.175000
16188.100000
16229.250000
16270.050000
16311.075000
16352.050000
16392.950000
16434.050000
16474.900000
16515.800000
16556.925000
16597.650000
16638.675000
16679.750000
16720.625000
16761.650000
16802.575000
16843.350000
16884.525000
16925.150000
16966.225000
17007.250000
17048.125000
17089.100000
17130.125000
17170.875000
17212.050000
17252.800000
17293.750000
17334.850000
17375.675000
17416.775000
17457.775000
17498.575000
17539.725000
17580.525000
17621.400000
17662.525000
17703.325000
17744.400000
17785.375000
17826.250000
17867.450000
17908.225000
17949.050000
17990.200000
18030.850000
18071.900000
18112.900000
18153.850000
18194.850000
18235.800001
18276.525001
18317.725001
18358.375001
18399.325001
18440.425001
18481.275001
18522.325001
18563.300001
18604.200001
18645.350001
18686.075001
18726.975001
18768.100001
18808.825001
18849.900001
18890.900001
18931.825001
18972.925001
19013.750001
19054.700001
19095.775001
19136.450001
19177.500001
19218.475001
19259.400001
19300.400001
19341.400001
19382.175001
19423.300001
19463.925001
19505.000001
19546.025001
19586.850001
19627.900001
19668.900001
19709.725001
19750.900001
19791.700001
19832.675001
19873.725001
19914.500001
19955.575001
19996.550001
20037.425001
20078.600001
20119.400001
20160.325001
20201.400001
20242.250001
20283.275001
20324.250001
20365.150001
20406.275001
20447.125001
20488.000001
20529.175001
20569.900001
20610.925001
20651.875001
20692.800001
20733.800001
20774.750001
20815.525001
20856.700001
20897.350001
20938.350001
20979.475001
21020.350001
21061.325001
21102.300001
21143.125001
21184.275001
21225.025001
21266.025001
21307.125001
21347.950001
21388.950001
21430.000001
21470.800001
21511.950001
21552.750001
21593.675001
21634.775001
21675.575001
21716.675001
21757.675001
21798.500001
21839.625001
21880.475001
21921.300001
21962.450001
22003.150001
22044.225001
22085.200001
22126.075001
22167.225001
22208.100001
22248.850001
22290.025001
22330.650001
22371.650001
22412.725001
22453.650001
22494.675001
22535.625001
22576.425001
22617.650001
22658.325001
22699.250001
22740.375001
22781.150001
22822.225001
22863.200001
22904.125001
22945.275001
22986.025001
23026.900001
23068.025001
23108.700001
23149.750001
23190.750001
23231.675001
23272.700001
23313.625001
23354.475001
23395.600001
23436.200001
23477.200001
23518.275001
23559.125001
23600.175001
23641.200001
23682.000001
23723.175001
23763.875001
23804.900001
23845.950001
23886.725001
23927.800001
23968.800001
24009.675001
24050.825001
24091.675001
24132.600001
24173.675001
24214.400001
24255.475001
24296.450001
24337.350001
24378.500001
24419.350001
24460.225001
24501.325001
24542.100001
24583.125001
24624.050001
24664.975001
24706.025001
24746.975001
24787.725001
24828.925001
24869.575001
24910.575001
24951.600001
24992.525001
25033.475001
25074.475001
25115.300001
25156.500001
25197.225001
25238.175001
25279.325001
25320.150001
25361.175001
25402.175001
25443.025001
25484.175001
25524.975001
25565.925001
25607.050001
25647.825001
25688.850001
25729.925001
25770.750001
25811.875001
25852.700001
25893.575001
25934.725001
25975.450001
26016.550001
26057.525001
26098.400001
26139.450001
26180.375001
26221.125001
26262.275001
26302.925001
26343.950001
26385.000001
26425.875001
26466.975001
26507.925001
26548.675001
26589.875001
26630.575001
26671.525001
26712.625001
26753.500001
26794.550001
26835.525001
26876.350001
26917.575001
26958.300001
26999.175001
27040.325001
27081.050001
27122.125001
27163.100001
27204.050001
27245.175001
27285.975001
27326.800001
27367.950001
27408.550001
27449.575001
27490.625001
27531.525001
27572.550001
27613.500001
27654.350001
27695.500001
27736.150001
27777.100001
27818.200001
27859.000001
27900.050001
27941.100001
27981.950001
28023.100001
28063.825001
28104.850001
28145.900001
28186.650001
28227.725001
28268.725001
28309.625001
28350.750001
28391.625001
28432.525001
28473.600001
28514.300001
28555.375001
28596.300001
28637.225001
28678.300001
28719.225001
28760.025001
28801.150001
28841.850001
28882.875001
28923.850001
28964.725001
29005.775001
29046.750001
29087.550001
29128.775001
29169.475001
29210.450001
29251.500001
29292.400001
29333.400001
29374.400001
29415.250001
29456.425001
29497.200001
29538.125001
29579.275001
29620.075001
29661.100001
29703.425001
29747.100001
29792.075001
29838.875001
29887.650001
29939.200001
29994.250001
30054.350001
30120.675001
30188.700001
30259.550001
30333.150001
30409.200001
30487.100001
30566.375001
30646.750001
30728.100001
30810.325001
30893.500001
30977.475001
31062.000001
31146.825001
31231.850001
31317.075001
31402.450001
31488.025001
31573.800001
31659.875001
31746.325001
31833.250001
31920.550001
32008.100001
32095.925001
32183.950001
32272.200001
32360.625001
32449.200001
32537.900001
32626.750001
32715.725001
32804.825001
32894.075001
32983.525001
33073.225001
33163.225001
33253.800001
33345.225001
33437.600001
33530.475001
33623.525001
33716.675001
33809.825001
33903.000001
33996.200001
34089.400001
34182.600001
34275.800001
34369.050001
34462.275001
34555.525001
34648.775001
34742.050001
34835.300001
34928.600001
