20.000000
11.000000
617.750000
664.675000
707.750000
748.025000
785.875000
822.400000
856.850000
889.975000
923.100000
956.375000
989.625000
1022.875000
1055.375000
1087.175000
1119.475000
1151.050000
1183.050000
1214.775000
1246.775000
1278.675000
1310.575000
1342.450000
1374.400000
1406.350000
1438.225000
1470.175000
1502.050000
1534.075000
1565.825000
1597.875000
1629.750000
1661.825000
1692.775000
1724.400000
1756.300000
1787.350000
1818.875000
1850.700000
1881.750000
1913.250000
1945.150000
1976.050000
2007.675000
2039.600000
2070.500000
2102.125000
2134.050000
2165.000000
2196.575000
2228.500000
2259.450000
2291.075000
2322.900000
2353.925000
2385.450000
2417.350000
2448.250000
2479.900000
2511.800000
2542.700000
2574.300000
2606.250000
2637.200000
2668.775000
2700.675000
2731.650000
2763.200000
2795.125000
2826.000000
2857.650000
2889.575000
2920.450000
2952.075000
2984.025000
3014.975000
3046.525000
3078.500000
3109.425000
3141.050000
3172.900000
3203.900000
3235.425000
3267.350000
3298.225000
3329.875000
3361.800000
3392.675000
3424.275000
3456.250000
3487.200000
3518.750000
3550.675000
3581.625000
3613.200000
3645.125000
3676.000000
3707.650000
3739.575000
3770.450000
3802.050000
3834.025000
3864.975000
3896.525000
3928.500000
3959.425000
3991.050000
4022.900000
4053.900000
4085.425000
4117.350000
4148.225000
4179.875000
4211.800000
4242.675000
4274.275000
4306.250000
4337.175000
4368.750000
4400.675000
4431.625000
4463.200000
4495.125000
4526.000000
4557.650000
4589.575000
4620.450000
4652.050000
4684.025000
4714.975000
4746.525000
4778.500000
4809.425000
4841.050000
4872.900000
4903.900000
4935.425000
4967.350000
4998.225000
5029.875000
5061.800000
5092.675000
5124.275000
5156.250000
5187.175000
5218.750000
5250.650000
5281.625000
5313.200000
5345.125000
5376.000000
5407.650000
5439.575000
5470.450000
5502.050000
5534.025000
5564.975000
5596.525000
5628.500000
5659.425000
5691.050000
5722.900000
5753.900000
5785.425000
5817.350000
5848.225000
5879.875000
5911.800000
5942.675000
5974.275000
6006.250000
6037.175000
6068.750000
6100.650000
6131.625000
6163.200000
6195.125000
6226.000000
6257.650000
6289.575000
6320.450000
6352.050000
6384.025000
6414.975000
6446.525000
6478.500000
6509.425000
6541.050000
6572.900000
6603.900000
6635.425000
6667.350000
6698.225000
6729.875000
6761.800000
6792.675000
6824.275000
6856.250000
6887.175000
6918.750000
6950.650000
6981.625000
7013.200000
7045.125000
7076.000000
7107.650000
7139.575000
7170.450000
7202.050000
7234.025000
7264.975000
7296.525000
7328.500000
7359.425000
7391.050000
7422.900000
7453.900000
7485.425000
7517.350000
7548.225000
7579.875000
7611.800000
7642.675000
7674.275000
7706.250000
7737.175000
7768.750000
7800.650000
7831.625000
7863.200000
7895.125000
7926.000000
7957.650000
7989.575000
8020.450000
8052.050000
8084.025000
8114.975000
8146.525000
8178.500000
8209.425000
8241.050000
8272.900000
8303.900000
8335.425000
8367.350000
8398.225000
8429.875000
8461.800000
8492.675000
8524.275000
8556.250000
8587.175000
8618.750000
8650.650000
8681.625000
8713.200000
8745.125000
8776.000000
8807.650000
8839.575000
8870.450000
8902.050000
8934.025000
8964.975000
8996.525000
9028.500000
9059.425000
9091.050000
9122.900000
9153.900000
9185.425000
9217.350000
9248.225000
9279.875000
9311.800000
9342.675000
9374.275000
9406.250000
9437.175000
9468.750000
9500.650000
9531.625000
9563.200000
9595.125000
9626.000000
9657.650000
9689.575000
9720.450000
9752.050000
9784.025000
9814.975000
9846.525000
9878.500000
9909.425000
9941.050000
9972.900000
10003.900000
10035.425000
10067.350000
10098.225000
10129.875000
10161.800000
10192.675000
10224.275000
10256.250000
10287.175000
10318.750000
10350.650000
10381.625000
10413.200000
10445.125000
10476.000000
10507.650000
10539.575000
10570.450000
10602.050000
10634.025000
10664.975000
10696.525000
10728.500000
10759.425000
10791.050000
10822.900000
10853.900000
10885.425000
10917.350000
10948.225000
10979.875000
11011.800000
11042.675000
11074.275000
11106.250000
11137.175000
11168.750000
11200.650000
11231.625000
11263.200000
11295.125000
11326.000000
11357.650000
11389.575000
11420.450000
11452.050000
11484.025000
11514.975000
11546.525000
11578.500000
11609.425000
11641.050000
11672.900000
11703.900000
11735.425000
11767.350000
11798.225000
11829.875000
11861.800000
11892.675000
11924.275000
11956.250000
11987.175000
12018.750000
12050.650000
12081.625000
12113.200000
12145.125000
12176.000000
12207.650000
12239.575000
12270.450000
12302.050000
12334.025000
12364.975000
12396.525000
12428.500000
12459.425000
12491.050000
12522.900000
12553.900000
12585.425000
12617.350000
12648.225000
12679.875000
12711.800000
12742.675000
12774.275000
12806.250000
12837.175000
12868.750000
12900.650000
12931.625000
12963.200000
12995.125000
13026.000000
13057.650000
13089.575000
13120.450000
13152.050000
13184.025000
13214.975000
13246.525000
13278.500000
13309.425000
13341.050000
13372.900000
13403.900000
13435.425000
13467.350000
13498.225000
13529.875000
13561.800000
13592.675000
13624.275000
13656.250000
13687.175000
13718.750000
13750.650000
13781.625000
13813.200000
13845.125000
13876.000000
13907.650000
13939.575000
13970.450000
14002.050000
14034.025000
14064.975000
14096.525000
14128.500000
14159.425000
14191.050000
14222.900000
14253.900000
14285.425000
14317.350000
14348.225000
14379.875000
14411.800000
14442.675000
14474.275000
14506.250000
14537.175000
14568.750000
14600.650000
14631.625000
14663.200000
14695.125000
14726.000000
14757.650000
14789.575000
14820.450000
14852.050000
14884.025000
14914.975000
14946.525000
14978.500000
15009.425000
15041.050000
15072.900000
15103.900000
15135.425000
15167.350000
15198.225000
15229.875000
15261.800000
15292.675000
15324.275000
15356.250000
15387.175000
15418.750000
15450.650000
15481.625000
15513.200000
15545.125000
15576.000000
15607.650000
15639.575000
15670.450000
15702.050000
15734.025000
15764.975000
15796.525000
15828.500000
15859.425000
15891.050000
15922.900000
15953.900000
15985.425000
16017.350000
16048.225000
16079.875000
16111.800000
16142.675000
16174.275000
16206.250000
16237.175000
16268.750000
16300.650000
16331.625000
16363.200000
16395.125000
16426.000000
16457.650000
16489.575000
16520.450000
16552.050000
16584.025000
16614.975000
16646.525000
16678.500000
16709.425000
16741.050000
16772.900000
16803.900000
16835.425000
16867.350000
16898.225000
16929.875000
16961.800000
16992.675000
17024.275000
17056.250000
17087.175000
17118.750000
17150.650000
17181.625000
17213.200000
17245.125000
17276.000000
17307.650000
17339.575000
17370.450000
17402.050000
17434.025000
17464.975000
17496.525000
17528.500000
17559.425000
17591.050000
17622.900000
17653.900000
17685.425000
17717.350000
17748.225000
17779.875000
17811.800000
17842.675000
17874.275000
17906.250000
17937.175000
17968.750000
18000.650000
18031.625000
18063.200000
18095.125000
18126.000000
18157.650000
18189.575000
18220.450000
18252.050001
18284.025001
18314.975001
18346.525001
18378.500001
18409.425001
18441.050001
18472.900001
18503.900001
18535.425001
18567.350001
18598.225001
18629.875001
18661.800001
18692.675001
18724.275001
18756.250001
18787.175001
18818.750001
18850.650001
18881.625001
18913.200001
18945.125001
18976.000001
19007.650001
19039.575001
19070.450001
19102.050001
19134.025001
19164.975001
19196.525001
19228.500001
19259.425001
19291.050001
19322.900001
19353.900001
19385.425001
19417.350001
19448.225001
19479.875001
19511.800001
19542.675001
19574.275001
19606.250001
19637.175001
19668.750001
19700.650001
19731.625001
19763.200001
19795.125001
19826.000001
19857.650001
19889.575001
19920.450001
19952.050001
19984.025001
20014.975001
20046.525001
20078.500001
20109.425001
20141.050001
20172.900001
20203.900001
20235.425001
20267.350001
20298.225001
20329.875001
20361.800001
20392.675001
20424.275001
20456.250001
20487.175001
20518.750001
20550.650001
20581.625001
20613.200001
20645.125001
20676.000001
20707.650001
20739.575001
20770.450001
20802.050001
20834.025001
20864.975001
20896.525001
20928.500001
20959.425001
20991.050001
21022.900001
21053.900001
21085.425001
21117.350001
21148.225001
21179.875001
21211.800001
21242.675001
21274.275001
21306.250001
21337.175001
21368.750001
21400.650001
21431.625001
21463.200001
21495.125001
21526.000001
21557.650001
21589.575001
21620.450001
21652.050001
21684.025001
21714.975001
21746.525001
21778.500001
21809.425001
21841.050001
21872.900001
21903.900001
21935.425001
21967.350001
21998.225001
22029.875001
22061.800001
22092.675001
22124.275001
22156.250001
22187.175001
22218.750001
22250.650001
22281.625001
22313.200001
22345.125001
22376.000001
22407.650001
22439.575001
22470.450001
22502.050001
22534.025001
22564.975001
22596.525001
22628.500001
22659.425001
22691.050001
22722.900001
22753.900001
22785.425001
22817.350001
22848.225001
22879.875001
22911.800001
22942.675001
22974.275001
23006.250001
23037.175001
23068.750001
23100.650001
23131.625001
23163.200001
23195.125001
23226.000001
23257.650001
23289.575001
23320.450001
23352.050001
23384.025001
23414.975001
23446.525001
23478.500001
23509.425001
23541.050001
23572.900001
23603.900001
23635.425001
23667.350001
23698.225001
23729.875001
23761.800001
23792.675001
23824.275001
23856.250001
23887.175001
23918.750001
23950.650001
23981.625001
24013.200001
24045.125001
24076.000001
24107.650001
24139.575001
24170.450001
24202.050001
24234.025001
24264.975001
24296.525001
24328.500001
24359.425001
24391.050001
24422.900001
24453.900001
24485.425001
24517.350001
24548.225001
24579.875001
24611.800001
24642.675001
24674.275001
24706.250001
24737.175001
24768.750001
24800.650001
24831.625001
24863.200001
24895.125001
24926.000001
24957.650001
24989.575001
25020.450001
25052.050001
25084.025001
25114.975001
25146.525001
25178.500001
25209.425001
25241.050001
25272.900001
25303.900001
25335.425001
25367.350001
25398.225001
25429.875001
25461.800001
25492.675001
25524.275001
25556.250001
25587.175001
25618.750001
25650.650001
25681.625001
25713.200001
25745.125001
25776.000001
25807.650001
25839.575001
25870.450001
25902.050001
25934.025001
25964.975001
25996.525001
26028.500001
26059.425001
26091.050001
26122.900001
26153.900001
26185.425001
26217.350001
26248.225001
26279.875001
26311.800001
26342.675001
26374.275001
26406.250001
26437.175001
26468.750001
26500.650001
26531.625001
26563.200001
26595.125001
26626.000001
26657.650001
26689.575001
26720.450001
26752.050001
26784.025001
26814.975001
26846.525001
26878.500001
26909.425001
26941.050001
26972.900001
27003.900001
27035.425001
27067.350001
27098.225001
27129.875001
27161.800001
27192.675001
27224.275001
27256.250001
27287.175001
27318.750001
27350.650001
27381.625001
27413.200001
27445.125001
27476.000001
27507.650001
27539.575001
27570.450001
27602.050001
27634.025001
27664.975001
27696.525001
27728.500001
27759.425001
27791.050001
27822.900001
27853.900001
27885.425001
27917.350001
27948.225001
27979.875001
28011.800001
28042.675001
28074.275001
28106.250001
28137.175001
28168.750001
28200.650001
28231.625001
28263.200001
28295.125001
28326.000001
28357.650001
28389.575001
28420.450001
28452.050001
28484.025001
28514.975001
28546.525001
28578.500001
28609.425001
28641.050001
28672.900001
28703.900001
28735.425001
28767.350001
28798.225001
28829.875001
28861.800001
28892.675001
28924.275001
28956.250001
28987.175001
29018.750001
29050.650001
29081.625001
29113.200001
29145.125001
29176.000001
29207.650001
29239.575001
29270.450001
29302.050001
29334.175001
29367.400001
29401.000001
29436.150001
29473.050001
29512.075001
29553.950001
29601.075001
