1.000000
11.000000
326.300000
400.300000
463.475000
518.950000
568.300000
613.475000
657.975000
701.400000
744.125000
786.125000
828.300000
870.025000
911.975000
953.375000
995.075000
1036.150000
1077.475000
1118.825000
1159.875000
1201.175000
1242.175000
1283.350000
1324.500000
1365.450000
1406.775000
1447.550000
1488.675000
1529.900000
1570.800000
1612.125000
1652.900000
1694.050000
1735.250000
1776.200000
1817.550000
1858.325000
1899.450000
1940.700000
1981.675000
2022.925000
2063.800000
2104.975000
2146.100000
2187.075000
2228.350000
2269.325000
2310.350000
2351.500000
2392.525000
2433.650000
2474.700000
2515.575000
2556.800000
2597.550000
2638.650000
2679.850000
2720.750000
2762.050000
2802.850000
2843.975000
2885.175000
2926.100000
2967.450000
3008.275000
3049.325000
3090.575000
3131.550000
3172.775000
3213.700000
3254.800000
3295.950000
3336.875000
3378.100000
3419.150000
3460.000000
3501.200000
3542.050000
3583.150000
3624.225000
3665.200000
3706.500000
3747.275000
3788.400000
3829.675000
3870.625000
3911.850000
3952.750000
3993.825000
4035.050000
4076.000000
4117.350000
4158.225000
4199.225000
4240.450000
4281.400000
4322.650000
4363.625000
4404.650000
4445.800000
4486.575000
4527.750000
4568.875000
4609.775000
4651.050000
4691.850000
4732.950000
4774.075000
4815.050000
4856.325000
4897.200000
4938.275000
4979.575000
5020.525000
5061.725000
5102.675000
5143.700000
5184.925000
5225.875000
5267.225000
5308.150000
5349.050000
5390.275000
5431.125000
5472.300000
5513.375000
5554.350000
5595.575000
5636.225000
5677.375000
5718.550000
5759.525000
5800.775000
5841.700000
5882.800000
5923.950000
5964.900000
6006.175000
6047.125000
6088.150000
6129.425000
6170.375000
6211.525000
6252.550000
6293.450000
6334.675000
6375.475000
6416.675000
6457.750000
6498.625000
6539.925000
6580.650000
6621.775000
6662.975000
6703.975000
6745.225000
6786.050000
6827.125000
6868.325000
6909.300000
6950.525000
6991.550000
7032.550000
7073.700000
7114.600000
7155.800000
7196.850000
7237.725000
7279.000000
7319.725000
7360.825000
7401.925000
7442.900000
7484.150000
7525.000000
7566.150000
7607.375000
7648.300000
7689.525000
7730.450000
7771.450000
7812.675000
7853.675000
7894.900000
7935.875000
7976.725000
8017.950000
8058.650000
8099.800000
8140.950000
8181.900000
8223.175000
8263.900000
8305.100000
8346.225000
8387.200000
8428.475000
8469.400000
8510.450000
8551.625000
8592.625000
8633.775000
8674.775000
8715.725000
8756.950000
8797.800000
8838.900000
8880.050000
8920.900000
8962.175000
9002.900000
9044.050000
9085.225000
9126.150000
9167.500000
9208.300000
9249.375000
9290.600000
9331.575000
9372.825000
9413.725000
9454.850000
9496.000000
9536.925000
9578.175000
9619.200000
9660.100000
9701.275000
9742.175000
9783.275000
9824.375000
9865.300000
9906.600000
9947.325000
9988.450000
10029.725000
10070.650000
10111.900000
10152.775000
10193.875000
10235.100000
10276.025000
10317.375000
10358.250000
10399.250000
10440.500000
10481.450000
10522.700000
10563.650000
10604.700000
10645.850000
10686.700000
10727.875000
10768.975000
10809.850000
10851.100000
10891.900000
10933.000000
10974.100000
11015.075000
11056.375000
11097.225000
11138.325000
11179.625000
11220.550000
11261.775000
11302.700000
11343.750000
11384.975000
11425.925000
11467.275000
11508.175000
11549.125000
11590.350000
11631.250000
11672.450000
11713.475000
11754.450000
11795.650000
11836.325000
11877.450000
11918.600000
11959.575000
12000.850000
12041.750000
12082.850000
12123.975000
12164.950000
12206.225000
12247.150000
12288.200000
12329.475000
12370.425000
12411.600000
12452.600000
12493.525000
12534.750000
12575.625000
12616.875000
12657.900000
12698.750000
12740.025000
12780.725000
12821.850000
12863.000000
12904.025000
12945.275000
12986.075000
13027.150000
13068.375000
13109.350000
13150.575000
13191.575000
13232.600000
13273.750000
13314.700000
13355.925000
13396.925000
13437.825000
13479.075000
13519.850000
13560.950000
13602.050000
13643.000000
13684.275000
13725.075000
13766.250000
13807.425000
13848.350000
13889.575000
13930.500000
13971.525000
14012.750000
14053.775000
14095.000000
14135.925000
14176.850000
14218.050000
14258.850000
14300.025000
14341.175000
14382.050000
14423.300000
14463.975000
14505.175000
14546.275000
14587.250000
14628.550000
14669.425000
14710.525000
14751.675000
14792.675000
14833.825000
14874.825000
14915.800000
14957.025000
14997.950000
15039.075000
15080.150000
15120.975000
15162.250000
15202.975000
15244.125000
15285.250000
15326.200000
15367.525000
15408.325000
15449.400000
15490.625000
15531.625000
15572.850000
15613.750000
15654.875000
15696.025000
15736.975000
15778.225000
15819.225000
15860.150000
15901.325000
15942.250000
15983.350000
16024.450000
16065.375000
16106.650000
16147.375000
16188.475000
16229.750000
16270.675000
16311.925000
16352.775000
16393.900000
16435.100000
16476.050000
16517.400000
16558.250000
16599.275000
16640.525000
16681.475000
16722.700000
16763.675000
16804.725000
16845.875000
16886.750000
16927.950000
16969.025000
17009.900000
17051.125000
17091.925000
17133.025000
17174.125000
17215.100000
17256.400000
17297.225000
17338.325000
17379.625000
17420.575000
17461.775000
17502.700000
17543.775000
17585.000000
17625.925000
17667.300000
17708.200000
17749.150000
17790.375000
17831.300000
17872.525000
17913.525000
17954.500000
17995.700000
18036.375000
18077.500000
18118.650000
18159.600000
18200.875000
18241.750001
18282.875001
18324.000001
18364.975001
18406.225001
18447.150001
18488.200001
18529.500001
18570.450001
18611.625001
18652.625001
18693.575001
18734.800001
18775.700001
18816.975001
18857.975001
18898.800001
18940.050001
18980.750001
19021.900001
19063.025001
19104.050001
19145.300001
19186.100001
19227.175001
19268.400001
19309.350001
19350.600001
19391.600001
19432.625001
19473.800001
19514.725001
19555.975001
19596.975001
19637.875001
19679.125001
19719.950001
19761.050001
19802.150001
19843.075001
19884.375001
19925.100001
19966.275001
20007.450001
20048.375001
20089.625001
20130.500001
20171.550001
20212.800001
20253.800001
20295.025001
20335.950001
20376.875001
20418.100001
20458.950001
20500.125001
20541.250001
20582.125001
20623.350001
20664.025001
20705.200001
20746.300001
20787.275001
20828.575001
20869.450001
20910.525001
20951.675001
20992.675001
21033.850001
21074.850001
21115.850001
21157.075001
21197.975001
21239.125001
21280.175001
21321.000001
21362.275001
21403.000001
21444.125001
21485.250001
21526.200001
21567.550001
21608.325001
21649.400001
21690.650001
21731.625001
21772.850001
21813.750001
21854.900001
21896.025001
21936.975001
21978.250001
22019.250001
22060.175001
22101.350001
22142.300001
22183.400001
22224.475001
22265.375001
22306.675001
22347.375001
22388.500001
22429.750001
22470.675001
22511.925001
22552.800001
22593.900001
22635.125001
22676.050001
22717.400001
22758.250001
22799.275001
22840.525001
22881.475001
22922.725001
22963.675001
23004.725001
23045.900001
23086.750001
23127.950001
23169.025001
23209.900001
23251.125001
23291.950001
23333.050001
23374.125001
23415.100001
23456.400001
23497.225001
23538.325001
23579.625001
23620.575001
23661.775001
23702.725001
23743.775001
23785.000001
23825.950001
23867.300001
23908.200001
23949.150001
23990.400001
24031.300001
24072.525001
24113.525001
24154.525001
24195.700001
24236.375001
24277.525001
24318.650001
24359.625001
24400.900001
24441.775001
24482.875001
24524.000001
24564.975001
24606.250001
24647.150001
24688.225001
24729.525001
24770.450001
24811.625001
24852.625001
24893.575001
24934.800001
24975.700001
25017.000001
25058.000001
25098.825001
25140.075001
25180.775001
25221.900001
25263.050001
25304.050001
25345.325001
25386.100001
25427.200001
25468.400001
25509.375001
25550.600001
25591.600001
25632.650001
25673.800001
25714.750001
25755.975001
25796.975001
25837.900001
25879.150001
25919.975001
25961.100001
26002.175001
26043.100001
26084.400001
26125.125001
26166.300001
26207.450001
26248.400001
26289.625001
26330.525001
26371.575001
26412.800001
26453.800001
26495.050001
26535.950001
26576.900001
26618.100001
26658.975001
26700.175001
26741.275001
26782.150001
26823.375001
26864.025001
26905.225001
26946.300001
26987.275001
27028.600001
27069.450001
27110.550001
27151.700001
27192.700001
27233.850001
27274.850001
27315.850001
27357.075001
27398.000001
27439.125001
27480.200001
27521.025001
27562.275001
27603.000001
27644.150001
27685.275001
27726.200001
27767.550001
27808.325001
27849.400001
27890.650001
27931.625001
27972.850001
28013.750001
28054.900001
28096.025001
28136.975001
28178.250001
28219.250001
28260.175001
28301.350001
28342.300001
28383.400001
28424.500001
28465.400001
28506.675001
28547.375001
28588.500001
28629.750001
28670.675001
28711.925001
28752.800001
28793.900001
28835.125001
28876.050001
28917.400001
28958.250001
28999.275001
29040.525001
29081.475001
29122.725001
29163.675001
29204.725001
29245.900001
29286.775001
29327.975001
29369.025001
29409.900001
29451.125001
29491.950001
29533.050001
29574.125001
29616.175001
29659.375001
29703.875001
29749.875001
29797.575001
29847.650001
29900.750001
29957.675001
30020.275001
30093.600001
30171.250001
30252.625001
30337.550001
30425.125001
30514.675001
30605.825001
30698.450001
30792.475001
30887.925001
30985.100001
31083.825001
31183.300001
31283.100001
31383.075001
31483.150001
31583.325001
31683.575001
31783.925001
31884.350001
31984.850001
32085.400001
32186.050001
32286.800001
32387.600001
32488.500001
32589.500001
32690.600001
32791.850001
32893.225001
32994.775001
33096.525001
33198.525001
33300.850001
33403.500001
33506.525001
33609.925001
33713.650001
33817.675001
33922.000001
34026.675001
34131.825001
34237.800001
34345.575001
34457.575001
34575.175001
34692.625001
34808.825001
34924.550001
