10.000000
18.000000
334.075000
407.750000
470.500000
525.325000
574.250000
619.050000
662.375000
703.950000
744.675000
784.725000
824.275000
863.550000
902.475000
941.275000
979.975000
1018.500000
1056.925000
1095.300000
1133.400000
1171.325000
1209.425000
1247.250000
1285.400000
1323.525000
1361.325000
1399.100000
1437.100000
1474.900000
1512.850000
1550.975000
1588.750000
1626.350000
1663.975000
1701.975000
1740.100000
1777.800000
1815.400000
1853.075000
1891.150000
1929.150000
1966.950000
2004.725000
2042.675000
2080.425000
2118.275000
2156.275000
2194.200000
2231.850000
2269.475000
2307.450000
2345.550000
2383.250000
2420.825000
2458.400000
2496.375000
2534.500000
2572.200000
2609.775000
2647.400000
2685.425000
2723.450000
2761.125000
2798.675000
2836.275000
2874.275000
2912.350000
2950.050000
2987.625000
3025.275000
3063.275000
3101.275000
3138.950000
3176.500000
3214.100000
3252.125000
3290.175000
3327.875000
3365.450000
3403.125000
3441.200000
3479.175000
3516.975000
3554.775000
3592.700000
3630.425000
3668.275000
3706.275000
3744.175000
3781.850000
3819.475000
3857.450000
3895.525000
3933.250000
3970.800000
4008.400000
4046.375000
4084.475000
4122.175000
4159.750000
4197.400000
4235.400000
4273.450000
4311.100000
4348.675000
4386.250000
4424.250000
4462.325000
4500.025000
4537.600000
4575.250000
4613.275000
4651.275000
4688.925000
4726.475000
4764.075000
4802.100000
4840.150000
4877.850000
4915.425000
4953.100000
4991.175000
5029.175000
5066.950000
5104.700000
5142.625000
5180.400000
5218.250000
5256.225000
5294.150000
5331.825000
5369.475000
5407.425000
5445.500000
5483.225000
5520.800000
5558.400000
5596.350000
5634.475000
5672.175000
5709.750000
5747.375000
5785.400000
5823.425000
5861.100000
5898.650000
5936.250000
5974.250000
6012.325000
6050.025000
6087.600000
6125.250000
6163.250000
6201.250000
6238.925000
6276.475000
6314.075000
6352.100000
6390.150000
6427.850000
6465.425000
6503.100000
6541.175000
6579.175000
6616.950000
6654.700000
6692.625000
6730.400000
6768.250000
6806.200000
6844.150000
6881.825000
6919.450000
6957.425000
6995.500000
7033.225000
7070.800000
7108.400000
7146.350000
7184.450000
7222.175000
7259.750000
7297.375000
7335.400000
7373.425000
7411.100000
7448.650000
7486.250000
7524.250000
7562.325000
7600.025000
7637.600000
7675.225000
7713.250000
7751.250000
7788.925000
7826.475000
7864.075000
7902.100000
7940.150000
7977.850000
8015.425000
8053.100000
8091.175000
8129.150000
8166.950000
8204.700000
8242.625000
8280.400000
8318.250000
8356.200000
8394.125000
8431.825000
8469.450000
8507.425000
8545.500000
8583.225000
8620.800000
8658.400000
8696.350000
8734.450000
8772.175000
8809.750000
8847.375000
8885.400000
8923.425000
8961.100000
8998.650000
9036.250000
9074.250000
9112.325000
9150.025000
9187.600000
9225.225000
9263.250000
9301.250000
9338.925000
9376.475000
9414.075000
9452.100000
9490.150000
9527.850000
9565.425000
9603.100000
9641.175000
9679.150000
9716.950000
9754.675000
9792.600000
9830.400000
9868.250000
9906.200000
9944.125000
9981.825000
10019.450000
10057.425000
10095.500000
10133.225000
10170.800000
10208.400000
10246.350000
10284.450000
10322.175000
10359.750000
10397.375000
10435.400000
10473.425000
10511.100000
10548.650000
10586.250000
10624.250000
10662.325000
10700.025000
10737.600000
10775.225000
10813.250000
10851.250000
10888.925000
10926.475000
10964.075000
11002.100000
11040.150000
11077.850000
11115.425000
11153.100000
11191.175000
11229.150000
11266.950000
11304.675000
11342.600000
11380.400000
11418.250000
11456.200000
11494.125000
11531.825000
11569.450000
11607.425000
11645.500000
11683.225000
11720.800000
11758.400000
11796.350000
11834.450000
11872.175000
11909.750000
11947.375000
11985.400000
12023.425000
12061.100000
12098.650000
12136.250000
12174.250000
12212.325000
12250.025000
12287.600000
12325.225000
12363.250000
12401.250000
12438.925000
12476.475000
12514.075000
12552.100000
12590.150000
12627.850000
12665.425000
12703.100000
12741.175000
12779.150000
12816.950000
12854.675000
12892.600000
12930.400000
12968.250000
13006.200000
13044.125000
13081.825000
13119.450000
13157.425000
13195.500000
13233.225000
13270.800000
13308.400000
13346.350000
13384.450000
13422.175000
13459.750000
13497.375000
13535.400000
13573.425000
13611.100000
13648.650000
13686.250000
13724.250000
13762.325000
13800.025000
13837.600000
13875.225000
13913.250000
13951.250000
13988.925000
14026.475000
14064.075000
14102.100000
14140.150000
14177.850000
14215.425000
14253.100000
14291.175000
14329.150000
14366.950000
14404.675000
14442.600000
14480.400000
14518.250000
14556.200000
14594.125000
14631.825000
14669.450000
14707.425000
14745.500000
14783.225000
14820.800000
14858.400000
14896.350000
14934.450000
14972.175000
15009.750000
15047.375000
15085.400000
15123.425000
15161.100000
15198.650000
15236.250000
15274.250000
15312.325000
15350.025000
15387.600000
15425.225000
15463.250000
15501.250000
15538.925000
15576.475000
15614.075000
15652.100000
15690.150000
15727.850000
15765.425000
15803.100000
15841.175000
15879.150000
15916.950000
15954.675000
15992.600000
16030.400000
16068.250000
16106.200000
16144.125000
16181.825000
16219.450000
16257.425000
16295.500000
16333.225000
16370.800000
16408.400000
16446.350000
16484.450000
16522.175000
16559.750000
16597.375000
16635.400000
16673.425000
16711.100000
16748.650000
16786.250000
16824.250000
16862.325000
16900.025000
16937.600000
16975.225000
17013.250000
17051.250000
17088.925000
17126.475000
17164.075000
17202.100000
17240.150000
17277.850000
17315.425000
17353.100000
17391.175000
17429.150000
17466.950000
17504.675000
17542.600000
17580.400000
17618.250000
17656.200000
17694.125000
17731.825000
17769.450000
17807.425000
17845.500000
17883.225000
17920.800000
17958.400000
17996.350000
18034.450000
18072.175000
18109.750000
18147.375000
18185.400000
18223.425000
18261.100001
18298.650001
18336.250001
18374.250001
18412.325001
18450.025001
18487.600001
18525.225001
18563.250001
18601.250001
18638.925001
18676.475001
18714.075001
18752.100001
18790.150001
18827.850001
18865.425001
18903.100001
18941.175001
18979.150001
19016.950001
19054.675001
19092.600001
19130.400001
19168.250001
19206.200001
19244.125001
19281.825001
19319.450001
19357.425001
19395.500001
19433.225001
19470.800001
19508.400001
19546.350001
19584.450001
19622.175001
19659.750001
19697.375001
19735.400001
19773.425001
19811.100001
19848.650001
19886.250001
19924.250001
19962.325001
20000.025001
20037.600001
20075.225001
20113.250001
20151.250001
20188.925001
20226.475001
20264.075001
20302.100001
20340.150001
20377.850001
20415.425001
20453.100001
20491.175001
20529.150001
20566.950001
20604.675001
20642.600001
20680.400001
20718.250001
20756.200001
20794.125001
20831.825001
20869.450001
20907.425001
20945.500001
20983.225001
21020.800001
21058.400001
21096.350001
21134.450001
21172.175001
21209.750001
21247.375001
21285.400001
21323.425001
21361.100001
21398.650001
21436.250001
21474.250001
21512.325001
21550.025001
21587.600001
21625.225001
21663.250001
21701.250001
21738.925001
21776.475001
21814.075001
21852.100001
21890.150001
21927.850001
21965.425001
22003.100001
22041.175001
22079.150001
22116.950001
22154.675001
22192.600001
22230.400001
22268.250001
22306.200001
22344.125001
22381.825001
22419.450001
22457.425001
22495.500001
22533.225001
22570.800001
22608.400001
22646.350001
22684.450001
22722.175001
22759.750001
22797.375001
22835.400001
22873.425001
22911.100001
22948.650001
22986.250001
23024.250001
23062.325001
23100.025001
23137.600001
23175.225001
23213.250001
23251.250001
23288.925001
23326.475001
23364.075001
23402.100001
23440.150001
23477.850001
23515.425001
23553.100001
23591.175001
23629.150001
23666.950001
23704.675001
23742.600001
23780.400001
23818.250001
23856.200001
23894.125001
23931.825001
23969.450001
24007.425001
24045.500001
24083.225001
24120.800001
24158.400001
24196.350001
24234.450001
24272.175001
24309.750001
24347.375001
24385.400001
24423.425001
24461.100001
24498.650001
24536.250001
24574.250001
24612.325001
24650.025001
24687.600001
24725.225001
24763.250001
24801.250001
24838.925001
24876.475001
24914.075001
24952.100001
24990.150001
25027.850001
25065.425001
25103.100001
25141.175001
25179.150001
25216.950001
25254.675001
25292.600001
25330.400001
25368.250001
25406.200001
25444.125001
25481.825001
25519.450001
25557.425001
25595.500001
25633.225001
25670.800001
25708.400001
25746.350001
25784.450001
25822.175001
25859.750001
25897.375001
25935.400001
25973.425001
26011.100001
26048.650001
26086.250001
26124.250001
26162.325001
26200.025001
26237.600001
26275.225001
26313.250001
26351.250001
26388.925001
26426.475001
26464.075001
26502.100001
26540.150001
26577.850001
26615.425001
26653.100001
26691.175001
26729.150001
26766.950001
26804.675001
26842.600001
26880.400001
26918.250001
26956.200001
26994.125001
27031.825001
27069.450001
27107.425001
27145.500001
27183.225001
27220.800001
27258.400001
27296.350001
27334.450001
27372.175001
27409.750001
27447.375001
27485.400001
27523.425001
27561.100001
27598.650001
27636.250001
27674.250001
27712.325001
27750.025001
27787.600001
27825.225001
27863.250001
27901.250001
27938.925001
27976.475001
28014.075001
28052.100001
28090.150001
28127.850001
28165.425001
28203.100001
28241.175001
28279.150001
28316.950001
28354.675001
28392.600001
28430.400001
28468.250001
28506.200001
28544.125001
28581.825001
28619.450001
28657.425001
28695.500001
28733.225001
28770.800001
28808.400001
28846.350001
28884.450001
28922.175001
28959.750001
28997.375001
29035.400001
29073.425001
29111.100001
29148.650001
29186.250001
29224.250001
29262.325001
29300.025001
29337.600001
29375.225001
29413.250001
29451.250001
29488.925001
29526.475001
29564.075001
29602.325001
29641.525001
29681.450001
29722.475001
29764.400001
29807.925001
29852.775001
29899.575001
29948.675001
30001.000001
30057.550001
30118.850001
30181.200001
30245.350001
30311.100001
30378.400001
30447.200001
30517.575001
30589.800001
30664.350001
30741.750001
30821.975001
30904.475001
30988.725001
31074.525001
31161.625001
31249.500001
31337.900001
31426.625001
31515.600001
31604.700001
31693.950001
31783.300001
31872.750001
31962.275001
32051.875001
32141.600001
32231.400001
32321.325001
32411.425001
32501.800001
32592.600001
32683.775001
32775.200001
32866.675001
32958.200001
33049.725001
33141.275001
33232.825001
33324.350001
33415.900001
33507.450001
33599.000001
33690.550001
33782.100001
33873.650001
33965.225001
34056.775001
34148.325001
34239.875001
34331.425001
34422.975001
34514.550001
34606.100001
34697.650001
34789.200001
34880.750001
34972.325001
