2.000000
0.000000
416.025000
459.725000
496.925000
530.325000
561.675000
591.100000
619.975000
647.950000
675.700000
703.375000
730.450000
757.550000
784.325000
811.450000
838.175000
864.775000
891.450000
917.900000
944.800000
971.475000
998.000000
1024.575000
1050.975000
1077.575000
1103.900000
1130.350000
1156.750000
1183.275000
1209.575000
1236.075000
1262.575000
1289.375000
1316.000000
1342.475000
1369.025000
1395.425000
1421.975000
1448.225000
1474.725000
1501.050000
1527.625000
1553.900000
1580.350000
1606.725000
1633.225000
1659.500000
1685.950000
1712.325000
1738.875000
1765.150000
1791.900000
1818.575000
1845.175000
1871.725000
1898.125000
1924.650000
1951.000000
1977.550000
2003.850000
2030.300000
2056.675000
2083.150000
2109.425000
2135.850000
2162.250000
2188.700000
2215.000000
2241.550000
2267.850000
2294.500000
2320.750000
2347.525000
2374.175000
2400.750000
2427.300000
2453.725000
2480.200000
2506.600000
2533.075000
2559.375000
2585.800000
2612.200000
2638.675000
2664.950000
2691.500000
2717.800000
2744.400000
2770.600000
2797.150000
2823.475000
2850.250000
2876.875000
2903.500000
2930.025000
2956.500000
2982.975000
3009.325000
3035.775000
3062.175000
3088.625000
3114.950000
3141.475000
3167.775000
3194.375000
3220.575000
3247.100000
3273.400000
3300.075000
3326.325000
3353.150000
3379.775000
3406.350000
3432.850000
3459.275000
3485.725000
3512.150000
3538.600000
3564.925000
3591.450000
3617.775000
3644.350000
3670.550000
3697.075000
3723.375000
3750.000000
3776.200000
3802.800000
3829.425000
3856.150000
3882.700000
3909.200000
3935.675000
3962.125000
3988.575000
4014.900000
4041.450000
4067.750000
4094.325000
4120.525000
4147.050000
4173.350000
4199.950000
4226.150000
4252.700000
4279.125000
4305.925000
4332.525000
4359.100000
4385.600000
4412.075000
4438.550000
4464.900000
4491.425000
4517.750000
4544.300000
4570.525000
4597.025000
4623.325000
4649.925000
4676.125000
4702.650000
4729.050000
4755.750000
4782.350000
4809.000000
4835.525000
4862.025000
4888.525000
4914.875000
4941.400000
4967.725000
4994.300000
5020.500000
5047.025000
5073.325000
5099.900000
5126.100000
5152.625000
5179.025000
5205.650000
5232.125000
5258.875000
5285.425000
5311.975000
5338.475000
5364.850000
5391.375000
5417.725000
5444.275000
5470.500000
5497.000000
5523.325000
5549.875000
5576.100000
5602.600000
5629.000000
5655.575000
5681.900000
5708.625000
5735.275000
5761.875000
5788.375000
5814.825000
5841.350000
5867.700000
5894.250000
5920.475000
5947.000000
5973.300000
5999.850000
6026.075000
6052.600000
6078.975000
6105.525000
6131.825000
6158.350000
6184.900000
6211.650000
6238.225000
6264.725000
6291.275000
6317.650000
6344.200000
6370.450000
6396.975000
6423.275000
6449.825000
6476.050000
6502.575000
6528.950000
6555.475000
6581.750000
6608.225000
6634.600000
6661.250000
6687.825000
6714.500000
6741.100000
6767.550000
6794.100000
6820.400000
6846.925000
6873.250000
6899.800000
6926.025000
6952.550000
6978.950000
7005.425000
7031.725000
7058.150000
7084.525000
7111.050000
7137.325000
7163.775000
7190.200000
7217.025000
7243.650000
7270.200000
7296.750000
7323.150000
7349.700000
7375.975000
7402.500000
7428.900000
7455.375000
7481.650000
7508.100000
7534.475000
7560.950000
7587.225000
7613.650000
7640.025000
7666.675000
7692.875000
7719.500000
7746.025000
7772.775000
7799.350000
7825.825000
7852.350000
7878.800000
7905.275000
7931.600000
7958.025000
7984.425000
8010.875000
8037.175000
8063.600000
8090.000000
8116.600000
8142.800000
8169.350000
8195.650000
8222.350000
8248.775000
8275.525000
8302.125000
8328.675000
8355.150000
8381.550000
8407.975000
8434.400000
8460.850000
8487.150000
8513.600000
8539.975000
8566.575000
8592.775000
8619.325000
8645.600000
8672.250000
8698.475000
8725.200000
8751.875000
8778.500000
8805.025000
8831.475000
8857.950000
8884.375000
8910.825000
8937.150000
8963.575000
8989.975000
9016.550000
9042.775000
9069.300000
9095.600000
9122.225000
9148.425000
9175.050000
9201.500000
9228.325000
9254.875000
9281.400000
9307.875000
9334.325000
9360.800000
9387.125000
9413.575000
9439.975000
9466.550000
9492.750000
9519.275000
9545.575000
9572.175000
9598.400000
9624.950000
9651.275000
9678.125000
9704.750000
9731.325000
9757.825000
9784.300000
9810.775000
9837.125000
9863.550000
9889.950000
9916.525000
9942.750000
9969.275000
9995.575000
10022.175000
10048.375000
10074.925000
10101.225000
10128.000000
10154.650000
10181.275000
10207.775000
10234.275000
10260.750000
10287.100000
10313.550000
10339.950000
10366.525000
10392.750000
10419.275000
10445.575000
10472.150000
10498.350000
10524.900000
10551.200000
10577.925000
10604.525000
10631.200000
10657.725000
10684.250000
10710.725000
10737.100000
10763.525000
10789.950000
10816.525000
10842.750000
10869.250000
10895.550000
10922.150000
10948.350000
10974.875000
11001.175000
11027.875000
11054.350000
11081.100000
11107.675000
11134.200000
11160.700000
11187.075000
11213.525000
11239.950000
11266.500000
11292.725000
11319.250000
11345.550000
11372.125000
11398.350000
11424.875000
11451.175000
11477.825000
11504.200000
11530.975000
11557.575000
11584.150000
11610.650000
11637.050000
11663.500000
11689.925000
11716.500000
11742.725000
11769.250000
11795.550000
11822.125000
11848.325000
11874.850000
11901.150000
11927.775000
11954.100000
11980.825000
12007.475000
12034.075000
12060.600000
12087.025000
12113.500000
12139.925000
12166.500000
12192.725000
12219.225000
12245.550000
12272.100000
12298.325000
12324.825000
12351.125000
12377.750000
12404.050000
12430.625000
12457.275000
12483.975000
12510.500000
12537.000000
12563.450000
12589.900000
12616.475000
12642.700000
12669.225000
12695.525000
12722.100000
12748.300000
12774.825000
12801.125000
12827.725000
12854.000000
12880.500000
12906.950000
12933.750000
12960.350000
12986.900000
13013.400000
13039.875000
13066.425000
13092.675000
13119.200000
13145.500000
13172.075000
13198.275000
13224.800000
13251.100000
13277.675000
13303.975000
13330.425000
13356.825000
13383.475000
13410.025000
13436.725000
13463.275000
13489.775000
13516.350000
13542.650000
13569.150000
13595.475000
13622.025000
13648.275000
13674.775000
13701.075000
13727.650000
13753.950000
13780.400000
13806.775000
13833.300000
13859.600000
13886.125000
13912.700000
13939.450000
13966.050000
13992.500000
14019.050000
14045.425000
14071.975000
14098.225000
14124.725000
14151.050000
14177.600000
14203.900000
14230.350000
14256.725000
14283.200000
14309.475000
14335.925000
14362.300000
14388.800000
14415.075000
14441.700000
14468.175000
14494.950000
14521.550000
14548.025000
14574.575000
14600.950000
14627.500000
14653.825000
14680.275000
14706.650000
14733.125000
14759.425000
14785.850000
14812.225000
14838.700000
14864.975000
14891.525000
14917.825000
14944.450000
14970.675000
14997.325000
15023.900000
15050.600000
15077.175000
15103.675000
15130.150000
15156.575000
15183.050000
15209.375000
15235.800000
15262.200000
15288.650000
15314.950000
15341.475000
15367.800000
15394.375000
15420.600000
15447.125000
15473.425000
15500.175000
15526.675000
15553.400000
15579.950000
15606.475000
15632.950000
15659.325000
15685.750000
15712.175000
15738.625000
15764.950000
15791.475000
15817.775000
15844.350000
15870.575000
15897.100000
15923.375000
15950.025000
15976.250000
16003.000000
16029.675000
16056.300000
16082.825000
16109.250000
16135.725000
16162.150000
16188.600000
16214.925000
16241.450000
16267.775000
16294.325000
16320.550000
16347.075000
16373.350000
16399.975000
16426.175000
16452.750000
16479.275000
16506.075000
16532.650000
16559.175000
16585.650000
16612.100000
16638.575000
16664.900000
16691.425000
16717.750000
16744.325000
16770.525000
16797.050000
16823.350000
16849.925000
16876.125000
16902.675000
16929.100000
16955.850000
16982.475000
17009.075000
17035.575000
17062.075000
17088.525000
17114.900000
17141.425000
17167.750000
17194.300000
17220.525000
17247.025000
17273.325000
17299.900000
17326.125000
17352.650000
17379.050000
17405.725000
17432.275000
17458.975000
17485.500000
17512.025000
17538.500000
17564.875000
17591.400000
17617.725000
17644.275000
17670.500000
17697.025000
17723.325000
17749.900000
17776.100000
17802.625000
17829.025000
17855.625000
17882.025000
17908.800000
17935.400000
17961.950000
17988.450000
18014.850000
18041.375000
18067.700000
18094.275000
18120.500000
18147.000000
18173.300000
18199.875000
18226.075001
18252.600001
18279.000001
18305.550001
18331.875001
18358.500001
18385.175001
18411.825001
18438.350001
18464.800001
18491.325001
18517.675001
18544.225001
18570.475001
18596.975001
18623.300001
18649.850001
18676.075001
18702.575001
18728.975001
18755.500001
18781.800001
18808.275001
18834.725001
18861.525001
18888.125001
18914.675001
18941.225001
18967.625001
18994.175001
19020.450001
19046.950001
19073.275001
19099.825001
19126.050001
19152.575001
19178.950001
19205.475001
19231.750001
19258.200001
19284.575001
19311.175001
19337.550001
19364.325001
19390.950001
19417.475001
19444.050001
19470.375001
19496.900001
19523.225001
19549.775001
19576.025001
19602.525001
19628.925001
19655.425001
19681.700001
19708.125001
19734.500001
19761.000001
19787.275001
19813.725001
19840.100001
19866.850001
19893.375001
19920.050001
19946.625001
19973.100001
19999.650001
20025.950001
20052.475001
20078.875001
20105.350001
20131.650001
20158.075001
20184.450001
20210.925001
20237.200001
20263.625001
20290.025001
20316.650001
20342.850001
20369.425001
20395.775001
20422.600001
20449.225001
20475.750001
20502.300001
20528.775001
20555.250001
20581.575001
20608.025001
20634.425001
20660.875001
20687.175001
20713.600001
20740.000001
20766.600001
20792.800001
20819.325001
20845.625001
20872.325001
20898.625001
20925.425001
20952.050001
20978.625001
21005.125001
21031.525001
21057.975001
21084.375001
21110.850001
21137.150001
21163.575001
21189.975001
21216.575001
21242.775001
21269.300001
21295.600001
21322.250001
21348.450001
21375.150001
21401.775001
21428.475001
21455.000001
21481.450001
21507.925001
21534.350001
21560.825001
21587.150001
21613.575001
21639.975001
21666.550001
21692.775001
21719.300001
21745.600001
21772.200001
21798.425001
21825.000001
21851.400001
21878.275001
21904.850001
21931.375001
21957.875001
21984.325001
22010.800001
22037.125001
22063.550001
22089.950001
22116.550001
22142.750001
22169.275001
22195.575001
22222.175001
22248.375001
22274.950001
22301.250001
22328.100001
22354.725001
22381.300001
22407.825001
22434.300001
22460.775001
22487.125001
22513.550001
22539.950001
22566.525001
22592.750001
22619.275001
22645.575001
22672.175001
22698.375001
22724.900001
22751.225001
22778.000001
22804.600001
22831.250001
22857.775001
22884.275001
22910.750001
22937.100001
22963.550001
22989.950001
23016.525001
23042.750001
23069.275001
23095.575001
23122.150001
23148.350001
23174.900001
23201.200001
23227.925001
23254.475001
23281.175001
23307.725001
23334.225001
23360.725001
23387.100001
23413.525001
23439.950001
23466.525001
23492.750001
23519.250001
23545.550001
23572.150001
23598.350001
23624.875001
23651.175001
23677.850001
23704.300001
23731.075001
23757.650001
23784.200001
23810.675001
23837.075001
23863.525001
23889.950001
23916.500001
23942.725001
23969.250001
23995.550001
24022.125001
24048.325001
24074.850001
24101.150001
24127.800001
24154.175001
24180.925001
24207.575001
24234.150001
24260.650001
24287.050001
24313.500001
24339.925001
24366.500001
24392.725001
24419.250001
24445.550001
24472.125001
24498.325001
24524.850001
24551.150001
24577.775001
24604.100001
24630.775001
24657.450001
24684.075001
24710.575001
24737.025001
24763.475001
24789.925001
24816.475001
24842.725001
24869.225001
24895.550001
24922.100001
24948.325001
24974.825001
25001.125001
25027.750001
25054.050001
25080.600001
25107.200001
25133.925001
25160.475001
25186.975001
25213.450001
25239.900001
25266.450001
25292.700001
25319.225001
25345.525001
25372.075001
25398.300001
25424.825001
25451.125001
25477.700001
25504.000001
25530.475001
25556.900001
25583.675001
25610.300001
25636.875001
25663.375001
25689.850001
25716.425001
25742.675001
25769.200001
25795.500001
25822.050001
25848.275001
25874.800001
25901.100001
25927.675001
25953.975001
25980.425001
26006.800001
26033.425001
26059.875001
26086.625001
26113.200001
26139.750001
26166.300001
26192.625001
26219.150001
26245.475001
26272.025001
26298.250001
26324.775001
26351.075001
26377.650001
26403.925001
26430.375001
26456.750001
26483.275001
26509.550001
26536.025001
26562.450001
26589.225001
26615.900001
26642.425001
26668.975001
26695.375001
26721.925001
26748.200001
26774.725001
26801.050001
26827.600001
26853.900001
26880.325001
26906.700001
26933.200001
26959.475001
26985.900001
27012.275001
27038.775001
27065.050001
27091.625001
27117.950001
27144.775001
27171.400001
27197.950001
27224.500001
27250.925001
27277.475001
27303.825001
27330.250001
27356.650001
27383.100001
27409.400001
27435.825001
27462.225001
27488.675001
27514.975001
27541.500001
27567.825001
27594.450001
27620.650001
27647.250001
27673.675001
27700.475001
27727.075001
27753.625001
27780.100001
27806.550001
27833.025001
27859.350001
27885.800001
27912.200001
27938.650001
27964.950001
27991.475001
28017.800001
28044.375001
28070.575001
28097.125001
28123.425001
28150.125001
28176.500001
28203.300001
28229.875001
28256.425001
28282.900001
28309.300001
28335.750001
28362.175001
28388.625001
28414.925001
28441.450001
28467.775001
28494.350001
28520.550001
28547.075001
28573.375001
28600.000001
28626.225001
28652.900001
28679.575001
28706.250001
28732.775001
28759.225001
28785.700001
28812.125001
28838.600001
28864.925001
28891.450001
28917.750001
28944.325001
28970.550001
28997.050001
29023.350001
29049.950001
29076.150001
29102.725001
29129.200001
29156.000001
29182.600001
29209.150001
29235.625001
29262.100001
29288.550001
29314.900001
29341.425001
29367.750001
29394.300001
29420.525001
29447.050001
29473.350001
29499.925001
29526.125001
29552.675001
29579.075001
29605.950001
29632.850001
29660.375001
29688.225001
29716.475001
29745.150001
29774.375001
29804.025001
29834.250001
29865.125001
29896.750001
29929.325001
29962.800001
29997.400001
30033.275001
30070.825001
30110.275001
30150.200001
30190.750001
30231.850001
30273.450001
30315.525001
30358.025001
30400.925001
30444.200001
30487.800001
30531.725001
30575.975001
30620.525001
30665.400001
30710.600001
30756.175001
30802.100001
30848.400001
30895.075001
30942.125001
30989.575001
31037.400001
31085.600001
31134.175001
31183.125001
31232.400001
31282.050001
31332.025001
31382.350001
31433.000001
31483.950001
31535.200001
31586.725001
31638.450001
31690.375001
31742.425001
31794.625001
31846.950001
31899.375001
31951.925001
32004.600001
32057.400001
32110.325001
32163.400001
32216.625001
32269.975001
32323.475001
32377.100001
32430.900001
32484.850001
32538.925001
32593.125001
32647.425001
32701.800001
32756.250001
32810.725001
32865.250001
32919.800001
32974.400001
33029.000001
33083.625001
33138.250001
33192.900001
33247.575001
33302.250001
33356.925001
33411.625001
33466.350001
33521.075001
33575.800001
33630.525001
33685.275001
33740.025001
33794.800001
33849.575001
33904.375001
33959.150001
34013.975001
34068.775001
34123.600001
34178.450001
34233.300001
34288.150001
34343.050001
34397.925001
34452.850001
34507.775001
34562.725001
34617.725001
34672.725001
34727.750001
34782.825001
34837.950001
34893.125001
34948.350001
