1.000000
8.000000
306.975000
381.925000
446.100000
502.625000
554.125000
603.650000
651.375000
697.700000
743.475000
788.775000
833.725000
878.750000
923.400000
967.900000
1012.300000
1056.675000
1101.000000
1145.350000
1189.650000
1233.925000
1278.125000
1322.125000
1366.200000
1410.175000
1454.150000
1498.075000
1542.100000
1585.950000
1630.050000
1674.100000
1718.150000
1762.175000
1806.225000
1850.175000
1894.075000
1937.850000
1981.725000
2025.525000
2069.375000
2113.350000
2157.425000
2201.350000
2245.400000
2289.275000
2333.150000
2376.875000
2420.700000
2464.425000
2508.250000
2552.225000
2596.225000
2640.175000
2684.175000
2728.100000
2771.975000
2815.725000
2859.550000
2903.350000
2947.175000
2991.175000
3035.175000
3079.175000
3123.150000
3167.200000
3211.025000
3254.925000
3298.650000
3342.550000
3386.250000
3430.200000
3474.150000
3518.125000
3562.125000
3606.050000
3649.950000
3693.750000
3737.550000
3781.425000
3825.175000
3869.100000
3913.075000
3957.075000
4001.050000
4045.025000
4088.875000
4132.725000
4176.475000
4220.350000
4264.050000
4307.975000
4351.925000
4395.875000
4439.875000
4483.775000
4527.675000
4571.425000
4615.250000
4659.050000
4702.850000
4746.800000
4790.825000
4834.800000
4878.825000
4922.750000
4966.675000
5010.475000
5054.350000
5098.175000
5142.000000
5185.825000
5229.875000
5273.800000
5317.825000
5361.700000
5405.625000
5449.425000
5493.225000
5537.050000
5580.800000
5624.675000
5668.675000
5712.650000
5756.650000
5800.575000
5844.500000
5888.325000
5932.125000
5975.950000
6019.750000
6063.600000
6107.625000
6151.550000
6195.525000
6239.425000
6283.300000
6327.075000
6370.875000
6414.700000
6458.450000
6502.375000
6546.375000
6590.350000
6634.350000
6678.300000
6722.175000
6766.025000
6809.825000
6853.725000
6897.450000
6941.375000
6985.350000
7029.375000
7073.325000
7117.375000
7161.200000
7205.100000
7248.800000
7292.675000
7336.350000
7380.250000
7424.225000
7468.200000
7512.175000
7556.125000
7600.000000
7643.850000
7687.625000
7731.500000
7775.225000
7819.150000
7863.125000
7907.125000
7951.075000
7995.050000
8038.900000
8082.775000
8126.500000
8170.375000
8214.075000
8257.975000
8301.950000
8345.900000
8389.900000
8433.800000
8477.675000
8521.450000
8565.275000
8609.075000
8652.875000
8696.825000
8740.850000
8784.800000
8828.850000
8872.750000
8916.700000
8960.500000
9004.375000
9048.175000
9092.025000
9135.850000
9179.900000
9223.825000
9267.825000
9311.725000
9355.625000
9399.450000
9443.225000
9487.075000
9530.800000
9574.700000
9618.675000
9662.650000
9706.675000
9750.600000
9794.500000
9838.325000
9882.150000
9925.975000
9969.750000
10013.600000
10057.625000
10101.550000
10145.550000
10189.425000
10233.300000
10277.075000
10320.875000
10364.700000
10408.450000
10452.400000
10496.375000
10540.350000
10584.350000
10628.300000
10672.175000
10716.025000
10759.825000
10803.725000
10847.450000
10891.375000
10935.350000
10979.375000
11023.325000
11067.375000
11111.200000
11155.100000
11198.800000
11242.675000
11286.350000
11330.250000
11374.225000
11418.200000
11462.175000
11506.125000
11550.000000
11593.850000
11637.625000
11681.500000
11725.225000
11769.150000
11813.125000
11857.125000
11901.075000
11945.075000
11988.900000
12032.775000
12076.500000
12120.375000
12164.075000
12207.975000
12251.950000
12295.900000
12339.900000
12383.800000
12427.675000
12471.450000
12515.275000
12559.075000
12602.875000
12646.825000
12690.850000
12734.800000
12778.850000
12822.750000
12866.700000
12910.500000
12954.375000
12998.175000
13042.025000
13085.850000
13129.900000
13173.825000
13217.825000
13261.725000
13305.625000
13349.450000
13393.225000
13437.075000
13480.800000
13524.700000
13568.675000
13612.650000
13656.675000
13700.600000
13744.500000
13788.325000
13832.150000
13875.975000
13919.750000
13963.600000
14007.625000
14051.550000
14095.550000
14139.425000
14183.300000
14227.075000
14270.875000
14314.700000
14358.450000
14402.400000
14446.375000
14490.350000
14534.350000
14578.300000
14622.175000
14666.025000
14709.825000
14753.725000
14797.450000
14841.375000
14885.350000
14929.375000
14973.325000
15017.375000
15061.200000
15105.100000
15148.800000
15192.675000
15236.350000
15280.250000
15324.225000
15368.200000
15412.175000
15456.125000
15500.000000
15543.850000
15587.625000
15631.500000
15675.225000
15719.150000
15763.125000
15807.125000
15851.075000
15895.075000
15938.900000
15982.775000
16026.500000
16070.375000
16114.075000
16157.975000
16201.950000
16245.900000
16289.900000
16333.800000
16377.675000
16421.450000
16465.275000
16509.075000
16552.875000
16596.825000
16640.850000
16684.800000
16728.850000
16772.750000
16816.700000
16860.500000
16904.375000
16948.175000
16992.025000
17035.850000
17079.900000
17123.825000
17167.825000
17211.725000
17255.625000
17299.450000
17343.225000
17387.075000
17430.800000
17474.700000
17518.675000
17562.650000
17606.675000
17650.600000
17694.500000
17738.325000
17782.150000
17825.975000
17869.750000
17913.600000
17957.625000
18001.550000
18045.550000
18089.425000
18133.300000
18177.075000
18220.875000
18264.700001
18308.450001
18352.400001
18396.375001
18440.350001
18484.350001
18528.300001
18572.175001
18616.025001
18659.825001
18703.725001
18747.450001
18791.375001
18835.350001
18879.375001
18923.325001
18967.375001
19011.200001
19055.100001
19098.800001
19142.675001
19186.350001
19230.250001
19274.225001
19318.200001
19362.175001
19406.125001
19450.000001
19493.850001
19537.625001
19581.500001
19625.225001
19669.150001
19713.125001
19757.125001
19801.075001
19845.075001
19888.900001
19932.775001
19976.500001
20020.375001
20064.075001
20107.975001
20151.950001
20195.900001
20239.900001
20283.800001
20327.675001
20371.450001
20415.275001
20459.075001
20502.875001
20546.825001
20590.850001
20634.800001
20678.850001
20722.750001
20766.700001
20810.500001
20854.375001
20898.175001
20942.025001
20985.850001
21029.900001
21073.825001
21117.825001
21161.725001
21205.625001
21249.450001
21293.225001
21337.075001
21380.800001
21424.700001
21468.675001
21512.650001
21556.675001
21600.600001
21644.500001
21688.325001
21732.150001
21775.975001
21819.750001
21863.600001
21907.625001
21951.550001
21995.550001
22039.425001
22083.300001
22127.075001
22170.875001
22214.700001
22258.450001
22302.400001
22346.375001
22390.350001
22434.350001
22478.300001
22522.175001
22566.025001
22609.825001
22653.725001
22697.450001
22741.375001
22785.350001
22829.375001
22873.325001
22917.375001
22961.200001
23005.100001
23048.800001
23092.675001
23136.350001
23180.250001
23224.225001
23268.200001
23312.175001
23356.125001
23400.000001
23443.850001
23487.625001
23531.500001
23575.225001
23619.150001
23663.125001
23707.125001
23751.075001
23795.075001
23838.900001
23882.775001
23926.500001
23970.375001
24014.075001
24057.975001
24101.950001
24145.900001
24189.900001
24233.800001
24277.675001
24321.450001
24365.275001
24409.075001
24452.875001
24496.825001
24540.850001
24584.800001
24628.850001
24672.750001
24716.700001
24760.500001
24804.375001
24848.175001
24892.025001
24935.850001
24979.900001
25023.825001
25067.825001
25111.725001
25155.625001
25199.450001
25243.225001
25287.075001
25330.800001
25374.700001
25418.675001
25462.650001
25506.675001
25550.600001
25594.500001
25638.325001
25682.150001
25725.975001
25769.750001
25813.600001
25857.625001
25901.550001
25945.550001
25989.425001
26033.300001
26077.075001
26120.875001
26164.700001
26208.450001
26252.400001
26296.375001
26340.350001
26384.350001
26428.300001
26472.175001
26516.025001
26559.825001
26603.725001
26647.450001
26691.375001
26735.350001
26779.375001
26823.325001
26867.375001
26911.200001
26955.100001
26998.800001
27042.675001
27086.350001
27130.250001
27174.225001
27218.200001
27262.175001
27306.125001
27350.000001
27393.850001
27437.625001
27481.500001
27525.225001
27569.150001
27613.125001
27657.125001
27701.075001
27745.075001
27788.900001
27832.775001
27876.500001
27920.375001
27964.075001
28007.975001
28051.950001
28095.900001
28139.900001
28183.800001
28227.675001
28271.450001
28315.275001
28359.075001
28402.875001
28446.825001
28490.850001
28534.800001
28578.850001
28622.750001
28666.700001
28710.500001
28754.375001
28798.175001
28842.025001
28885.850001
28929.900001
28973.825001
29017.825001
29061.725001
29105.625001
29149.450001
29193.225001
29237.075001
29280.800001
29324.700001
29368.675001
29412.650001
29456.675001
29500.600001
29544.500001
29588.325001
29632.150001
29676.300001
29722.725001
29770.700001
29820.825001
29873.900001
29930.700001
29993.100001
30065.400001
30147.675001
30233.550001
30322.925001
30415.250001
30510.400001
30608.650001
30710.850001
30817.650001
30929.400001
31044.075001
31159.825001
31275.975001
31392.400001
31509.000001
31625.800001
31742.725001
31859.750001
31976.900001
32094.125001
32211.425001
32328.775001
32446.200001
32563.675001
32681.200001
32798.750001
32916.350001
33034.000001
33151.675001
33269.375001
33387.125001
33504.900001
33622.700001
33740.550001
33858.400001
33976.300001
34094.225001
34212.175001
34330.175001
34448.175001
34566.225001
34684.275001
34802.375001
34920.500001
