10.000000
1.000000
225.750000
303.550000
369.475000
428.625000
482.650000
532.775000
581.800000
629.475000
675.775000
721.325000
766.475000
810.975000
855.325000
899.500000
943.600000
987.550000
1031.475000
1075.275000
1119.175000
1163.125000
1207.075000
1251.000000
1294.825000
1338.600000
1382.225000
1425.925000
1469.575000
1513.375000
1557.225000
1601.075000
1644.775000
1688.475000
1732.050000
1775.700000
1819.400000
1863.175000
1907.025000
1950.800000
1994.500000
2038.075000
2081.775000
2125.225000
2169.000000
2212.725000
2256.575000
2300.150000
2343.750000
2387.400000
2430.825000
2474.575000
2518.300000
2562.100000
2605.675000
2649.200000
2692.875000
2736.250000
2780.050000
2823.725000
2867.575000
2911.125000
2954.725000
2998.350000
3041.850000
3085.575000
3129.375000
3173.125000
3216.800000
3260.300000
3304.000000
3347.400000
3391.175000
3434.875000
3478.700000
3522.275000
3565.750000
3609.425000
3652.850000
3696.600000
3740.325000
3784.050000
3827.700000
3871.050000
3914.650000
3958.225000
4001.925000
4045.700000
4089.225000
4132.900000
4176.350000
4219.875000
4263.550000
4307.275000
4351.025000
4394.600000
4438.150000
4481.800000
4525.175000
4568.950000
4612.625000
4656.400000
4700.000000
4743.425000
4787.075000
4830.550000
4874.275000
4918.050000
4961.650000
5005.375000
5048.700000
5092.350000
5135.950000
5179.725000
5223.475000
5267.175000
5310.800000
5354.300000
5397.825000
5441.525000
5485.200000
5529.050000
5572.575000
5616.275000
5659.725000
5703.225000
5746.925000
5790.575000
5834.375000
5877.900000
5921.375000
5965.025000
6008.400000
6052.125000
6095.850000
6139.525000
6183.200000
6226.525000
6270.150000
6313.725000
6357.475000
6401.225000
6444.850000
6488.500000
6531.975000
6575.475000
6619.200000
6662.850000
6706.650000
6750.150000
6793.700000
6837.325000
6880.700000
6924.425000
6968.150000
7011.875000
7055.525000
7098.850000
7142.550000
7186.025000
7229.850000
7273.550000
7317.325000
7360.950000
7404.400000
7448.000000
7491.625000
7535.325000
7579.150000
7622.800000
7666.525000
7709.875000
7753.475000
7797.100000
7840.825000
7884.600000
7928.200000
7971.875000
8015.300000
8058.750000
8102.450000
8146.075000
8189.875000
8233.400000
8276.825000
8320.475000
8363.875000
8407.675000
8451.375000
8495.125000
8538.725000
8582.150000
8625.750000
8669.375000
8713.075000
8756.875000
8800.475000
8844.175000
8887.575000
8931.075000
8974.775000
9018.425000
9062.225000
9105.725000
9149.225000
9192.900000
9236.225000
9280.025000
9323.675000
9367.500000
9411.050000
9454.575000
9498.200000
9541.725000
9585.450000
9629.250000
9672.975000
9716.650000
9760.050000
9803.725000
9847.200000
9890.975000
9934.725000
9978.450000
10022.100000
10065.475000
10109.050000
10152.675000
10196.350000
10240.125000
10283.650000
10327.275000
10370.800000
10414.175000
10457.900000
10501.550000
10545.350000
10588.875000
10632.375000
10676.000000
10719.500000
10763.225000
10807.000000
10850.700000
10894.375000
10937.750000
10981.375000
11024.925000
11068.650000
11112.425000
11156.050000
11199.750000
11243.125000
11286.600000
11330.325000
11373.925000
11417.750000
11461.200000
11504.850000
11548.425000
11591.900000
11635.600000
11679.375000
11723.125000
11766.775000
11810.250000
11853.950000
11897.325000
11941.100000
11984.800000
12028.600000
12072.200000
12115.600000
12159.250000
12202.750000
12246.475000
12290.250000
12333.850000
12377.525000
12420.900000
12464.375000
12508.075000
12551.675000
12595.475000
12638.950000
12682.525000
12726.125000
12769.575000
12813.300000
12857.050000
12900.775000
12944.425000
12987.825000
13031.500000
13074.975000
13118.725000
13162.475000
13206.175000
13249.850000
13293.200000
13336.750000
13380.400000
13424.050000
13467.850000
13511.325000
13555.000000
13598.525000
13642.025000
13685.725000
13729.475000
13773.225000
13816.850000
13860.375000
13904.050000
13947.425000
13991.200000
14034.875000
14078.675000
14122.250000
14165.700000
14209.375000
14252.800000
14296.525000
14340.275000
14383.950000
14427.625000
14470.975000
14514.500000
14558.150000
14601.775000
14645.575000
14689.050000
14732.650000
14776.225000
14819.675000
14863.375000
14907.125000
14950.850000
14994.475000
15037.925000
15081.600000
15125.025000
15168.775000
15212.525000
15256.250000
15299.900000
15343.250000
15386.825000
15430.450000
15474.125000
15517.925000
15561.425000
15605.125000
15648.575000
15692.150000
15735.800000
15779.550000
15823.325000
15866.925000
15910.500000
15954.125000
15997.550000
16041.300000
16084.950000
16128.775000
16172.300000
16215.800000
16259.450000
16302.850000
16346.600000
16390.325000
16434.025000
16477.675000
16521.025000
16564.600000
16608.200000
16651.875000
16695.650000
16739.125000
16782.775000
16826.300000
16869.775000
16913.450000
16957.175000
17000.950000
17044.525000
17088.025000
17131.700000
17175.075000
17218.850000
17262.575000
17306.300000
17349.925000
17393.325000
17436.925000
17480.500000
17524.175000
17567.975000
17611.525000
17655.250000
17698.625000
17742.225000
17785.850000
17829.625000
17873.375000
17917.000000
17960.625000
18004.200000
18047.675000
18091.400000
18135.050000
18178.875000
18222.375000
18265.925001
18309.550001
18352.950001
18396.675001
18440.400001
18484.125001
18527.750001
18571.100001
18614.725001
18658.250001
18701.950001
18745.725001
18789.275001
18832.950001
18876.375001
18919.900001
18963.575001
19007.275001
19051.050001
19094.600001
19138.150001
19181.800001
19225.175001
19268.925001
19312.625001
19356.400001
19400.000001
19443.400001
19487.050001
19530.525001
19574.250001
19618.025001
19661.625001
19705.350001
19748.675001
19792.325001
19835.925001
19879.700001
19923.450001
19967.125001
20010.775001
20054.275001
20097.800001
20141.500001
20185.150001
20229.000001
20272.500001
20316.175001
20359.675001
20403.125001
20446.850001
20490.525001
20534.300001
20577.850001
20621.275001
20664.925001
20708.350001
20752.075001
20795.825001
20839.450001
20883.125001
20926.475001
20970.075001
21013.675001
21057.425001
21101.175001
21144.750001
21188.375001
21231.925001
21275.375001
21319.100001
21362.750001
21406.550001
21450.075001
21493.575001
21537.225001
21580.625001
21624.350001
21668.100001
21711.775001
21755.450001
21798.775001
21842.450001
21886.000001
21929.800001
21973.525001
22017.250001
22060.900001
22104.350001
22147.925001
22191.575001
22235.275001
22279.100001
22322.700001
22366.425001
22409.800001
22453.375001
22497.025001
22540.725001
22584.525001
22628.025001
22671.625001
22715.200001
22758.575001
22802.300001
22845.975001
22889.725001
22933.300001
22976.675001
23020.325001
23063.825001
23107.600001
23151.325001
23195.000001
23238.650001
23282.075001
23325.650001
23369.300001
23412.975001
23456.800001
23500.325001
23544.000001
23587.475001
23630.925001
23674.650001
23718.300001
23762.075001
23805.625001
23849.050001
23892.750001
23936.125001
23979.925001
24023.625001
24067.425001
24111.000001
24154.500001
24198.100001
24241.675001
24285.400001
24329.200001
24372.900001
24416.600001
24459.975001
24503.625001
24547.175001
24590.925001
24634.675001
24678.375001
24722.050001
24765.425001
24808.950001
24852.600001
24896.250001
24940.050001
24983.550001
25027.100001
25070.700001
25114.050001
25157.825001
25201.475001
25245.250001
25288.825001
25332.300001
25375.900001
25419.450001
25463.175001
25506.950001
25550.625001
25594.325001
25637.675001
25681.300001
25724.900001
25768.600001
25812.375001
25855.975001
25899.625001
25943.075001
25986.500001
26030.225001
26073.850001
26117.675001
26161.150001
26204.750001
26248.350001
26291.850001
26335.550001
26379.325001
26423.075001
26466.725001
26510.175001
26553.875001
26597.275001
26641.050001
26684.775001
26728.550001
26772.175001
26815.550001
26859.175001
26902.725001
26946.425001
26990.200001
27033.800001
27077.475001
27120.875001
27164.325001
27208.025001
27251.625001
27295.425001
27338.925001
27382.475001
27426.100001
27469.550001
27513.275001
27557.025001
27600.750001
27644.400001
27687.800001
27731.450001
27774.975001
27818.700001
27862.475001
27906.125001
27949.800001
27993.175001
28036.700001
28080.375001
28124.000001
28167.825001
28211.275001
28254.950001
28298.475001
28342.000001
28385.675001
28429.450001
28473.200001
28516.825001
28560.325001
28604.025001
28647.400001
28691.175001
28734.850001
28778.650001
28822.225001
28865.675001
28909.325001
28952.775001
28996.525001
29040.275001
29083.925001
29127.600001
29170.950001
29214.450001
29258.125001
29301.750001
29345.550001
29389.000001
29432.600001
29476.200001
29519.625001
29563.350001
29607.100001
29650.825001
29696.025001
29742.975001
29792.200001
29844.300001
29899.875001
29960.675001
30030.225001
30118.450001
30210.750001
30312.225001
30427.450001
32678.725001
32796.175001
33768.175001
33886.425001
34901.000001
