100.000000
35.000000
663.800000
719.050000
768.775000
814.775000
858.650000
901.625000
942.950000
984.175000
1024.500000
1063.725000
1102.575000
1141.475000
1180.300000
1219.175000
1258.000000
1296.900000
1335.750000
1374.675000
1413.525000
1452.425000
1491.375000
1530.225000
1569.125000
1607.975000
1646.875000
1685.750000
1724.650000
1763.525000
1802.425000
1841.375000
1880.225000
1919.125000
1957.975000
1996.875000
2035.750000
2074.650000
2113.525000
2152.425000
2191.375000
2230.225000
2269.125000
2307.975000
2346.875000
2385.750000
2424.650000
2463.525000
2502.425000
2541.375000
2580.225000
2619.125000
2657.975000
2696.875000
2735.750000
2774.650000
2813.525000
2852.425000
2891.375000
2930.225000
2969.125000
3007.975000
3046.875000
3085.750000
3124.650000
3163.525000
3202.425000
3241.375000
3280.225000
3319.125000
3357.975000
3396.875000
3435.750000
3474.650000
3513.525000
3552.425000
3591.375000
3630.225000
3669.125000
3707.975000
3746.875000
3785.750000
3824.650000
3863.525000
3902.425000
3941.375000
3980.225000
4019.125000
4057.975000
4096.875000
4135.750000
4174.650000
4213.525000
4252.425000
4291.375000
4330.225000
4369.125000
4407.975000
4446.875000
4485.750000
4524.650000
4563.525000
4602.425000
4641.375000
4680.225000
4719.125000
4757.975000
4796.875000
4835.750000
4874.650000
4913.525000
4952.425000
4991.375000
5030.225000
5069.125000
5107.975000
5146.875000
5185.750000
5224.650000
5263.525000
5302.425000
5341.375000
5380.225000
5419.125000
5457.975000
5496.875000
5535.750000
5574.650000
5613.525000
5652.425000
5691.375000
5730.225000
5769.125000
5807.975000
5846.875000
5885.750000
5924.650000
5963.525000
6002.425000
6041.375000
6080.225000
6119.125000
6157.975000
6196.875000
6235.750000
6274.650000
6313.525000
6352.425000
6391.375000
6430.225000
6469.125000
6507.975000
6546.875000
6585.750000
6624.650000
6663.525000
6702.425000
6741.375000
6780.225000
6819.125000
6857.975000
6896.875000
6935.750000
6974.650000
7013.525000
7052.425000
7091.375000
7130.225000
7169.125000
7207.975000
7246.875000
7285.750000
7324.650000
7363.525000
7402.425000
7441.375000
7480.225000
7519.125000
7557.975000
7596.875000
7635.750000
7674.650000
7713.525000
7752.425000
7791.375000
7830.225000
7869.125000
7907.975000
7946.875000
7985.750000
8024.650000
8063.525000
8102.425000
8141.375000
8180.225000
8219.125000
8257.975000
8296.875000
8335.750000
8374.650000
8413.525000
8452.425000
8491.375000
8530.225000
8569.125000
8607.975000
8646.875000
8685.750000
8724.650000
8763.525000
8802.425000
8841.375000
8880.225000
8919.125000
8957.975000
8996.875000
9035.750000
9074.650000
9113.525000
9152.425000
9191.375000
9230.225000
9269.125000
9307.975000
9346.875000
9385.750000
9424.650000
9463.525000
9502.425000
9541.375000
9580.225000
9619.125000
9657.975000
9696.875000
9735.750000
9774.650000
9813.525000
9852.425000
9891.375000
9930.225000
9969.125000
10007.975000
10046.875000
10085.750000
10124.650000
10163.525000
10202.425000
10241.375000
10280.225000
10319.125000
10357.975000
10396.875000
10435.750000
10474.650000
10513.525000
10552.425000
10591.375000
10630.225000
10669.125000
10707.975000
10746.875000
10785.750000
10824.650000
10863.525000
10902.425000
10941.375000
10980.225000
11019.125000
11057.975000
11096.875000
11135.750000
11174.650000
11213.525000
11252.425000
11291.375000
11330.225000
11369.125000
11407.975000
11446.875000
11485.750000
11524.650000
11563.525000
11602.425000
11641.375000
11680.225000
11719.125000
11757.975000
11796.875000
11835.750000
11874.650000
11913.525000
11952.425000
11991.375000
12030.225000
12069.125000
12107.975000
12146.875000
12185.750000
12224.650000
12263.525000
12302.425000
12341.375000
12380.225000
12419.125000
12457.975000
12496.875000
12535.750000
12574.650000
12613.525000
12652.425000
12691.375000
12730.225000
12769.125000
12807.975000
12846.875000
12885.750000
12924.650000
12963.525000
13002.425000
13041.375000
13080.225000
13119.125000
13157.975000
13196.875000
13235.750000
13274.650000
13313.525000
13352.425000
13391.375000
13430.225000
13469.125000
13507.975000
13546.875000
13585.750000
13624.650000
13663.525000
13702.425000
13741.375000
13780.225000
13819.125000
13857.975000
13896.875000
13935.750000
13974.650000
14013.525000
14052.425000
14091.375000
14130.225000
14169.125000
14207.975000
14246.875000
14285.750000
14324.650000
14363.525000
14402.425000
14441.375000
14480.225000
14519.125000
14557.975000
14596.875000
14635.750000
14674.650000
14713.525000
14752.425000
14791.375000
14830.225000
14869.125000
14907.975000
14946.875000
14985.750000
15024.650000
15063.525000
15102.425000
15141.375000
15180.225000
15219.125000
15257.975000
15296.875000
15335.750000
15374.650000
15413.525000
15452.425000
15491.375000
15530.225000
15569.125000
15607.975000
15646.875000
15685.750000
15724.650000
15763.525000
15802.425000
15841.375000
15880.225000
15919.125000
15957.975000
15996.875000
16035.750000
16074.650000
16113.525000
16152.425000
16191.375000
16230.225000
16269.125000
16307.975000
16346.875000
16385.750000
16424.650000
16463.525000
16502.425000
16541.375000
16580.225000
16619.125000
16657.975000
16696.875000
16735.750000
16774.650000
16813.525000
16852.425000
16891.375000
16930.225000
16969.125000
17007.975000
17046.875000
17085.750000
17124.650000
17163.525000
17202.425000
17241.375000
17280.225000
17319.125000
17357.975000
17396.875000
17435.750000
17474.650000
17513.525000
17552.425000
17591.375000
17630.225000
17669.125000
17707.975000
17746.875000
17785.750000
17824.650000
17863.525000
17902.425000
17941.375000
17980.225000
18019.125000
18057.975000
18096.875000
18135.750000
18174.650000
18213.525000
18252.425001
18291.375001
18330.225001
18369.125001
18407.975001
18446.875001
18485.750001
18524.650001
18563.525001
18602.425001
18641.375001
18680.225001
18719.125001
18757.975001
18796.875001
18835.750001
18874.650001
18913.525001
18952.425001
18991.375001
19030.225001
19069.125001
19107.975001
19146.875001
19185.750001
19224.650001
19263.525001
19302.425001
19341.375001
19380.225001
19419.125001
19457.975001
19496.875001
19535.750001
19574.650001
19613.525001
19652.425001
19691.375001
19730.225001
19769.125001
19807.975001
19846.875001
19885.750001
19924.650001
19963.525001
20002.425001
20041.375001
20080.225001
20119.125001
20157.975001
20196.875001
20235.750001
20274.650001
20313.525001
20352.425001
20391.375001
20430.225001
20469.125001
20507.975001
20546.875001
20585.750001
20624.650001
20663.525001
20702.425001
20741.375001
20780.225001
20819.125001
20857.975001
20896.875001
20935.750001
20974.650001
21013.525001
21052.425001
21091.375001
21130.225001
21169.125001
21207.975001
21246.875001
21285.750001
21324.650001
21363.525001
21402.425001
21441.375001
21480.225001
21519.125001
21557.975001
21596.875001
21635.750001
21674.650001
21713.525001
21752.425001
21791.375001
21830.225001
21869.125001
21907.975001
21946.875001
21985.750001
22024.650001
22063.525001
22102.425001
22141.375001
22180.225001
22219.125001
22257.975001
22296.875001
22335.750001
22374.650001
22413.525001
22452.425001
22491.375001
22530.225001
22569.125001
22607.975001
22646.875001
22685.750001
22724.650001
22763.525001
22802.425001
22841.375001
22880.225001
22919.125001
22957.975001
22996.875001
23035.750001
23074.650001
23113.525001
23152.425001
23191.375001
23230.225001
23269.125001
23307.975001
23346.875001
23385.750001
23424.650001
23463.525001
23502.425001
23541.375001
23580.225001
23619.125001
23657.975001
23696.875001
23735.750001
23774.650001
23813.525001
23852.425001
23891.375001
23930.225001
23969.125001
24007.975001
24046.875001
24085.750001
24124.650001
24163.525001
24202.425001
24241.375001
24280.225001
24319.125001
24357.975001
24396.875001
24435.750001
24474.650001
24513.525001
24552.425001
24591.375001
24630.225001
24669.125001
24707.975001
24746.875001
24785.750001
24824.650001
24863.525001
24902.425001
24941.375001
24980.225001
25019.125001
25057.975001
25096.875001
25135.750001
25174.650001
25213.525001
25252.425001
25291.375001
25330.225001
25369.125001
25407.975001
25446.875001
25485.750001
25524.650001
25563.525001
25602.425001
25641.375001
25680.225001
25719.125001
25757.975001
25796.875001
25835.750001
25874.650001
25913.525001
25952.425001
25991.375001
26030.225001
26069.125001
26107.975001
26146.875001
26185.750001
26224.650001
26263.525001
26302.425001
26341.375001
26380.225001
26419.125001
26457.975001
26496.875001
26535.750001
26574.650001
26613.525001
26652.425001
26691.375001
26730.225001
26769.125001
26807.975001
26846.875001
26885.750001
26924.650001
26963.525001
27002.425001
27041.375001
27080.225001
27119.125001
27157.975001
27196.875001
27235.750001
27274.650001
27313.525001
27352.425001
27391.375001
27430.225001
27469.125001
27507.975001
27546.875001
27585.750001
27624.650001
27663.525001
27702.425001
27741.375001
27780.225001
27819.125001
27857.975001
27896.875001
27935.750001
27974.650001
28013.525001
28052.425001
28091.375001
28130.225001
28169.125001
28207.975001
28246.875001
28285.750001
28324.650001
28363.525001
28402.425001
28441.375001
28480.225001
28519.125001
28557.975001
28596.875001
28635.750001
28674.650001
28713.525001
28752.425001
28791.375001
28830.225001
28869.125001
28907.975001
28946.875001
28985.750001
29024.650001
29063.525001
29102.575001
29142.000001
29182.025001
29223.375001
29264.275001
29306.950001
29349.750001
29393.175001
29437.650001
29483.375001
29530.300001
29578.775001
29628.650001
29680.275001
29733.975001
29790.625001
29850.925001
29917.400001
