1.000000
33.000000
530.025000
593.100000
646.550000
693.100000
735.800000
776.225000
815.425000
853.950000
891.675000
929.350000
966.550000
1003.225000
1040.325000
1076.700000
1113.525000
1150.125000
1186.275000
1223.225000
1259.500000
1296.025000
1332.275000
1368.975000
1405.475000
1441.700000
1478.425000
1514.775000
1551.425000
1587.575000
1624.150000
1660.725000
1697.075000
1733.475000
1769.625000
1806.450000
1842.775000
1879.375000
1915.475000
1952.125000
1988.675000
2024.900000
2061.325000
2097.450000
2134.275000
2170.550000
2207.100000
2243.200000
2279.925000
2316.525000
2352.700000
2389.125000
2425.250000
2462.100000
2498.325000
2534.875000
2570.950000
2607.650000
2644.200000
2680.425000
2717.025000
2753.175000
2790.025000
2826.175000
2862.700000
2898.775000
2935.475000
2972.000000
3008.200000
3044.725000
3080.775000
3117.700000
3153.950000
3190.450000
3226.525000
3263.200000
3299.750000
3335.975000
3372.450000
3408.475000
3445.375000
3481.650000
3518.175000
3554.375000
3591.075000
3627.575000
3663.775000
3700.275000
3736.300000
3773.200000
3809.425000
3845.925000
3882.075000
3918.725000
3955.325000
3991.600000
4028.075000
4064.125000
4101.000000
4137.225000
4173.725000
4209.850000
4246.450000
4283.050000
4319.325000
4355.775000
4391.950000
4428.850000
4465.000000
4501.500000
4537.625000
4574.250000
4610.825000
4647.100000
4683.500000
4719.625000
4756.475000
4792.775000
4829.375000
4865.475000
4902.125000
4938.675000
4974.900000
5011.325000
5047.450000
5084.275000
5120.525000
5157.100000
5193.200000
5229.925000
5266.525000
5302.700000
5339.125000
5375.250000
5412.075000
5448.325000
5484.875000
5520.950000
5557.625000
5594.200000
5630.425000
5667.025000
5703.175000
5740.025000
5776.175000
5812.700000
5848.775000
5885.475000
5922.000000
5958.200000
5994.725000
6030.775000
6067.700000
6103.950000
6140.450000
6176.525000
6213.200000
6249.750000
6285.975000
6322.450000
6358.475000
6395.375000
6431.650000
6468.175000
6504.375000
6541.075000
6577.575000
6613.750000
6650.275000
6686.300000
6723.200000
6759.425000
6795.925000
6832.075000
6868.725000
6905.325000
6941.600000
6978.075000
7014.125000
7051.000000
7087.225000
7123.725000
7159.850000
7196.450000
7233.050000
7269.325000
7305.775000
7341.950000
7378.850000
7415.000000
7451.500000
7487.625000
7524.250000
7560.825000
7597.100000
7633.500000
7669.625000
7706.475000
7742.775000
7779.375000
7815.475000
7852.125000
7888.675000
7924.900000
7961.325000
7997.450000
8034.275000
8070.525000
8107.100000
8143.200000
8179.925000
8216.525000
8252.700000
8289.125000
8325.250000
8362.075000
8398.325000
8434.875000
8470.950000
8507.625000
8544.200000
8580.425000
8617.025000
8653.175000
8690.025000
8726.175000
8762.700000
8798.775000
8835.475000
8872.000000
8908.200000
8944.725000
8980.775000
9017.700000
9053.950000
9090.450000
9126.525000
9163.200000
9199.750000
9235.975000
9272.450000
9308.475000
9345.375000
9381.650000
9418.175000
9454.375000
9491.075000
9527.575000
9563.750000
9600.275000
9636.300000
9673.200000
9709.425000
9745.925000
9782.075000
9818.725000
9855.325000
9891.600000
9928.075000
9964.125000
10001.000000
10037.225000
10073.725000
10109.850000
10146.450000
10183.050000
10219.325000
10255.775000
10291.950000
10328.850000
10365.000000
10401.500000
10437.625000
10474.250000
10510.825000
10547.100000
10583.500000
10619.625000
10656.475000
10692.775000
10729.375000
10765.475000
10802.125000
10838.675000
10874.900000
10911.325000
10947.450000
10984.275000
11020.525000
11057.100000
11093.200000
11129.925000
11166.525000
11202.700000
11239.125000
11275.250000
11312.075000
11348.325000
11384.875000
11420.950000
11457.625000
11494.200000
11530.425000
11567.025000
11603.175000
11640.025000
11676.175000
11712.700000
11748.775000
11785.475000
11822.000000
11858.200000
11894.725000
11930.775000
11967.700000
12003.950000
12040.450000
12076.525000
12113.200000
12149.750000
12185.975000
12222.450000
12258.475000
12295.375000
12331.650000
12368.175000
12404.375000
12441.075000
12477.575000
12513.750000
12550.275000
12586.300000
12623.200000
12659.425000
12695.925000
12732.075000
12768.725000
12805.325000
12841.600000
12878.075000
12914.125000
12951.000000
12987.225000
13023.725000
13059.850000
13096.450000
13133.050000
13169.325000
13205.775000
13241.950000
13278.850000
13315.000000
13351.500000
13387.625000
13424.250000
13460.825000
13497.100000
13533.500000
13569.625000
13606.475000
13642.775000
13679.375000
13715.475000
13752.125000
13788.675000
13824.900000
13861.325000
13897.450000
13934.275000
13970.525000
14007.100000
14043.200000
14079.925000
14116.525000
14152.700000
14189.125000
14225.250000
14262.075000
14298.325000
14334.875000
14370.950000
14407.625000
14444.200000
14480.425000
14517.025000
14553.175000
14590.025000
14626.175000
14662.700000
14698.775000
14735.475000
14772.000000
14808.200000
14844.725000
14880.775000
14917.700000
14953.950000
14990.450000
15026.525000
15063.200000
15099.750000
15135.975000
15172.450000
15208.475000
15245.375000
15281.650000
15318.175000
15354.375000
15391.075000
15427.575000
15463.750000
15500.275000
15536.300000
15573.200000
15609.425000
15645.925000
15682.075000
15718.725000
15755.325000
15791.600000
15828.075000
15864.125000
15901.000000
15937.225000
15973.725000
16009.850000
16046.450000
16083.050000
16119.325000
16155.775000
16191.950000
16228.850000
16265.000000
16301.500000
16337.625000
16374.250000
16410.825000
16447.100000
16483.500000
16519.625000
16556.475000
16592.775000
16629.375000
16665.475000
16702.125000
16738.675000
16774.900000
16811.325000
16847.450000
16884.275000
16920.525000
16957.100000
16993.200000
17029.925000
17066.525000
17102.700000
17139.125000
17175.250000
17212.075000
17248.325000
17284.875000
17320.950000
17357.625000
17394.200000
17430.425000
17467.025000
17503.175000
17540.025000
17576.175000
17612.700000
17648.775000
17685.475000
17722.000000
17758.200000
17794.725000
17830.775000
17867.700000
17903.950000
17940.450000
17976.525000
18013.200000
18049.750000
18085.975000
18122.450000
18158.475000
18195.375000
18231.650001
18268.175001
18304.375001
18341.075001
18377.575001
18413.750001
18450.275001
18486.300001
18523.200001
18559.425001
18595.925001
18632.075001
18668.725001
18705.325001
18741.600001
18778.075001
18814.125001
18851.000001
18887.225001
18923.725001
18959.850001
18996.450001
19033.050001
19069.325001
19105.775001
19141.950001
19178.850001
19215.000001
19251.500001
19287.625001
19324.250001
19360.825001
19397.100001
19433.500001
19469.625001
19506.475001
19542.775001
19579.375001
19615.475001
19652.125001
19688.675001
19724.900001
19761.325001
19797.450001
19834.275001
19870.525001
19907.100001
19943.200001
19979.925001
20016.525001
20052.700001
20089.125001
20125.250001
20162.075001
20198.325001
20234.875001
20270.950001
20307.625001
20344.200001
20380.425001
20417.025001
20453.175001
20490.025001
20526.175001
20562.700001
20598.775001
20635.475001
20672.000001
20708.200001
20744.725001
20780.775001
20817.700001
20853.950001
20890.450001
20926.525001
20963.200001
20999.750001
21035.975001
21072.450001
21108.475001
21145.375001
21181.650001
21218.175001
21254.375001
21291.075001
21327.575001
21363.750001
21400.275001
21436.300001
21473.200001
21509.425001
21545.925001
21582.075001
21618.725001
21655.325001
21691.600001
21728.075001
21764.125001
21801.000001
21837.225001
21873.725001
21909.850001
21946.450001
21983.050001
22019.325001
22055.775001
22091.950001
22128.850001
22165.000001
22201.500001
22237.625001
22274.250001
22310.825001
22347.100001
22383.500001
22419.625001
22456.475001
22492.775001
22529.375001
22565.475001
22602.125001
22638.675001
22674.900001
22711.325001
22747.450001
22784.275001
22820.525001
22857.100001
22893.200001
22929.925001
22966.525001
23002.700001
23039.125001
23075.250001
23112.075001
23148.325001
23184.875001
23220.950001
23257.625001
23294.200001
23330.425001
23367.025001
23403.175001
23440.025001
23476.175001
23512.700001
23548.775001
23585.475001
23622.000001
23658.200001
23694.725001
23730.775001
23767.700001
23803.950001
23840.450001
23876.525001
23913.200001
23949.750001
23985.975001
24022.450001
24058.475001
24095.375001
24131.650001
24168.175001
24204.375001
24241.075001
24277.575001
24313.750001
24350.275001
24386.300001
24423.200001
24459.425001
24495.925001
24532.075001
24568.725001
24605.325001
24641.600001
24678.075001
24714.125001
24751.000001
24787.225001
24823.725001
24859.850001
24896.450001
24933.050001
24969.325001
25005.775001
25041.950001
25078.850001
25115.000001
25151.500001
25187.625001
25224.250001
25260.825001
25297.100001
25333.500001
25369.625001
25406.475001
25442.775001
25479.375001
25515.475001
25552.125001
25588.675001
25624.900001
25661.325001
25697.450001
25734.275001
25770.525001
25807.100001
25843.200001
25879.925001
25916.525001
25952.700001
25989.125001
26025.250001
26062.075001
26098.325001
26134.875001
26170.950001
26207.625001
26244.200001
26280.425001
26317.025001
26353.175001
26390.025001
26426.175001
26462.700001
26498.775001
26535.475001
26572.000001
26608.200001
26644.725001
26680.775001
26717.700001
26753.950001
26790.450001
26826.525001
26863.200001
26899.750001
26935.975001
26972.450001
27008.475001
27045.375001
27081.650001
27118.175001
27154.375001
27191.075001
27227.575001
27263.750001
27300.275001
27336.300001
27373.200001
27409.425001
27445.925001
27482.075001
27518.725001
27555.325001
27591.600001
27628.075001
27664.125001
27701.000001
27737.225001
27773.725001
27809.850001
27846.450001
27883.050001
27919.325001
27955.775001
27991.950001
28028.850001
28065.000001
28101.500001
28137.625001
28174.250001
28210.825001
28247.100001
28283.500001
28319.625001
28356.475001
28392.775001
28429.375001
28465.475001
28502.125001
28538.675001
28574.900001
28611.325001
28647.450001
28684.275001
28720.525001
28757.100001
28793.200001
28829.925001
28866.525001
28902.700001
28939.125001
28975.250001
29012.075001
29048.325001
29084.875001
29120.950001
29157.625001
29194.200001
29230.425001
29267.025001
29303.175001
29340.025001
29376.175001
29412.700001
29448.775001
29485.950001
29523.750001
29562.275001
29601.275001
29641.050001
29681.550001
29723.225001
29765.475001
29809.050001
29854.075001
29900.775001
29949.425001
30000.800001
30055.825001
30115.750001
30178.575001
30245.575001
30318.100001
30399.625001
