200.000000
13.000000
1223.175000
1270.300000
1314.600000
1356.375000
1395.300000
1433.000000
1468.975000
1503.675000
1537.050000
1570.175000
1602.350000
1634.075000
1664.675000
1695.125000
1724.575000
1753.525000
1781.475000
1809.150000
1836.850000
1863.625000
1889.725000
1916.450000
1942.325000
1967.475000
1992.475000
2017.400000
2042.375000
2067.325000
2091.350000
2114.725000
2138.550000
2161.825000
2184.375000
2206.600000
2228.725000
2250.800000
2273.000000
2295.175000
2317.375000
2339.575000
2361.775000
2383.975000
2406.150000
2427.700000
2448.025000
2469.100000
2489.700000
2511.725000
2532.950000
2553.600000
2574.575000
2595.225000
2617.275000
2638.500000
2659.150000
2680.050000
2700.775000
2722.825000
2744.150000
2764.675000
2785.600000
2806.375000
2828.400000
2849.700000
2870.200000
2891.250000
2911.925000
2933.950000
2955.125000
2975.775000
2996.800000
3017.425000
3039.500000
3060.700000
3081.350000
3102.325000
3123.000000
3145.050000
3166.425000
3186.900000
3207.800000
3228.600000
3250.600000
3271.900000
3292.425000
3313.375000
3334.150000
3356.175000
3377.475000
3397.975000
3419.000000
3439.700000
3461.725000
3482.900000
3503.600000
3524.550000
3545.200000
3567.275000
3588.475000
3609.150000
3630.050000
3650.775000
3672.825000
3694.150000
3714.675000
3735.600000
3756.375000
3778.400000
3799.700000
3820.200000
3841.250000
3861.925000
3883.950000
3905.125000
3925.775000
3946.800000
3967.425000
3989.500000
4010.700000
4031.350000
4052.325000
4073.000000
4095.050000
4116.425000
4136.900000
4157.800000
4178.600000
4200.600000
4221.900000
4242.425000
4263.375000
4284.150000
4306.175000
4327.475000
4347.975000
4369.000000
4389.700000
4411.725000
4432.900000
4453.600000
4474.550000
4495.200000
4517.275000
4538.475000
4559.150000
4580.050000
4600.775000
4622.825000
4644.150000
4664.675000
4685.600000
4706.375000
4728.400000
4749.700000
4770.200000
4791.250000
4811.925000
4833.950000
4855.125000
4875.775000
4896.800000
4917.425000
4939.500000
4960.700000
4981.350000
5002.325000
5023.000000
5045.050000
5066.425000
5086.900000
5107.800000
5128.600000
5150.600000
5171.900000
5192.425000
5213.375000
5234.150000
5256.175000
5277.475000
5297.975000
5319.000000
5339.700000
5361.725000
5382.900000
5403.600000
5424.550000
5445.200000
5467.275000
5488.475000
5509.150000
5530.050000
5550.775000
5572.825000
5594.150000
5614.675000
5635.600000
5656.375000
5678.400000
5699.700000
5720.200000
5741.250000
5761.925000
5783.950000
5805.125000
5825.775000
5846.800000
5867.425000
5889.500000
5910.700000
5931.350000
5952.325000
5973.000000
5995.050000
6016.425000
6036.900000
6057.800000
6078.600000
6100.600000
6121.900000
6142.425000
6163.375000
6184.150000
6206.175000
6227.475000
6247.975000
6269.000000
6289.700000
6311.725000
6332.900000
6353.600000
6374.550000
6395.200000
6417.275000
6438.475000
6459.150000
6480.050000
6500.775000
6522.825000
6544.150000
6564.675000
6585.600000
6606.375000
6628.400000
6649.700000
6670.200000
6691.250000
6711.925000
6733.950000
6755.125000
6775.775000
6796.800000
6817.425000
6839.500000
6860.700000
6881.350000
6902.325000
6923.000000
6945.050000
6966.425000
6986.900000
7007.800000
7028.600000
7050.600000
7071.900000
7092.425000
7113.375000
7134.150000
7156.175000
7177.475000
7197.975000
7219.000000
7239.700000
7261.725000
7282.900000
7303.600000
7324.550000
7345.200000
7367.275000
7388.475000
7409.150000
7430.050000
7450.775000
7472.825000
7494.150000
7514.675000
7535.600000
7556.375000
7578.400000
7599.700000
7620.200000
7641.250000
7661.925000
7683.950000
7705.125000
7725.775000
7746.800000
7767.425000
7789.500000
7810.700000
7831.350000
7852.325000
7873.000000
7895.050000
7916.425000
7936.900000
7957.800000
7978.600000
8000.600000
8021.900000
8042.425000
8063.375000
8084.150000
8106.175000
8127.475000
8147.975000
8169.000000
8189.700000
8211.725000
8232.900000
8253.600000
8274.550000
8295.200000
8317.275000
8338.475000
8359.150000
8380.050000
8400.775000
8422.825000
8444.150000
8464.675000
8485.600000
8506.375000
8528.400000
8549.700000
8570.200000
8591.250000
8611.925000
8633.950000
8655.125000
8675.775000
8696.800000
8717.425000
8739.500000
8760.700000
8781.350000
8802.325000
8823.000000
8845.050000
8866.425000
8886.900000
8907.800000
8928.600000
8950.600000
8971.900000
8992.425000
9013.375000
9034.150000
9056.175000
9077.475000
9097.975000
9119.000000
9139.700000
9161.725000
9182.900000
9203.600000
9224.550000
9245.200000
9267.275000
9288.475000
9309.150000
9330.050000
9350.775000
9372.825000
9394.150000
9414.675000
9435.600000
9456.375000
9478.400000
9499.700000
9520.200000
9541.250000
9561.925000
9583.950000
9605.125000
9625.775000
9646.800000
9667.425000
9689.500000
9710.700000
9731.350000
9752.325000
9773.000000
9795.050000
9816.425000
9836.900000
9857.800000
9878.600000
9900.600000
9921.900000
9942.425000
9963.375000
9984.150000
10006.175000
10027.475000
10047.975000
10069.000000
10089.700000
10111.725000
10132.900000
10153.600000
10174.550000
10195.200000
10217.275000
10238.475000
10259.150000
10280.050000
10300.775000
10322.825000
10344.150000
10364.675000
10385.600000
10406.375000
10428.400000
10449.700000
10470.200000
10491.250000
10511.925000
10533.950000
10555.125000
10575.775000
10596.800000
10617.425000
10639.500000
10660.700000
10681.350000
10702.325000
10723.000000
10745.050000
10766.425000
10786.900000
10807.800000
10828.600000
10850.600000
10871.900000
10892.425000
10913.375000
10934.150000
10956.175000
10977.475000
10997.975000
11019.000000
11039.700000
11061.725000
11082.900000
11103.600000
11124.550000
11145.200000
11167.275000
11188.475000
11209.150000
11230.050000
11250.775000
11272.825000
11294.150000
11314.675000
11335.600000
11356.375000
11378.400000
11399.700000
11420.200000
11441.250000
11461.925000
11483.950000
11505.125000
11525.775000
11546.800000
11567.425000
11589.500000
11610.700000
11631.350000
11652.325000
11673.000000
11695.050000
11716.425000
11736.900000
11757.800000
11778.600000
11800.600000
11821.900000
11842.425000
11863.375000
11884.150000
11906.175000
11927.475000
11947.975000
11969.000000
11989.700000
12011.725000
12032.900000
12053.600000
12074.550000
12095.200000
12117.275000
12138.475000
12159.150000
12180.050000
12200.775000
12222.825000
12244.150000
12264.675000
12285.600000
12306.375000
12328.400000
12349.700000
12370.200000
12391.250000
12411.925000
12433.950000
12455.125000
12475.775000
12496.800000
12517.425000
12539.500000
12560.700000
12581.350000
12602.325000
12623.000000
12645.050000
12666.425000
12686.900000
12707.800000
12728.600000
12750.600000
12771.900000
12792.425000
12813.375000
12834.150000
12856.175000
12877.475000
12897.975000
12919.000000
12939.700000
12961.725000
12982.900000
13003.600000
13024.550000
13045.200000
13067.275000
13088.475000
13109.150000
13130.050000
13150.775000
13172.825000
13194.150000
13214.675000
13235.600000
13256.375000
13278.400000
13299.700000
13320.200000
13341.250000
13361.925000
13383.950000
13405.125000
13425.775000
13446.800000
13467.425000
13489.500000
13510.700000
13531.350000
13552.325000
13573.000000
13595.050000
13616.425000
13636.900000
13657.800000
13678.600000
13700.600000
13721.900000
13742.425000
13763.375000
13784.150000
13806.175000
13827.475000
13847.975000
13869.000000
13889.700000
13911.725000
13932.900000
13953.600000
13974.550000
13995.200000
14017.275000
14038.475000
14059.150000
14080.050000
14100.775000
14122.825000
14144.150000
14164.675000
14185.600000
14206.375000
14228.400000
14249.700000
14270.200000
14291.250000
14311.925000
14333.950000
14355.125000
14375.775000
14396.800000
14417.425000
14439.500000
14460.700000
14481.350000
14502.325000
14523.000000
14545.050000
14566.425000
14586.900000
14607.800000
14628.600000
14650.600000
14671.900000
14692.425000
14713.375000
14734.150000
14756.175000
14777.475000
14797.975000
14819.000000
14839.700000
14861.725000
14882.900000
14903.600000
14924.550000
14945.200000
14967.275000
14988.475000
15009.150000
15030.050000
15050.775000
15072.825000
15094.150000
15114.675000
15135.600000
15156.375000
15178.400000
15199.700000
15220.200000
15241.250000
15261.925000
15283.950000
15305.125000
15325.775000
15346.800000
15367.425000
15389.500000
15410.700000
15431.350000
15452.325000
15473.000000
15495.050000
15516.425000
15536.900000
15557.800000
15578.600000
15600.600000
15621.900000
15642.425000
15663.375000
15684.150000
15706.175000
15727.475000
15747.975000
15769.000000
15789.700000
15811.725000
15832.900000
15853.600000
15874.550000
15895.200000
15917.275000
15938.475000
15959.150000
15980.050000
16000.775000
16022.825000
16044.150000
16064.675000
16085.600000
16106.375000
16128.400000
16149.700000
16170.200000
16191.250000
16211.925000
16233.950000
16255.125000
16275.775000
16296.800000
16317.425000
16339.500000
16360.700000
16381.350000
16402.325000
16423.000000
16445.050000
16466.425000
16486.900000
16507.800000
16528.600000
16550.600000
16571.900000
16592.425000
16613.375000
16634.150000
16656.175000
16677.475000
16697.975000
16719.000000
16739.700000
16761.725000
16782.900000
16803.600000
16824.550000
16845.200000
16867.275000
16888.475000
16909.150000
16930.050000
16950.775000
16972.825000
16994.150000
17014.675000
17035.600000
17056.375000
17078.400000
17099.700000
17120.200000
17141.250000
17161.925000
17183.950000
17205.125000
17225.775000
17246.800000
17267.425000
17289.500000
17310.700000
17331.350000
17352.325000
17373.000000
17395.050000
17416.425000
17436.900000
17457.800000
17478.600000
17500.600000
17521.900000
17542.425000
17563.375000
17584.150000
17606.175000
17627.475000
17647.975000
17669.000000
17689.700000
17711.725000
17732.900000
17753.600000
17774.550000
17795.200000
17817.275000
17838.475000
17859.150000
17880.050000
17900.775000
17922.825000
17944.150000
17964.675000
17985.600000
18006.375000
18028.400000
18049.700000
18070.200000
18091.250000
18111.925000
18133.950000
18155.125000
18175.775000
18196.800000
18217.425000
18239.500001
18260.700001
18281.350001
18302.325001
18323.000001
18345.050001
18366.425001
18386.900001
18407.800001
18428.600001
18450.600001
18471.900001
18492.425001
18513.375001
18534.150001
18556.175001
18577.475001
18597.975001
18619.000001
18639.700001
18661.725001
18682.900001
18703.600001
18724.550001
18745.200001
18767.275001
18788.475001
18809.150001
18830.050001
18850.775001
18872.825001
18894.150001
18914.675001
18935.600001
18956.375001
18978.400001
18999.700001
19020.200001
19041.250001
19061.925001
19083.950001
19105.125001
19125.775001
19146.800001
19167.425001
19189.500001
19210.700001
19231.350001
19252.325001
19273.000001
19295.050001
19316.425001
19336.900001
19357.800001
19378.600001
19400.600001
19421.900001
19442.425001
19463.375001
19484.150001
19506.175001
19527.475001
19547.975001
19569.000001
19589.700001
19611.725001
19632.900001
19653.600001
19674.550001
19695.200001
19717.275001
19738.475001
19759.150001
19780.050001
19800.775001
19822.825001
19844.150001
19864.675001
19885.600001
19906.375001
19928.400001
19949.700001
19970.200001
19991.250001
20011.925001
20033.950001
20055.125001
20075.775001
20096.800001
20117.425001
20139.500001
20160.700001
20181.350001
20202.325001
20223.000001
20245.050001
20266.425001
20286.900001
20307.800001
20328.600001
20350.600001
20371.900001
20392.425001
20413.375001
20434.150001
20456.175001
20477.475001
20497.975001
20519.000001
20539.700001
20561.725001
20582.900001
20603.600001
20624.550001
20645.200001
20667.275001
20688.475001
20709.150001
20730.050001
20750.775001
20772.825001
20794.150001
20814.675001
20835.600001
20856.375001
20878.400001
20899.700001
20920.200001
20941.250001
20961.925001
20983.950001
21005.125001
21025.775001
21046.800001
21067.425001
21089.500001
21110.700001
21131.350001
21152.325001
21173.000001
21195.050001
21216.425001
21236.900001
21257.800001
21278.600001
21300.600001
21321.900001
21342.425001
21363.375001
21384.150001
21406.175001
21427.475001
21447.975001
21469.000001
21489.700001
21511.725001
21532.900001
21553.600001
21574.550001
21595.200001
21617.275001
21638.475001
21659.150001
21680.050001
21700.775001
21722.825001
21744.150001
21764.675001
21785.600001
21806.375001
21828.400001
21849.700001
21870.200001
21891.250001
21911.925001
21933.950001
21955.125001
21975.775001
21996.800001
22017.425001
22039.500001
22060.700001
22081.350001
22102.325001
22123.000001
22145.050001
22166.425001
22186.900001
22207.800001
22228.600001
22250.600001
22271.900001
22292.425001
22313.375001
22334.150001
22356.175001
22377.475001
22397.975001
22419.000001
22439.700001
22461.725001
22482.900001
22503.600001
22524.550001
22545.200001
22567.275001
22588.475001
22609.150001
22630.050001
22650.775001
22672.825001
22694.150001
22714.675001
22735.600001
22756.375001
22778.400001
22799.700001
22820.200001
22841.250001
22861.925001
22883.950001
22905.125001
22925.775001
22946.800001
22967.425001
22989.500001
23010.700001
23031.350001
23052.325001
23073.000001
23095.050001
23116.425001
23136.900001
23157.800001
23178.600001
23200.600001
23221.900001
23242.425001
23263.375001
23284.150001
23306.175001
23327.475001
23347.975001
23369.000001
23389.700001
23411.725001
23432.900001
23453.600001
23474.550001
23495.200001
23517.275001
23538.475001
23559.150001
23580.050001
23600.775001
23622.825001
23644.150001
23664.675001
23685.600001
23706.375001
23728.400001
23749.700001
23770.200001
23791.250001
23811.925001
23833.950001
23855.125001
23875.775001
23896.800001
23917.425001
23939.500001
23960.700001
23981.350001
24002.325001
24023.000001
24045.050001
24066.425001
24086.900001
24107.800001
24128.600001
24150.600001
24171.900001
24192.425001
24213.375001
24234.150001
24256.175001
24277.475001
24297.975001
24319.000001
24339.700001
24361.725001
24382.900001
24403.600001
24424.550001
24445.200001
24467.275001
24488.475001
24509.150001
24530.050001
24550.775001
24572.825001
24594.150001
24614.675001
24635.600001
24656.375001
24678.400001
24699.700001
24720.200001
24741.250001
24761.925001
24783.950001
24805.125001
24825.775001
24846.800001
24867.425001
24889.500001
24910.700001
24931.350001
24952.325001
24973.000001
24995.050001
25016.425001
25036.900001
25057.800001
25078.600001
25100.600001
25121.900001
25142.425001
25163.375001
25184.150001
25206.175001
25227.475001
25247.975001
25269.000001
25289.700001
25311.725001
25332.900001
25353.600001
25374.550001
25395.200001
25417.275001
25438.475001
25459.150001
25480.050001
25500.775001
25522.825001
25544.150001
25564.675001
25585.600001
25606.375001
25628.400001
25649.700001
25670.200001
25691.250001
25711.925001
25733.950001
25755.125001
25775.775001
25796.800001
25817.425001
25839.500001
25860.700001
25881.350001
25902.325001
25923.000001
25945.050001
25966.425001
25986.900001
26007.800001
26028.600001
26050.600001
26071.900001
26092.425001
26113.375001
26134.150001
26156.175001
26177.475001
26197.975001
26219.000001
26239.700001
26261.725001
26282.900001
26303.600001
26324.550001
26345.200001
26367.275001
26388.475001
26409.150001
26430.050001
26450.775001
26472.825001
26494.150001
26514.675001
26535.600001
26556.375001
26578.400001
26599.700001
26620.200001
26641.250001
26661.925001
26683.950001
26705.125001
26725.775001
26746.800001
26767.425001
26789.500001
26810.700001
26831.350001
26852.325001
26873.000001
26895.050001
26916.425001
26936.900001
26957.800001
26978.600001
27000.600001
27021.900001
27042.425001
27063.375001
27084.150001
27106.175001
27127.475001
27147.975001
27169.000001
27189.700001
27211.725001
27232.900001
27253.600001
27274.550001
27295.200001
27317.275001
27338.475001
27359.150001
27380.050001
27400.775001
27422.825001
27444.150001
27464.675001
27485.600001
27506.375001
27528.400001
27549.700001
27570.200001
27591.250001
27611.925001
27633.950001
27655.125001
27675.775001
27696.800001
27717.425001
27739.500001
27760.700001
27781.350001
27802.425001
27823.050001
27845.100001
27867.300001
27889.575001
27911.825001
27934.075001
27956.350001
27978.625001
28000.825001
28023.150001
28045.500001
28068.850001
28092.375001
28117.125001
28141.100001
28164.800001
28189.575001
28214.600001
28239.625001
28264.700001
28289.800001
28315.100001
28341.150001
28367.425001
28395.075001
28422.875001
28450.700001
28478.625001
28506.600001
28535.525001
28564.775001
28595.150001
28625.775001
28656.800001
28689.575001
28722.950001
28756.600001
28792.350001
28828.750001
28867.450001
28907.850001
28950.925001
28998.200001
