1.000000
9.000000
313.325000
388.025000
452.025000
508.200000
559.500000
608.450000
655.875000
702.200000
747.750000
792.850000
837.425000
881.825000
926.075000
970.300000
1014.350000
1058.300000
1102.350000
1146.400000
1190.400000
1234.375000
1278.200000
1322.000000
1365.575000
1409.300000
1452.875000
1496.700000
1540.475000
1584.300000
1627.925000
1671.500000
1715.150000
1758.550000
1802.300000
1846.000000
1889.800000
1933.375000
1976.825000
2020.475000
2063.900000
2107.700000
2151.400000
2195.175000
2238.775000
2282.250000
2325.850000
2369.425000
2413.175000
2456.950000
2500.650000
2544.325000
2587.725000
2631.325000
2674.925000
2718.650000
2762.425000
2806.075000
2849.750000
2893.150000
2936.650000
2980.325000
3023.975000
3067.800000
3111.275000
3154.925000
3198.475000
3242.000000
3285.675000
3329.450000
3373.200000
3416.825000
3460.375000
3504.050000
3547.425000
3591.200000
3634.900000
3678.700000
3722.275000
3765.775000
3809.425000
3852.850000
3896.600000
3940.325000
3984.050000
4027.700000
4071.075000
4114.650000
4158.225000
4201.950000
4245.700000
4289.250000
4332.925000
4376.375000
4419.925000
4463.575000
4507.300000
4551.050000
4594.625000
4638.200000
4681.825000
4725.225000
4768.975000
4812.675000
4856.450000
4900.025000
4943.500000
4987.150000
5030.600000
5074.325000
5118.075000
5161.775000
5205.450000
5248.800000
5292.475000
5336.000000
5379.825000
5423.525000
5467.300000
5510.925000
5554.400000
5598.000000
5641.625000
5685.350000
5729.150000
5772.825000
5816.550000
5859.925000
5903.575000
5947.150000
5990.900000
6034.675000
6078.375000
6122.050000
6165.425000
6208.975000
6252.625000
6296.300000
6340.100000
6383.600000
6427.200000
6470.750000
6514.150000
6557.900000
6601.550000
6645.350000
6688.900000
6732.400000
6776.025000
6819.525000
6863.250000
6907.025000
6950.750000
6994.400000
7037.825000
7081.475000
7124.975000
7168.750000
7212.500000
7256.200000
7299.875000
7343.250000
7386.825000
7430.450000
7474.125000
7517.925000
7561.450000
7605.150000
7648.600000
7692.200000
7735.825000
7779.600000
7823.350000
7867.000000
7910.600000
7954.175000
7997.675000
8041.400000
8085.050000
8128.875000
8172.375000
8215.975000
8259.575000
8303.000000
8346.725000
8390.425000
8434.200000
8477.800000
8521.200000
8564.850000
8608.325000
8652.050000
8695.800000
8739.450000
8783.125000
8826.475000
8870.100000
8913.700000
8957.450000
9001.200000
9044.825000
9088.450000
9131.975000
9175.475000
9219.175000
9262.850000
9306.650000
9350.150000
9393.725000
9437.350000
9480.725000
9524.475000
9568.175000
9611.925000
9655.550000
9698.950000
9742.625000
9786.075000
9829.900000
9873.600000
9917.400000
9961.000000
10004.500000
10048.100000
10091.675000
10135.425000
10179.225000
10222.925000
10266.625000
10310.025000
10353.700000
10397.200000
10441.000000
10484.725000
10528.475000
10572.125000
10615.525000
10659.125000
10702.700000
10746.425000
10790.200000
10833.800000
10877.475000
10920.875000
10964.375000
11008.050000
11051.675000
11095.475000
11138.975000
11182.550000
11226.150000
11269.600000
11313.325000
11357.075000
11400.825000
11444.475000
11487.925000
11531.575000
11575.025000
11618.800000
11662.525000
11706.275000
11749.925000
11793.325000
11836.925000
11880.500000
11924.200000
11967.975000
12011.575000
12055.275000
12098.650000
12142.275000
12185.900000
12229.675000
12273.425000
12317.100000
12360.750000
12404.275000
12447.800000
12491.500000
12535.175000
12579.000000
12622.550000
12666.225000
12709.725000
12753.225000
12796.925000
12840.600000
12884.375000
12927.900000
12971.400000
13015.050000
13058.425000
13102.175000
13145.900000
13189.625000
13233.250000
13276.600000
13320.250000
13363.800000
13407.575000
13451.300000
13495.000000
13538.650000
13582.075000
13625.650000
13669.300000
13713.000000
13756.800000
13800.375000
13844.050000
13887.500000
13931.000000
13974.700000
14018.375000
14062.150000
14105.675000
14149.175000
14192.825000
14236.200000
14280.000000
14323.675000
14367.500000
14411.075000
14454.600000
14498.225000
14541.750000
14585.475000
14629.275000
14673.000000
14716.700000
14760.125000
14803.825000
14847.250000
14891.050000
14934.775000
14978.550000
15022.175000
15065.600000
15109.225000
15152.750000
15196.475000
15240.250000
15283.900000
15327.575000
15370.950000
15414.475000
15458.125000
15501.775000
15545.575000
15589.050000
15632.650000
15676.225000
15719.700000
15763.400000
15807.150000
15850.900000
15894.500000
15938.000000
15981.650000
16025.075000
16068.850000
16112.575000
16156.325000
16199.950000
16243.375000
16286.975000
16330.525000
16374.250000
16418.025000
16461.650000
16505.350000
16548.700000
16592.350000
16635.950000
16679.725000
16723.475000
16767.200000
16810.825000
16854.325000
16897.875000
16941.550000
16985.250000
17029.075000
17072.675000
17116.400000
17159.775000
17203.350000
17247.025000
17290.725000
17334.525000
17378.050000
17421.650000
17465.225000
17508.625000
17552.350000
17596.000000
17639.775000
17683.350000
17726.775000
17770.425000
17813.875000
17857.650000
17901.375000
17945.125000
17988.750000
18032.175000
18075.775000
18119.375000
18163.100000
18206.900000
18250.550001
18294.250001
18337.625001
18381.200001
18424.850001
18468.550001
18512.350001
18555.900001
18599.550001
18643.050001
18686.475001
18730.200001
18773.825001
18817.650001
18861.175001
18904.775001
18948.375001
18991.875001
19035.575001
19079.350001
19123.100001
19166.775001
19210.250001
19253.950001
19297.325001
19341.125001
19384.825001
19428.625001
19472.225001
19515.700001
19559.325001
19602.800001
19646.550001
19690.300001
19733.975001
19777.650001
19821.000001
19864.575001
19908.200001
19951.875001
19995.650001
20039.150001
20082.800001
20126.300001
20169.825001
20213.500001
20257.225001
20300.975001
20344.575001
20388.100001
20431.750001
20475.150001
20518.925001
20562.625001
20606.400001
20650.000001
20693.450001
20737.075001
20780.550001
20824.300001
20868.050001
20911.725001
20955.425001
20998.750001
21042.425001
21085.975001
21129.775001
21173.525001
21217.250001
21260.900001
21304.375001
21347.950001
21391.600001
21435.325001
21479.125001
21522.775001
21566.500001
21609.875001
21653.500001
21697.100001
21740.850001
21784.625001
21828.275001
21871.950001
21915.350001
21958.850001
22002.550001
22046.200001
22089.975001
22133.500001
22177.000001
22220.625001
22264.000001
22307.775001
22351.450001
22395.250001
22438.825001
22482.300001
22525.925001
22569.450001
22613.200001
22656.975001
22700.675001
22744.350001
22787.750001
22831.375001
22874.950001
22918.675001
22962.450001
23006.125001
23049.800001
23093.175001
23136.725001
23180.375001
23224.050001
23267.850001
23311.325001
23355.000001
23398.525001
23442.075001
23485.725001
23529.500001
23573.250001
23616.875001
23660.450001
23704.100001
23747.500001
23791.275001
23834.925001
23878.750001
23922.300001
23965.825001
24009.475001
24052.875001
24096.625001
24140.350001
24184.100001
24227.725001
24271.100001
24314.700001
24358.250001
24401.975001
24445.750001
24489.325001
24533.000001
24576.400001
24619.975001
24663.625001
24707.350001
24751.100001
24794.675001
24838.250001
24881.875001
24925.300001
24969.025001
25012.700001
25056.500001
25100.075001
25143.550001
25187.200001
25230.625001
25274.350001
25318.100001
25361.800001
25405.475001
25448.825001
25492.500001
25536.025001
25579.825001
25623.550001
25667.325001
25710.950001
25754.425001
25798.025001
25841.650001
25885.375001
25929.175001
25972.875001
26016.575001
26059.950001
26103.600001
26147.175001
26190.925001
26234.700001
26278.400001
26322.075001
26365.450001
26409.025001
26452.650001
26496.350001
26540.125001
26583.675001
26627.300001
26670.800001
26714.225001
26757.950001
26801.600001
26845.375001
26888.925001
26932.450001
26976.075001
27019.550001
27063.275001
27107.050001
27150.775001
27194.425001
27237.850001
27281.500001
27325.000001
27368.750001
27412.500001
27456.225001
27499.875001
27543.275001
27586.850001
27630.450001
27674.150001
27717.950001
27761.500001
27805.200001
27848.625001
27892.225001
27935.850001
27979.625001
28023.375001
28067.025001
28110.650001
28154.225001
28197.725001
28241.450001
28285.100001
28328.925001
28372.425001
28416.050001
28459.625001
28503.075001
28546.800001
28590.475001
28634.250001
28677.825001
28721.275001
28764.925001
28808.350001
28852.100001
28895.825001
28939.500001
28983.175001
29026.525001
29070.150001
29113.725001
29157.500001
29201.250001
29244.875001
29288.525001
29332.000001
29375.550001
29419.225001
29462.900001
29506.700001
29550.225001
29593.825001
29637.400001
29681.675001
29727.800001
29775.600001
29825.725001
29878.750001
29935.325001
29997.250001
30068.775001
30149.050001
30232.825001
30319.950001
30409.575001
30501.225001
30594.700001
30690.075001
30787.475001
30886.375001
30986.200001
31086.725001
31187.800001
31289.275001
31391.075001
31493.125001
31595.375001
31697.825001
31800.425001
31903.175001
32006.075001
32109.100001
32212.275001
32315.600001
32419.050001
32522.675001
32626.450001
32730.450001
32834.675001
32939.250001
33044.375001
33150.425001
33257.875001
33366.325001
33475.125001
33584.100001
33693.250001
33802.650001
33912.375001
34022.650001
34133.850001
34247.000001
34368.725001
