100.000000
17.000000
474.000000
534.375000
586.900000
635.650000
681.575000
725.600000
768.650000
810.175000
851.675000
892.850000
934.400000
975.200000
1016.525000
1057.775000
1098.650000
1140.075000
1180.725000
1221.950000
1263.225000
1304.225000
1345.600000
1386.200000
1427.425000
1468.750000
1509.700000
1551.100000
1591.875000
1633.050000
1674.300000
1715.250000
1756.675000
1797.350000
1838.550000
1879.925000
1920.800000
1962.225000
2002.900000
2044.125000
2085.425000
2126.300000
2167.775000
2208.375000
2249.600000
2291.000000
2331.925000
2373.325000
2413.925000
2455.225000
2496.475000
2537.425000
2578.925000
2619.575000
2660.775000
2702.050000
2742.975000
2784.425000
2825.100000
2866.375000
2907.650000
2948.525000
2989.975000
3030.625000
3071.850000
3113.175000
3154.175000
3195.550000
3236.175000
3277.400000
3318.750000
3359.675000
3401.075000
3441.875000
3483.050000
3524.300000
3565.225000
3606.675000
3647.350000
3688.550000
3729.925000
3770.800000
3812.225000
3852.900000
3894.125000
3935.425000
3976.300000
4017.775000
4058.375000
4099.600000
4141.000000
4181.925000
4223.325000
4263.925000
4305.225000
4346.475000
4387.425000
4428.925000
4469.575000
4510.775000
4552.050000
4592.975000
4634.425000
4675.100000
4716.375000
4757.650000
4798.525000
4839.975000
4880.625000
4921.850000
4963.175000
5004.175000
5045.550000
5086.175000
5127.400000
5168.750000
5209.675000
5251.075000
5291.875000
5333.050000
5374.300000
5415.225000
5456.675000
5497.350000
5538.550000
5579.925000
5620.800000
5662.225000
5702.900000
5744.125000
5785.425000
5826.300000
5867.775000
5908.375000
5949.600000
5991.000000
6031.925000
6073.325000
6113.925000
6155.225000
6196.475000
6237.425000
6278.925000
6319.575000
6360.775000
6402.050000
6442.975000
6484.425000
6525.100000
6566.375000
6607.650000
6648.525000
6689.975000
6730.625000
6771.850000
6813.175000
6854.175000
6895.550000
6936.175000
6977.400000
7018.750000
7059.675000
7101.075000
7141.875000
7183.050000
7224.300000
7265.225000
7306.675000
7347.350000
7388.550000
7429.925000
7470.800000
7512.225000
7552.900000
7594.125000
7635.425000
7676.300000
7717.775000
7758.375000
7799.600000
7841.000000
7881.925000
7923.325000
7963.925000
8005.225000
8046.475000
8087.425000
8128.925000
8169.575000
8210.775000
8252.050000
8292.975000
8334.425000
8375.100000
8416.375000
8457.650000
8498.525000
8539.975000
8580.625000
8621.850000
8663.175000
8704.175000
8745.550000
8786.175000
8827.400000
8868.750000
8909.675000
8951.075000
8991.875000
9033.050000
9074.300000
9115.225000
9156.675000
9197.350000
9238.550000
9279.925000
9320.800000
9362.225000
9402.900000
9444.125000
9485.425000
9526.300000
9567.775000
9608.375000
9649.600000
9691.000000
9731.925000
9773.325000
9813.925000
9855.225000
9896.475000
9937.425000
9978.925000
10019.575000
10060.775000
10102.050000
10142.975000
10184.425000
10225.100000
10266.375000
10307.650000
10348.525000
10389.975000
10430.625000
10471.850000
10513.175000
10554.175000
10595.550000
10636.175000
10677.400000
10718.750000
10759.675000
10801.075000
10841.875000
10883.050000
10924.300000
10965.225000
11006.675000
11047.350000
11088.550000
11129.925000
11170.800000
11212.225000
11252.900000
11294.125000
11335.425000
11376.300000
11417.775000
11458.375000
11499.600000
11541.000000
11581.925000
11623.325000
11663.925000
11705.225000
11746.475000
11787.425000
11828.925000
11869.575000
11910.775000
11952.050000
11992.975000
12034.425000
12075.100000
12116.375000
12157.650000
12198.525000
12239.975000
12280.625000
12321.850000
12363.175000
12404.175000
12445.550000
12486.175000
12527.400000
12568.750000
12609.675000
12651.075000
12691.875000
12733.050000
12774.300000
12815.225000
12856.675000
12897.350000
12938.550000
12979.925000
13020.800000
13062.225000
13102.900000
13144.125000
13185.425000
13226.300000
13267.775000
13308.375000
13349.600000
13391.000000
13431.925000
13473.325000
13513.925000
13555.225000
13596.475000
13637.425000
13678.925000
13719.575000
13760.775000
13802.050000
13842.975000
13884.425000
13925.100000
13966.375000
14007.650000
14048.525000
14089.975000
14130.625000
14171.850000
14213.175000
14254.175000
14295.550000
14336.175000
14377.400000
14418.750000
14459.675000
14501.075000
14541.875000
14583.050000
14624.300000
14665.225000
14706.675000
14747.350000
14788.550000
14829.925000
14870.800000
14912.225000
14952.900000
14994.125000
15035.425000
15076.300000
15117.775000
15158.375000
15199.600000
15241.000000
15281.925000
15323.325000
15363.925000
15405.225000
15446.475000
15487.425000
15528.925000
15569.575000
15610.775000
15652.050000
15692.975000
15734.425000
15775.100000
15816.375000
15857.650000
15898.525000
15939.975000
15980.625000
16021.850000
16063.175000
16104.175000
16145.550000
16186.175000
16227.400000
16268.750000
16309.675000
16351.075000
16391.875000
16433.050000
16474.300000
16515.225000
16556.675000
16597.350000
16638.550000
16679.925000
16720.800000
16762.225000
16802.900000
16844.125000
16885.425000
16926.300000
16967.775000
17008.375000
17049.600000
17091.000000
17131.925000
17173.325000
17213.925000
17255.225000
17296.475000
17337.425000
17378.925000
17419.575000
17460.775000
17502.050000
17542.975000
17584.425000
17625.100000
17666.375000
17707.650000
17748.525000
17789.975000
17830.625000
17871.850000
17913.175000
17954.175000
17995.550000
18036.175000
18077.400000
18118.750000
18159.675000
18201.075000
18241.875001
18283.050001
18324.300001
18365.225001
18406.675001
18447.350001
18488.550001
18529.925001
18570.800001
18612.225001
18652.900001
18694.125001
18735.425001
18776.300001
18817.775001
18858.375001
18899.600001
18941.000001
18981.925001
19023.325001
19063.925001
19105.225001
19146.475001
19187.425001
19228.925001
19269.575001
19310.775001
19352.050001
19392.975001
19434.425001
19475.100001
19516.375001
19557.650001
19598.525001
19639.975001
19680.625001
19721.850001
19763.175001
19804.175001
19845.550001
19886.175001
19927.400001
19968.750001
20009.675001
20051.075001
20091.875001
20133.050001
20174.300001
20215.225001
20256.675001
20297.350001
20338.550001
20379.925001
20420.800001
20462.225001
20502.900001
20544.125001
20585.425001
20626.300001
20667.775001
20708.375001
20749.600001
20791.000001
20831.925001
20873.325001
20913.925001
20955.225001
20996.475001
21037.425001
21078.925001
21119.575001
21160.775001
21202.050001
21242.975001
21284.425001
21325.100001
21366.375001
21407.650001
21448.525001
21489.975001
21530.625001
21571.850001
21613.175001
21654.175001
21695.550001
21736.175001
21777.400001
21818.750001
21859.675001
21901.075001
21941.875001
21983.050001
22024.300001
22065.225001
22106.675001
22147.350001
22188.550001
22229.925001
22270.800001
22312.225001
22352.900001
22394.125001
22435.425001
22476.300001
22517.775001
22558.375001
22599.600001
22641.000001
22681.925001
22723.325001
22763.925001
22805.225001
22846.475001
22887.425001
22928.925001
22969.575001
23010.775001
23052.050001
23092.975001
23134.425001
23175.100001
23216.375001
23257.650001
23298.525001
23339.975001
23380.625001
23421.850001
23463.175001
23504.175001
23545.550001
23586.175001
23627.400001
23668.750001
23709.675001
23751.075001
23791.875001
23833.050001
23874.300001
23915.225001
23956.675001
23997.350001
24038.550001
24079.925001
24120.800001
24162.225001
24202.900001
24244.125001
24285.425001
24326.300001
24367.775001
24408.375001
24449.600001
24491.000001
24531.925001
24573.325001
24613.925001
24655.225001
24696.475001
24737.425001
24778.925001
24819.575001
24860.775001
24902.050001
24942.975001
24984.425001
25025.100001
25066.375001
25107.650001
25148.525001
25189.975001
25230.625001
25271.850001
25313.175001
25354.175001
25395.550001
25436.175001
25477.400001
25518.750001
25559.675001
25601.075001
25641.875001
25683.050001
25724.300001
25765.225001
25806.675001
25847.350001
25888.550001
25929.925001
25970.800001
26012.225001
26052.900001
26094.125001
26135.425001
26176.300001
26217.775001
26258.375001
26299.600001
26341.000001
26381.925001
26423.325001
26463.925001
26505.225001
26546.475001
26587.425001
26628.925001
26669.575001
26710.775001
26752.050001
26792.975001
26834.425001
26875.100001
26916.375001
26957.650001
26998.525001
27039.975001
27080.625001
27121.850001
27163.175001
27204.175001
27245.550001
27286.175001
27327.400001
27368.750001
27409.675001
27451.075001
27491.875001
27533.050001
27574.300001
27615.225001
27656.675001
27697.350001
27738.550001
27779.925001
27820.800001
27862.225001
27902.900001
27944.125001
27985.425001
28026.300001
28067.775001
28108.375001
28149.600001
28191.000001
28231.925001
28273.325001
28313.925001
28355.225001
28396.475001
28437.425001
28478.925001
28519.575001
28560.775001
28602.050001
28642.975001
28684.425001
28725.100001
28766.375001
28807.650001
28848.525001
28889.975001
28930.625001
28971.850001
29013.175001
29054.175001
29095.550001
29136.175001
29177.400001
29218.750001
29259.675001
29301.075001
29341.875001
29383.175001
29425.300001
29468.850001
29513.325001
29558.525001
29605.275001
29653.250001
29703.000001
29754.975001
29809.475001
29867.650001
29930.725001
30003.275001
