20.000000
13.000000
794.100000
839.975000
882.850000
923.175000
962.000000
998.350000
1034.225000
1068.975000
1102.550000
1135.400000
1167.475000
1198.325000
1229.950000
1261.850000
1292.625000
1323.275000
1353.950000
1384.575000
1415.025000
1445.475000
1475.975000
1506.650000
1537.150000
1567.650000
1598.175000
1628.900000
1659.375000
1689.950000
1720.400000
1750.975000
1781.575000
1812.175000
1842.625000
1873.200000
1903.825000
1934.400000
1964.900000
1995.425000
2025.950000
2056.625000
2087.125000
2117.650000
2148.175000
2178.875000
2209.375000
2239.950000
2270.400000
2300.975000
2331.575000
2362.175000
2392.625000
2423.200000
2453.825000
2484.400000
2514.900000
2545.425000
2575.950000
2606.625000
2637.125000
2667.650000
2698.175000
2728.875000
2759.375000
2789.950000
2820.400000
2850.975000
2881.575000
2912.175000
2942.625000
2973.200000
3003.825000
3034.400000
3064.900000
3095.425000
3125.950000
3156.625000
3187.125000
3217.650000
3248.175000
3278.875000
3309.375000
3339.950000
3370.400000
3400.975000
3431.575000
3462.175000
3492.625000
3523.200000
3553.825000
3584.400000
3614.900000
3645.425000
3675.950000
3706.625000
3737.125000
3767.650000
3798.175000
3828.875000
3859.375000
3889.950000
3920.400000
3950.975000
3981.575000
4012.175000
4042.625000
4073.200000
4103.825000
4134.400000
4164.900000
4195.425000
4225.950000
4256.625000
4287.125000
4317.650000
4348.175000
4378.875000
4409.375000
4439.950000
4470.400000
4500.975000
4531.575000
4562.175000
4592.625000
4623.200000
4653.825000
4684.400000
4714.900000
4745.425000
4775.950000
4806.625000
4837.125000
4867.650000
4898.175000
4928.875000
4959.375000
4989.950000
5020.400000
5050.975000
5081.575000
5112.175000
5142.625000
5173.200000
5203.825000
5234.400000
5264.900000
5295.425000
5325.950000
5356.625000
5387.125000
5417.650000
5448.175000
5478.875000
5509.375000
5539.950000
5570.400000
5600.975000
5631.575000
5662.175000
5692.625000
5723.200000
5753.825000
5784.400000
5814.900000
5845.425000
5875.950000
5906.625000
5937.125000
5967.650000
5998.175000
6028.875000
6059.375000
6089.950000
6120.400000
6150.975000
6181.575000
6212.175000
6242.625000
6273.200000
6303.825000
6334.400000
6364.900000
6395.425000
6425.950000
6456.625000
6487.125000
6517.650000
6548.175000
6578.875000
6609.375000
6639.950000
6670.400000
6700.975000
6731.575000
6762.175000
6792.625000
6823.200000
6853.825000
6884.400000
6914.900000
6945.425000
6975.950000
7006.625000
7037.125000
7067.650000
7098.175000
7128.875000
7159.375000
7189.950000
7220.400000
7250.975000
7281.575000
7312.175000
7342.625000
7373.200000
7403.825000
7434.400000
7464.900000
7495.425000
7525.950000
7556.625000
7587.125000
7617.650000
7648.175000
7678.875000
7709.375000
7739.950000
7770.400000
7800.975000
7831.575000
7862.175000
7892.625000
7923.200000
7953.825000
7984.400000
8014.900000
8045.425000
8075.950000
8106.625000
8137.125000
8167.650000
8198.175000
8228.875000
8259.375000
8289.950000
8320.400000
8350.975000
8381.575000
8412.175000
8442.625000
8473.200000
8503.825000
8534.400000
8564.900000
8595.425000
8625.950000
8656.625000
8687.125000
8717.650000
8748.175000
8778.875000
8809.375000
8839.950000
8870.400000
8900.975000
8931.575000
8962.175000
8992.625000
9023.200000
9053.825000
9084.400000
9114.900000
9145.425000
9175.950000
9206.625000
9237.125000
9267.650000
9298.175000
9328.875000
9359.375000
9389.950000
9420.400000
9450.975000
9481.575000
9512.175000
9542.625000
9573.200000
9603.825000
9634.400000
9664.900000
9695.425000
9725.950000
9756.625000
9787.125000
9817.650000
9848.175000
9878.875000
9909.375000
9939.950000
9970.400000
10000.975000
10031.575000
10062.175000
10092.625000
10123.200000
10153.825000
10184.400000
10214.900000
10245.425000
10275.950000
10306.625000
10337.125000
10367.650000
10398.175000
10428.875000
10459.375000
10489.950000
10520.400000
10550.975000
10581.575000
10612.175000
10642.625000
10673.200000
10703.825000
10734.400000
10764.900000
10795.425000
10825.950000
10856.625000
10887.125000
10917.650000
10948.175000
10978.875000
11009.375000
11039.950000
11070.400000
11100.975000
11131.575000
11162.175000
11192.625000
11223.200000
11253.825000
11284.400000
11314.900000
11345.425000
11375.950000
11406.625000
11437.125000
11467.650000
11498.175000
11528.875000
11559.375000
11589.950000
11620.400000
11650.975000
11681.575000
11712.175000
11742.625000
11773.200000
11803.825000
11834.400000
11864.900000
11895.425000
11925.950000
11956.625000
11987.125000
12017.650000
12048.175000
12078.875000
12109.375000
12139.950000
12170.400000
12200.975000
12231.575000
12262.175000
12292.625000
12323.200000
12353.825000
12384.400000
12414.900000
12445.425000
12475.950000
12506.625000
12537.125000
12567.650000
12598.175000
12628.875000
12659.375000
12689.950000
12720.400000
12750.975000
12781.575000
12812.175000
12842.625000
12873.200000
12903.825000
12934.400000
12964.900000
12995.425000
13025.950000
13056.625000
13087.125000
13117.650000
13148.175000
13178.875000
13209.375000
13239.950000
13270.400000
13300.975000
13331.575000
13362.175000
13392.625000
13423.200000
13453.825000
13484.400000
13514.900000
13545.425000
13575.950000
13606.625000
13637.125000
13667.650000
13698.175000
13728.875000
13759.375000
13789.950000
13820.400000
13850.975000
13881.575000
13912.175000
13942.625000
13973.200000
14003.825000
14034.400000
14064.900000
14095.425000
14125.950000
14156.625000
14187.125000
14217.650000
14248.175000
14278.875000
14309.375000
14339.950000
14370.400000
14400.975000
14431.575000
14462.175000
14492.625000
14523.200000
14553.825000
14584.400000
14614.900000
14645.425000
14675.950000
14706.625000
14737.125000
14767.650000
14798.175000
14828.875000
14859.375000
14889.950000
14920.400000
14950.975000
14981.575000
15012.175000
15042.625000
15073.200000
15103.825000
15134.400000
15164.900000
15195.425000
15225.950000
15256.625000
15287.125000
15317.650000
15348.175000
15378.875000
15409.375000
15439.950000
15470.400000
15500.975000
15531.575000
15562.175000
15592.625000
15623.200000
15653.825000
15684.400000
15714.900000
15745.425000
15775.950000
15806.625000
15837.125000
15867.650000
15898.175000
15928.875000
15959.375000
15989.950000
16020.400000
16050.975000
16081.575000
16112.175000
16142.625000
16173.200000
16203.825000
16234.400000
16264.900000
16295.425000
16325.950000
16356.625000
16387.125000
16417.650000
16448.175000
16478.875000
16509.375000
16539.950000
16570.400000
16600.975000
16631.575000
16662.175000
16692.625000
16723.200000
16753.825000
16784.400000
16814.900000
16845.425000
16875.950000
16906.625000
16937.125000
16967.650000
16998.175000
17028.875000
17059.375000
17089.950000
17120.400000
17150.975000
17181.575000
17212.175000
17242.625000
17273.200000
17303.825000
17334.400000
17364.900000
17395.425000
17425.950000
17456.625000
17487.125000
17517.650000
17548.175000
17578.875000
17609.375000
17639.950000
17670.400000
17700.975000
17731.575000
17762.175000
17792.625000
17823.200000
17853.825000
17884.400000
17914.900000
17945.425000
17975.950000
18006.625000
18037.125000
18067.650000
18098.175000
18128.875000
18159.375000
18189.950000
18220.400000
18250.975001
18281.575001
18312.175001
18342.625001
18373.200001
18403.825001
18434.400001
18464.900001
18495.425001
18525.950001
18556.625001
18587.125001
18617.650001
18648.175001
18678.875001
18709.375001
18739.950001
18770.400001
18800.975001
18831.575001
18862.175001
18892.625001
18923.200001
18953.825001
18984.400001
19014.900001
19045.425001
19075.950001
19106.625001
19137.125001
19167.650001
19198.175001
19228.875001
19259.375001
19289.950001
19320.400001
19350.975001
19381.575001
19412.175001
19442.625001
19473.200001
19503.825001
19534.400001
19564.900001
19595.425001
19625.950001
19656.625001
19687.125001
19717.650001
19748.175001
19778.875001
19809.375001
19839.950001
19870.400001
19900.975001
19931.575001
19962.175001
19992.625001
20023.200001
20053.825001
20084.400001
20114.900001
20145.425001
20175.950001
20206.625001
20237.125001
20267.650001
20298.175001
20328.875001
20359.375001
20389.950001
20420.400001
20450.975001
20481.575001
20512.175001
20542.625001
20573.200001
20603.825001
20634.400001
20664.900001
20695.425001
20725.950001
20756.625001
20787.125001
20817.650001
20848.175001
20878.875001
20909.375001
20939.950001
20970.400001
21000.975001
21031.575001
21062.175001
21092.625001
21123.200001
21153.825001
21184.400001
21214.900001
21245.425001
21275.950001
21306.625001
21337.125001
21367.650001
21398.175001
21428.875001
21459.375001
21489.950001
21520.400001
21550.975001
21581.575001
21612.175001
21642.625001
21673.200001
21703.825001
21734.400001
21764.900001
21795.425001
21825.950001
21856.625001
21887.125001
21917.650001
21948.175001
21978.875001
22009.375001
22039.950001
22070.400001
22100.975001
22131.575001
22162.175001
22192.625001
22223.200001
22253.825001
22284.400001
22314.900001
22345.425001
22375.950001
22406.625001
22437.125001
22467.650001
22498.175001
22528.875001
22559.375001
22589.950001
22620.400001
22650.975001
22681.575001
22712.175001
22742.625001
22773.200001
22803.825001
22834.400001
22864.900001
22895.425001
22925.950001
22956.625001
22987.125001
23017.650001
23048.175001
23078.875001
23109.375001
23139.950001
23170.400001
23200.975001
23231.575001
23262.175001
23292.625001
23323.200001
23353.825001
23384.400001
23414.900001
23445.425001
23475.950001
23506.625001
23537.125001
23567.650001
23598.175001
23628.875001
23659.375001
23689.950001
23720.400001
23750.975001
23781.575001
23812.175001
23842.625001
23873.200001
23903.825001
23934.400001
23964.900001
23995.425001
24025.950001
24056.625001
24087.125001
24117.650001
24148.175001
24178.875001
24209.375001
24239.950001
24270.400001
24300.975001
24331.575001
24362.175001
24392.625001
24423.200001
24453.825001
24484.400001
24514.900001
24545.425001
24575.950001
24606.625001
24637.125001
24667.650001
24698.175001
24728.875001
24759.375001
24789.950001
24820.400001
24850.975001
24881.575001
24912.175001
24942.625001
24973.200001
25003.825001
25034.400001
25064.900001
25095.425001
25125.950001
25156.625001
25187.125001
25217.650001
25248.175001
25278.875001
25309.375001
25339.950001
25370.400001
25400.975001
25431.575001
25462.175001
25492.625001
25523.200001
25553.825001
25584.400001
25614.900001
25645.425001
25675.950001
25706.625001
25737.125001
25767.650001
25798.175001
25828.875001
25859.375001
25889.950001
25920.400001
25950.975001
25981.575001
26012.175001
26042.625001
26073.200001
26103.825001
26134.400001
26164.900001
26195.425001
26225.950001
26256.625001
26287.125001
26317.650001
26348.175001
26378.875001
26409.375001
26439.950001
26470.400001
26500.975001
26531.575001
26562.175001
26592.625001
26623.200001
26653.825001
26684.400001
26714.900001
26745.425001
26775.950001
26806.625001
26837.125001
26867.650001
26898.175001
26928.875001
26959.375001
26989.950001
27020.400001
27050.975001
27081.575001
27112.175001
27142.625001
27173.200001
27203.825001
27234.400001
27264.900001
27295.425001
27325.950001
27356.625001
27387.125001
27417.650001
27448.175001
27478.875001
27509.375001
27539.950001
27570.400001
27600.975001
27631.575001
27662.175001
27692.625001
27723.200001
27753.825001
27784.400001
27814.900001
27845.425001
27875.950001
27906.625001
27937.125001
27967.650001
27998.175001
28028.875001
28059.375001
28089.950001
28120.400001
28150.975001
28181.575001
28212.175001
28242.625001
28273.200001
28303.825001
28334.400001
28364.900001
28395.425001
28425.950001
28456.625001
28487.125001
28517.650001
28548.175001
28578.875001
28609.375001
28639.950001
28670.400001
28700.975001
28731.575001
28762.175001
28792.625001
28823.200001
28853.825001
28884.400001
28914.900001
28945.425001
28975.950001
29006.625001
29038.250001
29070.300001
29103.600001
29137.125001
29172.875001
29209.200001
29246.950001
29286.900001
29328.950001
29374.500001
29426.275001
