2.000000
9.000000
625.675000
671.950000
713.475000
752.100000
788.175000
822.025000
854.900000
886.900000
917.650000
948.000000
978.325000
1007.625000
1036.725000
1064.800000
1092.550000
1120.225000
1147.900000
1175.475000
1202.350000
1228.975000
1256.050000
1282.700000
1309.150000
1335.525000
1361.925000
1388.250000
1414.600000
1441.000000
1467.350000
1493.400000
1519.425000
1545.250000
1571.400000
1597.750000
1623.275000
1649.350000
1675.575000
1701.075000
1727.100000
1753.350000
1778.900000
1804.850000
1830.950000
1856.525000
1882.525000
1908.150000
1934.075000
1959.500000
1985.400000
2011.650000
2037.100000
2063.125000
2089.250000
2114.775000
2140.900000
2167.125000
2192.575000
2218.625000
2244.775000
2270.275000
2296.200000
2321.925000
2347.850000
2373.275000
2399.225000
2424.950000
2450.725000
2476.075000
2502.075000
2528.350000
2553.775000
2579.800000
2605.800000
2631.400000
2657.375000
2683.000000
2708.975000
2734.450000
2760.350000
2785.950000
2811.825000
2837.225000
2863.150000
2889.350000
2914.825000
2940.925000
2967.150000
2992.575000
3018.625000
3044.650000
3070.225000
3095.750000
3121.600000
3147.700000
3173.150000
3198.950000
3224.625000
3250.650000
3276.000000
3302.025000
3328.300000
3353.750000
3379.775000
3405.725000
3431.350000
3457.075000
3482.775000
3508.875000
3534.350000
3560.275000
3585.850000
3611.800000
3637.200000
3663.150000
3689.325000
3714.800000
3740.900000
3767.125000
3792.550000
3818.600000
3844.575000
3870.200000
3895.650000
3921.550000
3947.600000
3973.100000
3998.625000
4024.400000
4050.575000
4075.950000
4102.000000
4128.275000
4153.725000
4179.775000
4205.625000
4231.325000
4256.875000
4282.675000
4308.600000
4334.200000
4359.800000
4385.500000
4411.700000
4437.125000
4463.100000
4489.075000
4514.675000
4540.600000
4566.325000
4592.300000
4617.700000
4643.650000
4669.350000
4695.150000
4720.500000
4746.500000
4772.725000
4798.125000
4824.200000
4850.300000
4875.825000
4901.625000
4927.325000
4953.425000
4978.900000
5004.800000
5030.425000
5056.275000
5081.700000
5107.600000
5133.800000
5159.275000
5185.300000
5211.050000
5236.825000
5262.325000
5288.175000
5313.875000
5339.650000
5365.075000
5391.000000
5417.225000
5442.600000
5468.675000
5494.850000
5520.325000
5546.325000
5572.150000
5597.900000
5623.325000
5649.250000
5675.100000
5700.750000
5726.125000
5752.075000
5778.350000
5803.775000
5829.800000
5855.800000
5881.400000
5907.350000
5932.975000
5958.975000
5984.425000
6010.350000
6035.925000
6061.825000
6087.225000
6113.150000
6139.350000
6164.825000
6190.900000
6217.125000
6242.575000
6268.625000
6294.625000
6320.225000
6345.725000
6371.575000
6397.675000
6423.150000
6448.850000
6474.550000
6500.625000
6526.000000
6552.025000
6578.300000
6603.750000
6629.775000
6655.700000
6681.350000
6707.025000
6732.725000
6758.825000
6784.325000
6810.250000
6835.825000
6861.800000
6887.200000
6913.150000
6939.300000
6964.800000
6990.900000
7017.125000
7042.550000
7068.600000
7094.550000
7120.175000
7145.650000
7171.525000
7197.550000
7223.075000
7248.550000
7274.375000
7300.575000
7325.950000
7352.000000
7378.250000
7403.725000
7429.775000
7455.600000
7481.300000
7506.850000
7532.675000
7558.500000
7584.150000
7609.625000
7635.450000
7661.675000
7687.100000
7713.100000
7738.975000
7764.650000
7790.250000
7816.075000
7842.200000
7867.625000
7893.525000
7919.200000
7945.125000
7970.475000
7996.500000
8022.700000
8048.125000
8074.175000
8100.275000
8125.800000
8151.450000
8177.225000
8203.375000
8228.850000
8254.775000
8280.375000
8306.275000
8331.675000
8357.600000
8383.800000
8409.275000
8435.300000
8461.050000
8486.825000
8512.325000
8538.175000
8563.850000
8589.625000
8615.050000
8641.000000
8667.225000
8692.600000
8718.675000
8744.850000
8770.325000
8796.325000
8822.150000
8847.900000
8873.325000
8899.250000
8925.075000
8950.750000
8976.125000
9002.075000
9028.350000
9053.775000
9079.800000
9105.800000
9131.400000
9157.325000
9182.975000
9208.975000
9234.425000
9260.350000
9285.925000
9311.825000
9337.225000
9363.150000
9389.350000
9414.825000
9440.900000
9467.125000
9492.575000
9518.625000
9544.625000
9570.225000
9595.725000
9621.575000
9647.675000
9673.150000
9698.850000
9724.550000
9750.625000
9776.000000
9802.025000
9828.300000
9853.750000
9879.775000
9905.700000
9931.350000
9957.025000
9982.725000
10008.825000
10034.325000
10060.250000
10085.825000
10111.800000
10137.200000
10163.150000
10189.300000
10214.800000
10240.900000
10267.125000
10292.550000
10318.600000
10344.550000
10370.175000
10395.650000
10421.525000
10447.550000
10473.075000
10498.550000
10524.375000
10550.575000
10575.950000
10602.000000
10628.250000
10653.725000
10679.775000
10705.600000
10731.300000
10756.850000
10782.675000
10808.500000
10834.150000
10859.625000
10885.450000
10911.675000
10937.100000
10963.100000
10988.975000
11014.650000
11040.250000
11066.075000
11092.200000
11117.625000
11143.525000
11169.200000
11195.125000
11220.475000
11246.500000
11272.700000
11298.125000
11324.175000
11350.275000
11375.800000
11401.450000
11427.225000
11453.375000
11478.850000
11504.775000
11530.375000
11556.275000
11581.675000
11607.600000
11633.800000
11659.275000
11685.300000
11711.050000
11736.825000
11762.325000
11788.175000
11813.850000
11839.625000
11865.050000
11891.000000
11917.225000
11942.600000
11968.675000
11994.850000
12020.325000
12046.325000
12072.150000
12097.900000
12123.325000
12149.250000
12175.075000
12200.750000
12226.125000
12252.075000
12278.350000
12303.775000
12329.800000
12355.800000
12381.400000
12407.325000
12432.975000
12458.975000
12484.425000
12510.350000
12535.925000
12561.825000
12587.225000
12613.150000
12639.350000
12664.825000
12690.900000
12717.125000
12742.575000
12768.625000
12794.625000
12820.225000
12845.725000
12871.575000
12897.675000
12923.150000
12948.850000
12974.550000
13000.625000
13026.000000
13052.025000
13078.300000
13103.750000
13129.775000
13155.700000
13181.350000
13207.025000
13232.725000
13258.825000
13284.325000
13310.250000
13335.825000
13361.800000
13387.200000
13413.150000
13439.300000
13464.800000
13490.900000
13517.125000
13542.550000
13568.600000
13594.550000
13620.175000
13645.650000
13671.525000
13697.550000
13723.075000
13748.550000
13774.375000
13800.575000
13825.950000
13852.000000
13878.250000
13903.725000
13929.775000
13955.600000
13981.300000
14006.850000
14032.675000
14058.500000
14084.150000
14109.625000
14135.450000
14161.675000
14187.100000
14213.100000
14238.975000
14264.650000
14290.250000
14316.075000
14342.200000
14367.625000
14393.525000
14419.200000
14445.125000
14470.475000
14496.500000
14522.700000
14548.125000
14574.175000
14600.275000
14625.800000
14651.450000
14677.225000
14703.375000
14728.850000
14754.775000
14780.375000
14806.275000
14831.675000
14857.600000
14883.800000
14909.275000
14935.300000
14961.050000
14986.825000
15012.325000
15038.175000
15063.850000
15089.625000
15115.050000
15141.000000
15167.225000
15192.600000
15218.675000
15244.850000
15270.325000
15296.325000
15322.150000
15347.900000
15373.325000
15399.250000
15425.075000
15450.750000
15476.125000
15502.075000
15528.350000
15553.775000
15579.800000
15605.800000
15631.400000
15657.325000
15682.975000
15708.975000
15734.425000
15760.350000
15785.925000
15811.825000
15837.225000
15863.150000
15889.350000
15914.825000
15940.900000
15967.125000
15992.575000
16018.625000
16044.625000
16070.225000
16095.725000
16121.575000
16147.675000
16173.150000
16198.850000
16224.550000
16250.625000
16276.000000
16302.025000
16328.300000
16353.750000
16379.775000
16405.700000
16431.350000
16457.025000
16482.725000
16508.825000
16534.325000
16560.250000
16585.825000
16611.800000
16637.200000
16663.150000
16689.300000
16714.800000
16740.900000
16767.125000
16792.550000
16818.600000
16844.550000
16870.175000
16895.650000
16921.525000
16947.550000
16973.075000
16998.550000
17024.375000
17050.575000
17075.950000
17102.000000
17128.250000
17153.725000
17179.775000
17205.600000
17231.300000
17256.850000
17282.675000
17308.500000
17334.150000
17359.625000
17385.450000
17411.675000
17437.100000
17463.100000
17488.975000
17514.650000
17540.250000
17566.075000
17592.200000
17617.625000
17643.525000
17669.200000
17695.125000
17720.475000
17746.500000
17772.700000
17798.125000
17824.175000
17850.275000
17875.800000
17901.450000
17927.225000
17953.375000
17978.850000
18004.775000
18030.375000
18056.275000
18081.675000
18107.600000
18133.800000
18159.275000
18185.300000
18211.050000
18236.825001
18262.325001
18288.175001
18313.850001
18339.625001
18365.050001
18391.000001
18417.225001
18442.600001
18468.675001
18494.850001
18520.325001
18546.325001
18572.150001
18597.900001
18623.325001
18649.250001
18675.075001
18700.750001
18726.125001
18752.075001
18778.350001
18803.775001
18829.800001
18855.800001
18881.400001
18907.325001
18932.975001
18958.975001
18984.425001
19010.350001
19035.925001
19061.825001
19087.225001
19113.150001
19139.350001
19164.825001
19190.900001
19217.125001
19242.575001
19268.625001
19294.625001
19320.225001
19345.725001
19371.575001
19397.675001
19423.150001
19448.850001
19474.550001
19500.625001
19526.000001
19552.025001
19578.300001
19603.750001
19629.775001
19655.700001
19681.350001
19707.025001
19732.725001
19758.825001
19784.325001
19810.250001
19835.825001
19861.800001
19887.200001
19913.150001
19939.300001
19964.800001
19990.900001
20017.125001
20042.550001
20068.600001
20094.550001
20120.175001
20145.650001
20171.525001
20197.550001
20223.075001
20248.550001
20274.375001
20300.575001
20325.950001
20352.000001
20378.250001
20403.725001
20429.775001
20455.600001
20481.300001
20506.850001
20532.675001
20558.500001
20584.150001
20609.625001
20635.450001
20661.675001
20687.100001
20713.100001
20738.975001
20764.650001
20790.250001
20816.075001
20842.200001
20867.625001
20893.525001
20919.200001
20945.125001
20970.475001
20996.500001
21022.700001
21048.125001
21074.175001
21100.275001
21125.800001
21151.450001
21177.225001
21203.375001
21228.850001
21254.775001
21280.375001
21306.275001
21331.675001
21357.600001
21383.800001
21409.275001
21435.300001
21461.050001
21486.825001
21512.325001
21538.175001
21563.850001
21589.625001
21615.050001
21641.000001
21667.225001
21692.600001
21718.675001
21744.850001
21770.325001
21796.325001
21822.150001
21847.900001
21873.325001
21899.250001
21925.075001
21950.750001
21976.125001
22002.075001
22028.350001
22053.775001
22079.800001
22105.800001
22131.400001
22157.325001
22182.975001
22208.975001
22234.425001
22260.350001
22285.925001
22311.825001
22337.225001
22363.150001
22389.350001
22414.825001
22440.900001
22467.125001
22492.575001
22518.625001
22544.625001
22570.225001
22595.725001
22621.575001
22647.675001
22673.150001
22698.850001
22724.550001
22750.625001
22776.000001
22802.025001
22828.300001
22853.750001
22879.775001
22905.700001
22931.350001
22957.025001
22982.725001
23008.825001
23034.325001
23060.250001
23085.825001
23111.800001
23137.200001
23163.150001
23189.300001
23214.800001
23240.900001
23267.125001
23292.550001
23318.600001
23344.550001
23370.175001
23395.650001
23421.525001
23447.550001
23473.075001
23498.550001
23524.375001
23550.575001
23575.950001
23602.000001
23628.250001
23653.725001
23679.775001
23705.600001
23731.300001
23756.850001
23782.675001
23808.500001
23834.150001
23859.625001
23885.450001
23911.675001
23937.100001
23963.100001
23988.975001
24014.650001
24040.250001
24066.075001
24092.200001
24117.625001
24143.525001
24169.200001
24195.125001
24220.475001
24246.500001
24272.700001
24298.125001
24324.175001
24350.275001
24375.800001
24401.450001
24427.225001
24453.375001
24478.850001
24504.775001
24530.375001
24556.275001
24581.675001
24607.600001
24633.800001
24659.275001
24685.300001
24711.050001
24736.825001
24762.325001
24788.175001
24813.850001
24839.625001
24865.050001
24891.000001
24917.225001
24942.600001
24968.675001
24994.850001
25020.325001
25046.325001
25072.150001
25097.900001
25123.325001
25149.250001
25175.075001
25200.750001
25226.125001
25252.075001
25278.350001
25303.775001
25329.800001
25355.800001
25381.400001
25407.325001
25432.975001
25458.975001
25484.425001
25510.350001
25535.925001
25561.825001
25587.225001
25613.150001
25639.350001
25664.825001
25690.900001
25717.125001
25742.575001
25768.625001
25794.625001
25820.225001
25845.725001
25871.575001
25897.675001
25923.150001
25948.850001
25974.550001
26000.625001
26026.000001
26052.025001
26078.300001
26103.750001
26129.775001
26155.700001
26181.350001
26207.025001
26232.725001
26258.825001
26284.325001
26310.250001
26335.825001
26361.800001
26387.200001
26413.150001
26439.300001
26464.800001
26490.900001
26517.125001
26542.550001
26568.600001
26594.550001
26620.175001
26645.650001
26671.525001
26697.550001
26723.075001
26748.550001
26774.375001
26800.575001
26825.950001
26852.000001
26878.250001
26903.725001
26929.775001
26955.600001
26981.300001
27006.850001
27032.675001
27058.500001
27084.150001
27109.625001
27135.450001
27161.675001
27187.100001
27213.100001
27238.975001
27264.650001
27290.250001
27316.075001
27342.200001
27367.625001
27393.525001
27419.200001
27445.125001
27470.475001
27496.500001
27522.700001
27548.125001
27574.175001
27600.275001
27625.800001
27651.450001
27677.225001
27703.375001
27728.850001
27754.775001
27780.375001
27806.275001
27831.675001
27857.600001
27883.800001
27909.275001
27935.300001
27961.050001
27986.825001
28012.325001
28038.175001
28063.850001
28089.625001
28115.050001
28141.000001
28167.225001
28192.600001
28218.675001
28244.850001
28270.325001
28296.325001
28322.150001
28347.900001
28373.325001
28399.250001
28425.075001
28450.750001
28476.125001
28502.075001
28528.350001
28553.775001
28579.800001
28605.800001
28631.400001
28657.325001
28682.975001
28708.975001
28734.425001
28760.350001
28785.925001
28811.825001
28837.225001
28863.150001
28889.350001
28914.825001
28940.900001
28967.125001
28992.575001
29018.625001
29044.625001
29070.225001
29095.725001
29121.575001
29147.675001
29173.150001
29198.850001
29224.550001
29250.625001
29276.000001
29302.025001
29328.300001
29353.750001
29379.775001
29406.225001
29432.700001
29459.300001
29486.775001
29514.625001
29542.650001
29571.650001
29601.075001
29631.475001
29663.200001
29696.250001
29731.100001
29767.775001
29807.975001
29855.150001
