10.000000
11.000000
284.600000
360.025000
424.700000
482.075000
534.000000
583.450000
630.375000
675.800000
720.300000
763.875000
807.225000
850.025000
892.625000
935.200000
977.525000
1019.500000
1061.700000
1103.775000
1145.775000
1187.425000
1229.325000
1270.825000
1312.625000
1354.150000
1395.850000
1437.325000
1479.125000
1520.550000
1562.325000
1603.825000
1645.600000
1687.050000
1728.925000
1770.375000
1812.200000
1853.700000
1895.525000
1936.950000
1978.875000
2020.300000
2062.150000
2103.650000
2145.475000
2186.925000
2228.850000
2270.275000
2312.125000
2353.650000
2395.475000
2436.900000
2478.825000
2520.275000
2562.125000
2603.625000
2645.475000
2686.900000
2728.825000
2770.275000
2812.125000
2853.625000
2895.475000
2936.900000
2978.825000
3020.275000
3062.125000
3103.625000
3145.475000
3186.900000
3228.825000
3270.275000
3312.125000
3353.625000
3395.475000
3436.900000
3478.825000
3520.275000
3562.125000
3603.625000
3645.475000
3686.900000
3728.825000
3770.275000
3812.125000
3853.625000
3895.475000
3936.900000
3978.825000
4020.275000
4062.125000
4103.625000
4145.475000
4186.900000
4228.825000
4270.275000
4312.125000
4353.625000
4395.475000
4436.900000
4478.825000
4520.275000
4562.125000
4603.625000
4645.475000
4686.900000
4728.825000
4770.275000
4812.125000
4853.625000
4895.475000
4936.900000
4978.825000
5020.275000
5062.125000
5103.625000
5145.475000
5186.900000
5228.825000
5270.275000
5312.125000
5353.625000
5395.475000
5436.900000
5478.825000
5520.275000
5562.125000
5603.625000
5645.475000
5686.900000
5728.825000
5770.275000
5812.125000
5853.625000
5895.475000
5936.900000
5978.825000
6020.275000
6062.125000
6103.625000
6145.475000
6186.900000
6228.825000
6270.275000
6312.125000
6353.625000
6395.475000
6436.900000
6478.825000
6520.275000
6562.125000
6603.625000
6645.475000
6686.900000
6728.825000
6770.275000
6812.125000
6853.625000
6895.475000
6936.900000
6978.825000
7020.275000
7062.125000
7103.625000
7145.475000
7186.900000
7228.825000
7270.275000
7312.125000
7353.625000
7395.475000
7436.900000
7478.825000
7520.275000
7562.125000
7603.625000
7645.475000
7686.900000
7728.825000
7770.275000
7812.125000
7853.625000
7895.475000
7936.900000
7978.825000
8020.275000
8062.125000
8103.625000
8145.475000
8186.900000
8228.825000
8270.275000
8312.125000
8353.625000
8395.475000
8436.900000
8478.825000
8520.275000
8562.125000
8603.625000
8645.475000
8686.900000
8728.825000
8770.275000
8812.125000
8853.625000
8895.475000
8936.900000
8978.825000
9020.275000
9062.125000
9103.625000
9145.475000
9186.900000
9228.825000
9270.275000
9312.125000
9353.625000
9395.475000
9436.900000
9478.825000
9520.275000
9562.125000
9603.625000
9645.475000
9686.900000
9728.825000
9770.275000
9812.125000
9853.625000
9895.475000
9936.900000
9978.825000
10020.275000
10062.125000
10103.625000
10145.475000
10186.900000
10228.825000
10270.275000
10312.125000
10353.625000
10395.475000
10436.900000
10478.825000
10520.275000
10562.125000
10603.625000
10645.475000
10686.900000
10728.825000
10770.275000
10812.125000
10853.625000
10895.475000
10936.900000
10978.825000
11020.275000
11062.125000
11103.625000
11145.475000
11186.900000
11228.825000
11270.275000
11312.125000
11353.625000
11395.475000
11436.900000
11478.825000
11520.275000
11562.125000
11603.625000
11645.475000
11686.900000
11728.825000
11770.275000
11812.125000
11853.625000
11895.475000
11936.900000
11978.825000
12020.275000
12062.125000
12103.625000
12145.475000
12186.900000
12228.825000
12270.275000
12312.125000
12353.625000
12395.475000
12436.900000
12478.825000
12520.275000
12562.125000
12603.625000
12645.475000
12686.900000
12728.825000
12770.275000
12812.125000
12853.625000
12895.475000
12936.900000
12978.825000
13020.275000
13062.125000
13103.625000
13145.475000
13186.900000
13228.825000
13270.275000
13312.125000
13353.625000
13395.475000
13436.900000
13478.825000
13520.275000
13562.125000
13603.625000
13645.475000
13686.900000
13728.825000
13770.275000
13812.125000
13853.625000
13895.475000
13936.900000
13978.825000
14020.275000
14062.125000
14103.625000
14145.475000
14186.900000
14228.825000
14270.275000
14312.125000
14353.625000
14395.475000
14436.900000
14478.825000
14520.275000
14562.125000
14603.625000
14645.475000
14686.900000
14728.825000
14770.275000
14812.125000
14853.625000
14895.475000
14936.900000
14978.825000
15020.275000
15062.125000
15103.625000
15145.475000
15186.900000
15228.825000
15270.275000
15312.125000
15353.625000
15395.475000
15436.900000
15478.825000
15520.275000
15562.125000
15603.625000
15645.475000
15686.900000
15728.825000
15770.275000
15812.125000
15853.625000
15895.475000
15936.900000
15978.825000
16020.275000
16062.125000
16103.625000
16145.475000
16186.900000
16228.825000
16270.275000
16312.125000
16353.625000
16395.475000
16436.900000
16478.825000
16520.275000
16562.125000
16603.625000
16645.475000
16686.900000
16728.825000
16770.275000
16812.125000
16853.625000
16895.475000
16936.900000
16978.825000
17020.275000
17062.125000
17103.625000
17145.475000
17186.900000
17228.825000
17270.275000
17312.125000
17353.625000
17395.475000
17436.900000
17478.825000
17520.275000
17562.125000
17603.625000
17645.475000
17686.900000
17728.825000
17770.275000
17812.125000
17853.625000
17895.475000
17936.900000
17978.825000
18020.275000
18062.125000
18103.625000
18145.475000
18186.900000
18228.825001
18270.275001
18312.125001
18353.625001
18395.475001
18436.900001
18478.825001
18520.275001
18562.125001
18603.625001
18645.475001
18686.900001
18728.825001
18770.275001
18812.125001
18853.625001
18895.475001
18936.900001
18978.825001
19020.275001
19062.125001
19103.625001
19145.475001
19186.900001
19228.825001
19270.275001
19312.125001
19353.625001
19395.475001
19436.900001
19478.825001
19520.275001
19562.125001
19603.625001
19645.475001
19686.900001
19728.825001
19770.275001
19812.125001
19853.625001
19895.475001
19936.900001
19978.825001
20020.275001
20062.125001
20103.625001
20145.475001
20186.900001
20228.825001
20270.275001
20312.125001
20353.625001
20395.475001
20436.900001
20478.825001
20520.275001
20562.125001
20603.625001
20645.475001
20686.900001
20728.825001
20770.275001
20812.125001
20853.625001
20895.475001
20936.900001
20978.825001
21020.275001
21062.125001
21103.625001
21145.475001
21186.900001
21228.825001
21270.275001
21312.125001
21353.625001
21395.475001
21436.900001
21478.825001
21520.275001
21562.125001
21603.625001
21645.475001
21686.900001
21728.825001
21770.275001
21812.125001
21853.625001
21895.475001
21936.900001
21978.825001
22020.275001
22062.125001
22103.625001
22145.475001
22186.900001
22228.825001
22270.275001
22312.125001
22353.625001
22395.475001
22436.900001
22478.825001
22520.275001
22562.125001
22603.625001
22645.475001
22686.900001
22728.825001
22770.275001
22812.125001
22853.625001
22895.475001
22936.900001
22978.825001
23020.275001
23062.125001
23103.625001
23145.475001
23186.900001
23228.825001
23270.275001
23312.125001
23353.625001
23395.475001
23436.900001
23478.825001
23520.275001
23562.125001
23603.625001
23645.475001
23686.900001
23728.825001
23770.275001
23812.125001
23853.625001
23895.475001
23936.900001
23978.825001
24020.275001
24062.125001
24103.625001
24145.475001
24186.900001
24228.825001
24270.275001
24312.125001
24353.625001
24395.475001
24436.900001
24478.825001
24520.275001
24562.125001
24603.625001
24645.475001
24686.900001
24728.825001
24770.275001
24812.125001
24853.625001
24895.475001
24936.900001
24978.825001
25020.275001
25062.125001
25103.625001
25145.475001
25186.900001
25228.825001
25270.275001
25312.125001
25353.625001
25395.475001
25436.900001
25478.825001
25520.275001
25562.125001
25603.625001
25645.475001
25686.900001
25728.825001
25770.275001
25812.125001
25853.625001
25895.475001
25936.900001
25978.825001
26020.275001
26062.125001
26103.625001
26145.475001
26186.900001
26228.825001
26270.275001
26312.125001
26353.625001
26395.475001
26436.900001
26478.825001
26520.275001
26562.125001
26603.625001
26645.475001
26686.900001
26728.825001
26770.275001
26812.125001
26853.625001
26895.475001
26936.900001
26978.825001
27020.275001
27062.125001
27103.625001
27145.475001
27186.900001
27228.825001
27270.275001
27312.125001
27353.625001
27395.475001
27436.900001
27478.825001
27520.275001
27562.125001
27603.625001
27645.475001
27686.900001
27728.825001
27770.275001
27812.125001
27853.625001
27895.475001
27936.900001
27978.825001
28020.275001
28062.125001
28103.625001
28145.475001
28186.900001
28228.825001
28270.275001
28312.125001
28353.625001
28395.475001
28436.900001
28478.825001
28520.275001
28562.125001
28603.625001
28645.475001
28686.900001
28728.825001
28770.275001
28812.125001
28853.625001
28895.475001
28936.900001
28978.825001
29020.275001
29062.125001
29103.625001
29145.475001
29186.900001
29228.825001
29270.275001
29312.125001
29353.625001
29395.475001
29436.900001
29478.825001
29520.275001
29562.125001
29603.625001
29645.475001
29687.725001
29731.650001
29777.025001
29824.400001
29873.875001
29926.025001
29982.000001
30043.575001
30113.825001
30185.375001
30259.525001
30335.700001
30413.425001
30492.350001
30572.325001
30653.300001
30735.250001
30818.250001
30902.125001
30986.725001
31072.200001
31158.725001
31246.100001
31334.050001
31422.400001
31511.150001
31600.400001
31690.125001
31780.125001
31870.275001
31960.550001
32050.900001
32141.350001
32231.875001
32322.500001
32413.200001
32503.975001
32594.875001
32685.875001
32777.000001
32868.250001
32959.675001
33051.275001
33143.150001
33235.400001
33328.150001
33421.750001
33516.750001
33613.200001
33710.900001
33810.050001
33910.700001
34012.150001
34113.900001
34215.775001
34317.700001
34419.675001
34521.650001
34623.625001
34725.650001
34827.650001
34929.675001
