1.000000
13.000000
339.850000
413.350000
475.675000
530.100000
578.800000
623.825000
668.000000
711.000000
753.350000
795.625000
837.150000
878.900000
919.925000
961.100000
1002.200000
1043.075000
1084.250000
1124.950000
1165.700000
1206.775000
1247.250000
1288.000000
1329.050000
1369.500000
1410.150000
1451.150000
1491.650000
1532.225000
1573.200000
1613.725000
1654.325000
1695.275000
1735.875000
1776.375000
1817.350000
1858.025000
1898.525000
1939.250000
1980.075000
2020.650000
2061.300000
2102.050000
2142.775000
2183.400000
2224.100000
2264.800000
2305.550000
2346.200000
2386.825000
2427.650000
2468.300000
2508.725000
2549.550000
2590.350000
2630.700000
2671.300000
2712.275000
2752.675000
2793.175000
2834.075000
2874.750000
2915.250000
2956.025000
2996.825000
3037.375000
3078.075000
3118.875000
3159.500000
3200.175000
3240.950000
3281.650000
3322.300000
3363.050000
3403.800000
3444.475000
3485.200000
3525.875000
3566.700000
3607.400000
3648.050000
3688.800000
3729.575000
3770.175000
3810.975000
3851.575000
3892.150000
3932.975000
3973.675000
4014.000000
4054.775000
4095.675000
4136.050000
4176.500000
4217.525000
4258.100000
4298.575000
4339.325000
4380.125000
4420.675000
4461.325000
4502.075000
4542.775000
4583.400000
4624.100000
4664.800000
4705.550000
4746.200000
4786.800000
4827.625000
4868.275000
4908.675000
4949.475000
4990.300000
5030.650000
5071.225000
5112.200000
5152.650000
5193.125000
5234.000000
5274.725000
5315.225000
5355.975000
5396.775000
5437.350000
5478.050000
5518.825000
5559.475000
5600.125000
5640.925000
5681.625000
5722.275000
5763.025000
5803.750000
5844.475000
5885.175000
5925.825000
5966.675000
6007.350000
6048.000000
6088.775000
6129.525000
6170.125000
6210.925000
6251.550000
6292.075000
6332.875000
6373.625000
6413.975000
6454.700000
6495.625000
6536.000000
6576.475000
6617.475000
6658.075000
6698.550000
6739.300000
6780.100000
6820.675000
6861.300000
6902.050000
6942.775000
6983.400000
7024.075000
7064.775000
7105.525000
7146.175000
7186.750000
7227.600000
7268.250000
7308.625000
7349.375000
7390.250000
7430.625000
7471.150000
7512.100000
7552.625000
7593.100000
7633.950000
7674.675000
7715.200000
7755.925000
7796.725000
7837.325000
7878.000000
7918.775000
7959.450000
8000.100000
8040.875000
8081.575000
8122.275000
8162.975000
8203.725000
8244.450000
8285.150000
8325.800000
8366.650000
8407.325000
8447.925000
8488.725000
8529.475000
8570.025000
8610.850000
8651.475000
8691.975000
8732.725000
8773.575000
8813.900000
8854.575000
8895.525000
8935.950000
8976.425000
9017.400000
9058.050000
9098.550000
9139.250000
9180.075000
9220.650000
9261.275000
9302.025000
9342.750000
9383.375000
9424.050000
9464.725000
9505.525000
9546.150000
9586.675000
9627.525000
9668.200000
9708.550000
9749.225000
9790.175000
9830.550000
9871.025000
9911.975000
9952.575000
9993.075000
10033.850000
10074.625000
10115.175000
10155.875000
10196.650000
10237.300000
10277.950000
10318.700000
10359.400000
10400.075000
10440.825000
10481.525000
10522.250000
10562.950000
10603.675000
10644.425000
10685.100000
10725.725000
10766.600000
10807.275000
10847.825000
10888.650000
10929.400000
10969.850000
11010.650000
11051.400000
11091.875000
11132.550000
11173.450000
11213.825000
11254.425000
11295.375000
11335.900000
11376.375000
11417.325000
11458.025000
11498.525000
11539.200000
11580.025000
11620.625000
11661.250000
11701.975000
11742.700000
11783.350000
11824.025000
11864.650000
11905.475000
11946.100000
11986.575000
12027.400000
12068.150000
12108.475000
12149.100000
12190.075000
12230.475000
12270.950000
12311.850000
12352.525000
12393.025000
12433.775000
12474.550000
12515.125000
12555.825000
12596.575000
12637.250000
12677.900000
12718.650000
12759.350000
12800.025000
12840.775000
12881.475000
12922.200000
12962.900000
13003.600000
13044.375000
13085.050000
13125.650000
13166.525000
13207.175000
13247.650000
13288.475000
13329.300000
13369.675000
13410.400000
13451.275000
13491.725000
13532.300000
13573.225000
13613.700000
13654.275000
13695.175000
13735.825000
13776.325000
13817.225000
13857.950000
13898.475000
13939.150000
13979.975000
14020.600000
14061.200000
14101.925000
14142.675000
14183.325000
14224.000000
14264.600000
14305.450000
14346.050000
14386.450000
14427.250000
14468.075000
14508.425000
14548.975000
14589.950000
14630.425000
14670.875000
14711.725000
14752.475000
14793.000000
14833.700000
14874.475000
14915.100000
14955.750000
14996.500000
15037.200000
15077.850000
15118.575000
15159.275000
15200.000000
15240.725000
15281.400000
15322.175000
15362.850000
15403.500000
15444.325000
15484.975000
15525.475000
15566.375000
15607.050000
15647.450000
15688.175000
15729.125000
15769.500000
15810.050000
15851.000000
15891.550000
15932.050000
15972.950000
16013.600000
16054.175000
16095.000000
16135.750000
16176.275000
16217.100000
16257.875000
16298.450000
16339.075000
16379.900000
16420.550000
16461.175000
16501.875000
16542.600000
16583.300000
16623.950000
16664.500000
16705.375000
16745.975000
16786.350000
16827.050000
16867.975000
16908.325000
16948.825000
16989.775000
17030.375000
17070.825000
17111.625000
17152.400000
17192.950000
17233.625000
17274.400000
17315.050000
17355.700000
17396.425000
17437.125000
17477.825000
17518.525000
17559.200000
17599.975000
17640.675000
17681.300000
17722.100000
17762.775000
17803.325000
17844.175000
17884.850000
17925.250000
17966.025000
18006.925000
18047.275000
18087.875000
18128.875000
18169.325000
18209.800000
18250.700001
18291.450001
18331.925001
18372.750001
18413.475001
18454.100001
18494.850001
18535.625001
18576.200001
18616.975001
18657.750001
18698.375001
18739.000001
18779.825001
18820.500001
18861.125001
18901.825001
18942.525001
18983.250001
19023.900001
19064.375001
19105.250001
19145.900001
19186.250001
19226.850001
19267.850001
19308.225001
19348.675001
19389.575001
19430.275001
19470.775001
19511.475001
19552.275001
19592.900001
19633.525001
19674.275001
19714.950001
19755.650001
19796.325001
19837.025001
19877.775001
19918.450001
19959.050001
19999.875001
20040.550001
20081.050001
20121.900001
20162.600001
20203.000001
20243.675001
20284.625001
20325.000001
20365.550001
20406.500001
20447.050001
20487.525001
20528.450001
20569.175001
20609.675001
20650.425001
20691.250001
20731.825001
20772.500001
20813.275001
20853.975001
20894.650001
20935.400001
20976.075001
21016.825001
21057.550001
21098.250001
21138.900001
21179.700001
21220.375001
21261.075001
21301.725001
21342.400001
21383.175001
21423.800001
21464.200001
21505.050001
21545.825001
21586.150001
21626.700001
21667.700001
21708.150001
21748.625001
21789.450001
21830.225001
21870.725001
21911.400001
21952.175001
21992.850001
22033.450001
22074.175001
22114.875001
22155.600001
22196.275001
22236.925001
22277.725001
22318.375001
22358.900001
22399.750001
22440.425001
22480.800001
22521.525001
22562.450001
22602.800001
22643.350001
22684.300001
22724.825001
22765.325001
22806.200001
22846.925001
22887.425001
22928.200001
22969.000001
23009.575001
23050.250001
23091.075001
23131.725001
23172.375001
23213.125001
23253.875001
23294.525001
23335.250001
23375.950001
23416.750001
23457.450001
23498.150001
23538.850001
23579.625001
23620.300001
23661.025001
23701.650001
23742.300001
23783.100001
23823.725001
23864.075001
23904.900001
23945.750001
23986.100001
24026.600001
24067.600001
24108.125001
24148.600001
24189.375001
24230.175001
24270.700001
24311.350001
24352.125001
24392.800001
24433.425001
24474.150001
24514.850001
24555.575001
24596.225001
24636.875001
24677.675001
24718.325001
24758.800001
24799.625001
24840.375001
24880.725001
24921.350001
24962.325001
25002.725001
25043.200001
25084.150001
25124.775001
25165.275001
25206.075001
25246.850001
25287.400001
25328.125001
25368.900001
25409.525001
25450.200001
25491.000001
25531.675001
25572.325001
25613.075001
25653.825001
25694.500001
25735.225001
25775.900001
25816.700001
25857.400001
25898.075001
25938.800001
25979.600001
26020.225001
26061.000001
26101.600001
26142.200001
26183.025001
26223.675001
26264.025001
26304.800001
26345.700001
26386.050001
26426.525001
26467.550001
26508.100001
26548.575001
26589.350001
26630.150001
26670.700001
26711.325001
26752.100001
26792.800001
26833.400001
26874.125001
26914.800001
26955.550001
26996.225001
27036.825001
27077.650001
27118.300001
27158.725001
27199.525001
27240.325001
27280.675001
27321.275001
27362.250001
27402.675001
27443.150001
27484.050001
27524.750001
27565.225001
27606.025001
27646.800001
27687.375001
27728.075001
27768.850001
27809.500001
27850.150001
27890.950001
27931.650001
27972.300001
28013.025001
28053.775001
28094.475001
28135.175001
28175.850001
28216.675001
28257.375001
28298.025001
28338.775001
28379.550001
28420.150001
28460.950001
28501.575001
28542.125001
28582.925001
28623.650001
28663.975001
28704.750001
28745.650001
28786.025001
28826.500001
28867.500001
28908.100001
28948.575001
28989.325001
29030.125001
29070.675001
29111.300001
29152.075001
29192.775001
29233.400001
29274.100001
29314.775001
29355.550001
29396.200001
29436.775001
29477.625001
29518.275001
29558.650001
29599.650001
29641.850001
29685.425001
29730.275001
29776.500001
29824.800001
29875.450001
29929.375001
29987.350001
30051.975001
30125.275001
30201.650001
30282.425001
30367.350001
30455.700001
30546.500001
30639.200001
30733.550001
30829.500001
30927.200001
31026.925001
31127.925001
31229.400001
31331.125001
31432.925001
31534.825001
31636.775001
31738.775001
31840.800001
31942.875001
32045.000001
32147.150001
32249.300001
32351.500001
32453.725001
32555.950001
32658.225001
32760.500001
32862.800001
32965.100001
33067.450001
33169.800001
33272.150001
33374.550001
33476.950001
33579.375001
33681.800001
33784.250001
33886.725001
33989.225001
34091.750001
34194.300001
34296.875001
34399.475001
34502.100001
34604.775001
34707.500001
34810.275001
34913.125001
