10.000000
35.000000
533.125000
598.675000
655.700000
705.525000
750.275000
792.650000
833.250000
872.400000
910.650000
948.250000
985.575000
1022.400000
1058.500000
1095.225000
1131.225000
1167.825000
1203.575000
1239.975000
1275.500000
1311.625000
1347.275000
1383.175000
1419.025000
1454.750000
1490.800000
1526.375000
1562.400000
1597.800000
1633.825000
1669.425000
1705.300000
1741.175000
1776.600000
1812.575000
1848.100000
1884.250000
1919.625000
1955.500000
1991.300000
2026.700000
2062.650000
2098.200000
2134.300000
2169.650000
2205.525000
2241.325000
2276.700000
2312.650000
2348.200000
2384.300000
2419.650000
2455.500000
2491.325000
2526.700000
2562.650000
2598.200000
2634.300000
2669.650000
2705.500000
2741.325000
2776.700000
2812.650000
2848.200000
2884.300000
2919.650000
2955.500000
2991.325000
3026.700000
3062.650000
3098.200000
3134.300000
3169.650000
3205.500000
3241.325000
3276.700000
3312.650000
3348.200000
3384.300000
3419.650000
3455.500000
3491.325000
3526.700000
3562.650000
3598.200000
3634.300000
3669.650000
3705.500000
3741.325000
3776.700000
3812.650000
3848.200000
3884.300000
3919.650000
3955.500000
3991.325000
4026.700000
4062.650000
4098.200000
4134.300000
4169.650000
4205.500000
4241.325000
4276.700000
4312.650000
4348.200000
4384.300000
4419.650000
4455.500000
4491.325000
4526.700000
4562.650000
4598.200000
4634.300000
4669.650000
4705.500000
4741.325000
4776.700000
4812.650000
4848.200000
4884.300000
4919.650000
4955.500000
4991.325000
5026.700000
5062.650000
5098.200000
5134.300000
5169.650000
5205.500000
5241.325000
5276.700000
5312.650000
5348.200000
5384.300000
5419.650000
5455.500000
5491.325000
5526.700000
5562.650000
5598.200000
5634.300000
5669.650000
5705.500000
5741.325000
5776.700000
5812.650000
5848.200000
5884.300000
5919.650000
5955.500000
5991.325000
6026.700000
6062.650000
6098.200000
6134.300000
6169.650000
6205.500000
6241.325000
6276.700000
6312.650000
6348.200000
6384.300000
6419.650000
6455.500000
6491.325000
6526.700000
6562.650000
6598.200000
6634.300000
6669.650000
6705.500000
6741.325000
6776.700000
6812.650000
6848.200000
6884.300000
6919.650000
6955.500000
6991.325000
7026.700000
7062.650000
7098.200000
7134.300000
7169.650000
7205.500000
7241.325000
7276.700000
7312.650000
7348.200000
7384.300000
7419.650000
7455.500000
7491.325000
7526.700000
7562.650000
7598.200000
7634.300000
7669.650000
7705.500000
7741.325000
7776.700000
7812.650000
7848.200000
7884.300000
7919.650000
7955.500000
7991.325000
8026.700000
8062.650000
8098.200000
8134.300000
8169.650000
8205.500000
8241.325000
8276.700000
8312.650000
8348.200000
8384.300000
8419.650000
8455.500000
8491.325000
8526.700000
8562.650000
8598.200000
8634.300000
8669.650000
8705.500000
8741.325000
8776.700000
8812.650000
8848.200000
8884.300000
8919.650000
8955.500000
8991.325000
9026.700000
9062.650000
9098.200000
9134.300000
9169.650000
9205.500000
9241.325000
9276.700000
9312.650000
9348.200000
9384.300000
9419.650000
9455.500000
9491.325000
9526.700000
9562.650000
9598.200000
9634.300000
9669.650000
9705.500000
9741.325000
9776.700000
9812.650000
9848.200000
9884.300000
9919.650000
9955.500000
9991.325000
10026.700000
10062.650000
10098.200000
10134.300000
10169.650000
10205.500000
10241.325000
10276.700000
10312.650000
10348.200000
10384.300000
10419.650000
10455.500000
10491.325000
10526.700000
10562.650000
10598.200000
10634.300000
10669.650000
10705.500000
10741.325000
10776.700000
10812.650000
10848.200000
10884.300000
10919.650000
10955.500000
10991.325000
11026.700000
11062.650000
11098.200000
11134.300000
11169.650000
11205.500000
11241.325000
11276.700000
11312.650000
11348.200000
11384.300000
11419.650000
11455.500000
11491.325000
11526.700000
11562.650000
11598.200000
11634.300000
11669.650000
11705.500000
11741.325000
11776.700000
11812.650000
11848.200000
11884.300000
11919.650000
11955.500000
11991.325000
12026.700000
12062.650000
12098.200000
12134.300000
12169.650000
12205.500000
12241.325000
12276.700000
12312.650000
12348.200000
12384.300000
12419.650000
12455.500000
12491.325000
12526.700000
12562.650000
12598.200000
12634.300000
12669.650000
12705.500000
12741.325000
12776.700000
12812.650000
12848.200000
12884.300000
12919.650000
12955.500000
12991.325000
13026.700000
13062.650000
13098.200000
13134.300000
13169.650000
13205.500000
13241.325000
13276.700000
13312.650000
13348.200000
13384.300000
13419.650000
13455.500000
13491.325000
13526.700000
13562.650000
13598.200000
13634.300000
13669.650000
13705.500000
13741.325000
13776.700000
13812.650000
13848.200000
13884.300000
13919.650000
13955.500000
13991.325000
14026.700000
14062.650000
14098.200000
14134.300000
14169.650000
14205.500000
14241.325000
14276.700000
14312.650000
14348.200000
14384.300000
14419.650000
14455.500000
14491.325000
14526.700000
14562.650000
14598.200000
14634.300000
14669.650000
14705.500000
14741.325000
14776.700000
14812.650000
14848.200000
14884.300000
14919.650000
14955.500000
14991.325000
15026.700000
15062.650000
15098.200000
15134.300000
15169.650000
15205.500000
15241.325000
15276.700000
15312.650000
15348.200000
15384.300000
15419.650000
15455.500000
15491.325000
15526.700000
15562.650000
15598.200000
15634.300000
15669.650000
15705.500000
15741.325000
15776.700000
15812.650000
15848.200000
15884.300000
15919.650000
15955.500000
15991.325000
16026.700000
16062.650000
16098.200000
16134.300000
16169.650000
16205.500000
16241.325000
16276.700000
16312.650000
16348.200000
16384.300000
16419.650000
16455.500000
16491.325000
16526.700000
16562.650000
16598.200000
16634.300000
16669.650000
16705.500000
16741.325000
16776.700000
16812.650000
16848.200000
16884.300000
16919.650000
16955.500000
16991.325000
17026.700000
17062.650000
17098.200000
17134.300000
17169.650000
17205.500000
17241.325000
17276.700000
17312.650000
17348.200000
17384.300000
17419.650000
17455.500000
17491.325000
17526.700000
17562.650000
17598.200000
17634.300000
17669.650000
17705.500000
17741.325000
17776.700000
17812.650000
17848.200000
17884.300000
17919.650000
17955.500000
17991.325000
18026.700000
18062.650000
18098.200000
18134.300000
18169.650000
18205.500000
18241.325001
18276.700001
18312.650001
18348.200001
18384.300001
18419.650001
18455.500001
18491.325001
18526.700001
18562.650001
18598.200001
18634.300001
18669.650001
18705.500001
18741.325001
18776.700001
18812.650001
18848.200001
18884.300001
18919.650001
18955.500001
18991.325001
19026.700001
19062.650001
19098.200001
19134.300001
19169.650001
19205.500001
19241.325001
19276.700001
19312.650001
19348.200001
19384.300001
19419.650001
19455.500001
19491.325001
19526.700001
19562.650001
19598.200001
19634.300001
19669.650001
19705.500001
19741.325001
19776.700001
19812.650001
19848.200001
19884.300001
19919.650001
19955.500001
19991.325001
20026.700001
20062.650001
20098.200001
20134.300001
20169.650001
20205.500001
20241.325001
20276.700001
20312.650001
20348.200001
20384.300001
20419.650001
20455.500001
20491.325001
20526.700001
20562.650001
20598.200001
20634.300001
20669.650001
20705.500001
20741.325001
20776.700001
20812.650001
20848.200001
20884.300001
20919.650001
20955.500001
20991.325001
21026.700001
21062.650001
21098.200001
21134.300001
21169.650001
21205.500001
21241.325001
21276.700001
21312.650001
21348.200001
21384.300001
21419.650001
21455.500001
21491.325001
21526.700001
21562.650001
21598.200001
21634.300001
21669.650001
21705.500001
21741.325001
21776.700001
21812.650001
21848.200001
21884.300001
21919.650001
21955.500001
21991.325001
22026.700001
22062.650001
22098.200001
22134.300001
22169.650001
22205.500001
22241.325001
22276.700001
22312.650001
22348.200001
22384.300001
22419.650001
22455.500001
22491.325001
22526.700001
22562.650001
22598.200001
22634.300001
22669.650001
22705.500001
22741.325001
22776.700001
22812.650001
22848.200001
22884.300001
22919.650001
22955.500001
22991.325001
23026.700001
23062.650001
23098.200001
23134.300001
23169.650001
23205.500001
23241.325001
23276.700001
23312.650001
23348.200001
23384.300001
23419.650001
23455.500001
23491.325001
23526.700001
23562.650001
23598.200001
23634.300001
23669.650001
23705.500001
23741.325001
23776.700001
23812.650001
23848.200001
23884.300001
23919.650001
23955.500001
23991.325001
24026.700001
24062.650001
24098.200001
24134.300001
24169.650001
24205.500001
24241.325001
24276.700001
24312.650001
24348.200001
24384.300001
24419.650001
24455.500001
24491.325001
24526.700001
24562.650001
24598.200001
24634.300001
24669.650001
24705.500001
24741.325001
24776.700001
24812.650001
24848.200001
24884.300001
24919.650001
24955.500001
24991.325001
25026.700001
25062.650001
25098.200001
25134.300001
25169.650001
25205.500001
25241.325001
25276.700001
25312.650001
25348.200001
25384.300001
25419.650001
25455.500001
25491.325001
25526.700001
25562.650001
25598.200001
25634.300001
25669.650001
25705.500001
25741.325001
25776.700001
25812.650001
25848.200001
25884.300001
25919.650001
25955.500001
25991.325001
26026.700001
26062.650001
26098.200001
26134.300001
26169.650001
26205.500001
26241.325001
26276.700001
26312.650001
26348.200001
26384.300001
26419.650001
26455.500001
26491.325001
26526.700001
26562.650001
26598.200001
26634.300001
26669.650001
26705.500001
26741.325001
26776.700001
26812.650001
26848.200001
26884.300001
26919.650001
26955.500001
26991.325001
27026.700001
27062.650001
27098.200001
27134.300001
27169.650001
27205.500001
27241.325001
27276.700001
27312.650001
27348.200001
27384.300001
27419.650001
27455.500001
27491.325001
27526.700001
27562.650001
27598.200001
27634.300001
27669.650001
27705.500001
27741.325001
27776.700001
27812.650001
27848.200001
27884.300001
27919.650001
27955.500001
27991.325001
28026.700001
28062.650001
28098.200001
28134.300001
28169.650001
28205.500001
28241.325001
28276.700001
28312.650001
28348.200001
28384.300001
28419.650001
28455.500001
28491.325001
28526.700001
28562.650001
28598.200001
28634.300001
28669.650001
28705.500001
28741.325001
28776.700001
28812.650001
28848.200001
28884.300001
28919.650001
28955.500001
28991.325001
29026.700001
29062.650001
29098.200001
29134.300001
29169.650001
29205.500001
29241.325001
29276.700001
29312.650001
29348.200001
29384.300001
29419.650001
29455.625001
29491.925001
29529.275001
29566.950001
29605.325001
29644.400001
29684.475001
29725.100001
29767.250001
29810.475001
29855.325001
29901.950001
29951.100001
30003.450001
30061.150001
30126.375001
30200.625001
