100.000000
30.000000
576.025000
631.575000
680.675000
726.250000
769.700000
812.300000
853.025000
893.075000
932.725000
971.825000
1011.025000
1050.050000
1089.000000
1128.075000
1167.500000
1206.800000
1245.800000
1284.825000
1323.775000
1362.900000
1402.050000
1441.325000
1480.275000
1519.200000
1558.075000
1597.000000
1635.875000
1674.775000
1713.650000
1752.575000
1791.500000
1830.350000
1869.250000
1908.100000
1947.025000
1985.875000
2024.800000
2063.650000
2102.575000
2141.500000
2180.350000
2219.250000
2258.100000
2297.025000
2335.875000
2374.800000
2413.650000
2452.575000
2491.500000
2530.350000
2569.250000
2608.100000
2647.025000
2685.875000
2724.800000
2763.650000
2802.575000
2841.500000
2880.350000
2919.250000
2958.100000
2997.025000
3035.875000
3074.800000
3113.650000
3152.575000
3191.500000
3230.350000
3269.250000
3308.100000
3347.025000
3385.875000
3424.800000
3463.650000
3502.575000
3541.500000
3580.350000
3619.250000
3658.100000
3697.025000
3735.875000
3774.800000
3813.650000
3852.575000
3891.500000
3930.350000
3969.250000
4008.100000
4047.025000
4085.875000
4124.800000
4163.650000
4202.575000
4241.500000
4280.350000
4319.250000
4358.100000
4397.025000
4435.875000
4474.800000
4513.650000
4552.575000
4591.500000
4630.350000
4669.250000
4708.100000
4747.025000
4785.875000
4824.800000
4863.650000
4902.575000
4941.500000
4980.350000
5019.250000
5058.100000
5097.025000
5135.875000
5174.800000
5213.650000
5252.575000
5291.500000
5330.350000
5369.250000
5408.100000
5447.025000
5485.875000
5524.800000
5563.650000
5602.575000
5641.500000
5680.350000
5719.250000
5758.100000
5797.025000
5835.875000
5874.800000
5913.650000
5952.575000
5991.500000
6030.350000
6069.250000
6108.100000
6147.025000
6185.875000
6224.800000
6263.650000
6302.575000
6341.500000
6380.350000
6419.250000
6458.100000
6497.025000
6535.875000
6574.800000
6613.650000
6652.575000
6691.500000
6730.350000
6769.250000
6808.100000
6847.025000
6885.875000
6924.800000
6963.650000
7002.575000
7041.500000
7080.350000
7119.250000
7158.100000
7197.025000
7235.875000
7274.800000
7313.650000
7352.575000
7391.500000
7430.350000
7469.250000
7508.100000
7547.025000
7585.875000
7624.800000
7663.650000
7702.575000
7741.500000
7780.350000
7819.250000
7858.100000
7897.025000
7935.875000
7974.800000
8013.650000
8052.575000
8091.500000
8130.350000
8169.250000
8208.100000
8247.025000
8285.875000
8324.800000
8363.650000
8402.575000
8441.500000
8480.350000
8519.250000
8558.100000
8597.025000
8635.875000
8674.800000
8713.650000
8752.575000
8791.500000
8830.350000
8869.250000
8908.100000
8947.025000
8985.875000
9024.800000
9063.650000
9102.575000
9141.500000
9180.350000
9219.250000
9258.100000
9297.025000
9335.875000
9374.800000
9413.650000
9452.575000
9491.500000
9530.350000
9569.250000
9608.100000
9647.025000
9685.875000
9724.800000
9763.650000
9802.575000
9841.500000
9880.350000
9919.250000
9958.100000
9997.025000
10035.875000
10074.800000
10113.650000
10152.575000
10191.500000
10230.350000
10269.250000
10308.100000
10347.025000
10385.875000
10424.800000
10463.650000
10502.575000
10541.500000
10580.350000
10619.250000
10658.100000
10697.025000
10735.875000
10774.800000
10813.650000
10852.575000
10891.500000
10930.350000
10969.250000
11008.100000
11047.025000
11085.875000
11124.800000
11163.650000
11202.575000
11241.500000
11280.350000
11319.250000
11358.100000
11397.025000
11435.875000
11474.800000
11513.650000
11552.575000
11591.500000
11630.350000
11669.250000
11708.100000
11747.025000
11785.875000
11824.800000
11863.650000
11902.575000
11941.500000
11980.350000
12019.250000
12058.100000
12097.025000
12135.875000
12174.800000
12213.650000
12252.575000
12291.500000
12330.350000
12369.250000
12408.100000
12447.025000
12485.875000
12524.800000
12563.650000
12602.575000
12641.500000
12680.350000
12719.250000
12758.100000
12797.025000
12835.875000
12874.800000
12913.650000
12952.575000
12991.500000
13030.350000
13069.250000
13108.100000
13147.025000
13185.875000
13224.800000
13263.650000
13302.575000
13341.500000
13380.350000
13419.250000
13458.100000
13497.025000
13535.875000
13574.800000
13613.650000
13652.575000
13691.500000
13730.350000
13769.250000
13808.100000
13847.025000
13885.875000
13924.800000
13963.650000
14002.575000
14041.500000
14080.350000
14119.250000
14158.100000
14197.025000
14235.875000
14274.800000
14313.650000
14352.575000
14391.500000
14430.350000
14469.250000
14508.100000
14547.025000
14585.875000
14624.800000
14663.650000
14702.575000
14741.500000
14780.350000
14819.250000
14858.100000
14897.025000
14935.875000
14974.800000
15013.650000
15052.575000
15091.500000
15130.350000
15169.250000
15208.100000
15247.025000
15285.875000
15324.800000
15363.650000
15402.575000
15441.500000
15480.350000
15519.250000
15558.100000
15597.025000
15635.875000
15674.800000
15713.650000
15752.575000
15791.500000
15830.350000
15869.250000
15908.100000
15947.025000
15985.875000
16024.800000
16063.650000
16102.575000
16141.500000
16180.350000
16219.250000
16258.100000
16297.025000
16335.875000
16374.800000
16413.650000
16452.575000
16491.500000
16530.350000
16569.250000
16608.100000
16647.025000
16685.875000
16724.800000
16763.650000
16802.575000
16841.500000
16880.350000
16919.250000
16958.100000
16997.025000
17035.875000
17074.800000
17113.650000
17152.575000
17191.500000
17230.350000
17269.250000
17308.100000
17347.025000
17385.875000
17424.800000
17463.650000
17502.575000
17541.500000
17580.350000
17619.250000
17658.100000
17697.025000
17735.875000
17774.800000
17813.650000
17852.575000
17891.500000
17930.350000
17969.250000
18008.100000
18047.025000
18085.875000
18124.800000
18163.650000
18202.575000
18241.500001
18280.350001
18319.250001
18358.100001
18397.025001
18435.875001
18474.800001
18513.650001
18552.575001
18591.500001
18630.350001
18669.250001
18708.100001
18747.025001
18785.875001
18824.800001
18863.650001
18902.575001
18941.500001
18980.350001
19019.250001
19058.100001
19097.025001
19135.875001
19174.800001
19213.650001
19252.575001
19291.500001
19330.350001
19369.250001
19408.100001
19447.025001
19485.875001
19524.800001
19563.650001
19602.575001
19641.500001
19680.350001
19719.250001
19758.100001
19797.025001
19835.875001
19874.800001
19913.650001
19952.575001
19991.500001
20030.350001
20069.250001
20108.100001
20147.025001
20185.875001
20224.800001
20263.650001
20302.575001
20341.500001
20380.350001
20419.250001
20458.100001
20497.025001
20535.875001
20574.800001
20613.650001
20652.575001
20691.500001
20730.350001
20769.250001
20808.100001
20847.025001
20885.875001
20924.800001
20963.650001
21002.575001
21041.500001
21080.350001
21119.250001
21158.100001
21197.025001
21235.875001
21274.800001
21313.650001
21352.575001
21391.500001
21430.350001
21469.250001
21508.100001
21547.025001
21585.875001
21624.800001
21663.650001
21702.575001
21741.500001
21780.350001
21819.250001
21858.100001
21897.025001
21935.875001
21974.800001
22013.650001
22052.575001
22091.500001
22130.350001
22169.250001
22208.100001
22247.025001
22285.875001
22324.800001
22363.650001
22402.575001
22441.500001
22480.350001
22519.250001
22558.100001
22597.025001
22635.875001
22674.800001
22713.650001
22752.575001
22791.500001
22830.350001
22869.250001
22908.100001
22947.025001
22985.875001
23024.800001
23063.650001
23102.575001
23141.500001
23180.350001
23219.250001
23258.100001
23297.025001
23335.875001
23374.800001
23413.650001
23452.575001
23491.500001
23530.350001
23569.250001
23608.100001
23647.025001
23685.875001
23724.800001
23763.650001
23802.575001
23841.500001
23880.350001
23919.250001
23958.100001
23997.025001
24035.875001
24074.800001
24113.650001
24152.575001
24191.500001
24230.350001
24269.250001
24308.100001
24347.025001
24385.875001
24424.800001
24463.650001
24502.575001
24541.500001
24580.350001
24619.250001
24658.100001
24697.025001
24735.875001
24774.800001
24813.650001
24852.575001
24891.500001
24930.350001
24969.250001
25008.100001
25047.025001
25085.875001
25124.800001
25163.650001
25202.575001
25241.500001
25280.350001
25319.250001
25358.100001
25397.025001
25435.875001
25474.800001
25513.650001
25552.575001
25591.500001
25630.350001
25669.250001
25708.100001
25747.025001
25785.875001
25824.800001
25863.650001
25902.575001
25941.500001
25980.350001
26019.250001
26058.100001
26097.025001
26135.875001
26174.800001
26213.650001
26252.575001
26291.500001
26330.350001
26369.250001
26408.100001
26447.025001
26485.875001
26524.800001
26563.650001
26602.575001
26641.500001
26680.350001
26719.250001
26758.100001
26797.025001
26835.875001
26874.800001
26913.650001
26952.575001
26991.500001
27030.350001
27069.250001
27108.100001
27147.025001
27185.875001
27224.800001
27263.650001
27302.575001
27341.500001
27380.350001
27419.250001
27458.100001
27497.025001
27535.875001
27574.800001
27613.650001
27652.575001
27691.500001
27730.350001
27769.250001
27808.100001
27847.025001
27885.875001
27924.800001
27963.650001
28002.575001
28041.500001
28080.350001
28119.250001
28158.100001
28197.025001
28235.875001
28274.800001
28313.650001
28352.575001
28391.500001
28430.350001
28469.250001
28508.100001
28547.025001
28585.875001
28624.800001
28663.650001
28702.575001
28741.500001
28780.350001
28819.250001
28858.100001
28897.025001
28935.875001
28974.800001
29013.650001
29052.575001
29091.500001
29130.350001
29169.250001
29208.100001
29247.175001
29287.125001
29327.800001
29369.100001
29411.025001
29453.650001
29497.150001
29541.625001
29587.000001
29633.950001
29681.850001
29731.350001
29782.775001
29836.325001
29892.725001
29953.050001
30019.625001
30177.625001
30386.150001
30660.600001
30951.925001
31259.175001
31566.275001
31874.625001
32183.300001
32505.925001
32812.050001
33133.800001
33455.525001
33777.525001
34115.850001
34473.050001
34877.875001
