100.000000
22.000000
501.150000
559.250000
610.250000
657.550000
702.300000
745.550000
787.025000
827.850000
868.925000
909.550000
950.325000
991.150000
1031.675000
1072.250000
1112.925000
1153.275000
1194.025000
1234.750000
1274.950000
1315.300000
1356.050000
1396.750000
1437.200000
1477.775000
1518.350000
1558.450000
1598.775000
1639.675000
1680.275000
1720.625000
1761.150000
1801.700000
1842.050000
1882.650000
1923.500000
1963.725000
2004.150000
2044.850000
2085.525000
2126.025000
2166.725000
2207.350000
2247.600000
2288.200000
2329.150000
2369.350000
2409.675000
2450.375000
2491.125000
2531.625000
2572.175000
2612.800000
2652.975000
2693.325000
2734.275000
2774.725000
2815.100000
2855.650000
2896.250000
2936.425000
2976.925000
3017.875000
3058.125000
3098.475000
3139.000000
3179.800000
3220.300000
3260.975000
3301.500000
3341.775000
3382.125000
3423.025000
3463.575000
3504.025000
3544.575000
3585.250000
3625.725000
3666.550000
3707.125000
3747.300000
3787.625000
3828.600000
3869.150000
3909.525000
3950.075000
3990.775000
4031.125000
4071.875000
4112.550000
4152.750000
4193.075000
4233.725000
4274.450000
4314.950000
4355.550000
4396.075000
4436.175000
4476.500000
4517.525000
4558.025000
4598.400000
4638.900000
4679.675000
4720.100000
4760.850000
4801.425000
4841.700000
4882.025000
4922.900000
4963.525000
5004.000000
5044.550000
5085.200000
5125.600000
5166.450000
5207.025000
5247.225000
5287.550000
5328.450000
5369.100000
5409.475000
5450.025000
5490.700000
5530.925000
5571.500000
5612.400000
5652.650000
5693.000000
5733.550000
5774.200000
5814.700000
5855.450000
5895.975000
5936.100000
5976.425000
6017.425000
6057.975000
6098.375000
6138.900000
6179.650000
6220.050000
6260.800000
6301.400000
6341.675000
6382.000000
6422.850000
6463.500000
6503.975000
6544.525000
6585.175000
6625.550000
6666.375000
6707.000000
6747.200000
6787.525000
6828.375000
6869.050000
6909.475000
6950.025000
6990.675000
7030.850000
7071.300000
7112.250000
7152.575000
7192.925000
7233.450000
7274.050000
7314.325000
7355.100000
7395.800000
7436.000000
7476.325000
7517.175000
7557.850000
7598.300000
7638.850000
7679.575000
7719.850000
7760.475000
7801.300000
7841.600000
7881.925000
7922.650000
7963.350000
8003.925000
8044.450000
8085.075000
8125.275000
8165.825000
8206.775000
8247.050000
8287.375000
8327.975000
8368.650000
8409.150000
8449.875000
8490.475000
8530.600000
8570.900000
8611.700000
8652.375000
8692.825000
8733.350000
8773.900000
8814.000000
8854.550000
8895.475000
8935.850000
8976.200000
9016.900000
9057.575000
9098.075000
9138.750000
9179.450000
9219.600000
9259.975000
9300.900000
9341.450000
9381.800000
9422.350000
9463.025000
9503.550000
9544.275000
9584.875000
9625.050000
9665.375000
9706.275000
9746.900000
9787.275000
9827.825000
9868.425000
9908.575000
9948.975000
9989.925000
10030.325000
10070.650000
10111.175000
10151.775000
10192.150000
10232.850000
10273.575000
10313.775000
10354.200000
10394.975000
10435.650000
10476.100000
10516.775000
10557.425000
10597.800000
10638.525000
10679.275000
10719.450000
10759.775000
10800.650000
10841.350000
10881.725000
10922.275000
10962.900000
11003.225000
11043.900000
11084.725000
11124.925000
11165.275000
11205.975000
11246.675000
11287.150000
11327.750000
11368.325000
11408.425000
11448.725000
11489.600000
11530.250000
11570.600000
11611.125000
11651.700000
11692.000000
11732.550000
11773.425000
11813.675000
11854.125000
11894.750000
11935.450000
11975.975000
12016.675000
12057.300000
12097.500000
12137.975000
12178.975000
12219.250000
12259.600000
12300.175000
12340.925000
12381.425000
12422.125000
12462.700000
12502.875000
12543.200000
12584.075000
12624.675000
12665.050000
12705.625000
12746.175000
12786.325000
12826.675000
12867.700000
12908.050000
12948.425000
12988.925000
13029.725000
13070.175000
13110.900000
13151.450000
13191.725000
13232.050000
13272.950000
13313.525000
13354.000000
13394.550000
13435.225000
13475.650000
13516.500000
13557.075000
13597.250000
13637.575000
13678.525000
13719.125000
13759.500000
13800.050000
13840.725000
13881.025000
13921.700000
13962.500000
14002.725000
14043.050000
14083.675000
14124.375000
14164.875000
14205.525000
14246.050000
14286.150000
14326.475000
14367.500000
14408.025000
14448.400000
14488.900000
14529.675000
14570.100000
14610.850000
14651.425000
14691.700000
14732.025000
14772.875000
14813.500000
14854.000000
14894.525000
14935.200000
14975.600000
15016.425000
15057.025000
15097.225000
15137.550000
15178.425000
15219.100000
15259.475000
15300.025000
15340.700000
15380.900000
15421.450000
15462.375000
15502.625000
15542.975000
15583.525000
15624.175000
15664.625000
15705.400000
15745.925000
15786.075000
15826.400000
15867.350000
15907.975000
15948.350000
15988.875000
16029.650000
16070.000000
16110.750000
16151.375000
16191.675000
16232.000000
16272.825000
16313.475000
16353.975000
16394.525000
16435.175000
16475.525000
16516.325000
16556.975000
16597.175000
16637.525000
16678.350000
16719.050000
16759.450000
16800.000000
16840.650000
16880.825000
16921.225000
16962.175000
17002.550000
17042.900000
17083.425000
17124.025000
17164.225000
17204.950000
17245.750000
17285.975000
17326.300000
17367.100000
17407.800000
17448.275000
17488.825000
17529.550000
17569.775000
17610.325000
17651.225000
17691.550000
17731.875000
17772.525000
17813.225000
17853.825000
17894.400000
17935.000000
17975.150000
18015.550000
18056.500000
18096.950000
18137.325000
18177.875000
18218.500000
18258.750001
18299.425001
18340.275001
18380.475001
18420.775001
18461.350001
18502.050001
18542.625001
18583.225001
18623.750001
18663.900001
18704.350001
18745.275001
18785.800001
18826.175001
18866.850001
18907.525001
18948.000001
18988.725001
19029.400001
19069.550001
19109.900001
19150.825001
19191.425001
19231.775001
19272.325001
19313.000001
19353.475001
19394.250001
19434.825001
19475.025001
19515.350001
19556.200001
19596.850001
19637.250001
19677.800001
19718.400001
19758.525001
19798.875001
19839.825001
19880.300001
19920.650001
19961.150001
20001.750001
20042.125001
20082.775001
20123.550001
20163.750001
20204.200001
20244.950001
20285.625001
20326.075001
20366.750001
20407.400001
20447.750001
20488.475001
20529.250001
20569.450001
20609.775001
20650.600001
20691.325001
20731.700001
20772.250001
20812.900001
20853.175001
20893.800001
20934.675001
20974.900001
21015.250001
21055.900001
21096.575001
21137.100001
21177.725001
21218.275001
21258.400001
21298.700001
21339.525001
21380.200001
21420.600001
21461.100001
21501.675001
21541.975001
21582.475001
21623.375001
21663.650001
21704.100001
21744.700001
21785.400001
21825.925001
21866.650001
21907.250001
21947.425001
21987.875001
22028.875001
22069.225001
22109.550001
22150.125001
22190.850001
22231.300001
22272.050001
22312.650001
22352.825001
22393.125001
22433.925001
22474.625001
22515.025001
22555.575001
22596.150001
22636.250001
22676.575001
22717.625001
22758.050001
22798.400001
22838.925001
22879.700001
22920.150001
22960.875001
23001.425001
23041.725001
23082.050001
23122.925001
23163.525001
23204.000001
23244.550001
23285.225001
23325.650001
23366.475001
23407.050001
23447.225001
23487.575001
23528.475001
23569.125001
23609.500001
23650.050001
23690.725001
23730.975001
23771.625001
23812.475001
23852.700001
23893.025001
23933.625001
23974.300001
24014.825001
24055.500001
24096.025001
24136.150001
24176.450001
24217.475001
24258.000001
24298.375001
24338.900001
24379.675001
24420.075001
24460.825001
24501.400001
24541.700001
24582.025001
24622.875001
24663.500001
24704.000001
24744.525001
24785.200001
24825.575001
24866.425001
24907.025001
24947.200001
24987.550001
25028.425001
25069.075001
25109.475001
25150.025001
25190.700001
25230.900001
25271.400001
25312.350001
25352.625001
25392.950001
25433.500001
25474.125001
25514.550001
25555.350001
25595.900001
25636.050001
25676.375001
25717.300001
25757.950001
25798.350001
25838.875001
25879.625001
25919.975001
25960.700001
26001.375001
26041.650001
26081.975001
26122.800001
26163.450001
26203.975001
26244.500001
26285.150001
26325.500001
26366.275001
26406.975001
26447.175001
26487.500001
26528.325001
26569.025001
26609.450001
26650.000001
26690.650001
26730.800001
26771.175001
26812.125001
26852.525001
26892.900001
26933.400001
26974.000001
27014.175001
27054.900001
27095.725001
27135.950001
27176.275001
27217.075001
27257.750001
27298.250001
27338.825001
27379.550001
27419.750001
27460.250001
27501.175001
27541.525001
27581.850001
27622.450001
27663.150001
27703.750001
27744.375001
27784.950001
27825.125001
27865.500001
27906.425001
27946.950001
27987.300001
28027.875001
28068.500001
28108.700001
28149.300001
28190.200001
28230.425001
28270.750001
28311.300001
28351.950001
28392.550001
28433.200001
28473.725001
28513.875001
28554.325001
28595.225001
28635.775001
28676.150001
28716.825001
28757.500001
28797.975001
28838.700001
28879.400001
28919.550001
28959.900001
29000.825001
29041.425001
29081.775001
29122.325001
29163.000001
29203.475001
29244.225001
29284.825001
29325.000001
29365.350001
29406.925001
29448.625001
29491.575001
29535.575001
29580.400001
29626.225001
29673.625001
29722.350001
29773.050001
29825.800001
29881.375001
29940.825001
30006.075001
30084.725001
30563.150001
30649.500001
31607.575001
31689.925001
32500.950001
32583.875001
33430.975001
33513.700001
34343.125001
34425.950001
