1.000000
31.000000
499.750000
563.725000
617.700000
664.300000
708.050000
749.850000
790.325000
829.925000
868.925000
907.475000
945.700000
983.350000
1020.725000
1058.150000
1095.725000
1133.025000
1170.225000
1207.775000
1245.350000
1282.400000
1319.500000
1356.925000
1394.025000
1431.025000
1468.400000
1505.575000
1542.650000
1580.050000
1617.575000
1654.575000
1691.675000
1729.100000
1766.175000
1803.200000
1840.575000
1877.700000
1914.675000
1952.125000
1989.475000
2026.450000
2063.625000
2101.050000
2137.975000
2175.025000
2212.425000
2249.425000
2286.400000
2323.725000
2360.850000
2397.850000
2435.325000
2472.625000
2509.625000
2546.875000
2584.275000
2621.125000
2658.225000
2695.625000
2732.625000
2769.675000
2807.025000
2844.175000
2881.075000
2918.500000
2955.675000
2992.725000
3030.075000
3067.575000
3104.575000
3141.675000
3179.100000
3216.175000
3253.175000
3290.550000
3327.675000
3364.650000
3402.100000
3439.450000
3476.400000
3513.600000
3551.025000
3587.950000
3625.025000
3662.400000
3699.400000
3736.375000
3773.700000
3810.825000
3847.825000
3885.300000
3922.550000
3959.575000
3996.825000
4034.225000
4071.100000
4108.200000
4145.625000
4182.600000
4219.650000
4257.025000
4294.150000
4331.050000
4368.450000
4405.600000
4442.700000
4480.050000
4517.575000
4554.575000
4591.650000
4629.075000
4666.150000
4703.175000
4740.525000
4777.650000
4814.600000
4852.050000
4889.375000
4926.350000
4963.575000
5001.000000
5037.925000
5075.000000
5112.375000
5149.350000
5186.350000
5223.675000
5260.800000
5297.800000
5335.250000
5372.475000
5409.500000
5446.750000
5484.200000
5521.075000
5558.175000
5595.600000
5632.575000
5669.625000
5707.000000
5744.125000
5781.025000
5818.425000
5855.575000
5892.650000
5930.050000
5967.550000
6004.550000
6041.650000
6079.075000
6116.125000
6153.150000
6190.500000
6227.625000
6264.575000
6302.025000
6339.325000
6376.300000
6413.525000
6450.975000
6487.900000
6524.975000
6562.375000
6599.325000
6636.325000
6673.650000
6710.775000
6747.775000
6785.225000
6822.400000
6859.425000
6896.725000
6934.150000
6971.050000
7008.175000
7045.575000
7082.550000
7119.625000
7156.975000
7194.100000
7231.025000
7268.400000
7305.550000
7342.625000
7380.025000
7417.525000
7454.550000
7491.650000
7529.075000
7566.125000
7603.150000
7640.500000
7677.625000
7714.550000
7752.000000
7789.275000
7826.250000
7863.500000
7900.950000
7937.875000
7974.950000
8012.350000
8049.300000
8086.300000
8123.625000
8160.750000
8197.750000
8235.175000
8272.375000
8309.400000
8346.700000
8384.125000
8421.025000
8458.150000
8495.575000
8532.550000
8569.600000
8606.975000
8644.075000
8681.000000
8718.375000
8755.525000
8792.600000
8830.025000
8867.525000
8904.525000
8941.625000
8979.050000
9016.100000
9053.150000
9090.475000
9127.625000
9164.550000
9202.000000
9239.250000
9276.225000
9313.475000
9350.925000
9387.875000
9424.950000
9462.350000
9499.275000
9536.275000
9573.625000
9610.750000
9647.750000
9685.175000
9722.350000
9759.375000
9796.700000
9834.125000
9871.025000
9908.150000
9945.575000
9982.550000
10019.600000
10056.975000
10094.075000
10131.000000
10168.375000
10205.525000
10242.600000
10280.025000
10317.525000
10354.525000
10391.625000
10429.050000
10466.100000
10503.150000
10540.475000
10577.600000
10614.525000
10651.975000
10689.225000
10726.225000
10763.475000
10800.925000
10837.875000
10874.950000
10912.350000
10949.275000
10986.275000
11023.625000
11060.750000
11097.750000
11135.175000
11172.325000
11209.350000
11246.675000
11284.100000
11321.025000
11358.150000
11395.575000
11432.550000
11469.600000
11506.975000
11544.075000
11581.000000
11618.375000
11655.525000
11692.600000
11730.025000
11767.525000
11804.525000
11841.625000
11879.050000
11916.100000
11953.150000
11990.475000
12027.600000
12064.525000
12101.975000
12139.225000
12176.225000
12213.475000
12250.925000
12287.850000
12324.950000
12362.350000
12399.275000
12436.275000
12473.625000
12510.725000
12547.750000
12585.175000
12622.325000
12659.350000
12696.675000
12734.100000
12771.025000
12808.150000
12845.575000
12882.550000
12919.600000
12956.975000
12994.075000
13031.000000
13068.375000
13105.525000
13142.600000
13180.025000
13217.525000
13254.525000
13291.625000
13329.050000
13366.100000
13403.150000
13440.475000
13477.600000
13514.525000
13551.975000
13589.225000
13626.225000
13663.475000
13700.925000
13737.850000
13774.950000
13812.325000
13849.275000
13886.275000
13923.625000
13960.725000
13997.750000
14035.150000
14072.325000
14109.350000
14146.675000
14184.100000
14221.025000
14258.150000
14295.575000
14332.550000
14369.600000
14406.975000
14444.075000
14481.000000
14518.375000
14555.525000
14592.600000
14630.025000
14667.525000
14704.525000
14741.625000
14779.050000
14816.100000
14853.150000
14890.475000
14927.600000
14964.525000
15001.975000
15039.225000
15076.200000
15113.475000
15150.925000
15187.850000
15224.950000
15262.325000
15299.275000
15336.275000
15373.625000
15410.725000
15447.750000
15485.150000
15522.325000
15559.350000
15596.675000
15634.100000
15671.025000
15708.150000
15745.575000
15782.550000
15819.600000
15856.975000
15894.075000
15931.000000
15968.375000
16005.525000
16042.600000
16080.025000
16117.525000
16154.525000
16191.625000
16229.050000
16266.100000
16303.150000
16340.475000
16377.600000
16414.525000
16451.975000
16489.225000
16526.200000
16563.475000
16600.925000
16637.850000
16674.950000
16712.325000
16749.275000
16786.275000
16823.625000
16860.725000
16897.750000
16935.150000
16972.325000
17009.350000
17046.675000
17084.100000
17121.025000
17158.150000
17195.575000
17232.550000
17269.600000
17306.975000
17344.075000
17381.000000
17418.375000
17455.525000
17492.600000
17530.025000
17567.525000
17604.525000
17641.625000
17679.050000
17716.100000
17753.150000
17790.475000
17827.600000
17864.525000
17901.975000
17939.225000
17976.200000
18013.475000
18050.925000
18087.850000
18124.950000
18162.325000
18199.275000
18236.275001
18273.625001
18310.725001
18347.750001
18385.150001
18422.325001
18459.350001
18496.675001
18534.100001
18571.025001
18608.150001
18645.575001
18682.550001
18719.600001
18756.975001
18794.075001
18831.000001
18868.375001
18905.525001
18942.600001
18980.025001
19017.525001
19054.525001
19091.625001
19129.050001
19166.100001
19203.150001
19240.475001
19277.600001
19314.525001
19351.975001
19389.225001
19426.200001
19463.475001
19500.925001
19537.850001
19574.950001
19612.325001
19649.275001
19686.275001
19723.625001
19760.725001
19797.750001
19835.150001
19872.325001
19909.350001
19946.675001
19984.100001
20021.025001
20058.150001
20095.575001
20132.550001
20169.600001
20206.975001
20244.075001
20281.000001
20318.375001
20355.525001
20392.600001
20430.025001
20467.525001
20504.525001
20541.625001
20579.050001
20616.100001
20653.150001
20690.475001
20727.600001
20764.525001
20801.975001
20839.225001
20876.200001
20913.475001
20950.925001
20987.850001
21024.950001
21062.325001
21099.275001
21136.275001
21173.625001
21210.725001
21247.750001
21285.150001
21322.325001
21359.350001
21396.675001
21434.100001
21471.025001
21508.150001
21545.575001
21582.550001
21619.600001
21656.975001
21694.075001
21731.000001
21768.375001
21805.525001
21842.600001
21880.025001
21917.525001
21954.525001
21991.625001
22029.050001
22066.100001
22103.150001
22140.475001
22177.600001
22214.525001
22251.975001
22289.225001
22326.200001
22363.475001
22400.925001
22437.850001
22474.950001
22512.325001
22549.275001
22586.275001
22623.625001
22660.725001
22697.750001
22735.150001
22772.325001
22809.350001
22846.675001
22884.100001
22921.025001
22958.150001
22995.575001
23032.550001
23069.600001
23106.975001
23144.075001
23181.000001
23218.375001
23255.525001
23292.600001
23330.025001
23367.525001
23404.525001
23441.625001
23479.050001
23516.100001
23553.150001
23590.475001
23627.600001
23664.525001
23701.975001
23739.225001
23776.200001
23813.475001
23850.925001
23887.850001
23924.950001
23962.325001
23999.275001
24036.275001
24073.625001
24110.725001
24147.750001
24185.150001
24222.325001
24259.350001
24296.675001
24334.100001
24371.025001
24408.150001
24445.575001
24482.550001
24519.600001
24556.975001
24594.075001
24631.000001
24668.375001
24705.525001
24742.600001
24780.025001
24817.525001
24854.525001
24891.625001
24929.050001
24966.100001
25003.150001
25040.475001
25077.600001
25114.525001
25151.975001
25189.225001
25226.200001
25263.475001
25300.925001
25337.850001
25374.950001
25412.325001
25449.275001
25486.275001
25523.625001
25560.725001
25597.750001
25635.150001
25672.325001
25709.350001
25746.675001
25784.100001
25821.025001
25858.150001
25895.575001
25932.550001
25969.600001
26006.975001
26044.075001
26081.000001
26118.375001
26155.525001
26192.600001
26230.025001
26267.525001
26304.525001
26341.625001
26379.050001
26416.100001
26453.150001
26490.475001
26527.600001
26564.525001
26601.975001
26639.225001
26676.200001
26713.475001
26750.925001
26787.850001
26824.950001
26862.325001
26899.275001
26936.275001
26973.625001
27010.725001
27047.750001
27085.150001
27122.325001
27159.350001
27196.675001
27234.100001
27271.025001
27308.150001
27345.575001
27382.550001
27419.600001
27456.975001
27494.075001
27531.000001
27568.375001
27605.525001
27642.600001
27680.025001
27717.525001
27754.525001
27791.625001
27829.050001
27866.100001
27903.150001
27940.475001
27977.600001
28014.525001
28051.975001
28089.225001
28126.200001
28163.475001
28200.925001
28237.850001
28274.950001
28312.325001
28349.275001
28386.275001
28423.625001
28460.725001
28497.750001
28535.150001
28572.325001
28609.350001
28646.675001
28684.100001
28721.025001
28758.150001
28795.575001
28832.550001
28869.600001
28906.975001
28944.075001
28981.000001
29018.375001
29055.525001
29092.600001
29130.025001
29167.525001
29204.525001
29241.625001
29279.050001
29316.100001
29353.150001
29390.475001
29427.600001
29464.525001
29501.975001
29539.925001
29578.250001
29617.425001
29657.150001
29697.325001
29738.675001
29780.775001
29824.325001
29869.150001
29915.400001
29963.700001
30014.500001
30068.925001
30126.800001
30186.900001
30249.950001
30316.425001
30387.275001
30463.750001
30546.925001
30638.100001
30808.200001
30898.850001
31112.750001
31203.550001
31460.050001
31549.250001
31783.400001
31873.125001
32106.825001
32196.425001
32429.350001
32518.875001
32751.475001
32840.975001
33073.425001
33162.900001
33395.275001
33484.750001
33717.075001
33806.550001
34038.875001
34128.350001
34360.650001
34450.125001
34682.425001
34771.900001
