100.000000
31.000000
588.325000
643.875000
692.975000
738.675000
782.000000
824.425000
865.300000
905.625000
945.500000
984.775000
1024.100000
1063.475000
1102.575000
1141.575000
1180.450000
1219.400000
1258.250000
1297.175000
1336.025000
1374.950000
1413.800000
1452.725000
1491.675000
1530.500000
1569.425000
1608.250000
1647.175000
1686.025000
1724.950000
1763.775000
1802.725000
1841.675000
1880.500000
1919.400000
1958.250000
1997.175000
2036.025000
2074.950000
2113.775000
2152.725000
2191.675000
2230.500000
2269.400000
2308.250000
2347.175000
2386.025000
2424.950000
2463.775000
2502.725000
2541.675000
2580.500000
2619.400000
2658.250000
2697.175000
2736.025000
2774.950000
2813.775000
2852.725000
2891.675000
2930.500000
2969.400000
3008.250000
3047.175000
3086.025000
3124.950000
3163.775000
3202.725000
3241.675000
3280.500000
3319.400000
3358.250000
3397.175000
3436.025000
3474.950000
3513.775000
3552.725000
3591.675000
3630.500000
3669.400000
3708.250000
3747.175000
3786.025000
3824.950000
3863.775000
3902.725000
3941.675000
3980.500000
4019.400000
4058.250000
4097.175000
4136.025000
4174.950000
4213.775000
4252.725000
4291.675000
4330.500000
4369.400000
4408.250000
4447.175000
4486.025000
4524.950000
4563.775000
4602.725000
4641.675000
4680.500000
4719.400000
4758.250000
4797.175000
4836.025000
4874.950000
4913.775000
4952.725000
4991.675000
5030.500000
5069.400000
5108.250000
5147.175000
5186.025000
5224.950000
5263.775000
5302.725000
5341.675000
5380.500000
5419.400000
5458.250000
5497.175000
5536.025000
5574.950000
5613.775000
5652.725000
5691.675000
5730.500000
5769.400000
5808.250000
5847.175000
5886.025000
5924.950000
5963.775000
6002.725000
6041.675000
6080.500000
6119.400000
6158.250000
6197.175000
6236.025000
6274.950000
6313.775000
6352.725000
6391.675000
6430.500000
6469.400000
6508.250000
6547.175000
6586.025000
6624.950000
6663.775000
6702.725000
6741.675000
6780.500000
6819.400000
6858.250000
6897.175000
6936.025000
6974.950000
7013.775000
7052.725000
7091.675000
7130.500000
7169.400000
7208.250000
7247.175000
7286.025000
7324.950000
7363.775000
7402.725000
7441.675000
7480.500000
7519.400000
7558.250000
7597.175000
7636.025000
7674.950000
7713.775000
7752.725000
7791.675000
7830.500000
7869.400000
7908.250000
7947.175000
7986.025000
8024.950000
8063.775000
8102.725000
8141.675000
8180.500000
8219.400000
8258.250000
8297.175000
8336.025000
8374.950000
8413.775000
8452.725000
8491.675000
8530.500000
8569.400000
8608.250000
8647.175000
8686.025000
8724.950000
8763.775000
8802.725000
8841.675000
8880.500000
8919.400000
8958.250000
8997.175000
9036.025000
9074.950000
9113.775000
9152.725000
9191.675000
9230.500000
9269.400000
9308.250000
9347.175000
9386.025000
9424.950000
9463.775000
9502.725000
9541.675000
9580.500000
9619.400000
9658.250000
9697.175000
9736.025000
9774.950000
9813.775000
9852.725000
9891.675000
9930.500000
9969.400000
10008.250000
10047.175000
10086.025000
10124.950000
10163.775000
10202.725000
10241.675000
10280.500000
10319.400000
10358.250000
10397.175000
10436.025000
10474.950000
10513.775000
10552.725000
10591.675000
10630.500000
10669.400000
10708.250000
10747.175000
10786.025000
10824.950000
10863.775000
10902.725000
10941.675000
10980.500000
11019.400000
11058.250000
11097.175000
11136.025000
11174.950000
11213.775000
11252.725000
11291.675000
11330.500000
11369.400000
11408.250000
11447.175000
11486.025000
11524.950000
11563.775000
11602.725000
11641.675000
11680.500000
11719.400000
11758.250000
11797.175000
11836.025000
11874.950000
11913.775000
11952.725000
11991.675000
12030.500000
12069.400000
12108.250000
12147.175000
12186.025000
12224.950000
12263.775000
12302.725000
12341.675000
12380.500000
12419.400000
12458.250000
12497.175000
12536.025000
12574.950000
12613.775000
12652.725000
12691.675000
12730.500000
12769.400000
12808.250000
12847.175000
12886.025000
12924.950000
12963.775000
13002.725000
13041.675000
13080.500000
13119.400000
13158.250000
13197.175000
13236.025000
13274.950000
13313.775000
13352.725000
13391.675000
13430.500000
13469.400000
13508.250000
13547.175000
13586.025000
13624.950000
13663.775000
13702.725000
13741.675000
13780.500000
13819.400000
13858.250000
13897.175000
13936.025000
13974.950000
14013.775000
14052.725000
14091.675000
14130.500000
14169.400000
14208.250000
14247.175000
14286.025000
14324.950000
14363.775000
14402.725000
14441.675000
14480.500000
14519.400000
14558.250000
14597.175000
14636.025000
14674.950000
14713.775000
14752.725000
14791.675000
14830.500000
14869.400000
14908.250000
14947.175000
14986.025000
15024.950000
15063.775000
15102.725000
15141.675000
15180.500000
15219.400000
15258.250000
15297.175000
15336.025000
15374.950000
15413.775000
15452.725000
15491.675000
15530.500000
15569.400000
15608.250000
15647.175000
15686.025000
15724.950000
15763.775000
15802.725000
15841.675000
15880.500000
15919.400000
15958.250000
15997.175000
16036.025000
16074.950000
16113.775000
16152.725000
16191.675000
16230.500000
16269.400000
16308.250000
16347.175000
16386.025000
16424.950000
16463.775000
16502.725000
16541.675000
16580.500000
16619.400000
16658.250000
16697.175000
16736.025000
16774.950000
16813.775000
16852.725000
16891.675000
16930.500000
16969.400000
17008.250000
17047.175000
17086.025000
17124.950000
17163.775000
17202.725000
17241.675000
17280.500000
17319.400000
17358.250000
17397.175000
17436.025000
17474.950000
17513.775000
17552.725000
17591.675000
17630.500000
17669.400000
17708.250000
17747.175000
17786.025000
17824.950000
17863.775000
17902.725000
17941.675000
17980.500000
18019.400000
18058.250000
18097.175000
18136.025000
18174.950000
18213.775000
18252.725001
18291.675001
18330.500001
18369.400001
18408.250001
18447.175001
18486.025001
18524.950001
18563.775001
18602.725001
18641.675001
18680.500001
18719.400001
18758.250001
18797.175001
18836.025001
18874.950001
18913.775001
18952.725001
18991.675001
19030.500001
19069.400001
19108.250001
19147.175001
19186.025001
19224.950001
19263.775001
19302.725001
19341.675001
19380.500001
19419.400001
19458.250001
19497.175001
19536.025001
19574.950001
19613.775001
19652.725001
19691.675001
19730.500001
19769.400001
19808.250001
19847.175001
19886.025001
19924.950001
19963.775001
20002.725001
20041.675001
20080.500001
20119.400001
20158.250001
20197.175001
20236.025001
20274.950001
20313.775001
20352.725001
20391.675001
20430.500001
20469.400001
20508.250001
20547.175001
20586.025001
20624.950001
20663.775001
20702.725001
20741.675001
20780.500001
20819.400001
20858.250001
20897.175001
20936.025001
20974.950001
21013.775001
21052.725001
21091.675001
21130.500001
21169.400001
21208.250001
21247.175001
21286.025001
21324.950001
21363.775001
21402.725001
21441.675001
21480.500001
21519.400001
21558.250001
21597.175001
21636.025001
21674.950001
21713.775001
21752.725001
21791.675001
21830.500001
21869.400001
21908.250001
21947.175001
21986.025001
22024.950001
22063.775001
22102.725001
22141.675001
22180.500001
22219.400001
22258.250001
22297.175001
22336.025001
22374.950001
22413.775001
22452.725001
22491.675001
22530.500001
22569.400001
22608.250001
22647.175001
22686.025001
22724.950001
22763.775001
22802.725001
22841.675001
22880.500001
22919.400001
22958.250001
22997.175001
23036.025001
23074.950001
23113.775001
23152.725001
23191.675001
23230.500001
23269.400001
23308.250001
23347.175001
23386.025001
23424.950001
23463.775001
23502.725001
23541.675001
23580.500001
23619.400001
23658.250001
23697.175001
23736.025001
23774.950001
23813.775001
23852.725001
23891.675001
23930.500001
23969.400001
24008.250001
24047.175001
24086.025001
24124.950001
24163.775001
24202.725001
24241.675001
24280.500001
24319.400001
24358.250001
24397.175001
24436.025001
24474.950001
24513.775001
24552.725001
24591.675001
24630.500001
24669.400001
24708.250001
24747.175001
24786.025001
24824.950001
24863.775001
24902.725001
24941.675001
24980.500001
25019.400001
25058.250001
25097.175001
25136.025001
25174.950001
25213.775001
25252.725001
25291.675001
25330.500001
25369.400001
25408.250001
25447.175001
25486.025001
25524.950001
25563.775001
25602.725001
25641.675001
25680.500001
25719.400001
25758.250001
25797.175001
25836.025001
25874.950001
25913.775001
25952.725001
25991.675001
26030.500001
26069.400001
26108.250001
26147.175001
26186.025001
26224.950001
26263.775001
26302.725001
26341.675001
26380.500001
26419.400001
26458.250001
26497.175001
26536.025001
26574.950001
26613.775001
26652.725001
26691.675001
26730.500001
26769.400001
26808.250001
26847.175001
26886.025001
26924.950001
26963.775001
27002.725001
27041.675001
27080.500001
27119.400001
27158.250001
27197.175001
27236.025001
27274.950001
27313.775001
27352.725001
27391.675001
27430.500001
27469.400001
27508.250001
27547.175001
27586.025001
27624.950001
27663.775001
27702.725001
27741.675001
27780.500001
27819.400001
27858.250001
27897.175001
27936.025001
27974.950001
28013.775001
28052.725001
28091.675001
28130.500001
28169.400001
28208.250001
28247.175001
28286.025001
28324.950001
28363.775001
28402.725001
28441.675001
28480.500001
28519.400001
28558.250001
28597.175001
28636.025001
28674.950001
28713.775001
28752.725001
28791.675001
28830.500001
28869.400001
28908.250001
28947.175001
28986.025001
29024.950001
29063.775001
29102.725001
29141.675001
29180.500001
29219.400001
29258.875001
29299.250001
29340.600001
29381.875001
29424.425001
29467.925001
29512.075001
29557.200001
29602.975001
29650.375001
29698.800001
29749.000001
29801.500001
29856.450001
29914.475001
29977.300001
30048.925001
30388.775001
30673.475001
31056.950001
31456.200001
31891.300001
32374.075001
32856.775001
33355.450001
33855.000001
34355.900001
34856.450001
