1.000000
28.000000
461.525000
526.450000
580.675000
628.675000
672.050000
713.525000
753.725000
792.850000
831.300000
869.375000
907.175000
944.625000
981.775000
1019.050000
1056.400000
1093.175000
1130.250000
1167.525000
1204.250000
1241.325000
1278.350000
1315.125000
1352.125000
1389.025000
1425.775000
1462.875000
1499.750000
1536.225000
1573.400000
1609.900000
1646.875000
1683.775000
1720.550000
1757.575000
1794.500000
1831.125000
1868.200000
1905.075000
1941.775000
1978.975000
2015.450000
2052.400000
2089.300000
2126.075000
2163.100000
2200.000000
2236.525000
2273.625000
2310.325000
2347.150000
2384.300000
2420.825000
2457.850000
2494.825000
2531.600000
2568.575000
2605.500000
2642.150000
2679.275000
2716.050000
2752.800000
2789.950000
2826.425000
2863.450000
2900.400000
2937.175000
2974.100000
3011.000000
3047.575000
3084.675000
3121.200000
3158.100000
3195.200000
3231.900000
3268.925000
3305.800000
3342.600000
3379.700000
3416.650000
3453.225000
3490.325000
3526.950000
3563.775000
3600.925000
3637.525000
3674.525000
3711.375000
3748.150000
3785.200000
3822.100000
3858.575000
3895.700000
3932.250000
3969.175000
4006.175000
4042.925000
4079.975000
4116.975000
4153.750000
4190.775000
4227.675000
4264.150000
4301.250000
4337.800000
4374.725000
4411.650000
4448.425000
4485.450000
4522.350000
4559.000000
4596.050000
4632.925000
4669.575000
4706.725000
4743.200000
4780.200000
4817.275000
4854.050000
4891.075000
4927.975000
4964.675000
5001.700000
5038.575000
5075.150000
5112.300000
5148.725000
5185.725000
5222.700000
5259.475000
5296.425000
5333.325000
5370.000000
5407.075000
5443.850000
5480.575000
5517.775000
5554.350000
5591.325000
5628.300000
5665.050000
5702.025000
5738.900000
5775.575000
5812.650000
5849.425000
5886.125000
5923.300000
5959.825000
5996.800000
6033.675000
6070.475000
6107.500000
6144.425000
6180.950000
6218.050000
6254.825000
6291.650000
6328.850000
6365.350000
6402.325000
6439.200000
6475.975000
6513.025000
6549.925000
6586.400000
6623.500000
6660.075000
6696.975000
6733.950000
6770.700000
6807.725000
6844.650000
6881.375000
6918.425000
6955.325000
6991.925000
7029.075000
7065.600000
7102.525000
7139.475000
7176.225000
7213.250000
7250.150000
7286.825000
7323.850000
7360.725000
7397.350000
7434.500000
7470.950000
7507.950000
7544.950000
7581.725000
7618.700000
7655.600000
7692.375000
7729.500000
7766.400000
7802.925000
7840.075000
7876.525000
7913.500000
7950.475000
7987.250000
8024.200000
8061.100000
8097.725000
8134.825000
8171.525000
8208.300000
8245.475000
8282.025000
8319.025000
8355.925000
8392.750000
8429.800000
8466.750000
8503.425000
8540.525000
8577.325000
8613.950000
8651.125000
8687.625000
8724.600000
8761.475000
8798.250000
8835.275000
8872.175000
8908.675000
8945.775000
8982.425000
9019.300000
9056.425000
9093.050000
9130.075000
9167.100000
9203.925000
9240.900000
9277.800000
9314.375000
9351.425000
9388.175000
9424.975000
9462.125000
9498.625000
9535.650000
9572.600000
9609.350000
9646.325000
9683.225000
9719.800000
9756.900000
9793.450000
9830.350000
9867.525000
9904.200000
9941.225000
9978.125000
10014.875000
10051.850000
10088.750000
10125.300000
10162.425000
10198.900000
10235.825000
10272.875000
10309.600000
10346.600000
10383.475000
10420.225000
10457.300000
10494.200000
10530.700000
10567.875000
10604.450000
10641.400000
10678.425000
10715.150000
10752.125000
10789.000000
10825.750000
10862.825000
10899.675000
10936.200000
10973.375000
11009.875000
11046.850000
11083.725000
11120.525000
11157.550000
11194.450000
11231.025000
11268.125000
11304.950000
11341.725000
11378.925000
11415.400000
11452.375000
11489.250000
11526.025000
11563.050000
11599.950000
11636.450000
11673.550000
11710.175000
11747.050000
11784.125000
11820.775000
11857.800000
11894.750000
11931.500000
11968.500000
12005.425000
12042.050000
12079.175000
12115.800000
12152.650000
12189.775000
12226.375000
12263.375000
12300.325000
12337.075000
12374.025000
12410.925000
12447.475000
12484.600000
12521.075000
12558.025000
12595.050000
12631.825000
12668.825000
12705.700000
12742.500000
12779.625000
12816.550000
12853.075000
12890.200000
12926.650000
12963.575000
13000.625000
13037.375000
13074.350000
13111.225000
13147.950000
13185.050000
13221.900000
13258.425000
13295.600000
13332.100000
13369.100000
13406.000000
13442.825000
13479.875000
13516.825000
13553.550000
13590.625000
13627.500000
13664.000000
13701.150000
13737.675000
13774.625000
13811.500000
13848.300000
13885.300000
13922.225000
13958.750000
13995.825000
14032.525000
14069.375000
14106.525000
14143.075000
14180.125000
14217.150000
14253.950000
14290.975000
14327.850000
14364.475000
14401.525000
14438.350000
14475.050000
14512.225000
14548.675000
14585.675000
14622.650000
14659.425000
14696.350000
14733.275000
14769.875000
14806.975000
14843.600000
14880.450000
14917.650000
14954.250000
14991.275000
15028.200000
15064.975000
15101.925000
15138.800000
15175.400000
15212.500000
15249.050000
15285.925000
15323.050000
15359.700000
15396.700000
15433.575000
15470.350000
15507.425000
15544.325000
15580.800000
15617.950000
15654.575000
15691.500000
15728.600000
15765.250000
15802.250000
15839.100000
15875.875000
15912.925000
15949.825000
15986.275000
16023.425000
16059.950000
16096.900000
16133.800000
16170.575000
16207.600000
16244.525000
16281.150000
16318.250000
16355.125000
16391.800000
16429.000000
16465.475000
16502.425000
16539.325000
16576.100000
16613.100000
16650.025000
16686.575000
16723.650000
16760.375000
16797.200000
16834.350000
16870.850000
16907.875000
16944.850000
16981.625000
17018.600000
17055.500000
17092.175000
17129.300000
17166.100000
17202.825000
17239.975000
17276.450000
17313.450000
17350.425000
17387.175000
17424.125000
17461.025000
17497.600000
17534.700000
17571.250000
17608.125000
17645.275000
17681.925000
17718.950000
17755.825000
17792.650000
17829.725000
17866.675000
17903.275000
17940.375000
17977.050000
18013.825000
18051.000000
18087.550000
18124.550000
18161.400000
18198.200000
18235.225001
18272.125001
18308.600001
18345.725001
18382.300001
18419.225001
18456.250001
18492.975001
18530.025001
18567.000001
18603.800001
18640.825001
18677.725001
18714.200001
18751.300001
18787.875001
18824.775001
18861.775001
18898.500001
18935.500001
18972.425001
19009.125001
19046.150001
19083.050001
19119.625001
19156.775001
19193.250001
19230.225001
19267.300001
19304.075001
19341.125001
19378.000001
19414.725001
19451.725001
19488.625001
19525.175001
19562.325001
19598.750001
19635.725001
19672.725001
19709.500001
19746.450001
19783.350001
19820.025001
19857.125001
19893.925001
19930.600001
19967.800001
20004.350001
20041.350001
20078.300001
20115.075001
20152.050001
20188.925001
20225.600001
20262.700001
20299.475001
20336.150001
20373.325001
20409.825001
20446.825001
20483.675001
20520.475001
20557.500001
20594.425001
20630.975001
20668.075001
20704.850001
20741.675001
20778.875001
20815.350001
20852.350001
20889.225001
20926.000001
20963.025001
20999.925001
21036.400001
21073.525001
21110.100001
21147.000001
21184.000001
21220.725001
21257.750001
21294.675001
21331.400001
21368.450001
21405.350001
21441.950001
21479.100001
21515.625001
21552.550001
21589.525001
21626.250001
21663.275001
21700.200001
21736.875001
21773.900001
21810.800001
21847.375001
21884.525001
21920.975001
21957.950001
21994.950001
22031.750001
22068.725001
22105.625001
22142.400001
22179.525001
22216.425001
22252.950001
22290.100001
22326.525001
22363.500001
22400.500001
22437.275001
22474.225001
22511.100001
22547.775001
22584.850001
22621.600001
22658.325001
22695.500001
22732.050001
22769.050001
22805.950001
22842.750001
22879.800001
22916.775001
22953.450001
22990.550001
23027.375001
23063.950001
23101.125001
23137.625001
23174.625001
23211.475001
23248.275001
23285.275001
23322.200001
23358.700001
23395.800001
23432.450001
23469.325001
23506.450001
23543.050001
23580.100001
23617.125001
23653.925001
23690.925001
23727.825001
23764.400001
23801.450001
23838.225001
23875.000001
23912.150001
23948.650001
23985.650001
24022.600001
24059.375001
24096.325001
24133.225001
24169.825001
24206.925001
24243.475001
24280.375001
24317.550001
24354.200001
24391.250001
24428.150001
24464.900001
24501.875001
24538.775001
24575.325001
24612.425001
24648.925001
24685.825001
24722.900001
24759.625001
24796.600001
24833.475001
24870.250001
24907.325001
24944.225001
24980.725001
25017.875001
25054.450001
25091.425001
25128.450001
25165.175001
25202.150001
25239.025001
25275.775001
25312.850001
25349.700001
25386.200001
25423.375001
25459.875001
25496.850001
25533.725001
25570.525001
25607.550001
25644.475001
25681.050001
25718.125001
25754.975001
25791.750001
25828.950001
25865.400001
25902.375001
25939.275001
25976.050001
26013.075001
26049.975001
26086.475001
26123.575001
26160.200001
26197.075001
26234.150001
26270.800001
26307.825001
26344.775001
26381.525001
26418.525001
26455.450001
26492.075001
26529.200001
26565.850001
26602.700001
26639.825001
26676.375001
26713.400001
26750.350001
26787.100001
26824.050001
26860.950001
26897.500001
26934.625001
26971.100001
27008.025001
27045.100001
27081.850001
27118.850001
27155.725001
27192.525001
27229.650001
27266.575001
27303.125001
27340.225001
27376.725001
27413.625001
27450.675001
27487.400001
27524.400001
27561.250001
27598.000001
27635.100001
27671.950001
27708.450001
27745.625001
27782.125001
27819.100001
27856.025001
27892.825001
27929.875001
27966.850001
28003.600001
28040.650001
28077.525001
28114.025001
28151.175001
28187.675001
28224.650001
28261.525001
28298.300001
28335.325001
28372.225001
28408.775001
28445.850001
28482.575001
28519.400001
28556.575001
28593.100001
28630.125001
28667.175001
28703.975001
28740.975001
28777.875001
28814.500001
28851.550001
28888.400001
28925.075001
28962.250001
28998.675001
29035.700001
29072.650001
29109.425001
29146.375001
29183.275001
29219.900001
29257.000001
29293.650001
29330.475001
29367.700001
29404.275001
29441.300001
29478.225001
29514.975001
29552.575001
29590.900001
29629.950001
29669.425001
29709.675001
29751.075001
29793.150001
29836.425001
29881.175001
29927.600001
29975.925001
30026.850001
30081.350001
30138.375001
30197.425001
30259.050001
30323.725001
30391.775001
30463.075001
30537.025001
30612.900001
30690.150001
30768.325001
30847.225001
30926.725001
31006.775001
31087.375001
31168.575001
31250.450001
31333.150001
31416.900001
31502.100001
31589.125001
31678.250001
31769.825001
31864.575001
31963.650001
32068.450001
32224.475001
32315.700001
32413.050001
32513.625001
32615.950001
32718.975001
32822.350001
32926.075001
33030.200001
33134.775001
33239.875001
33345.625001
33452.200001
33559.650001
33670.150001
33773.425001
33950.750001
34040.975001
34139.075001
34296.275001
34388.225001
34487.600001
34662.900001
34752.900001
34850.300001
34953.175001
