1.000000
38.000000
637.325000
698.425000
752.050000
799.650000
843.750000
886.075000
927.150000
967.875000
1007.425000
1046.700000
1085.675000
1124.400000
1163.050000
1201.475000
1239.900000
1277.950000
1315.825000
1353.975000
1391.750000
1430.050000
1468.175000
1506.375000
1544.375000
1582.000000
1619.700000
1657.900000
1695.950000
1734.100000
1772.125000
1809.725000
1847.400000
1885.625000
1923.700000
1961.750000
1999.800000
2037.450000
2075.100000
2113.350000
2151.450000
2189.450000
2227.500000
2265.200000
2302.850000
2341.150000
2379.325000
2417.550000
2455.475000
2493.075000
2530.675000
2568.950000
2607.075000
2645.250000
2683.200000
2720.800000
2758.400000
2796.650000
2834.800000
2872.925000
2910.950000
2948.550000
2986.150000
3024.400000
3062.575000
3100.675000
3138.700000
3176.300000
3213.925000
3252.150000
3290.350000
3328.475000
3366.575000
3404.225000
3441.925000
3480.150000
3518.175000
3556.350000
3594.350000
3631.975000
3669.625000
3707.850000
3745.925000
3783.975000
3822.050000
3859.675000
3897.325000
3935.575000
3973.675000
4011.650000
4049.725000
4087.400000
4125.075000
4163.300000
4201.425000
4239.375000
4277.400000
4315.175000
4352.850000
4391.125000
4429.300000
4467.550000
4505.475000
4543.075000
4580.675000
4618.925000
4657.075000
4695.250000
4733.200000
4770.800000
4808.400000
4846.650000
4884.800000
4922.925000
4960.950000
4998.550000
5036.150000
5074.375000
5112.575000
5150.675000
5188.700000
5226.300000
5263.925000
5302.150000
5340.350000
5378.475000
5416.575000
5454.225000
5491.925000
5530.150000
5568.175000
5606.350000
5644.350000
5681.975000
5719.625000
5757.850000
5795.925000
5833.975000
5872.050000
5909.675000
5947.325000
5985.575000
6023.675000
6061.650000
6099.725000
6137.400000
6175.075000
6213.300000
6251.425000
6289.375000
6327.400000
6365.175000
6402.850000
6441.125000
6479.300000
6517.550000
6555.475000
6593.075000
6630.675000
6668.925000
6707.075000
6745.250000
6783.200000
6820.800000
6858.400000
6896.650000
6934.800000
6972.925000
7010.950000
7048.550000
7086.150000
7124.375000
7162.575000
7200.675000
7238.700000
7276.300000
7313.925000
7352.150000
7390.350000
7428.475000
7466.575000
7504.225000
7541.925000
7580.150000
7618.175000
7656.350000
7694.350000
7731.975000
7769.625000
7807.850000
7845.925000
7883.975000
7922.050000
7959.675000
7997.325000
8035.575000
8073.675000
8111.650000
8149.725000
8187.400000
8225.075000
8263.300000
8301.425000
8339.375000
8377.400000
8415.175000
8452.850000
8491.125000
8529.300000
8567.550000
8605.475000
8643.075000
8680.675000
8718.925000
8757.075000
8795.250000
8833.200000
8870.800000
8908.400000
8946.650000
8984.800000
9022.925000
9060.950000
9098.550000
9136.150000
9174.375000
9212.575000
9250.675000
9288.700000
9326.300000
9363.925000
9402.150000
9440.350000
9478.475000
9516.575000
9554.225000
9591.925000
9630.150000
9668.175000
9706.350000
9744.350000
9781.975000
9819.625000
9857.850000
9895.925000
9933.975000
9972.050000
10009.675000
10047.325000
10085.575000
10123.675000
10161.650000
10199.725000
10237.400000
10275.075000
10313.300000
10351.425000
10389.375000
10427.400000
10465.175000
10502.850000
10541.125000
10579.300000
10617.550000
10655.475000
10693.075000
10730.675000
10768.925000
10807.075000
10845.250000
10883.200000
10920.800000
10958.400000
10996.650000
11034.800000
11072.925000
11110.950000
11148.550000
11186.150000
11224.375000
11262.575000
11300.675000
11338.700000
11376.300000
11413.925000
11452.150000
11490.350000
11528.475000
11566.575000
11604.225000
11641.925000
11680.150000
11718.175000
11756.350000
11794.350000
11831.975000
11869.625000
11907.850000
11945.925000
11983.975000
12022.050000
12059.675000
12097.325000
12135.575000
12173.675000
12211.650000
12249.725000
12287.400000
12325.075000
12363.300000
12401.425000
12439.375000
12477.400000
12515.175000
12552.850000
12591.125000
12629.300000
12667.550000
12705.475000
12743.075000
12780.675000
12818.925000
12857.075000
12895.250000
12933.200000
12970.800000
13008.400000
13046.650000
13084.800000
13122.925000
13160.950000
13198.550000
13236.150000
13274.375000
13312.575000
13350.675000
13388.700000
13426.300000
13463.925000
13502.150000
13540.350000
13578.475000
13616.575000
13654.225000
13691.925000
13730.150000
13768.175000
13806.350000
13844.350000
13881.975000
13919.625000
13957.850000
13995.925000
14033.975000
14072.050000
14109.675000
14147.325000
14185.575000
14223.675000
14261.650000
14299.725000
14337.400000
14375.075000
14413.300000
14451.425000
14489.375000
14527.400000
14565.175000
14602.850000
14641.125000
14679.300000
14717.550000
14755.475000
14793.075000
14830.675000
14868.925000
14907.075000
14945.250000
14983.200000
15020.800000
15058.400000
15096.650000
15134.800000
15172.925000
15210.950000
15248.550000
15286.150000
15324.375000
15362.575000
15400.675000
15438.700000
15476.300000
15513.925000
15552.150000
15590.350000
15628.475000
15666.575000
15704.225000
15741.925000
15780.150000
15818.175000
15856.350000
15894.350000
15931.975000
15969.625000
16007.850000
16045.925000
16083.975000
16122.050000
16159.675000
16197.325000
16235.575000
16273.675000
16311.650000
16349.725000
16387.400000
16425.075000
16463.300000
16501.425000
16539.375000
16577.400000
16615.175000
16652.850000
16691.125000
16729.300000
16767.550000
16805.475000
16843.075000
16880.675000
16918.925000
16957.075000
16995.250000
17033.200000
17070.800000
17108.400000
17146.650000
17184.800000
17222.925000
17260.950000
17298.550000
17336.150000
17374.375000
17412.575000
17450.675000
17488.700000
17526.300000
17563.925000
17602.150000
17640.350000
17678.475000
17716.575000
17754.225000
17791.925000
17830.150000
17868.175000
17906.350000
17944.350000
17981.975000
18019.625000
18057.850000
18095.925000
18133.975000
18172.050000
18209.675000
18247.325001
18285.575001
18323.675001
18361.650001
18399.725001
18437.400001
18475.075001
18513.300001
18551.425001
18589.375001
18627.400001
18665.175001
18702.850001
18741.125001
18779.300001
18817.550001
18855.475001
18893.075001
18930.675001
18968.925001
19007.075001
19045.250001
19083.200001
19120.800001
19158.400001
19196.650001
19234.800001
19272.925001
19310.950001
19348.550001
19386.150001
19424.375001
19462.575001
19500.675001
19538.700001
19576.300001
19613.925001
19652.150001
19690.350001
19728.475001
19766.575001
19804.225001
19841.925001
19880.150001
19918.175001
19956.350001
19994.350001
20031.975001
20069.625001
20107.850001
20145.925001
20183.975001
20222.050001
20259.675001
20297.325001
20335.575001
20373.675001
20411.650001
20449.725001
20487.400001
20525.075001
20563.300001
20601.425001
20639.375001
20677.400001
20715.175001
20752.850001
20791.125001
20829.300001
20867.550001
20905.475001
20943.075001
20980.675001
21018.925001
21057.075001
21095.250001
21133.200001
21170.800001
21208.400001
21246.650001
21284.800001
21322.925001
21360.950001
21398.550001
21436.150001
21474.375001
21512.575001
21550.675001
21588.700001
21626.300001
21663.925001
21702.150001
21740.350001
21778.475001
21816.575001
21854.225001
21891.925001
21930.150001
21968.175001
22006.350001
22044.350001
22081.975001
22119.625001
22157.850001
22195.925001
22233.975001
22272.050001
22309.675001
22347.325001
22385.575001
22423.675001
22461.650001
22499.725001
22537.400001
22575.075001
22613.300001
22651.425001
22689.375001
22727.400001
22765.175001
22802.850001
22841.125001
22879.300001
22917.550001
22955.475001
22993.075001
23030.675001
23068.925001
23107.075001
23145.250001
23183.200001
23220.800001
23258.400001
23296.650001
23334.800001
23372.925001
23410.950001
23448.550001
23486.150001
23524.375001
23562.575001
23600.675001
23638.700001
23676.300001
23713.925001
23752.150001
23790.350001
23828.475001
23866.575001
23904.225001
23941.925001
23980.150001
24018.175001
24056.350001
24094.350001
24131.975001
24169.625001
24207.850001
24245.925001
24283.975001
24322.050001
24359.675001
24397.325001
24435.575001
24473.675001
24511.650001
24549.725001
24587.400001
24625.075001
24663.300001
24701.425001
24739.375001
24777.400001
24815.175001
24852.850001
24891.125001
24929.300001
24967.550001
25005.475001
25043.075001
25080.675001
25118.925001
25157.075001
25195.250001
25233.200001
25270.800001
25308.400001
25346.650001
25384.800001
25422.925001
25460.950001
25498.550001
25536.150001
25574.375001
25612.575001
25650.675001
25688.700001
25726.300001
25763.925001
25802.150001
25840.350001
25878.475001
25916.575001
25954.225001
25991.925001
26030.150001
26068.175001
26106.350001
26144.350001
26181.975001
26219.625001
26257.850001
26295.925001
26333.975001
26372.050001
26409.675001
26447.325001
26485.575001
26523.675001
26561.650001
26599.725001
26637.400001
26675.075001
26713.300001
26751.425001
26789.375001
26827.400001
26865.175001
26902.850001
26941.125001
26979.300001
27017.550001
27055.475001
27093.075001
27130.675001
27168.925001
27207.075001
27245.250001
27283.200001
27320.800001
27358.400001
27396.650001
27434.800001
27472.925001
27510.950001
27548.550001
27586.150001
27624.375001
27662.575001
27700.675001
27738.700001
27776.300001
27813.925001
27852.150001
27890.350001
27928.475001
27966.575001
28004.225001
28041.925001
28080.150001
28118.175001
28156.350001
28194.350001
28231.975001
28269.625001
28307.850001
28345.925001
28383.975001
28422.050001
28459.675001
28497.325001
28535.575001
28573.675001
28611.650001
28649.725001
28687.400001
28725.075001
28763.300001
28801.425001
28839.375001
28877.400001
28915.175001
28952.850001
28991.125001
29029.300001
29067.550001
29105.475001
29143.075001
29180.675001
29218.925001
29257.075001
29295.250001
29333.200001
29370.800001
29409.400001
29448.500001
29488.550001
29529.525001
29570.850001
29613.600001
29657.625001
29702.800001
29749.725001
29798.575001
29850.450001
29906.525001
29969.875001
