10.000000
5.000000
247.875000
324.850000
390.450000
448.775000
502.275000
552.275000
601.100000
647.725000
693.250000
738.000000
782.275000
826.150000
869.725000
913.375000
956.950000
1000.200000
1043.275000
1086.275000
1129.625000
1172.975000
1216.200000
1259.275000
1302.425000
1345.625000
1388.575000
1431.575000
1474.625000
1517.825000
1560.750000
1603.775000
1646.825000
1690.000000
1732.950000
1775.925000
1819.050000
1862.200000
1905.175000
1948.125000
1991.275000
2034.425000
2077.350000
2120.375000
2163.450000
2206.675000
2249.575000
2292.600000
2335.675000
2378.925000
2421.800000
2464.775000
2507.900000
2551.075000
2594.050000
2637.000000
2680.150000
2723.300000
2766.300000
2809.225000
2852.325000
2895.525000
2938.450000
2981.475000
3024.550000
3067.775000
3110.675000
3153.725000
3196.800000
3239.975000
3282.925000
3325.900000
3369.025000
3412.200000
3455.175000
3498.125000
3541.275000
3584.425000
3627.325000
3670.350000
3713.450000
3756.675000
3799.550000
3842.600000
3885.675000
3928.925000
3971.800000
4014.775000
4057.900000
4101.075000
4144.025000
4187.000000
4230.125000
4273.300000
4316.300000
4359.225000
4402.325000
4445.525000
4488.450000
4531.475000
4574.550000
4617.775000
4660.675000
4703.725000
4746.800000
4789.975000
4832.925000
4875.900000
4919.025000
4962.200000
5005.175000
5048.125000
5091.275000
5134.425000
5177.325000
5220.350000
5263.450000
5306.675000
5349.550000
5392.600000
5435.675000
5478.925000
5521.800000
5564.775000
5607.900000
5651.075000
5694.025000
5737.000000
5780.125000
5823.300000
5866.300000
5909.225000
5952.325000
5995.525000
6038.450000
6081.475000
6124.550000
6167.775000
6210.675000
6253.725000
6296.800000
6339.975000
6382.925000
6425.900000
6469.025000
6512.200000
6555.175000
6598.125000
6641.275000
6684.425000
6727.325000
6770.350000
6813.450000
6856.675000
6899.550000
6942.600000
6985.675000
7028.925000
7071.800000
7114.775000
7157.900000
7201.075000
7244.025000
7287.000000
7330.125000
7373.300000
7416.300000
7459.225000
7502.325000
7545.525000
7588.450000
7631.475000
7674.550000
7717.775000
7760.675000
7803.725000
7846.800000
7889.975000
7932.925000
7975.900000
8019.025000
8062.200000
8105.175000
8148.125000
8191.275000
8234.425000
8277.325000
8320.350000
8363.450000
8406.675000
8449.550000
8492.600000
8535.675000
8578.925000
8621.800000
8664.775000
8707.900000
8751.075000
8794.025000
8837.000000
8880.125000
8923.300000
8966.300000
9009.225000
9052.325000
9095.525000
9138.450000
9181.475000
9224.550000
9267.775000
9310.675000
9353.725000
9396.800000
9439.975000
9482.925000
9525.900000
9569.025000
9612.200000
9655.175000
9698.125000
9741.275000
9784.425000
9827.325000
9870.350000
9913.450000
9956.675000
9999.550000
10042.600000
10085.675000
10128.925000
10171.800000
10214.775000
10257.900000
10301.075000
10344.025000
10387.000000
10430.125000
10473.300000
10516.300000
10559.225000
10602.325000
10645.525000
10688.450000
10731.475000
10774.550000
10817.775000
10860.675000
10903.725000
10946.800000
10989.975000
11032.925000
11075.900000
11119.025000
11162.200000
11205.175000
11248.125000
11291.275000
11334.425000
11377.325000
11420.350000
11463.450000
11506.675000
11549.550000
11592.600000
11635.675000
11678.925000
11721.800000
11764.775000
11807.900000
11851.075000
11894.025000
11937.000000
11980.125000
12023.300000
12066.300000
12109.225000
12152.325000
12195.525000
12238.450000
12281.475000
12324.550000
12367.775000
12410.675000
12453.725000
12496.800000
12539.975000
12582.925000
12625.900000
12669.025000
12712.200000
12755.175000
12798.125000
12841.275000
12884.425000
12927.325000
12970.350000
13013.450000
13056.675000
13099.550000
13142.600000
13185.675000
13228.925000
13271.800000
13314.775000
13357.900000
13401.075000
13444.025000
13487.000000
13530.125000
13573.300000
13616.300000
13659.225000
13702.325000
13745.525000
13788.450000
13831.475000
13874.550000
13917.775000
13960.675000
14003.725000
14046.800000
14089.975000
14132.925000
14175.900000
14219.025000
14262.200000
14305.175000
14348.125000
14391.275000
14434.425000
14477.325000
14520.350000
14563.450000
14606.675000
14649.550000
14692.600000
14735.675000
14778.925000
14821.800000
14864.775000
14907.900000
14951.075000
14994.025000
15037.000000
15080.125000
15123.300000
15166.300000
15209.225000
15252.325000
15295.525000
15338.450000
15381.475000
15424.550000
15467.775000
15510.675000
15553.725000
15596.800000
15639.975000
15682.925000
15725.900000
15769.025000
15812.200000
15855.175000
15898.125000
15941.275000
15984.425000
16027.325000
16070.350000
16113.450000
16156.675000
16199.550000
16242.600000
16285.675000
16328.925000
16371.800000
16414.775000
16457.900000
16501.075000
16544.025000
16587.000000
16630.125000
16673.300000
16716.300000
16759.225000
16802.325000
16845.525000
16888.450000
16931.475000
16974.550000
17017.775000
17060.675000
17103.725000
17146.800000
17189.975000
17232.925000
17275.900000
17319.025000
17362.200000
17405.175000
17448.125000
17491.275000
17534.425000
17577.325000
17620.350000
17663.450000
17706.675000
17749.550000
17792.600000
17835.675000
17878.925000
17921.800000
17964.775000
18007.900000
18051.075000
18094.025000
18137.000000
18180.125000
18223.300000
18266.300001
18309.225001
18352.325001
18395.525001
18438.450001
18481.475001
18524.550001
18567.775001
18610.675001
18653.725001
18696.800001
18739.975001
18782.925001
18825.900001
18869.025001
18912.200001
18955.175001
18998.125001
19041.275001
19084.425001
19127.325001
19170.350001
19213.450001
19256.675001
19299.550001
19342.600001
19385.675001
19428.925001
19471.800001
19514.775001
19557.900001
19601.075001
19644.025001
19687.000001
19730.125001
19773.300001
19816.300001
19859.225001
19902.325001
19945.525001
19988.450001
20031.475001
20074.550001
20117.775001
20160.675001
20203.725001
20246.800001
20289.975001
20332.925001
20375.900001
20419.025001
20462.200001
20505.175001
20548.125001
20591.275001
20634.425001
20677.325001
20720.350001
20763.450001
20806.675001
20849.550001
20892.600001
20935.675001
20978.925001
21021.800001
21064.775001
21107.900001
21151.075001
21194.025001
21237.000001
21280.125001
21323.300001
21366.300001
21409.225001
21452.325001
21495.525001
21538.450001
21581.475001
21624.550001
21667.775001
21710.675001
21753.725001
21796.800001
21839.975001
21882.925001
21925.900001
21969.025001
22012.200001
22055.175001
22098.125001
22141.275001
22184.425001
22227.325001
22270.350001
22313.450001
22356.675001
22399.550001
22442.600001
22485.675001
22528.925001
22571.800001
22614.775001
22657.900001
22701.075001
22744.025001
22787.000001
22830.125001
22873.300001
22916.300001
22959.225001
23002.325001
23045.525001
23088.450001
23131.475001
23174.550001
23217.775001
23260.675001
23303.725001
23346.800001
23389.975001
23432.925001
23475.900001
23519.025001
23562.200001
23605.175001
23648.125001
23691.275001
23734.425001
23777.325001
23820.350001
23863.450001
23906.675001
23949.550001
23992.600001
24035.675001
24078.925001
24121.800001
24164.775001
24207.900001
24251.075001
24294.025001
24337.000001
24380.125001
24423.300001
24466.300001
24509.225001
24552.325001
24595.525001
24638.450001
24681.475001
24724.550001
24767.775001
24810.675001
24853.725001
24896.800001
24939.975001
24982.925001
25025.900001
25069.025001
25112.200001
25155.175001
25198.125001
25241.275001
25284.425001
25327.325001
25370.350001
25413.450001
25456.675001
25499.550001
25542.600001
25585.675001
25628.925001
25671.800001
25714.775001
25757.900001
25801.075001
25844.025001
25887.000001
25930.125001
25973.300001
26016.300001
26059.225001
26102.325001
26145.525001
26188.450001
26231.475001
26274.550001
26317.775001
26360.675001
26403.725001
26446.800001
26489.975001
26532.925001
26575.900001
26619.025001
26662.200001
26705.175001
26748.125001
26791.275001
26834.425001
26877.325001
26920.350001
26963.450001
27006.675001
27049.550001
27092.600001
27135.675001
27178.925001
27221.800001
27264.775001
27307.900001
27351.075001
27394.025001
27437.000001
27480.125001
27523.300001
27566.300001
27609.225001
27652.325001
27695.525001
27738.450001
27781.475001
27824.550001
27867.775001
27910.675001
27953.725001
27996.800001
28039.975001
28082.925001
28125.900001
28169.025001
28212.200001
28255.175001
28298.125001
28341.275001
28384.425001
28427.325001
28470.350001
28513.450001
28556.675001
28599.550001
28642.600001
28685.675001
28728.925001
28771.800001
28814.775001
28857.900001
28901.075001
28944.025001
28987.000001
29030.125001
29073.300001
29116.300001
29159.225001
29202.325001
29245.525001
29288.450001
29331.475001
29374.550001
29417.775001
29460.675001
29503.725001
29546.800001
29589.975001
29632.925001
29676.250001
29721.725001
29769.025001
29818.450001
29870.475001
29926.075001
29986.775001
30056.175001
30135.725001
30217.500001
30302.575001
30391.425001
30484.275001
30581.175001
30682.300001
30786.675001
30893.575001
31003.600001
31118.650001
31246.575001
31613.925001
31723.025001
31839.625001
31960.700001
32085.075001
32212.000001
32340.675001
32470.175001
32600.375001
32730.950001
32862.075001
32992.975001
33125.900001
33254.725001
33581.350001
33690.850001
33807.675001
33928.900001
34053.375001
34180.350001
34309.025001
34438.550001
34568.750001
34699.325001
34830.425001
34961.350001
