200.000000
0.000000
450.425000
492.325000
528.500000
561.700000
592.550000
622.700000
651.275000
679.550000
706.775000
733.950000
760.475000
786.800000
812.925000
838.325000
863.425000
888.350000
913.300000
938.300000
963.275000
988.275000
1013.250000
1038.275000
1063.250000
1088.250000
1113.225000
1138.250000
1163.225000
1188.250000
1213.225000
1238.250000
1263.225000
1288.250000
1313.225000
1338.250000
1363.225000
1388.250000
1413.225000
1438.250000
1463.225000
1488.250000
1513.225000
1538.250000
1563.225000
1588.250000
1613.225000
1638.250000
1663.225000
1688.250000
1713.225000
1738.250000
1763.225000
1788.250000
1813.225000
1838.250000
1863.225000
1888.250000
1913.225000
1938.250000
1963.225000
1988.250000
2013.225000
2038.250000
2063.225000
2088.250000
2113.225000
2138.250000
2163.225000
2188.250000
2213.225000
2238.250000
2263.225000
2288.250000
2313.225000
2338.250000
2363.225000
2388.250000
2413.225000
2438.250000
2463.225000
2488.250000
2513.225000
2538.250000
2563.225000
2588.250000
2613.225000
2638.250000
2663.225000
2688.250000
2713.225000
2738.250000
2763.225000
2788.250000
2813.225000
2838.250000
2863.225000
2888.250000
2913.225000
2938.250000
2963.225000
2988.250000
3013.225000
3038.250000
3063.225000
3088.250000
3113.225000
3138.250000
3163.225000
3188.250000
3213.225000
3238.250000
3263.225000
3288.250000
3313.225000
3338.250000
3363.225000
3388.250000
3413.225000
3438.250000
3463.225000
3488.250000
3513.225000
3538.250000
3563.225000
3588.250000
3613.225000
3638.250000
3663.225000
3688.250000
3713.225000
3738.250000
3763.225000
3788.250000
3813.225000
3838.250000
3863.225000
3888.250000
3913.225000
3938.250000
3963.225000
3988.250000
4013.225000
4038.250000
4063.225000
4088.250000
4113.225000
4138.250000
4163.225000
4188.250000
4213.225000
4238.250000
4263.225000
4288.250000
4313.225000
4338.250000
4363.225000
4388.250000
4413.225000
4438.250000
4463.225000
4488.250000
4513.225000
4538.250000
4563.225000
4588.250000
4613.225000
4638.250000
4663.225000
4688.250000
4713.225000
4738.250000
4763.225000
4788.250000
4813.225000
4838.250000
4863.225000
4888.250000
4913.225000
4938.250000
4963.225000
4988.250000
5013.225000
5038.250000
5063.225000
5088.250000
5113.225000
5138.250000
5163.225000
5188.250000
5213.225000
5238.250000
5263.225000
5288.250000
5313.225000
5338.250000
5363.225000
5388.250000
5413.225000
5438.250000
5463.225000
5488.250000
5513.225000
5538.250000
5563.225000
5588.250000
5613.225000
5638.250000
5663.225000
5688.250000
5713.225000
5738.250000
5763.225000
5788.250000
5813.225000
5838.250000
5863.225000
5888.250000
5913.225000
5938.250000
5963.225000
5988.250000
6013.225000
6038.250000
6063.225000
6088.250000
6113.225000
6138.250000
6163.225000
6188.250000
6213.225000
6238.250000
6263.225000
6288.250000
6313.225000
6338.250000
6363.225000
6388.250000
6413.225000
6438.250000
6463.225000
6488.250000
6513.225000
6538.250000
6563.225000
6588.250000
6613.225000
6638.250000
6663.225000
6688.250000
6713.225000
6738.250000
6763.225000
6788.250000
6813.225000
6838.250000
6863.225000
6888.250000
6913.225000
6938.250000
6963.225000
6988.250000
7013.225000
7038.250000
7063.225000
7088.250000
7113.225000
7138.250000
7163.225000
7188.250000
7213.225000
7238.250000
7263.225000
7288.250000
7313.225000
7338.250000
7363.225000
7388.250000
7413.225000
7438.250000
7463.225000
7488.250000
7513.225000
7538.250000
7563.225000
7588.250000
7613.225000
7638.250000
7663.225000
7688.250000
7713.225000
7738.250000
7763.225000
7788.250000
7813.225000
7838.250000
7863.225000
7888.250000
7913.225000
7938.250000
7963.225000
7988.250000
8013.225000
8038.250000
8063.225000
8088.250000
8113.225000
8138.250000
8163.225000
8188.250000
8213.225000
8238.250000
8263.225000
8288.250000
8313.225000
8338.250000
8363.225000
8388.250000
8413.225000
8438.250000
8463.225000
8488.250000
8513.225000
8538.250000
8563.225000
8588.250000
8613.225000
8638.250000
8663.225000
8688.250000
8713.225000
8738.250000
8763.225000
8788.250000
8813.225000
8838.250000
8863.225000
8888.250000
8913.225000
8938.250000
8963.225000
8988.250000
9013.225000
9038.250000
9063.225000
9088.250000
9113.225000
9138.250000
9163.225000
9188.250000
9213.225000
9238.250000
9263.225000
9288.250000
9313.225000
9338.250000
9363.225000
9388.250000
9413.225000
9438.250000
9463.225000
9488.250000
9513.225000
9538.250000
9563.225000
9588.250000
9613.225000
9638.250000
9663.225000
9688.250000
9713.225000
9738.250000
9763.225000
9788.250000
9813.225000
9838.250000
9863.225000
9888.250000
9913.225000
9938.250000
9963.225000
9988.250000
10013.225000
10038.250000
10063.225000
10088.250000
10113.225000
10138.250000
10163.225000
10188.250000
10213.225000
10238.250000
10263.225000
10288.250000
10313.225000
10338.250000
10363.225000
10388.250000
10413.225000
10438.250000
10463.225000
10488.250000
10513.225000
10538.250000
10563.225000
10588.250000
10613.225000
10638.250000
10663.225000
10688.250000
10713.225000
10738.250000
10763.225000
10788.250000
10813.225000
10838.250000
10863.225000
10888.250000
10913.225000
10938.250000
10963.225000
10988.250000
11013.225000
11038.250000
11063.225000
11088.250000
11113.225000
11138.250000
11163.225000
11188.250000
11213.225000
11238.250000
11263.225000
11288.250000
11313.225000
11338.250000
11363.225000
11388.250000
11413.225000
11438.250000
11463.225000
11488.250000
11513.225000
11538.250000
11563.225000
11588.250000
11613.225000
11638.250000
11663.225000
11688.250000
11713.225000
11738.250000
11763.225000
11788.250000
11813.225000
11838.250000
11863.225000
11888.250000
11913.225000
11938.250000
11963.225000
11988.250000
12013.225000
12038.250000
12063.225000
12088.250000
12113.225000
12138.250000
12163.225000
12188.250000
12213.225000
12238.250000
12263.225000
12288.250000
12313.225000
12338.250000
12363.225000
12388.250000
12413.225000
12438.250000
12463.225000
12488.250000
12513.225000
12538.250000
12563.225000
12588.250000
12613.225000
12638.250000
12663.225000
12688.250000
12713.225000
12738.250000
12763.225000
12788.250000
12813.225000
12838.250000
12863.225000
12888.250000
12913.225000
12938.250000
12963.225000
12988.250000
13013.225000
13038.250000
13063.225000
13088.250000
13113.225000
13138.250000
13163.225000
13188.250000
13213.225000
13238.250000
13263.225000
13288.250000
13313.225000
13338.250000
13363.225000
13388.250000
13413.225000
13438.250000
13463.225000
13488.250000
13513.225000
13538.250000
13563.225000
13588.250000
13613.225000
13638.250000
13663.225000
13688.250000
13713.225000
13738.250000
13763.225000
13788.250000
13813.225000
13838.250000
13863.225000
13888.250000
13913.225000
13938.250000
13963.225000
13988.250000
14013.225000
14038.250000
14063.225000
14088.250000
14113.225000
14138.250000
14163.225000
14188.250000
14213.225000
14238.250000
14263.225000
14288.250000
14313.225000
14338.250000
14363.225000
14388.250000
14413.225000
14438.250000
14463.225000
14488.250000
14513.225000
14538.250000
14563.225000
14588.250000
14613.225000
14638.250000
14663.225000
14688.250000
14713.225000
14738.250000
14763.225000
14788.250000
14813.225000
14838.250000
14863.225000
14888.250000
14913.225000
14938.250000
14963.225000
14988.250000
15013.225000
15038.250000
15063.225000
15088.250000
15113.225000
15138.250000
15163.225000
15188.250000
15213.225000
15238.250000
15263.225000
15288.250000
15313.225000
15338.250000
15363.225000
15388.250000
15413.225000
15438.250000
15463.225000
15488.250000
15513.225000
15538.250000
15563.225000
15588.250000
15613.225000
15638.250000
15663.225000
15688.250000
15713.225000
15738.250000
15763.225000
15788.250000
15813.225000
15838.250000
15863.225000
15888.250000
15913.225000
15938.250000
15963.225000
15988.250000
16013.225000
16038.250000
16063.225000
16088.250000
16113.225000
16138.250000
16163.225000
16188.250000
16213.225000
16238.250000
16263.225000
16288.250000
16313.225000
16338.250000
16363.225000
16388.250000
16413.225000
16438.250000
16463.225000
16488.250000
16513.225000
16538.250000
16563.225000
16588.250000
16613.225000
16638.250000
16663.225000
16688.250000
16713.225000
16738.250000
16763.225000
16788.250000
16813.225000
16838.250000
16863.225000
16888.250000
16913.225000
16938.250000
16963.225000
16988.250000
17013.225000
17038.250000
17063.225000
17088.250000
17113.225000
17138.250000
17163.225000
17188.250000
17213.225000
17238.250000
17263.225000
17288.250000
17313.225000
17338.250000
17363.225000
17388.250000
17413.225000
17438.250000
17463.225000
17488.250000
17513.225000
17538.250000
17563.225000
17588.250000
17613.225000
17638.250000
17663.225000
17688.250000
17713.225000
17738.250000
17763.225000
17788.250000
17813.225000
17838.250000
17863.225000
17888.250000
17913.225000
17938.250000
17963.225000
17988.250000
18013.225000
18038.250000
18063.225000
18088.250000
18113.225000
18138.250000
18163.225000
18188.250000
18213.225000
18238.250001
18263.225001
18288.250001
18313.225001
18338.250001
18363.225001
18388.250001
18413.225001
18438.250001
18463.225001
18488.250001
18513.225001
18538.250001
18563.225001
18588.250001
18613.225001
18638.250001
18663.225001
18688.250001
18713.225001
18738.250001
18763.225001
18788.250001
18813.225001
18838.250001
18863.225001
18888.250001
18913.225001
18938.250001
18963.225001
18988.250001
19013.225001
19038.250001
19063.225001
19088.250001
19113.225001
19138.250001
19163.225001
19188.250001
19213.225001
19238.250001
19263.225001
19288.250001
19313.225001
19338.250001
19363.225001
19388.250001
19413.225001
19438.250001
19463.225001
19488.250001
19513.225001
19538.250001
19563.225001
19588.250001
19613.225001
19638.250001
19663.225001
19688.250001
19713.225001
19738.250001
19763.225001
19788.250001
19813.225001
19838.250001
19863.225001
19888.250001
19913.225001
19938.250001
19963.225001
19988.250001
20013.225001
20038.250001
20063.225001
20088.250001
20113.225001
20138.250001
20163.225001
20188.250001
20213.225001
20238.250001
20263.225001
20288.250001
20313.225001
20338.250001
20363.225001
20388.250001
20413.225001
20438.250001
20463.225001
20488.250001
20513.225001
20538.250001
20563.225001
20588.250001
20613.225001
20638.250001
20663.225001
20688.250001
20713.225001
20738.250001
20763.225001
20788.250001
20813.225001
20838.250001
20863.225001
20888.250001
20913.225001
20938.250001
20963.225001
20988.250001
21013.225001
21038.250001
21063.225001
21088.250001
21113.225001
21138.250001
21163.225001
21188.250001
21213.225001
21238.250001
21263.225001
21288.250001
21313.225001
21338.250001
21363.225001
21388.250001
21413.225001
21438.250001
21463.225001
21488.250001
21513.225001
21538.250001
21563.225001
21588.250001
21613.225001
21638.250001
21663.225001
21688.250001
21713.225001
21738.250001
21763.225001
21788.250001
21813.225001
21838.250001
21863.225001
21888.250001
21913.225001
21938.250001
21963.225001
21988.250001
22013.225001
22038.250001
22063.225001
22088.250001
22113.225001
22138.250001
22163.225001
22188.250001
22213.225001
22238.250001
22263.225001
22288.250001
22313.225001
22338.250001
22363.225001
22388.250001
22413.225001
22438.250001
22463.225001
22488.250001
22513.225001
22538.250001
22563.225001
22588.250001
22613.225001
22638.250001
22663.225001
22688.250001
22713.225001
22738.250001
22763.225001
22788.250001
22813.225001
22838.250001
22863.225001
22888.250001
22913.225001
22938.250001
22963.225001
22988.250001
23013.225001
23038.250001
23063.225001
23088.250001
23113.225001
23138.250001
23163.225001
23188.250001
23213.225001
23238.250001
23263.225001
23288.250001
23313.225001
23338.250001
23363.225001
23388.250001
23413.225001
23438.250001
23463.225001
23488.250001
23513.225001
23538.250001
23563.225001
23588.250001
23613.225001
23638.250001
23663.225001
23688.250001
23713.225001
23738.250001
23763.225001
23788.250001
23813.225001
23838.250001
23863.225001
23888.250001
23913.225001
23938.250001
23963.225001
23988.250001
24013.225001
24038.250001
24063.225001
24088.250001
24113.225001
24138.250001
24163.225001
24188.250001
24213.225001
24238.250001
24263.225001
24288.250001
24313.225001
24338.250001
24363.225001
24388.250001
24413.225001
24438.250001
24463.225001
24488.250001
24513.225001
24538.250001
24563.225001
24588.250001
24613.225001
24638.250001
24663.225001
24688.250001
24713.225001
24738.250001
24763.225001
24788.250001
24813.225001
24838.250001
24863.225001
24888.250001
24913.225001
24938.250001
24963.225001
24988.250001
25013.225001
25038.250001
25063.225001
25088.250001
25113.225001
25138.250001
25163.225001
25188.250001
25213.225001
25238.250001
25263.225001
25288.250001
25313.225001
25338.250001
25363.225001
25388.250001
25413.225001
25438.250001
25463.225001
25488.250001
25513.225001
25538.250001
25563.225001
25588.250001
25613.225001
25638.250001
25663.225001
25688.250001
25713.225001
25738.250001
25763.225001
25788.250001
25813.225001
25838.250001
25863.225001
25888.250001
25913.225001
25938.250001
25963.225001
25988.250001
26013.225001
26038.250001
26063.225001
26088.250001
26113.225001
26138.250001
26163.225001
26188.250001
26213.225001
26238.250001
26263.225001
26288.250001
26313.225001
26338.250001
26363.225001
26388.250001
26413.225001
26438.250001
26463.225001
26488.250001
26513.225001
26538.250001
26563.225001
26588.250001
26613.225001
26638.250001
26663.225001
26688.250001
26713.225001
26738.250001
26763.225001
26788.250001
26813.225001
26838.250001
26863.225001
26888.250001
26913.225001
26938.250001
26963.225001
26988.250001
27013.225001
27038.250001
27063.225001
27088.250001
27113.225001
27138.250001
27163.225001
27188.250001
27213.225001
27238.250001
27263.225001
27288.250001
27313.225001
27338.250001
27363.225001
27388.250001
27413.225001
27438.250001
27463.225001
27488.250001
27513.225001
27538.250001
27563.225001
27588.250001
27613.225001
27638.250001
27663.225001
27688.250001
27713.225001
27738.250001
27763.225001
27788.250001
27813.225001
27838.250001
27863.225001
27888.250001
27913.225001
27938.250001
27963.225001
27988.250001
28013.225001
28038.250001
28063.225001
28088.250001
28113.225001
28138.250001
28163.225001
28188.250001
28213.225001
28238.250001
28263.225001
28288.250001
28313.225001
28338.250001
28363.225001
28388.250001
28413.225001
28438.250001
28463.225001
28488.250001
28513.225001
28538.250001
28563.225001
28588.250001
28613.225001
28638.250001
28663.225001
28688.250001
28713.225001
28738.250001
28763.225001
28788.250001
28813.225001
28838.250001
28863.225001
28888.250001
28913.225001
28938.250001
28963.225001
28988.250001
29013.225001
29038.250001
29063.225001
29088.250001
29113.225001
29138.250001
29163.225001
29188.250001
29213.225001
29238.250001
29263.225001
29288.250001
29313.250001
29338.475001
29364.375001
29389.875001
29416.050001
29442.400001
29469.050001
29496.300001
29523.400001
29550.900001
29578.900001
29607.525001
29636.675001
29666.075001
29696.050001
29726.175001
29757.325001
29788.975001
29821.350001
29854.600001
29888.575001
29923.675001
29960.075001
29998.000001
30037.925001
30080.525001
30125.400001
30171.100001
30217.700001
30265.075001
30313.175001
30361.925001
30411.275001
30461.125001
30511.425001
30562.100001
30613.125001
30664.475001
30716.100001
30768.000001
30820.100001
30872.425001
30924.950001
30977.650001
31030.525001
31083.525001
31136.700001
31190.000001
31243.425001
31297.000001
31350.700001
31404.550001
31458.525001
31512.675001
31566.950001
31621.350001
31675.875001
31730.525001
31785.300001
31840.200001
31895.250001
31950.475001
32005.875001
32061.525001
32117.425001
32173.550001
32229.875001
32286.350001
32342.950001
32399.650001
32456.450001
32513.300001
32570.200001
32627.200001
32684.275001
32741.425001
32798.650001
32855.925001
32913.250001
32970.600001
33027.950001
33085.325001
33142.700001
33200.075001
33257.450001
33314.850001
33372.225001
33429.625001
33487.025001
33544.425001
33601.825001
33659.225001
33716.650001
33774.050001
33831.475001
33888.900001
33946.325001
34003.750001
34061.175001
34118.600001
34176.050001
34233.500001
34290.925001
34348.375001
34405.825001
34463.300001
34520.750001
34578.225001
34635.675001
34693.150001
34750.625001
34808.100001
34865.575001
34923.075001
34980.550001
