100.000000
4.000000
425.950000
492.275000
549.425000
601.975000
651.375000
698.325000
743.875000
789.675000
835.325000
880.450000
925.575000
970.675000
1015.750000
1060.925000
1106.275000
1151.475000
1196.675000
1241.700000
1286.600000
1331.725000
1376.475000
1421.625000
1467.075000
1512.300000
1557.500000
1602.550000
1647.400000
1692.550000
1737.500000
1782.625000
1827.850000
1873.175000
1918.350000
1963.450000
2008.325000
2053.425000
2098.450000
2143.350000
2188.475000
2233.675000
2279.000000
2324.075000
2369.175000
2413.925000
2458.950000
2504.100000
2548.900000
2594.100000
2639.200000
2684.475000
2729.750000
2774.775000
2819.650000
2864.675000
2909.700000
2954.900000
3000.100000
3045.425000
3090.650000
3135.700000
3180.600000
3225.650000
3270.700000
3315.650000
3360.775000
3406.075000
3451.275000
3496.450000
3541.550000
3586.275000
3631.425000
3676.350000
3721.325000
3766.600000
3811.825000
3857.100000
3902.250000
3947.200000
3992.350000
4037.375000
4082.350000
4127.475000
4172.775000
4218.025000
4263.225000
4308.200000
4353.125000
4398.200000
4443.125000
4488.250000
4533.450000
4578.825000
4623.850000
4669.025000
4713.850000
4758.775000
4803.925000
4848.675000
4893.850000
4939.025000
4984.350000
5029.650000
5074.700000
5119.575000
5164.550000
5209.625000
5254.750000
5299.925000
5345.275000
5390.500000
5435.625000
5480.550000
5525.575000
5570.625000
5615.525000
5660.675000
5705.975000
5751.200000
5796.325000
5841.450000
5886.175000
5931.275000
5976.275000
6021.150000
6066.400000
6111.475000
6156.775000
6201.850000
6246.925000
6291.875000
6336.875000
6381.925000
6426.850000
6472.050000
6517.450000
6562.650000
6607.825000
6652.750000
6697.775000
6742.850000
6787.725000
6832.900000
6878.200000
6923.425000
6968.625000
7013.650000
7058.425000
7103.600000
7148.550000
7193.575000
7238.725000
7284.000000
7329.350000
7374.450000
7419.425000
7464.300000
7509.400000
7554.375000
7599.450000
7644.825000
7690.050000
7735.250000
7780.300000
7825.150000
7870.250000
7915.250000
7960.325000
8005.525000
8050.850000
8096.025000
8141.225000
8186.050000
8231.050000
8276.100000
8320.925000
8366.150000
8411.300000
8456.650000
8501.675000
8546.800000
8591.775000
8636.725000
8681.825000
8726.625000
8771.800000
8817.250000
8862.475000
8907.675000
8952.675000
8997.625000
9042.725000
9087.600000
9132.750000
9178.025000
9223.275000
9268.450000
9313.500000
9358.350000
9403.475000
9448.475000
9493.425000
9538.550000
9583.750000
9629.075000
9674.150000
9719.250000
9763.975000
9809.050000
9854.175000
9899.075000
9944.300000
9989.500000
10034.750000
10080.000000
10124.950000
10169.975000
10215.025000
10259.900000
10305.125000
10350.375000
10395.625000
10440.825000
10485.850000
10530.700000
10575.775000
10620.775000
10665.850000
10711.000000
10756.350000
10801.500000
10846.700000
10891.700000
10936.600000
10981.700000
11026.475000
11071.600000
11117.050000
11162.275000
11207.475000
11252.525000
11297.375000
11342.525000
11387.500000
11432.600000
11477.825000
11523.150000
11568.350000
11613.425000
11658.300000
11703.400000
11748.425000
11793.325000
11838.475000
11883.675000
11929.000000
11974.050000
12019.175000
12063.925000
12108.950000
12154.075000
12198.875000
12244.075000
12289.175000
12334.475000
12379.725000
12424.750000
12469.625000
12514.675000
12559.700000
12604.875000
12650.075000
12695.425000
12740.625000
12785.700000
12830.575000
12875.650000
12920.675000
12965.625000
13010.775000
13056.050000
13101.275000
13146.450000
13191.550000
13236.275000
13281.400000
13326.325000
13371.300000
13416.575000
13461.775000
13507.075000
13552.225000
13597.200000
13642.325000
13687.350000
13732.300000
13777.425000
13822.750000
13868.000000
13913.175000
13958.175000
14003.075000
14048.150000
14093.100000
14138.225000
14183.400000
14228.800000
14273.850000
14319.000000
14363.850000
14408.775000
14453.925000
14498.675000
14543.850000
14589.025000
14634.350000
14679.625000
14724.675000
14769.550000
14814.550000
14859.625000
14904.750000
14949.900000
14995.250000
15040.475000
15085.625000
15130.550000
15175.575000
15220.625000
15265.500000
15310.650000
15355.950000
15401.175000
15446.325000
15491.450000
15536.175000
15581.275000
15626.275000
15671.150000
15716.400000
15761.450000
15806.750000
15851.825000
15896.925000
15941.850000
15986.850000
16031.925000
16076.825000
16122.000000
16167.400000
16212.600000
16257.800000
16302.750000
16347.750000
16392.825000
16437.700000
16482.875000
16528.175000
16573.400000
16618.575000
16663.600000
16708.400000
16753.575000
16798.525000
16843.525000
16888.700000
16933.925000
16979.275000
17024.400000
17069.400000
17114.225000
17159.325000
17204.325000
17249.400000
17294.750000
17340.000000
17385.175000
17430.250000
17475.100000
17520.200000
17565.225000
17610.250000
17655.450000
17700.775000
17745.950000
17791.175000
17836.025000
17881.000000
17926.075000
17970.900000
18016.125000
18061.275000
18106.625000
18151.650000
18196.800000
18241.750001
18286.725001
18331.825001
18376.600001
18421.775001
18467.250001
18512.450001
18557.675001
18602.675001
18647.600001
18692.700001
18737.575001
18782.750001
18828.025001
18873.275001
18918.450001
18963.500001
19008.350001
19053.475001
19098.475001
19143.400001
19188.550001
19233.750001
19279.050001
19324.150001
19369.250001
19413.975001
19459.050001
19504.175001
19549.050001
19594.275001
19639.450001
19684.725001
19729.975001
19774.925001
19819.925001
19865.000001
19909.875001
19955.100001
20000.350001
20045.600001
20090.800001
20135.825001
20180.675001
20225.750001
20270.750001
20315.800001
20360.975001
20406.300001
20451.475001
20496.675001
20541.675001
20586.550001
20631.675001
20676.450001
20721.550001
20766.975001
20812.200001
20857.400001
20902.450001
20947.325001
20992.475001
21037.475001
21082.550001
21127.750001
21173.100001
21218.300001
21263.400001
21308.300001
21353.375001
21398.400001
21443.300001
21488.450001
21533.650001
21578.975001
21624.025001
21669.150001
21713.900001
21758.900001
21804.050001
21848.825001
21894.025001
21939.150001
21984.450001
22029.700001
22074.750001
22119.625001
22164.650001
22209.675001
22254.850001
22300.050001
22345.400001
22390.600001
22435.675001
22480.575001
22525.650001
22570.675001
22615.600001
22660.750001
22706.025001
22751.250001
22796.425001
22841.525001
22886.250001
22931.375001
22976.325001
23021.275001
23066.550001
23111.725001
23157.025001
23202.175001
23247.150001
23292.275001
23337.300001
23382.225001
23427.350001
23472.675001
23517.925001
23563.125001
23608.125001
23653.025001
23698.100001
23743.075001
23788.175001
23833.350001
23878.750001
23923.825001
23969.000001
24013.825001
24058.750001
24103.900001
24148.675001
24193.825001
24239.000001
24284.325001
24329.625001
24374.675001
24419.550001
24464.550001
24509.625001
24554.725001
24599.900001
24645.250001
24690.475001
24735.600001
24780.525001
24825.550001
24870.625001
24915.500001
24960.650001
25005.950001
25051.175001
25096.300001
25141.425001
25186.150001
25231.250001
25276.250001
25321.125001
25366.375001
25411.450001
25456.750001
25501.800001
25546.900001
25591.825001
25636.825001
25681.900001
25726.775001
25771.950001
25817.350001
25862.575001
25907.775001
25952.725001
25997.725001
26042.800001
26087.650001
26132.825001
26178.125001
26223.375001
26268.550001
26313.575001
26358.375001
26403.550001
26448.500001
26493.500001
26538.650001
26583.850001
26629.175001
26674.325001
26719.350001
26764.125001
26809.225001
26854.275001
26899.325001
26944.625001
26989.900001
27035.100001
27080.200001
27125.075001
27170.175001
27215.200001
27260.200001
27305.375001
27350.675001
27395.875001
27441.125001
27486.000001
27530.950001
27576.025001
27620.875001
27666.075001
27711.225001
27756.600001
27801.650001
27846.775001
27891.750001
27936.700001
27981.800001
28026.600001
28071.750001
28117.225001
28162.450001
28207.675001
28252.650001
28297.600001
28342.700001
28387.575001
28432.750001
28478.000001
28523.275001
28568.425001
28613.500001
28658.350001
28703.475001
28748.475001
28793.400001
28838.550001
28883.725001
28929.050001
28974.150001
29019.225001
29063.975001
29109.025001
29154.150001
29199.050001
29244.250001
29289.425001
29334.675001
29379.925001
29424.900001
29470.700001
29518.650001
29568.275001
29619.600001
29673.750001
29731.150001
29793.275001
29862.975001
29955.200001
