20.000000
5.000000
417.400000
464.675000
506.475000
545.325000
582.800000
618.875000
653.550000
686.850000
718.900000
749.800000
779.850000
809.100000
837.375000
865.000000
892.400000
919.250000
945.525000
971.725000
997.850000
1023.375000
1048.975000
1074.400000
1099.575000
1124.600000
1149.550000
1174.475000
1199.400000
1224.325000
1249.250000
1274.175000
1298.900000
1323.400000
1348.000000
1372.850000
1397.700000
1422.450000
1446.875000
1471.525000
1496.300000
1520.600000
1545.200000
1570.000000
1594.775000
1619.175000
1643.775000
1668.525000
1692.800000
1717.425000
1742.225000
1766.950000
1791.350000
1815.975000
1840.725000
1865.050000
1889.650000
1914.425000
1939.025000
1963.400000
1988.075000
2012.650000
2037.025000
2061.775000
2086.500000
2110.875000
2135.450000
2160.075000
2184.450000
2209.050000
2233.875000
2258.300000
2282.750000
2307.500000
2331.850000
2356.375000
2381.150000
2405.850000
2430.200000
2454.825000
2479.550000
2503.875000
2528.525000
2553.325000
2578.025000
2602.400000
2627.050000
2651.675000
2675.975000
2700.675000
2725.450000
2749.925000
2774.425000
2799.075000
2823.450000
2847.975000
2872.775000
2897.350000
2921.775000
2946.475000
2970.800000
2995.275000
3020.025000
3044.800000
3069.175000
3093.775000
3118.475000
3142.750000
3167.400000
3192.200000
3216.850000
3241.250000
3265.925000
3290.600000
3314.925000
3339.600000
3364.375000
3388.825000
3413.275000
3437.975000
3462.400000
3486.900000
3511.700000
3536.250000
3560.625000
3585.325000
3609.750000
3634.200000
3658.950000
3683.700000
3708.050000
3732.625000
3757.350000
3781.675000
3806.300000
3831.075000
3855.625000
3880.025000
3904.725000
3929.300000
3953.675000
3978.450000
4003.225000
4027.700000
4052.200000
4076.875000
4101.225000
4125.750000
4150.550000
4175.150000
4199.550000
4224.250000
4248.600000
4273.050000
4297.800000
4322.575000
4346.950000
4371.550000
4396.225000
4420.525000
4445.150000
4469.950000
4494.525000
4518.925000
4543.625000
4568.075000
4592.500000
4617.275000
4642.025000
4666.450000
4691.025000
4715.700000
4740.075000
4764.625000
4789.450000
4813.925000
4838.350000
4863.075000
4887.450000
4911.950000
4936.700000
4961.425000
4985.750000
5010.375000
5035.075000
5059.375000
5084.050000
5108.825000
5133.300000
5157.750000
5182.450000
5206.850000
5231.350000
5256.150000
5280.750000
5305.125000
5329.800000
5354.325000
5378.750000
5403.450000
5428.300000
5452.750000
5477.225000
5501.950000
5526.250000
5550.775000
5575.550000
5600.275000
5624.625000
5649.275000
5673.875000
5698.200000
5722.900000
5747.675000
5772.150000
5796.625000
5821.300000
5845.650000
5870.200000
5895.000000
5919.575000
5944.000000
5968.700000
5993.050000
6017.525000
6042.275000
6067.075000
6091.475000
6116.050000
6140.800000
6165.125000
6189.675000
6214.450000
6239.125000
6263.450000
6288.125000
6312.750000
6337.075000
6361.800000
6386.550000
6410.975000
6435.475000
6460.150000
6484.525000
6509.100000
6533.900000
6558.375000
6582.800000
6607.525000
6631.900000
6656.400000
6681.150000
6705.900000
6730.250000
6754.850000
6779.600000
6803.925000
6828.550000
6853.350000
6878.075000
6902.425000
6927.075000
6951.725000
6976.000000
7000.700000
7025.475000
7049.975000
7074.450000
7099.125000
7123.500000
7147.975000
7172.800000
7197.400000
7221.800000
7246.475000
7270.850000
7295.300000
7320.050000
7344.825000
7369.200000
7393.800000
7418.500000
7442.775000
7467.400000
7492.200000
7516.875000
7541.275000
7565.950000
7590.625000
7614.950000
7639.600000
7664.400000
7688.875000
7713.300000
7738.000000
7762.425000
7786.900000
7811.725000
7836.275000
7860.650000
7885.350000
7909.775000
7934.225000
7958.975000
7983.750000
8008.075000
8032.650000
8057.375000
8081.700000
8106.325000
8131.100000
8155.675000
8180.050000
8204.750000
8229.350000
8253.725000
8278.475000
8303.250000
8327.775000
8352.225000
8376.900000
8401.300000
8425.775000
8450.575000
8475.200000
8499.600000
8524.275000
8548.650000
8573.075000
8597.825000
8622.625000
8647.000000
8671.575000
8696.275000
8720.550000
8745.175000
8769.950000
8794.550000
8818.975000
8843.650000
8868.125000
8892.525000
8917.300000
8942.050000
8966.500000
8991.050000
9015.725000
9040.125000
9064.650000
9089.475000
9114.000000
9138.400000
9163.100000
9187.500000
9211.975000
9236.725000
9261.475000
9285.800000
9310.400000
9335.100000
9359.425000
9384.075000
9408.850000
9433.325000
9457.775000
9482.475000
9506.925000
9531.375000
9556.175000
9580.800000
9605.175000
9629.825000
9654.400000
9678.800000
9703.475000
9728.325000
9752.800000
9777.250000
9801.975000
9826.275000
9850.800000
9875.575000
9900.300000
9924.675000
9949.300000
9973.925000
9998.225000
10022.925000
10047.700000
10072.200000
10096.650000
10121.350000
10145.700000
10170.200000
10195.025000
10219.625000
10244.025000
10268.725000
10293.100000
10317.525000
10342.275000
10367.100000
10391.500000
10416.075000
10440.825000
10465.150000
10489.700000
10514.475000
10539.150000
10563.475000
10588.125000
10612.775000
10637.100000
10661.800000
10686.575000
10711.000000
10735.475000
10760.175000
10784.550000
10809.100000
10833.900000
10858.400000
10882.825000
10907.525000
10931.925000
10956.400000
10981.175000
11005.925000
11030.250000
11054.875000
11079.600000
11103.925000
11128.550000
11153.350000
11178.075000
11202.450000
11227.075000
11251.750000
11276.025000
11300.700000
11325.475000
11350.000000
11374.450000
11399.125000
11423.500000
11448.000000
11472.800000
11497.425000
11521.825000
11546.500000
11570.875000
11595.300000
11620.050000
11644.850000
11669.225000
11693.800000
11718.525000
11742.800000
11767.400000
11792.200000
11816.900000
11841.275000
11865.950000
11890.650000
11914.950000
11939.625000
11964.400000
11988.875000
12013.300000
12038.000000
12062.450000
12086.925000
12111.725000
12136.300000
12160.675000
12185.350000
12209.800000
12234.250000
12258.975000
12283.750000
12308.100000
12332.650000
12357.400000
12381.700000
12406.325000
12431.100000
12455.675000
12480.050000
12504.750000
12529.375000
12553.725000
12578.475000
12603.275000
12627.800000
12652.225000
12676.925000
12701.325000
12725.775000
12750.575000
12775.225000
12799.625000
12824.275000
12848.675000
12873.100000
12897.825000
12922.625000
12947.000000
12971.575000
12996.300000
13020.575000
13045.175000
13069.975000
13094.575000
13118.975000
13143.650000
13168.150000
13192.525000
13217.300000
13242.075000
13266.525000
13291.050000
13315.750000
13340.150000
13364.675000
13389.475000
13414.025000
13438.425000
13463.100000
13487.525000
13511.975000
13536.725000
13561.500000
13585.825000
13610.425000
13635.125000
13659.450000
13684.075000
13708.850000
13733.375000
13757.775000
13782.475000
13806.950000
13831.400000
13856.175000
13880.825000
13905.200000
13929.850000
13954.425000
13978.825000
14003.500000
14028.325000
14052.850000
14077.275000
14102.000000
14126.325000
14150.800000
14175.575000
14200.325000
14224.700000
14249.300000
14273.975000
14298.250000
14322.925000
14347.700000
14372.225000
14396.675000
14421.350000
14445.750000
14470.225000
14495.025000
14519.650000
14544.075000
14568.725000
14593.150000
14617.550000
14642.300000
14667.125000
14691.525000
14716.075000
14740.825000
14765.150000
14789.700000
14814.475000
14839.175000
14863.500000
14888.150000
14912.800000
14937.125000
14961.825000
14986.575000
15011.025000
15035.500000
15060.175000
15084.575000
15109.100000
15133.925000
15158.425000
15182.825000
15207.550000
15231.950000
15256.425000
15281.175000
15305.925000
15330.275000
15354.875000
15379.600000
15403.950000
15428.550000
15453.350000
15478.100000
15502.450000
15527.075000
15551.750000
15576.025000
15600.700000
15625.475000
15650.025000
15674.450000
15699.150000
15723.525000
15748.000000
15772.800000
15797.425000
15821.825000
15846.500000
15870.900000
15895.325000
15920.050000
15944.850000
15969.225000
15993.800000
16018.525000
16042.800000
16067.400000
16092.200000
16116.900000
16141.275000
16165.950000
16190.650000
16214.975000
16239.625000
16264.400000
16288.900000
16313.325000
16338.025000
16362.450000
16386.925000
16411.725000
16436.325000
16460.700000
16485.350000
16509.825000
16534.250000
16558.975000
16583.750000
16608.100000
16632.675000
16657.400000
16681.700000
16706.325000
16731.100000
16755.700000
16780.075000
16804.775000
16829.375000
16853.725000
16878.475000
16903.275000
16927.800000
16952.250000
16976.925000
17001.350000
17025.800000
17050.575000
17075.250000
17099.650000
17124.275000
17148.700000
17173.100000
17197.850000
17222.650000
17247.025000
17271.575000
17296.300000
17320.575000
17345.175000
17369.975000
17394.600000
17418.975000
17443.675000
17468.175000
17492.550000
17517.300000
17542.075000
17566.550000
17591.075000
17615.775000
17640.175000
17664.675000
17689.475000
17714.050000
17738.425000
17763.125000
17787.550000
17812.000000
17836.750000
17861.500000
17885.850000
17910.425000
17935.150000
17959.450000
17984.075000
18008.850000
18033.375000
18057.800000
18082.500000
18106.975000
18131.400000
18156.200000
18180.850000
18205.225000
18229.850001
18254.450001
18278.850001
18303.500001
18328.325001
18352.875001
18377.300001
18402.000001
18426.350001
18450.825001
18475.575001
18500.350001
18524.700001
18549.300001
18574.000001
18598.275001
18622.925001
18647.700001
18672.250001
18696.700001
18721.375001
18745.775001
18770.225001
18795.025001
18819.675001
18844.075001
18868.725001
18893.175001
18917.575001
18942.300001
18967.125001
18991.550001
19016.075001
19040.850001
19065.175001
19089.700001
19114.475001
19139.175001
19163.500001
19188.150001
19212.825001
19237.150001
19261.825001
19286.600001
19311.025001
19335.500001
19360.200001
19384.600001
19409.125001
19433.925001
19458.450001
19482.850001
19507.550001
19531.950001
19556.425001
19581.175001
19605.950001
19630.300001
19654.875001
19679.625001
19703.950001
19728.550001
19753.350001
19778.100001
19802.475001
19827.075001
19851.775001
19876.050001
19900.700001
19925.475001
19950.025001
19974.450001
19999.150001
20023.525001
20048.000001
20072.800001
20097.450001
20121.850001
20146.500001
20170.900001
20195.325001
20220.050001
20244.850001
20269.250001
20293.800001
20318.525001
20342.800001
20367.425001
20392.200001
20416.900001
20441.300001
20465.950001
20490.675001
20514.975001
20539.625001
20564.400001
20588.900001
20613.325001
20638.025001
20662.475001
20686.925001
20711.725001
20736.325001
20760.700001
20785.375001
20809.825001
20834.250001
20858.975001
20883.775001
20908.125001
20932.675001
20957.400001
20981.725001
21006.325001
21031.100001
21055.700001
21080.075001
21104.775001
21129.400001
21153.750001
21178.475001
21203.275001
21227.825001
21252.250001
21276.950001
21301.350001
21325.800001
21350.600001
21375.250001
21399.650001
21424.300001
21448.725001
21473.125001
21497.850001
21522.650001
21547.050001
21571.600001
21596.325001
21620.575001
21645.175001
21669.975001
21694.600001
21719.000001
21743.675001
21768.200001
21792.550001
21817.325001
21842.075001
21866.550001
21891.075001
21915.775001
21940.200001
21964.700001
21989.500001
22014.075001
22038.450001
22063.125001
22087.575001
22112.025001
22136.750001
22161.525001
22185.875001
22210.425001
22235.150001
22259.475001
22284.100001
22308.875001
22333.400001
22357.800001
22382.500001
22407.000001
22431.425001
22456.200001
22480.875001
22505.250001
22529.875001
22554.500001
22578.875001
22603.500001
22628.350001
22652.900001
22677.325001
22702.025001
22726.375001
22750.825001
22775.600001
22800.350001
22824.725001
22849.325001
22874.025001
22898.300001
22922.925001
22947.725001
22972.275001
22996.700001
23021.400001
23045.800001
23070.250001
23095.050001
23119.725001
23144.125001
23168.750001
23193.225001
23217.600001
23242.325001
23267.150001
23291.575001
23316.100001
23340.850001
23365.200001
23389.700001
23414.475001
23439.200001
23463.525001
23488.150001
23512.850001
23537.150001
23561.825001
23586.600001
23611.050001
23635.525001
23660.200001
23684.625001
23709.125001
23733.925001
23758.475001
23782.875001
23807.550001
23831.975001
23856.450001
23881.175001
23905.975001
23930.300001
23954.875001
23979.625001
24003.950001
24028.575001
24053.350001
24078.125001
24102.475001
24127.100001
24151.775001
24176.050001
24200.700001
24225.500001
24250.050001
24274.475001
24299.150001
24323.550001
24348.000001
24372.800001
24397.450001
24421.850001
24446.500001
24470.925001
24495.325001
24520.075001
24544.875001
24569.250001
24593.825001
24618.550001
24642.825001
24667.425001
24692.200001
24716.925001
24741.300001
24765.950001
24790.675001
24814.975001
24839.625001
24864.400001
24888.925001
24913.325001
24938.025001
24962.475001
24986.925001
25011.725001
25036.350001
25060.700001
25085.375001
25109.850001
25134.275001
25158.975001
25183.775001
25208.125001
25232.675001
25257.400001
25281.725001
25306.325001
25331.100001
25355.700001
25380.075001
25404.775001
25429.400001
25453.750001
25478.475001
25503.275001
25527.850001
25552.250001
25576.950001
25601.375001
25625.800001
25650.600001
25675.275001
25699.675001
25724.300001
25748.750001
25773.150001
25797.850001
25822.675001
25847.050001
25871.600001
25896.325001
25920.600001
25945.200001
25969.975001
25994.625001
26019.000001
26043.675001
26068.225001
26092.575001
26117.325001
26142.100001
26166.575001
26191.100001
26215.800001
26240.225001
26264.700001
26289.500001
26314.125001
26338.475001
26363.150001
26387.625001
26412.050001
26436.750001
26461.550001
26485.900001
26510.450001
26535.175001
26559.500001
26584.100001
26608.875001
26633.425001
26657.825001
26682.525001
26707.050001
26731.425001
26756.200001
26780.925001
26805.300001
26829.875001
26854.525001
26878.925001
26903.525001
26928.350001
26952.950001
26977.350001
27002.050001
27026.425001
27050.850001
27075.600001
27100.400001
27124.775001
27149.350001
27174.050001
27198.325001
27222.950001
27247.725001
27272.325001
27296.725001
27321.425001
27345.850001
27370.275001
27395.050001
27419.750001
27444.150001
27468.775001
27493.275001
27517.650001
27542.325001
27567.175001
27591.650001
27616.125001
27640.875001
27665.225001
27689.725001
27714.500001
27739.225001
27763.575001
27788.175001
27812.875001
27837.200001
27861.850001
27886.625001
27911.100001
27935.525001
27960.225001
27984.650001
28009.150001
28033.950001
28058.525001
28082.900001
28107.575001
28132.025001
28156.475001
28181.200001
28206.000001
28230.350001
28254.900001
28279.650001
28303.975001
28328.575001
28353.375001
28378.125001
28402.500001
28427.100001
28451.800001
28476.075001
28500.725001
28525.500001
28550.075001
28574.475001
28599.175001
28623.575001
28648.025001
28672.825001
28697.475001
28721.875001
28746.525001
28770.950001
28795.350001
28820.075001
28844.875001
28869.275001
28893.825001
28918.550001
28942.825001
28967.425001
28992.225001
29016.925001
29041.325001
29065.975001
29090.700001
29115.000001
29139.625001
29164.400001
29188.950001
29213.350001
29238.025001
29262.500001
29286.950001
29311.725001
29336.350001
29360.725001
29385.375001
29409.875001
29434.275001
29459.000001
29483.800001
29508.150001
29532.675001
29557.425001
29581.750001
29606.325001
29631.125001
29655.725001
29680.150001
29705.075001
29730.200001
29756.050001
29781.800001
29808.000001
29834.700001
29861.925001
29889.700001
29917.975001
29946.900001
29976.675001
30007.350001
30039.125001
30072.200001
30107.000001
30142.800001
30179.975001
30218.725001
30259.400001
30302.400001
30348.350001
30398.375001
30455.650001
