100.000000
13.000000
458.275000
520.000000
574.325000
624.425000
671.675000
717.325000
761.000000
803.400000
846.125000
888.525000
930.575000
973.225000
1015.175000
1057.650000
1099.900000
1141.825000
1184.350000
1226.225000
1268.600000
1310.850000
1352.750000
1395.300000
1437.300000
1479.775000
1522.000000
1563.800000
1606.375000
1648.375000
1690.775000
1733.000000
1774.925000
1817.550000
1859.525000
1901.800000
1944.000000
1985.975000
2028.550000
2070.575000
2112.950000
2155.200000
2197.150000
2239.575000
2281.700000
2323.925000
2366.150000
2408.175000
2450.675000
2492.800000
2535.125000
2577.250000
2619.375000
2661.775000
2703.950000
2746.175000
2788.325000
2830.425000
2872.925000
2915.000000
2957.375000
2999.525000
3041.625000
3084.075000
3126.125000
3168.475000
3210.650000
3252.700000
3295.225000
3337.275000
3379.725000
3421.950000
3463.775000
3506.350000
3548.375000
3590.775000
3632.975000
3674.925000
3717.550000
3759.525000
3801.775000
3843.975000
3885.975000
3928.550000
3970.575000
4012.950000
4055.200000
4097.150000
4139.575000
4181.700000
4223.925000
4266.150000
4308.175000
4350.675000
4392.800000
4435.125000
4477.250000
4519.375000
4561.775000
4603.950000
4646.175000
4688.325000
4730.425000
4772.900000
4815.000000
4857.375000
4899.525000
4941.625000
4984.075000
5026.125000
5068.475000
5110.650000
5152.700000
5195.225000
5237.275000
5279.725000
5321.950000
5363.775000
5406.350000
5448.375000
5490.775000
5532.975000
5574.925000
5617.550000
5659.525000
5701.775000
5743.975000
5785.975000
5828.550000
5870.575000
5912.950000
5955.200000
5997.150000
6039.575000
6081.700000
6123.925000
6166.150000
6208.175000
6250.675000
6292.800000
6335.125000
6377.250000
6419.375000
6461.775000
6503.950000
6546.175000
6588.325000
6630.425000
6672.900000
6715.000000
6757.375000
6799.525000
6841.625000
6884.075000
6926.125000
6968.475000
7010.650000
7052.700000
7095.225000
7137.275000
7179.725000
7221.950000
7263.775000
7306.350000
7348.375000
7390.775000
7432.975000
7474.925000
7517.550000
7559.525000
7601.775000
7643.975000
7685.975000
7728.550000
7770.575000
7812.950000
7855.200000
7897.150000
7939.575000
7981.700000
8023.925000
8066.150000
8108.175000
8150.675000
8192.800000
8235.125000
8277.250000
8319.375000
8361.775000
8403.950000
8446.175000
8488.325000
8530.425000
8572.900000
8615.000000
8657.375000
8699.525000
8741.625000
8784.075000
8826.125000
8868.475000
8910.650000
8952.700000
8995.225000
9037.275000
9079.725000
9121.950000
9163.775000
9206.350000
9248.375000
9290.775000
9332.975000
9374.925000
9417.550000
9459.525000
9501.775000
9543.975000
9585.975000
9628.550000
9670.575000
9712.950000
9755.200000
9797.150000
9839.575000
9881.700000
9923.925000
9966.150000
10008.175000
10050.675000
10092.800000
10135.125000
10177.250000
10219.375000
10261.775000
10303.950000
10346.175000
10388.325000
10430.425000
10472.900000
10515.000000
10557.375000
10599.525000
10641.625000
10684.075000
10726.125000
10768.475000
10810.650000
10852.700000
10895.225000
10937.275000
10979.725000
11021.950000
11063.775000
11106.350000
11148.375000
11190.775000
11232.975000
11274.925000
11317.550000
11359.525000
11401.775000
11443.975000
11485.975000
11528.550000
11570.575000
11612.950000
11655.200000
11697.150000
11739.575000
11781.700000
11823.925000
11866.150000
11908.175000
11950.675000
11992.800000
12035.125000
12077.250000
12119.375000
12161.775000
12203.950000
12246.175000
12288.325000
12330.425000
12372.900000
12415.000000
12457.375000
12499.525000
12541.625000
12584.075000
12626.125000
12668.475000
12710.650000
12752.700000
12795.225000
12837.275000
12879.725000
12921.950000
12963.775000
13006.350000
13048.375000
13090.775000
13132.975000
13174.925000
13217.550000
13259.525000
13301.775000
13343.975000
13385.975000
13428.550000
13470.575000
13512.950000
13555.200000
13597.150000
13639.575000
13681.700000
13723.925000
13766.150000
13808.175000
13850.675000
13892.800000
13935.125000
13977.250000
14019.375000
14061.775000
14103.950000
14146.175000
14188.325000
14230.425000
14272.900000
14315.000000
14357.375000
14399.525000
14441.625000
14484.075000
14526.125000
14568.475000
14610.650000
14652.700000
14695.225000
14737.275000
14779.725000
14821.950000
14863.775000
14906.350000
14948.375000
14990.775000
15032.975000
15074.925000
15117.550000
15159.525000
15201.775000
15243.975000
15285.975000
15328.550000
15370.575000
15412.950000
15455.200000
15497.150000
15539.575000
15581.700000
15623.925000
15666.150000
15708.175000
15750.675000
15792.800000
15835.125000
15877.250000
15919.375000
15961.775000
16003.950000
16046.175000
16088.325000
16130.425000
16172.900000
16215.000000
16257.375000
16299.525000
16341.625000
16384.075000
16426.125000
16468.475000
16510.650000
16552.700000
16595.225000
16637.275000
16679.725000
16721.950000
16763.775000
16806.350000
16848.375000
16890.775000
16932.975000
16974.925000
17017.550000
17059.525000
17101.775000
17143.975000
17185.975000
17228.550000
17270.575000
17312.950000
17355.200000
17397.150000
17439.575000
17481.700000
17523.925000
17566.150000
17608.175000
17650.675000
17692.800000
17735.125000
17777.250000
17819.375000
17861.775000
17903.950000
17946.175000
17988.325000
18030.425000
18072.900000
18115.000000
18157.375000
18199.525000
18241.625001
18284.075001
18326.125001
18368.475001
18410.650001
18452.700001
18495.225001
18537.275001
18579.725001
18621.950001
18663.775001
18706.350001
18748.375001
18790.775001
18832.975001
18874.925001
18917.550001
18959.525001
19001.775001
19043.975001
19085.975001
19128.550001
19170.575001
19212.950001
19255.200001
19297.150001
19339.575001
19381.700001
19423.925001
19466.150001
19508.175001
19550.675001
19592.800001
19635.125001
19677.250001
19719.375001
19761.775001
19803.950001
19846.175001
19888.325001
19930.425001
19972.900001
20015.000001
20057.375001
20099.525001
20141.625001
20184.075001
20226.125001
20268.475001
20310.650001
20352.700001
20395.225001
20437.275001
20479.725001
20521.950001
20563.775001
20606.350001
20648.375001
20690.775001
20732.975001
20774.925001
20817.550001
20859.525001
20901.775001
20943.975001
20985.975001
21028.550001
21070.575001
21112.950001
21155.200001
21197.150001
21239.575001
21281.700001
21323.925001
21366.150001
21408.175001
21450.675001
21492.800001
21535.125001
21577.250001
21619.375001
21661.775001
21703.950001
21746.175001
21788.325001
21830.425001
21872.900001
21915.000001
21957.375001
21999.525001
22041.625001
22084.075001
22126.125001
22168.475001
22210.650001
22252.700001
22295.225001
22337.275001
22379.725001
22421.950001
22463.775001
22506.350001
22548.375001
22590.775001
22632.975001
22674.925001
22717.550001
22759.525001
22801.775001
22843.975001
22885.975001
22928.550001
22970.575001
23012.950001
23055.200001
23097.150001
23139.575001
23181.700001
23223.925001
23266.150001
23308.175001
23350.675001
23392.800001
23435.125001
23477.250001
23519.375001
23561.775001
23603.950001
23646.175001
23688.325001
23730.425001
23772.900001
23815.000001
23857.375001
23899.525001
23941.625001
23984.075001
24026.125001
24068.475001
24110.650001
24152.700001
24195.225001
24237.275001
24279.725001
24321.950001
24363.775001
24406.350001
24448.375001
24490.775001
24532.975001
24574.925001
24617.550001
24659.525001
24701.775001
24743.975001
24785.975001
24828.550001
24870.575001
24912.950001
24955.200001
24997.150001
25039.575001
25081.700001
25123.925001
25166.150001
25208.175001
25250.675001
25292.800001
25335.125001
25377.250001
25419.375001
25461.775001
25503.950001
25546.175001
25588.325001
25630.425001
25672.900001
25715.000001
25757.375001
25799.525001
25841.625001
25884.075001
25926.125001
25968.475001
26010.650001
26052.700001
26095.225001
26137.275001
26179.725001
26221.950001
26263.775001
26306.350001
26348.375001
26390.775001
26432.975001
26474.925001
26517.550001
26559.525001
26601.775001
26643.975001
26685.975001
26728.550001
26770.575001
26812.950001
26855.200001
26897.150001
26939.575001
26981.700001
27023.925001
27066.150001
27108.175001
27150.675001
27192.800001
27235.125001
27277.250001
27319.375001
27361.775001
27403.950001
27446.175001
27488.325001
27530.425001
27572.900001
27615.000001
27657.375001
27699.525001
27741.625001
27784.075001
27826.125001
27868.475001
27910.650001
27952.700001
27995.225001
28037.275001
28079.725001
28121.950001
28163.775001
28206.350001
28248.375001
28290.775001
28332.975001
28374.925001
28417.550001
28459.525001
28501.775001
28543.975001
28585.975001
28628.550001
28670.575001
28712.950001
28755.200001
28797.150001
28839.575001
28881.700001
28923.925001
28966.150001
29008.175001
29050.675001
29092.800001
29135.125001
29177.250001
29219.375001
29261.775001
29303.950001
29346.175001
29388.325001
29431.800001
29476.125001
29521.800001
29568.975001
29617.800001
29668.200001
29720.625001
29776.000001
29835.475001
29900.700001
29977.650001
