10.000000
20.000000
349.775000
422.325000
484.450000
538.425000
586.150000
630.475000
673.400000
714.550000
755.175000
795.000000
834.425000
873.325000
911.950000
950.225000
988.325000
1026.225000
1063.875000
1101.700000
1139.550000
1177.275000
1214.900000
1252.500000
1290.175000
1327.600000
1364.975000
1402.475000
1440.125000
1477.500000
1514.850000
1552.425000
1590.050000
1627.400000
1664.800000
1702.375000
1740.025000
1777.350000
1814.750000
1852.350000
1890.000000
1927.325000
1964.725000
2002.350000
2040.000000
2077.325000
2114.725000
2152.325000
2190.000000
2227.325000
2264.725000
2302.325000
2339.975000
2377.300000
2414.700000
2452.325000
2489.975000
2527.300000
2564.700000
2602.325000
2639.975000
2677.300000
2714.700000
2752.325000
2789.975000
2827.300000
2864.700000
2902.325000
2939.975000
2977.300000
3014.700000
3052.325000
3089.975000
3127.300000
3164.700000
3202.325000
3239.975000
3277.300000
3314.700000
3352.325000
3389.975000
3427.300000
3464.700000
3502.325000
3539.975000
3577.300000
3614.700000
3652.325000
3689.975000
3727.300000
3764.700000
3802.325000
3839.975000
3877.300000
3914.700000
3952.325000
3989.975000
4027.300000
4064.700000
4102.325000
4139.975000
4177.300000
4214.700000
4252.325000
4289.975000
4327.300000
4364.700000
4402.325000
4439.975000
4477.300000
4514.700000
4552.325000
4589.975000
4627.300000
4664.700000
4702.325000
4739.975000
4777.300000
4814.700000
4852.325000
4889.975000
4927.300000
4964.700000
5002.325000
5039.975000
5077.300000
5114.700000
5152.325000
5189.975000
5227.300000
5264.700000
5302.325000
5339.975000
5377.300000
5414.700000
5452.325000
5489.975000
5527.300000
5564.700000
5602.325000
5639.975000
5677.300000
5714.700000
5752.325000
5789.975000
5827.300000
5864.700000
5902.325000
5939.975000
5977.300000
6014.700000
6052.325000
6089.975000
6127.300000
6164.700000
6202.325000
6239.975000
6277.300000
6314.700000
6352.325000
6389.975000
6427.300000
6464.700000
6502.325000
6539.975000
6577.300000
6614.700000
6652.325000
6689.975000
6727.300000
6764.700000
6802.325000
6839.975000
6877.300000
6914.700000
6952.325000
6989.975000
7027.300000
7064.700000
7102.325000
7139.975000
7177.300000
7214.700000
7252.325000
7289.975000
7327.300000
7364.700000
7402.325000
7439.975000
7477.300000
7514.700000
7552.325000
7589.975000
7627.300000
7664.700000
7702.325000
7739.975000
7777.300000
7814.700000
7852.325000
7889.975000
7927.300000
7964.700000
8002.325000
8039.975000
8077.300000
8114.700000
8152.325000
8189.975000
8227.300000
8264.700000
8302.325000
8339.975000
8377.300000
8414.700000
8452.325000
8489.975000
8527.300000
8564.700000
8602.325000
8639.975000
8677.300000
8714.700000
8752.325000
8789.975000
8827.300000
8864.700000
8902.325000
8939.975000
8977.300000
9014.700000
9052.325000
9089.975000
9127.300000
9164.700000
9202.325000
9239.975000
9277.300000
9314.700000
9352.325000
9389.975000
9427.300000
9464.700000
9502.325000
9539.975000
9577.300000
9614.700000
9652.325000
9689.975000
9727.300000
9764.700000
9802.325000
9839.975000
9877.300000
9914.700000
9952.325000
9989.975000
10027.300000
10064.700000
10102.325000
10139.975000
10177.300000
10214.700000
10252.325000
10289.975000
10327.300000
10364.700000
10402.325000
10439.975000
10477.300000
10514.700000
10552.325000
10589.975000
10627.300000
10664.700000
10702.325000
10739.975000
10777.300000
10814.700000
10852.325000
10889.975000
10927.300000
10964.700000
11002.325000
11039.975000
11077.300000
11114.700000
11152.325000
11189.975000
11227.300000
11264.700000
11302.325000
11339.975000
11377.300000
11414.700000
11452.325000
11489.975000
11527.300000
11564.700000
11602.325000
11639.975000
11677.300000
11714.700000
11752.325000
11789.975000
11827.300000
11864.700000
11902.325000
11939.975000
11977.300000
12014.700000
12052.325000
12089.975000
12127.300000
12164.700000
12202.325000
12239.975000
12277.300000
12314.700000
12352.325000
12389.975000
12427.300000
12464.700000
12502.325000
12539.975000
12577.300000
12614.700000
12652.325000
12689.975000
12727.300000
12764.700000
12802.325000
12839.975000
12877.300000
12914.700000
12952.325000
12989.975000
13027.300000
13064.700000
13102.325000
13139.975000
13177.300000
13214.700000
13252.325000
13289.975000
13327.300000
13364.700000
13402.325000
13439.975000
13477.300000
13514.700000
13552.325000
13589.975000
13627.300000
13664.700000
13702.325000
13739.975000
13777.300000
13814.700000
13852.325000
13889.975000
13927.300000
13964.700000
14002.325000
14039.975000
14077.300000
14114.700000
14152.325000
14189.975000
14227.300000
14264.700000
14302.325000
14339.975000
14377.300000
14414.700000
14452.325000
14489.975000
14527.300000
14564.700000
14602.325000
14639.975000
14677.300000
14714.700000
14752.325000
14789.975000
14827.300000
14864.700000
14902.325000
14939.975000
14977.300000
15014.700000
15052.325000
15089.975000
15127.300000
15164.700000
15202.325000
15239.975000
15277.300000
15314.700000
15352.325000
15389.975000
15427.300000
15464.700000
15502.325000
15539.975000
15577.300000
15614.700000
15652.325000
15689.975000
15727.300000
15764.700000
15802.325000
15839.975000
15877.300000
15914.700000
15952.325000
15989.975000
16027.300000
16064.700000
16102.325000
16139.975000
16177.300000
16214.700000
16252.325000
16289.975000
16327.300000
16364.700000
16402.325000
16439.975000
16477.300000
16514.700000
16552.325000
16589.975000
16627.300000
16664.700000
16702.325000
16739.975000
16777.300000
16814.700000
16852.325000
16889.975000
16927.300000
16964.700000
17002.325000
17039.975000
17077.300000
17114.700000
17152.325000
17189.975000
17227.300000
17264.700000
17302.325000
17339.975000
17377.300000
17414.700000
17452.325000
17489.975000
17527.300000
17564.700000
17602.325000
17639.975000
17677.300000
17714.700000
17752.325000
17789.975000
17827.300000
17864.700000
17902.325000
17939.975000
17977.300000
18014.700000
18052.325000
18089.975000
18127.300000
18164.700000
18202.325000
18239.975001
18277.300001
18314.700001
18352.325001
18389.975001
18427.300001
18464.700001
18502.325001
18539.975001
18577.300001
18614.700001
18652.325001
18689.975001
18727.300001
18764.700001
18802.325001
18839.975001
18877.300001
18914.700001
18952.325001
18989.975001
19027.300001
19064.700001
19102.325001
19139.975001
19177.300001
19214.700001
19252.325001
19289.975001
19327.300001
19364.700001
19402.325001
19439.975001
19477.300001
19514.700001
19552.325001
19589.975001
19627.300001
19664.700001
19702.325001
19739.975001
19777.300001
19814.700001
19852.325001
19889.975001
19927.300001
19964.700001
20002.325001
20039.975001
20077.300001
20114.700001
20152.325001
20189.975001
20227.300001
20264.700001
20302.325001
20339.975001
20377.300001
20414.700001
20452.325001
20489.975001
20527.300001
20564.700001
20602.325001
20639.975001
20677.300001
20714.700001
20752.325001
20789.975001
20827.300001
20864.700001
20902.325001
20939.975001
20977.300001
21014.700001
21052.325001
21089.975001
21127.300001
21164.700001
21202.325001
21239.975001
21277.300001
21314.700001
21352.325001
21389.975001
21427.300001
21464.700001
21502.325001
21539.975001
21577.300001
21614.700001
21652.325001
21689.975001
21727.300001
21764.700001
21802.325001
21839.975001
21877.300001
21914.700001
21952.325001
21989.975001
22027.300001
22064.700001
22102.325001
22139.975001
22177.300001
22214.700001
22252.325001
22289.975001
22327.300001
22364.700001
22402.325001
22439.975001
22477.300001
22514.700001
22552.325001
22589.975001
22627.300001
22664.700001
22702.325001
22739.975001
22777.300001
22814.700001
22852.325001
22889.975001
22927.300001
22964.700001
23002.325001
23039.975001
23077.300001
23114.700001
23152.325001
23189.975001
23227.300001
23264.700001
23302.325001
23339.975001
23377.300001
23414.700001
23452.325001
23489.975001
23527.300001
23564.700001
23602.325001
23639.975001
23677.300001
23714.700001
23752.325001
23789.975001
23827.300001
23864.700001
23902.325001
23939.975001
23977.300001
24014.700001
24052.325001
24089.975001
24127.300001
24164.700001
24202.325001
24239.975001
24277.300001
24314.700001
24352.325001
24389.975001
24427.300001
24464.700001
24502.325001
24539.975001
24577.300001
24614.700001
24652.325001
24689.975001
24727.300001
24764.700001
24802.325001
24839.975001
24877.300001
24914.700001
24952.325001
24989.975001
25027.300001
25064.700001
25102.325001
25139.975001
25177.300001
25214.700001
25252.325001
25289.975001
25327.300001
25364.700001
25402.325001
25439.975001
25477.300001
25514.700001
25552.325001
25589.975001
25627.300001
25664.700001
25702.325001
25739.975001
25777.300001
25814.700001
25852.325001
25889.975001
25927.300001
25964.700001
26002.325001
26039.975001
26077.300001
26114.700001
26152.325001
26189.975001
26227.300001
26264.700001
26302.325001
26339.975001
26377.300001
26414.700001
26452.325001
26489.975001
26527.300001
26564.700001
26602.325001
26639.975001
26677.300001
26714.700001
26752.325001
26789.975001
26827.300001
26864.700001
26902.325001
26939.975001
26977.300001
27014.700001
27052.325001
27089.975001
27127.300001
27164.700001
27202.325001
27239.975001
27277.300001
27314.700001
27352.325001
27389.975001
27427.300001
27464.700001
27502.325001
27539.975001
27577.300001
27614.700001
27652.325001
27689.975001
27727.300001
27764.700001
27802.325001
27839.975001
27877.300001
27914.700001
27952.325001
27989.975001
28027.300001
28064.700001
28102.325001
28139.975001
28177.300001
28214.700001
28252.325001
28289.975001
28327.300001
28364.700001
28402.325001
28439.975001
28477.300001
28514.700001
28552.325001
28589.975001
28627.300001
28664.700001
28702.325001
28739.975001
28777.300001
28814.700001
28852.325001
28889.975001
28927.300001
28964.700001
29002.325001
29039.975001
29077.300001
29114.700001
29152.325001
29189.975001
29227.300001
29264.700001
29302.325001
29339.975001
29377.300001
29414.700001
29452.325001
29489.975001
29527.300001
29564.700001
29602.500001
29641.275001
29680.525001
29720.750001
29762.250001
29804.650001
29848.525001
29894.100001
29941.675001
29991.900001
30045.725001
30104.725001
30164.750001
30226.650001
30290.050001
30354.800001
30420.775001
30487.875001
30556.000001
30625.175001
30695.525001
30767.025001
30839.450001
30912.700001
30986.650001
31061.350001
31136.825001
31213.225001
31290.650001
31369.000001
31448.150001
31527.900001
31608.075001
31688.525001
31769.200001
31850.025001
31930.975001
32012.025001
32093.175001
32174.450001
32255.825001
32337.325001
32419.025001
32500.925001
32583.150001
32665.775001
32748.900001
32832.400001
32916.075001
32999.825001
33083.625001
33167.475001
33251.350001
33335.225001
33419.150001
33503.075001
33587.025001
33671.000001
33754.975001
33838.975001
33923.000001
34007.050001
34091.100001
34175.175001
34259.275001
34343.400001
34427.550001
34511.700001
34595.900001
34680.100001
34764.325001
34848.575001
34932.875001
