200.000000
11.000000
899.225000
945.400000
987.100000
1025.875000
1062.900000
1097.975000
1131.400000
1163.425000
1195.075000
1225.600000
1254.950000
1283.975000
1311.850000
1339.525000
1366.200000
1392.350000
1417.550000
1442.500000
1467.400000
1492.300000
1517.200000
1541.075000
1564.625000
1588.200000
1611.750000
1634.200000
1656.450000
1678.625000
1700.725000
1722.900000
1745.100000
1767.275000
1789.500000
1811.700000
1833.300000
1854.150000
1875.675000
1897.000000
1917.675000
1939.550000
1961.700000
1983.100000
2003.800000
2025.625000
2046.850000
2067.600000
2089.550000
2111.700000
2133.050000
2153.800000
2175.625000
2196.850000
2217.600000
2239.550000
2261.700000
2283.050000
2303.775000
2325.625000
2346.850000
2367.600000
2389.550000
2411.700000
2433.050000
2453.775000
2475.625000
2496.850000
2517.600000
2539.550000
2561.700000
2583.050000
2603.775000
2625.625000
2646.850000
2667.600000
2689.550000
2711.700000
2733.050000
2753.775000
2775.625000
2796.850000
2817.600000
2839.550000
2861.700000
2883.050000
2903.775000
2925.625000
2946.850000
2967.600000
2989.550000
3011.700000
3033.050000
3053.775000
3075.625000
3096.850000
3117.600000
3139.550000
3161.700000
3183.050000
3203.775000
3225.625000
3246.850000
3267.600000
3289.550000
3311.700000
3333.050000
3353.775000
3375.625000
3396.850000
3417.600000
3439.550000
3461.700000
3483.050000
3503.775000
3525.625000
3546.850000
3567.600000
3589.550000
3611.700000
3633.050000
3653.775000
3675.625000
3696.850000
3717.600000
3739.550000
3761.700000
3783.050000
3803.775000
3825.625000
3846.850000
3867.600000
3889.550000
3911.700000
3933.050000
3953.775000
3975.625000
3996.850000
4017.600000
4039.550000
4061.700000
4083.050000
4103.775000
4125.625000
4146.850000
4167.600000
4189.550000
4211.700000
4233.050000
4253.775000
4275.625000
4296.850000
4317.600000
4339.550000
4361.700000
4383.050000
4403.775000
4425.625000
4446.850000
4467.600000
4489.550000
4511.700000
4533.050000
4553.775000
4575.625000
4596.850000
4617.600000
4639.550000
4661.700000
4683.050000
4703.775000
4725.625000
4746.850000
4767.600000
4789.550000
4811.700000
4833.050000
4853.775000
4875.625000
4896.850000
4917.600000
4939.550000
4961.700000
4983.050000
5003.775000
5025.625000
5046.850000
5067.600000
5089.550000
5111.700000
5133.050000
5153.775000
5175.625000
5196.850000
5217.600000
5239.550000
5261.700000
5283.050000
5303.775000
5325.625000
5346.850000
5367.600000
5389.550000
5411.700000
5433.050000
5453.775000
5475.625000
5496.850000
5517.600000
5539.550000
5561.700000
5583.050000
5603.775000
5625.625000
5646.850000
5667.600000
5689.550000
5711.700000
5733.050000
5753.775000
5775.625000
5796.850000
5817.600000
5839.550000
5861.700000
5883.050000
5903.775000
5925.625000
5946.850000
5967.600000
5989.550000
6011.700000
6033.050000
6053.775000
6075.625000
6096.850000
6117.600000
6139.550000
6161.700000
6183.050000
6203.775000
6225.625000
6246.850000
6267.600000
6289.550000
6311.700000
6333.050000
6353.775000
6375.625000
6396.850000
6417.600000
6439.550000
6461.700000
6483.050000
6503.775000
6525.625000
6546.850000
6567.600000
6589.550000
6611.700000
6633.050000
6653.775000
6675.625000
6696.850000
6717.600000
6739.550000
6761.700000
6783.050000
6803.775000
6825.625000
6846.850000
6867.600000
6889.550000
6911.700000
6933.050000
6953.775000
6975.625000
6996.850000
7017.600000
7039.550000
7061.700000
7083.050000
7103.775000
7125.625000
7146.850000
7167.600000
7189.550000
7211.700000
7233.050000
7253.775000
7275.625000
7296.850000
7317.600000
7339.550000
7361.700000
7383.050000
7403.775000
7425.625000
7446.850000
7467.600000
7489.550000
7511.700000
7533.050000
7553.775000
7575.625000
7596.850000
7617.600000
7639.550000
7661.700000
7683.050000
7703.775000
7725.625000
7746.850000
7767.600000
7789.550000
7811.700000
7833.050000
7853.775000
7875.625000
7896.850000
7917.600000
7939.550000
7961.700000
7983.050000
8003.775000
8025.625000
8046.850000
8067.600000
8089.550000
8111.700000
8133.050000
8153.775000
8175.625000
8196.850000
8217.600000
8239.550000
8261.700000
8283.050000
8303.775000
8325.625000
8346.850000
8367.600000
8389.550000
8411.700000
8433.050000
8453.775000
8475.625000
8496.850000
8517.600000
8539.550000
8561.700000
8583.050000
8603.775000
8625.625000
8646.850000
8667.600000
8689.550000
8711.700000
8733.050000
8753.775000
8775.625000
8796.850000
8817.600000
8839.550000
8861.700000
8883.050000
8903.775000
8925.625000
8946.850000
8967.600000
8989.550000
9011.700000
9033.050000
9053.775000
9075.625000
9096.850000
9117.600000
9139.550000
9161.700000
9183.050000
9203.775000
9225.625000
9246.850000
9267.600000
9289.550000
9311.700000
9333.050000
9353.775000
9375.625000
9396.850000
9417.600000
9439.550000
9461.700000
9483.050000
9503.775000
9525.625000
9546.850000
9567.600000
9589.550000
9611.700000
9633.050000
9653.775000
9675.625000
9696.850000
9717.600000
9739.550000
9761.700000
9783.050000
9803.775000
9825.625000
9846.850000
9867.600000
9889.550000
9911.700000
9933.050000
9953.775000
9975.625000
9996.850000
10017.600000
10039.550000
10061.700000
10083.050000
10103.775000
10125.625000
10146.850000
10167.600000
10189.550000
10211.700000
10233.050000
10253.775000
10275.625000
10296.850000
10317.600000
10339.550000
10361.700000
10383.050000
10403.775000
10425.625000
10446.850000
10467.600000
10489.550000
10511.700000
10533.050000
10553.775000
10575.625000
10596.850000
10617.600000
10639.550000
10661.700000
10683.050000
10703.775000
10725.625000
10746.850000
10767.600000
10789.550000
10811.700000
10833.050000
10853.775000
10875.625000
10896.850000
10917.600000
10939.550000
10961.700000
10983.050000
11003.775000
11025.625000
11046.850000
11067.600000
11089.550000
11111.700000
11133.050000
11153.775000
11175.625000
11196.850000
11217.600000
11239.550000
11261.700000
11283.050000
11303.775000
11325.625000
11346.850000
11367.600000
11389.550000
11411.700000
11433.050000
11453.775000
11475.625000
11496.850000
11517.600000
11539.550000
11561.700000
11583.050000
11603.775000
11625.625000
11646.850000
11667.600000
11689.550000
11711.700000
11733.050000
11753.775000
11775.625000
11796.850000
11817.600000
11839.550000
11861.700000
11883.050000
11903.775000
11925.625000
11946.850000
11967.600000
11989.550000
12011.700000
12033.050000
12053.775000
12075.625000
12096.850000
12117.600000
12139.550000
12161.700000
12183.050000
12203.775000
12225.625000
12246.850000
12267.600000
12289.550000
12311.700000
12333.050000
12353.775000
12375.625000
12396.850000
12417.600000
12439.550000
12461.700000
12483.050000
12503.775000
12525.625000
12546.850000
12567.600000
12589.550000
12611.700000
12633.050000
12653.775000
12675.625000
12696.850000
12717.600000
12739.550000
12761.700000
12783.050000
12803.775000
12825.625000
12846.850000
12867.600000
12889.550000
12911.700000
12933.050000
12953.775000
12975.625000
12996.850000
13017.600000
13039.550000
13061.700000
13083.050000
13103.775000
13125.625000
13146.850000
13167.600000
13189.550000
13211.700000
13233.050000
13253.775000
13275.625000
13296.850000
13317.600000
13339.550000
13361.700000
13383.050000
13403.775000
13425.625000
13446.850000
13467.600000
13489.550000
13511.700000
13533.050000
13553.775000
13575.625000
13596.850000
13617.600000
13639.550000
13661.700000
13683.050000
13703.775000
13725.625000
13746.850000
13767.600000
13789.550000
13811.700000
13833.050000
13853.775000
13875.625000
13896.850000
13917.600000
13939.550000
13961.700000
13983.050000
14003.775000
14025.625000
14046.850000
14067.600000
14089.550000
14111.700000
14133.050000
14153.775000
14175.625000
14196.850000
14217.600000
14239.550000
14261.700000
14283.050000
14303.775000
14325.625000
14346.850000
14367.600000
14389.550000
14411.700000
14433.050000
14453.775000
14475.625000
14496.850000
14517.600000
14539.550000
14561.700000
14583.050000
14603.775000
14625.625000
14646.850000
14667.600000
14689.550000
14711.700000
14733.050000
14753.775000
14775.625000
14796.850000
14817.600000
14839.550000
14861.700000
14883.050000
14903.775000
14925.625000
14946.850000
14967.600000
14989.550000
15011.700000
15033.050000
15053.775000
15075.625000
15096.850000
15117.600000
15139.550000
15161.700000
15183.050000
15203.775000
15225.625000
15246.850000
15267.600000
15289.550000
15311.700000
15333.050000
15353.775000
15375.625000
15396.850000
15417.600000
15439.550000
15461.700000
15483.050000
15503.775000
15525.625000
15546.850000
15567.600000
15589.550000
15611.700000
15633.050000
15653.775000
15675.625000
15696.850000
15717.600000
15739.550000
15761.700000
15783.050000
15803.775000
15825.625000
15846.850000
15867.600000
15889.550000
15911.700000
15933.050000
15953.775000
15975.625000
15996.850000
16017.600000
16039.550000
16061.700000
16083.050000
16103.775000
16125.625000
16146.850000
16167.600000
16189.550000
16211.700000
16233.050000
16253.775000
16275.625000
16296.850000
16317.600000
16339.550000
16361.700000
16383.050000
16403.775000
16425.625000
16446.850000
16467.600000
16489.550000
16511.700000
16533.050000
16553.775000
16575.625000
16596.850000
16617.600000
16639.550000
16661.700000
16683.050000
16703.775000
16725.625000
16746.850000
16767.600000
16789.550000
16811.700000
16833.050000
16853.775000
16875.625000
16896.850000
16917.600000
16939.550000
16961.700000
16983.050000
17003.775000
17025.625000
17046.850000
17067.600000
17089.550000
17111.700000
17133.050000
17153.775000
17175.625000
17196.850000
17217.600000
17239.550000
17261.700000
17283.050000
17303.775000
17325.625000
17346.850000
17367.600000
17389.550000
17411.700000
17433.050000
17453.775000
17475.625000
17496.850000
17517.600000
17539.550000
17561.700000
17583.050000
17603.775000
17625.625000
17646.850000
17667.600000
17689.550000
17711.700000
17733.050000
17753.775000
17775.625000
17796.850000
17817.600000
17839.550000
17861.700000
17883.050000
17903.775000
17925.625000
17946.850000
17967.600000
17989.550000
18011.700000
18033.050000
18053.775000
18075.625000
18096.850000
18117.600000
18139.550000
18161.700000
18183.050000
18203.775000
18225.625000
18246.850001
18267.600001
18289.550001
18311.700001
18333.050001
18353.775001
18375.625001
18396.850001
18417.600001
18439.550001
18461.700001
18483.050001
18503.775001
18525.625001
18546.850001
18567.600001
18589.550001
18611.700001
18633.050001
18653.775001
18675.625001
18696.850001
18717.600001
18739.550001
18761.700001
18783.050001
18803.775001
18825.625001
18846.850001
18867.600001
18889.550001
18911.700001
18933.050001
18953.775001
18975.625001
18996.850001
19017.600001
19039.550001
19061.700001
19083.050001
19103.775001
19125.625001
19146.850001
19167.600001
19189.550001
19211.700001
19233.050001
19253.775001
19275.625001
19296.850001
19317.600001
19339.550001
19361.700001
19383.050001
19403.775001
19425.625001
19446.850001
19467.600001
19489.550001
19511.700001
19533.050001
19553.775001
19575.625001
19596.850001
19617.600001
19639.550001
19661.700001
19683.050001
19703.775001
19725.625001
19746.850001
19767.600001
19789.550001
19811.700001
19833.050001
19853.775001
19875.625001
19896.850001
19917.600001
19939.550001
19961.700001
19983.050001
20003.775001
20025.625001
20046.850001
20067.600001
20089.550001
20111.700001
20133.050001
20153.775001
20175.625001
20196.850001
20217.600001
20239.550001
20261.700001
20283.050001
20303.775001
20325.625001
20346.850001
20367.600001
20389.550001
20411.700001
20433.050001
20453.775001
20475.625001
20496.850001
20517.600001
20539.550001
20561.700001
20583.050001
20603.775001
20625.625001
20646.850001
20667.600001
20689.550001
20711.700001
20733.050001
20753.775001
20775.625001
20796.850001
20817.600001
20839.550001
20861.700001
20883.050001
20903.775001
20925.625001
20946.850001
20967.600001
20989.550001
21011.700001
21033.050001
21053.775001
21075.625001
21096.850001
21117.600001
21139.550001
21161.700001
21183.050001
21203.775001
21225.625001
21246.850001
21267.600001
21289.550001
21311.700001
21333.050001
21353.775001
21375.625001
21396.850001
21417.600001
21439.550001
21461.700001
21483.050001
21503.775001
21525.625001
21546.850001
21567.600001
21589.550001
21611.700001
21633.050001
21653.775001
21675.625001
21696.850001
21717.600001
21739.550001
21761.700001
21783.050001
21803.775001
21825.625001
21846.850001
21867.600001
21889.550001
21911.700001
21933.050001
21953.775001
21975.625001
21996.850001
22017.600001
22039.550001
22061.700001
22083.050001
22103.775001
22125.625001
22146.850001
22167.600001
22189.550001
22211.700001
22233.050001
22253.775001
22275.625001
22296.850001
22317.600001
22339.550001
22361.700001
22383.050001
22403.775001
22425.625001
22446.850001
22467.600001
22489.550001
22511.700001
22533.050001
22553.775001
22575.625001
22596.850001
22617.600001
22639.550001
22661.700001
22683.050001
22703.775001
22725.625001
22746.850001
22767.600001
22789.550001
22811.700001
22833.050001
22853.775001
22875.625001
22896.850001
22917.600001
22939.550001
22961.700001
22983.050001
23003.775001
23025.625001
23046.850001
23067.600001
23089.550001
23111.700001
23133.050001
23153.775001
23175.625001
23196.850001
23217.600001
23239.550001
23261.700001
23283.050001
23303.775001
23325.625001
23346.850001
23367.600001
23389.550001
23411.700001
23433.050001
23453.775001
23475.625001
23496.850001
23517.600001
23539.550001
23561.700001
23583.050001
23603.775001
23625.625001
23646.850001
23667.600001
23689.550001
23711.700001
23733.050001
23753.775001
23775.625001
23796.850001
23817.600001
23839.550001
23861.700001
23883.050001
23903.775001
23925.625001
23946.850001
23967.600001
23989.550001
24011.700001
24033.050001
24053.775001
24075.625001
24096.850001
24117.600001
24139.550001
24161.700001
24183.050001
24203.775001
24225.625001
24246.850001
24267.600001
24289.550001
24311.700001
24333.050001
24353.775001
24375.625001
24396.850001
24417.600001
24439.550001
24461.700001
24483.050001
24503.775001
24525.625001
24546.850001
24567.600001
24589.550001
24611.700001
24633.050001
24653.775001
24675.625001
24696.850001
24717.600001
24739.550001
24761.700001
24783.050001
24803.775001
24825.625001
24846.850001
24867.600001
24889.550001
24911.700001
24933.050001
24953.775001
24975.625001
24996.850001
25017.600001
25039.550001
25061.700001
25083.050001
25103.775001
25125.625001
25146.850001
25167.600001
25189.550001
25211.700001
25233.050001
25253.775001
25275.625001
25296.850001
25317.600001
25339.550001
25361.700001
25383.050001
25403.775001
25425.625001
25446.850001
25467.600001
25489.550001
25511.700001
25533.050001
25553.775001
25575.625001
25596.850001
25617.600001
25639.550001
25661.700001
25683.050001
25703.775001
25725.625001
25746.850001
25767.600001
25789.550001
25811.700001
25833.050001
25853.775001
25875.625001
25896.850001
25917.600001
25939.550001
25961.700001
25983.050001
26003.775001
26025.625001
26046.850001
26067.600001
26089.550001
26111.700001
26133.050001
26153.775001
26175.625001
26196.850001
26217.600001
26239.550001
26261.700001
26283.050001
26303.775001
26325.625001
26346.850001
26367.600001
26389.550001
26411.700001
26433.050001
26453.775001
26475.625001
26496.850001
26517.600001
26539.550001
26561.700001
26583.050001
26603.775001
26625.625001
26646.850001
26667.600001
26689.550001
26711.700001
26733.050001
26753.775001
26775.625001
26796.850001
26817.600001
26839.550001
26861.700001
26883.050001
26903.775001
26925.625001
26946.850001
26967.600001
26989.550001
27011.700001
27033.050001
27053.775001
27075.625001
27096.850001
27117.600001
27139.550001
27161.700001
27183.050001
27203.775001
27225.625001
27246.850001
27267.600001
27289.550001
27311.700001
27333.050001
27353.775001
27375.625001
27396.850001
27417.600001
27439.550001
27461.700001
27483.050001
27503.775001
27525.625001
27546.850001
27567.600001
27589.550001
27611.700001
27633.050001
27653.775001
27675.625001
27696.850001
27717.600001
27739.550001
27761.700001
27783.050001
27803.775001
27825.625001
27846.850001
27867.600001
27889.550001
27911.700001
27933.050001
27953.775001
27975.625001
27996.850001
28017.600001
28039.550001
28061.700001
28083.050001
28103.775001
28125.625001
28146.850001
28167.600001
28189.550001
28211.700001
28233.050001
28253.775001
28275.625001
28296.850001
28317.600001
28339.550001
28361.700001
28383.050001
28403.775001
28425.625001
28446.900001
28467.825001
28489.650001
28511.850001
28534.075001
28556.350001
28578.650001
28600.900001
28623.300001
28646.550001
28670.100001
28693.875001
28717.425001
28741.350001
28764.950001
28789.600001
28814.600001
28839.675001
28864.775001
28890.100001
28916.175001
28942.425001
28969.075001
28995.650001
29023.025001
29050.875001
29079.825001
29109.125001
29139.525001
29170.200001
29201.250001
29234.025001
29267.525001
29302.475001
29339.625001
29378.850001
29421.775001
29473.250001
