10.000000
26.000000
404.575000
474.675000
534.175000
585.625000
631.450000
673.600000
713.700000
752.650000
790.950000
828.750000
865.325000
901.975000
938.325000
974.575000
1010.475000
1046.525000
1082.100000
1117.975000
1153.325000
1189.025000
1224.600000
1259.925000
1295.675000
1330.750000
1366.475000
1401.900000
1437.325000
1473.075000
1508.300000
1543.800000
1579.525000
1614.875000
1650.575000
1685.950000
1721.225000
1756.950000
1792.200000
1827.800000
1863.325000
1898.600000
1934.400000
1969.500000
2005.125000
2040.700000
2076.075000
2111.675000
2147.100000
2182.475000
2218.125000
2253.425000
2289.000000
2324.525000
2359.800000
2395.575000
2430.625000
2466.275000
2501.725000
2537.125000
2572.775000
2608.175000
2643.450000
2679.200000
2714.250000
2749.900000
2785.400000
2820.750000
2856.525000
2891.725000
2927.225000
2962.875000
2998.250000
3033.825000
3069.300000
3104.675000
3140.350000
3175.575000
3211.175000
3246.700000
3282.025000
3317.800000
3352.875000
3388.450000
3423.950000
3459.350000
3495.025000
3530.425000
3565.800000
3601.450000
3636.600000
3672.250000
3707.800000
3743.100000
3778.925000
3813.925000
3849.475000
3885.100000
3920.475000
3956.100000
3991.575000
4026.800000
4062.525000
4097.675000
4133.275000
4168.825000
4204.200000
4239.950000
4275.050000
4310.625000
4346.150000
4381.575000
4417.325000
4452.675000
4488.050000
4523.700000
4558.875000
4594.575000
4630.100000
4665.375000
4701.125000
4736.150000
4771.725000
4807.350000
4842.775000
4878.450000
4913.775000
4949.100000
4984.800000
5020.050000
5055.675000
5091.250000
5126.425000
5162.225000
5197.300000
5232.875000
5268.425000
5303.900000
5339.425000
5374.850000
5410.175000
5445.825000
5480.950000
5516.650000
5552.125000
5587.475000
5623.225000
5658.325000
5693.875000
5729.575000
5764.950000
5800.625000
5835.975000
5871.275000
5907.000000
5942.275000
5977.900000
6013.425000
6048.650000
6084.450000
6119.525000
6155.150000
6190.725000
6226.100000
6261.700000
6297.125000
6332.500000
6368.150000
6403.475000
6439.050000
6474.575000
6509.825000
6545.575000
6580.625000
6616.300000
6651.750000
6687.125000
6722.800000
6758.175000
6793.475000
6829.225000
6864.275000
6899.925000
6935.450000
6970.775000
7006.550000
7041.725000
7077.225000
7112.875000
7148.250000
7183.850000
7219.300000
7254.700000
7290.375000
7325.625000
7361.200000
7396.750000
7432.025000
7467.800000
7502.875000
7538.450000
7573.975000
7609.375000
7645.050000
7680.425000
7715.825000
7751.450000
7786.625000
7822.300000
7857.825000
7893.100000
7928.925000
7963.925000
7999.475000
8035.100000
8070.500000
8106.125000
8141.575000
8176.825000
8212.525000
8247.725000
8283.325000
8318.875000
8354.225000
8389.975000
8425.075000
8460.650000
8496.175000
8531.600000
8567.325000
8602.675000
8638.075000
8673.700000
8708.900000
8744.600000
8780.125000
8815.375000
8851.125000
8886.150000
8921.725000
8957.350000
8992.775000
9028.475000
9063.775000
9099.100000
9134.800000
9170.075000
9205.700000
9241.275000
9276.450000
9312.225000
9347.300000
9382.875000
9418.425000
9453.900000
9489.425000
9524.850000
9560.175000
9595.825000
9630.975000
9666.650000
9702.125000
9737.500000
9773.250000
9808.350000
9843.900000
9879.600000
9914.950000
9950.650000
9985.975000
10021.300000
10057.000000
10092.300000
10127.925000
10163.425000
10198.675000
10234.450000
10269.525000
10305.150000
10340.725000
10376.100000
10411.725000
10447.125000
10482.525000
10518.175000
10553.500000
10589.075000
10624.600000
10659.850000
10695.600000
10730.625000
10766.300000
10801.750000
10837.125000
10872.800000
10908.175000
10943.475000
10979.225000
11014.275000
11049.925000
11085.450000
11120.775000
11156.550000
11191.725000
11227.225000
11262.875000
11298.250000
11333.850000
11369.300000
11404.700000
11440.375000
11475.625000
11511.225000
11546.750000
11582.050000
11617.825000
11652.875000
11688.450000
11723.975000
11759.375000
11795.050000
11830.425000
11865.825000
11901.450000
11936.625000
11972.300000
12007.825000
12043.100000
12078.925000
12113.925000
12149.475000
12185.100000
12220.500000
12256.125000
12291.575000
12326.825000
12362.525000
12397.725000
12433.325000
12468.875000
12504.250000
12539.975000
12575.075000
12610.650000
12646.175000
12681.600000
12717.325000
12752.675000
12788.075000
12823.700000
12858.925000
12894.600000
12930.125000
12965.375000
13001.125000
13036.150000
13071.725000
13107.350000
13142.775000
13178.475000
13213.775000
13249.100000
13284.800000
13320.075000
13355.700000
13391.275000
13426.450000
13462.225000
13497.300000
13532.900000
13568.425000
13603.900000
13639.425000
13674.850000
13710.175000
13745.850000
13780.975000
13816.675000
13852.150000
13887.500000
13923.250000
13958.350000
13993.900000
14029.600000
14064.950000
14100.650000
14135.975000
14171.300000
14207.000000
14242.300000
14277.925000
14313.425000
14348.675000
14384.450000
14419.525000
14455.150000
14490.725000
14526.100000
14561.725000
14597.125000
14632.525000
14668.175000
14703.500000
14739.075000
14774.600000
14809.850000
14845.600000
14880.625000
14916.300000
14951.750000
14987.125000
15022.800000
15058.175000
15093.475000
15129.225000
15164.275000
15199.925000
15235.450000
15270.775000
15306.550000
15341.725000
15377.250000
15412.875000
15448.275000
15483.850000
15519.300000
15554.700000
15590.375000
15625.625000
15661.225000
15696.750000
15732.050000
15767.825000
15802.875000
15838.450000
15873.975000
15909.375000
15945.050000
15980.425000
16015.825000
16051.450000
16086.625000
16122.300000
16157.825000
16193.100000
16228.925000
16263.925000
16299.475000
16335.100000
16370.500000
16406.125000
16441.575000
16476.825000
16512.525000
16547.725000
16583.325000
16618.875000
16654.250000
16689.975000
16725.075000
16760.650000
16796.175000
16831.600000
16867.325000
16902.675000
16938.075000
16973.700000
17008.925000
17044.600000
17080.125000
17115.375000
17151.125000
17186.150000
17221.725000
17257.350000
17292.775000
17328.475000
17363.775000
17399.100000
17434.800000
17470.075000
17505.700000
17541.275000
17576.450000
17612.225000
17647.300000
17682.900000
17718.425000
17753.900000
17789.425000
17824.850000
17860.175000
17895.850000
17930.975000
17966.675000
18002.150000
18037.500000
18073.250000
18108.350000
18143.900000
18179.600000
18214.950000
18250.650001
18285.975001
18321.300001
18357.000001
18392.300001
18427.925001
18463.425001
18498.675001
18534.450001
18569.525001
18605.150001
18640.725001
18676.100001
18711.725001
18747.125001
18782.525001
18818.175001
18853.500001
18889.075001
18924.600001
18959.850001
18995.600001
19030.625001
19066.300001
19101.750001
19137.125001
19172.800001
19208.175001
19243.475001
19279.225001
19314.275001
19349.925001
19385.450001
19420.775001
19456.550001
19491.725001
19527.250001
19562.875001
19598.275001
19633.850001
19669.300001
19704.700001
19740.375001
19775.625001
19811.225001
19846.750001
19882.050001
19917.825001
19952.875001
19988.450001
20023.975001
20059.375001
20095.050001
20130.425001
20165.825001
20201.450001
20236.625001
20272.300001
20307.825001
20343.100001
20378.925001
20413.925001
20449.475001
20485.100001
20520.500001
20556.125001
20591.575001
20626.825001
20662.525001
20697.725001
20733.325001
20768.875001
20804.250001
20839.975001
20875.075001
20910.650001
20946.175001
20981.600001
21017.325001
21052.675001
21088.075001
21123.700001
21158.925001
21194.600001
21230.125001
21265.375001
21301.125001
21336.150001
21371.725001
21407.350001
21442.775001
21478.475001
21513.775001
21549.100001
21584.800001
21620.075001
21655.700001
21691.275001
21726.450001
21762.225001
21797.300001
21832.900001
21868.425001
21903.900001
21939.425001
21974.850001
22010.175001
22045.850001
22080.975001
22116.675001
22152.150001
22187.500001
22223.250001
22258.350001
22293.900001
22329.600001
22364.950001
22400.650001
22435.975001
22471.300001
22507.000001
22542.300001
22577.925001
22613.425001
22648.675001
22684.450001
22719.525001
22755.150001
22790.725001
22826.100001
22861.725001
22897.125001
22932.525001
22968.175001
23003.500001
23039.075001
23074.600001
23109.850001
23145.600001
23180.625001
23216.300001
23251.750001
23287.125001
23322.800001
23358.175001
23393.475001
23429.225001
23464.275001
23499.925001
23535.450001
23570.775001
23606.550001
23641.725001
23677.250001
23712.875001
23748.275001
23783.850001
23819.300001
23854.725001
23890.375001
23925.625001
23961.225001
23996.750001
24032.050001
24067.825001
24102.875001
24138.450001
24173.975001
24209.375001
24245.050001
24280.425001
24315.825001
24351.450001
24386.625001
24422.300001
24457.825001
24493.100001
24528.925001
24563.925001
24599.475001
24635.100001
24670.500001
24706.125001
24741.575001
24776.825001
24812.525001
24847.725001
24883.325001
24918.875001
24954.250001
24989.975001
25025.075001
25060.650001
25096.175001
25131.600001
25167.325001
25202.675001
25238.075001
25273.700001
25308.925001
25344.600001
25380.125001
25415.375001
25451.125001
25486.150001
25521.725001
25557.350001
25592.775001
25628.475001
25663.775001
25699.100001
25734.800001
25770.075001
25805.700001
25841.275001
25876.450001
25912.225001
25947.300001
25982.900001
26018.425001
26053.900001
26089.425001
26124.850001
26160.175001
26195.850001
26230.975001
26266.675001
26302.150001
26337.500001
26373.250001
26408.350001
26443.900001
26479.600001
26514.950001
26550.650001
26585.975001
26621.300001
26657.000001
26692.300001
26727.925001
26763.425001
26798.675001
26834.450001
26869.525001
26905.150001
26940.725001
26976.100001
27011.725001
27047.125001
27082.525001
27118.175001
27153.500001
27189.075001
27224.600001
27259.850001
27295.600001
27330.625001
27366.300001
27401.750001
27437.125001
27472.800001
27508.175001
27543.475001
27579.225001
27614.275001
27649.925001
27685.450001
27720.775001
27756.550001
27791.725001
27827.250001
27862.875001
27898.275001
27933.850001
27969.300001
28004.725001
28040.375001
28075.625001
28111.225001
28146.750001
28182.050001
28217.825001
28252.875001
28288.450001
28323.975001
28359.375001
28395.050001
28430.425001
28465.825001
28501.450001
28536.625001
28572.300001
28607.825001
28643.100001
28678.925001
28713.925001
28749.475001
28785.100001
28820.500001
28856.125001
28891.575001
28926.825001
28962.525001
28997.725001
29033.325001
29068.875001
29104.250001
29139.975001
29175.075001
29210.650001
29246.175001
29281.600001
29317.325001
29352.675001
29388.075001
29423.700001
29458.925001
29494.600001
29530.250001
29566.725001
29603.600001
29641.375001
29679.775001
29718.975001
29758.775001
29799.775001
29841.675001
29884.975001
29929.850001
29976.500001
30025.625001
30078.100001
30133.175001
30190.175001
30249.550001
30311.375001
30375.375001
30441.150001
30508.250001
30576.425001
30645.525001
30715.550001
30786.625001
30858.975001
30932.700001
31007.850001
31084.200001
31161.650001
31240.125001
31319.750001
31400.825001
31483.975001
31570.075001
31659.475001
31751.750001
31846.375001
31942.375001
32038.975001
32135.800001
32232.700001
32329.650001
32426.650001
32523.650001
32620.650001
32717.675001
32814.700001
32911.725001
33008.775001
33105.825001
33202.850001
33299.900001
33396.950001
33493.975001
33591.025001
33688.075001
33785.100001
33882.150001
33979.200001
34076.250001
34173.300001
34270.325001
34367.375001
34464.425001
34561.475001
34658.500001
34755.550001
34852.600001
34949.650001
