100.000000
16.000000
470.300000
530.725000
583.825000
632.750000
679.300000
723.625000
766.625000
808.150000
849.800000
891.375000
932.875000
974.500000
1015.925000
1057.650000
1098.725000
1140.275000
1181.425000
1223.200000
1264.075000
1305.500000
1346.825000
1388.100000
1429.850000
1470.875000
1512.425000
1553.625000
1595.400000
1636.275000
1677.700000
1719.050000
1760.300000
1801.875000
1842.975000
1884.550000
1925.600000
1967.475000
2008.400000
2049.825000
2091.250000
2132.500000
2174.025000
2215.125000
2256.750000
2297.750000
2339.275000
2380.400000
2421.750000
2463.325000
2504.700000
2546.175000
2587.275000
2628.950000
2669.950000
2711.400000
2752.550000
2793.925000
2835.525000
2876.600000
2918.075000
2959.225000
3001.000000
3042.125000
3083.450000
3124.700000
3166.075000
3207.725000
3248.800000
3290.300000
3331.450000
3373.200000
3414.075000
3455.500000
3496.825000
3538.100000
3579.850000
3620.875000
3662.425000
3703.600000
3745.400000
3786.275000
3827.675000
3869.050000
3910.300000
3951.875000
3992.975000
4034.550000
4075.600000
4117.475000
4158.400000
4199.825000
4241.250000
4282.500000
4324.025000
4365.125000
4406.725000
4447.750000
4489.250000
4530.375000
4571.725000
4613.325000
4654.700000
4696.150000
4737.250000
4778.925000
4819.925000
4861.300000
4902.525000
4943.850000
4985.500000
5026.575000
5068.050000
5109.175000
5150.975000
5192.100000
5233.450000
5274.700000
5316.075000
5357.725000
5398.775000
5440.300000
5481.450000
5523.200000
5564.075000
5605.500000
5646.825000
5688.100000
5729.850000
5770.875000
5812.425000
5853.600000
5895.400000
5936.275000
5977.675000
6019.050000
6060.300000
6101.875000
6142.975000
6184.550000
6225.600000
6267.475000
6308.400000
6349.825000
6391.250000
6432.500000
6474.025000
6515.125000
6556.725000
6597.750000
6639.250000
6680.375000
6721.725000
6763.325000
6804.700000
6846.150000
6887.250000
6928.925000
6969.925000
7011.300000
7052.525000
7093.850000
7135.500000
7176.575000
7218.050000
7259.175000
7300.975000
7342.100000
7383.450000
7424.700000
7466.075000
7507.725000
7548.775000
7590.300000
7631.450000
7673.200000
7714.075000
7755.500000
7796.825000
7838.100000
7879.850000
7920.875000
7962.425000
8003.600000
8045.400000
8086.275000
8127.675000
8169.050000
8210.300000
8251.875000
8292.975000
8334.550000
8375.600000
8417.475000
8458.400000
8499.825000
8541.250000
8582.500000
8624.025000
8665.125000
8706.725000
8747.750000
8789.250000
8830.375000
8871.725000
8913.325000
8954.700000
8996.150000
9037.250000
9078.925000
9119.925000
9161.300000
9202.525000
9243.850000
9285.500000
9326.575000
9368.050000
9409.175000
9450.975000
9492.100000
9533.450000
9574.700000
9616.075000
9657.725000
9698.775000
9740.300000
9781.450000
9823.200000
9864.075000
9905.500000
9946.825000
9988.100000
10029.850000
10070.875000
10112.425000
10153.600000
10195.400000
10236.275000
10277.675000
10319.050000
10360.300000
10401.875000
10442.975000
10484.550000
10525.600000
10567.475000
10608.400000
10649.825000
10691.250000
10732.500000
10774.025000
10815.125000
10856.725000
10897.750000
10939.250000
10980.375000
11021.725000
11063.325000
11104.700000
11146.150000
11187.250000
11228.925000
11269.925000
11311.300000
11352.525000
11393.850000
11435.500000
11476.575000
11518.050000
11559.175000
11600.975000
11642.100000
11683.450000
11724.700000
11766.075000
11807.725000
11848.775000
11890.300000
11931.450000
11973.200000
12014.075000
12055.500000
12096.825000
12138.100000
12179.850000
12220.875000
12262.425000
12303.600000
12345.400000
12386.275000
12427.675000
12469.050000
12510.300000
12551.875000
12592.975000
12634.550000
12675.600000
12717.475000
12758.400000
12799.825000
12841.250000
12882.500000
12924.025000
12965.125000
13006.725000
13047.750000
13089.250000
13130.375000
13171.725000
13213.325000
13254.700000
13296.150000
13337.250000
13378.925000
13419.925000
13461.300000
13502.525000
13543.850000
13585.500000
13626.575000
13668.050000
13709.175000
13750.975000
13792.100000
13833.450000
13874.700000
13916.075000
13957.725000
13998.775000
14040.300000
14081.450000
14123.200000
14164.075000
14205.500000
14246.825000
14288.100000
14329.850000
14370.875000
14412.425000
14453.600000
14495.400000
14536.275000
14577.675000
14619.050000
14660.300000
14701.875000
14742.975000
14784.550000
14825.600000
14867.475000
14908.400000
14949.825000
14991.250000
15032.500000
15074.025000
15115.125000
15156.725000
15197.750000
15239.250000
15280.375000
15321.725000
15363.325000
15404.700000
15446.150000
15487.250000
15528.925000
15569.925000
15611.300000
15652.525000
15693.850000
15735.500000
15776.575000
15818.050000
15859.175000
15900.975000
15942.100000
15983.450000
16024.700000
16066.075000
16107.725000
16148.775000
16190.300000
16231.450000
16273.200000
16314.075000
16355.500000
16396.825000
16438.100000
16479.850000
16520.875000
16562.425000
16603.600000
16645.400000
16686.275000
16727.675000
16769.050000
16810.300000
16851.875000
16892.975000
16934.550000
16975.600000
17017.475000
17058.400000
17099.825000
17141.250000
17182.500000
17224.025000
17265.125000
17306.725000
17347.750000
17389.250000
17430.375000
17471.725000
17513.325000
17554.700000
17596.150000
17637.250000
17678.925000
17719.925000
17761.300000
17802.525000
17843.850000
17885.500000
17926.575000
17968.050000
18009.175000
18050.975000
18092.100000
18133.450000
18174.700000
18216.075000
18257.725001
18298.775001
18340.300001
18381.450001
18423.200001
18464.075001
18505.500001
18546.825001
18588.100001
18629.850001
18670.875001
18712.425001
18753.600001
18795.400001
18836.275001
18877.675001
18919.050001
18960.300001
19001.875001
19042.975001
19084.550001
19125.600001
19167.475001
19208.400001
19249.825001
19291.250001
19332.500001
19374.025001
19415.125001
19456.725001
19497.750001
19539.250001
19580.375001
19621.725001
19663.325001
19704.700001
19746.150001
19787.250001
19828.925001
19869.925001
19911.300001
19952.525001
19993.850001
20035.500001
20076.575001
20118.050001
20159.175001
20200.975001
20242.100001
20283.450001
20324.700001
20366.075001
20407.725001
20448.775001
20490.300001
20531.450001
20573.200001
20614.075001
20655.500001
20696.825001
20738.100001
20779.850001
20820.875001
20862.425001
20903.600001
20945.400001
20986.275001
21027.675001
21069.050001
21110.300001
21151.875001
21192.975001
21234.550001
21275.600001
21317.475001
21358.400001
21399.825001
21441.250001
21482.500001
21524.025001
21565.125001
21606.725001
21647.750001
21689.250001
21730.375001
21771.725001
21813.325001
21854.700001
21896.150001
21937.250001
21978.925001
22019.925001
22061.300001
22102.525001
22143.850001
22185.500001
22226.575001
22268.050001
22309.175001
22350.975001
22392.100001
22433.450001
22474.700001
22516.075001
22557.725001
22598.775001
22640.300001
22681.450001
22723.200001
22764.075001
22805.500001
22846.825001
22888.100001
22929.850001
22970.875001
23012.425001
23053.600001
23095.400001
23136.275001
23177.675001
23219.050001
23260.300001
23301.875001
23342.975001
23384.550001
23425.600001
23467.475001
23508.400001
23549.825001
23591.250001
23632.500001
23674.025001
23715.125001
23756.725001
23797.750001
23839.250001
23880.375001
23921.725001
23963.325001
24004.700001
24046.150001
24087.250001
24128.925001
24169.925001
24211.300001
24252.525001
24293.850001
24335.500001
24376.575001
24418.050001
24459.175001
24500.975001
24542.100001
24583.450001
24624.700001
24666.075001
24707.725001
24748.775001
24790.300001
24831.450001
24873.200001
24914.075001
24955.500001
24996.825001
25038.100001
25079.850001
25120.875001
25162.425001
25203.600001
25245.400001
25286.275001
25327.675001
25369.050001
25410.300001
25451.875001
25492.975001
25534.550001
25575.600001
25617.475001
25658.400001
25699.825001
25741.250001
25782.500001
25824.025001
25865.125001
25906.725001
25947.750001
25989.250001
26030.375001
26071.725001
26113.325001
26154.700001
26196.150001
26237.250001
26278.925001
26319.925001
26361.300001
26402.525001
26443.850001
26485.500001
26526.575001
26568.050001
26609.175001
26650.975001
26692.100001
26733.450001
26774.700001
26816.075001
26857.725001
26898.775001
26940.300001
26981.450001
27023.200001
27064.075001
27105.500001
27146.825001
27188.100001
27229.850001
27270.875001
27312.425001
27353.600001
27395.400001
27436.275001
27477.675001
27519.050001
27560.300001
27601.875001
27642.975001
27684.550001
27725.600001
27767.475001
27808.400001
27849.825001
27891.250001
27932.500001
27974.025001
28015.125001
28056.725001
28097.750001
28139.250001
28180.375001
28221.725001
28263.325001
28304.700001
28346.150001
28387.250001
28428.925001
28469.925001
28511.300001
28552.525001
28593.850001
28635.500001
28676.575001
28718.050001
28759.175001
28800.975001
28842.100001
28883.450001
28924.700001
28966.075001
29007.725001
29048.775001
29090.300001
29131.450001
29173.200001
29214.075001
29255.500001
29296.825001
29338.100001
29379.900001
29422.800001
29466.400001
29510.850001
29556.750001
29603.600001
29652.325001
29702.625001
29755.175001
29810.500001
29869.650001
29934.650001
30011.850001
