30.000000
0.000000
411.100000
456.575000
497.000000
535.375000
571.650000
606.700000
640.675000
673.500000
706.450000
739.425000
772.100000
804.700000
837.100000
869.275000
902.100000
935.075000
967.800000
1000.725000
1033.325000
1065.975000
1098.250000
1130.375000
1163.200000
1196.050000
1228.850000
1261.775000
1294.425000
1326.925000
1359.325000
1391.500000
1424.325000
1457.300000
1490.025000
1522.950000
1555.600000
1588.200000
1620.500000
1652.625000
1685.425000
1718.325000
1751.050000
1784.000000
1816.725000
1849.275000
1881.625000
1913.700000
1946.550000
1979.550000
2012.300000
2045.200000
2077.925000
2110.550000
2142.800000
2174.925000
2207.675000
2240.675000
2273.375000
2306.325000
2338.950000
2371.525000
2403.900000
2435.950000
2468.800000
2501.650000
2534.425000
2567.375000
2600.050000
2632.650000
2664.975000
2697.100000
2729.900000
2762.850000
2795.575000
2828.550000
2861.150000
2893.775000
2926.050000
2958.150000
2991.025000
3023.875000
3056.650000
3089.575000
3122.250000
3154.875000
3187.200000
3219.325000
3252.125000
3285.100000
3317.825000
3350.725000
3383.350000
3415.975000
3448.275000
3480.375000
3513.200000
3546.050000
3578.850000
3611.775000
3644.425000
3676.925000
3709.325000
3741.500000
3774.325000
3807.300000
3840.025000
3872.950000
3905.600000
3938.200000
3970.500000
4002.625000
4035.425000
4068.325000
4101.050000
4134.000000
4166.725000
4199.275000
4231.625000
4263.700000
4296.550000
4329.550000
4362.300000
4395.200000
4427.925000
4460.550000
4492.800000
4524.925000
4557.675000
4590.675000
4623.375000
4656.325000
4688.950000
4721.525000
4753.900000
4785.950000
4818.800000
4851.650000
4884.425000
4917.375000
4950.050000
4982.650000
5014.975000
5047.100000
5079.900000
5112.850000
5145.575000
5178.550000
5211.150000
5243.775000
5276.050000
5308.150000
5341.025000
5373.875000
5406.650000
5439.575000
5472.250000
5504.875000
5537.200000
5569.325000
5602.125000
5635.100000
5667.825000
5700.725000
5733.350000
5766.000000
5798.275000
5830.375000
5863.200000
5896.050000
5928.850000
5961.775000
5994.425000
6026.925000
6059.325000
6091.500000
6124.325000
6157.300000
6190.025000
6222.950000
6255.600000
6288.200000
6320.500000
6352.625000
6385.425000
6418.325000
6451.050000
6484.000000
6516.725000
6549.275000
6581.625000
6613.700000
6646.550000
6679.550000
6712.300000
6745.200000
6777.925000
6810.550000
6842.800000
6874.925000
6907.675000
6940.675000
6973.375000
7006.325000
7038.950000
7071.525000
7103.900000
7135.950000
7168.800000
7201.650000
7234.425000
7267.375000
7300.050000
7332.650000
7364.975000
7397.100000
7429.900000
7462.850000
7495.575000
7528.550000
7561.150000
7593.775000
7626.050000
7658.150000
7691.025000
7723.875000
7756.650000
7789.575000
7822.250000
7854.875000
7887.200000
7919.325000
7952.125000
7985.100000
8017.825000
8050.725000
8083.350000
8116.000000
8148.275000
8180.375000
8213.200000
8246.050000
8278.850000
8311.775000
8344.425000
8376.925000
8409.325000
8441.500000
8474.325000
8507.300000
8540.025000
8572.950000
8605.600000
8638.200000
8670.500000
8702.625000
8735.425000
8768.325000
8801.050000
8834.000000
8866.725000
8899.275000
8931.625000
8963.700000
8996.550000
9029.550000
9062.300000
9095.200000
9127.925000
9160.550000
9192.800000
9224.925000
9257.675000
9290.675000
9323.375000
9356.325000
9388.950000
9421.525000
9453.900000
9485.950000
9518.800000
9551.650000
9584.425000
9617.375000
9650.050000
9682.650000
9714.975000
9747.100000
9779.900000
9812.850000
9845.575000
9878.550000
9911.150000
9943.775000
9976.050000
10008.150000
10041.025000
10073.875000
10106.650000
10139.575000
10172.250000
10204.875000
10237.200000
10269.325000
10302.125000
10335.100000
10367.825000
10400.725000
10433.350000
10466.000000
10498.275000
10530.375000
10563.200000
10596.050000
10628.850000
10661.775000
10694.425000
10726.925000
10759.325000
10791.500000
10824.325000
10857.300000
10890.025000
10922.950000
10955.600000
10988.200000
11020.500000
11052.625000
11085.425000
11118.325000
11151.050000
11184.000000
11216.725000
11249.275000
11281.625000
11313.700000
11346.550000
11379.550000
11412.300000
11445.200000
11477.925000
11510.550000
11542.800000
11574.925000
11607.675000
11640.675000
11673.375000
11706.325000
11738.950000
11771.525000
11803.900000
11835.950000
11868.800000
11901.650000
11934.425000
11967.375000
12000.050000
12032.650000
12064.975000
12097.100000
12129.900000
12162.850000
12195.575000
12228.550000
12261.150000
12293.775000
12326.050000
12358.150000
12391.025000
12423.875000
12456.650000
12489.575000
12522.250000
12554.875000
12587.200000
12619.325000
12652.125000
12685.100000
12717.825000
12750.725000
12783.350000
12816.000000
12848.275000
12880.375000
12913.200000
12946.050000
12978.850000
13011.775000
13044.425000
13076.925000
13109.325000
13141.500000
13174.325000
13207.300000
13240.025000
13272.950000
13305.600000
13338.200000
13370.500000
13402.625000
13435.425000
13468.325000
13501.050000
13534.000000
13566.725000
13599.275000
13631.625000
13663.700000
13696.550000
13729.550000
13762.300000
13795.200000
13827.925000
13860.550000
13892.800000
13924.925000
13957.675000
13990.675000
14023.375000
14056.325000
14088.950000
14121.525000
14153.900000
14185.950000
14218.800000
14251.650000
14284.425000
14317.375000
14350.050000
14382.650000
14414.975000
14447.100000
14479.900000
14512.850000
14545.575000
14578.550000
14611.150000
14643.775000
14676.050000
14708.150000
14741.025000
14773.875000
14806.650000
14839.575000
14872.250000
14904.875000
14937.200000
14969.325000
15002.125000
15035.100000
15067.825000
15100.725000
15133.350000
15166.000000
15198.275000
15230.375000
15263.200000
15296.050000
15328.850000
15361.775000
15394.425000
15426.925000
15459.325000
15491.500000
15524.325000
15557.300000
15590.025000
15622.950000
15655.600000
15688.200000
15720.500000
15752.625000
15785.425000
15818.325000
15851.050000
15884.000000
15916.725000
15949.275000
15981.625000
16013.700000
16046.550000
16079.550000
16112.300000
16145.200000
16177.925000
16210.550000
16242.800000
16274.925000
16307.675000
16340.675000
16373.375000
16406.325000
16438.950000
16471.525000
16503.900000
16535.950000
16568.800000
16601.650000
16634.425000
16667.375000
16700.050000
16732.650000
16764.975000
16797.100000
16829.900000
16862.850000
16895.575000
16928.550000
16961.150000
16993.775000
17026.050000
17058.150000
17091.025000
17123.875000
17156.650000
17189.575000
17222.250000
17254.875000
17287.200000
17319.325000
17352.125000
17385.100000
17417.825000
17450.725000
17483.350000
17516.000000
17548.275000
17580.375000
17613.200000
17646.050000
17678.850000
17711.775000
17744.425000
17776.925000
17809.325000
17841.500000
17874.325000
17907.300000
17940.025000
17972.950000
18005.600000
18038.200000
18070.500000
18102.625000
18135.425000
18168.325000
18201.050000
18234.000001
18266.725001
18299.275001
18331.625001
18363.700001
18396.550001
18429.550001
18462.300001
18495.200001
18527.925001
18560.550001
18592.800001
18624.925001
18657.675001
18690.675001
18723.375001
18756.325001
18788.950001
18821.525001
18853.900001
18885.950001
18918.800001
18951.650001
18984.425001
19017.375001
19050.050001
19082.650001
19114.975001
19147.100001
19179.900001
19212.850001
19245.575001
19278.550001
19311.150001
19343.775001
19376.050001
19408.150001
19441.025001
19473.875001
19506.650001
19539.575001
19572.250001
19604.875001
19637.200001
19669.325001
19702.125001
19735.100001
19767.825001
19800.725001
19833.350001
19866.000001
19898.275001
19930.375001
19963.200001
19996.050001
20028.850001
20061.775001
20094.425001
20126.925001
20159.325001
20191.500001
20224.325001
20257.300001
20290.025001
20322.950001
20355.600001
20388.200001
20420.500001
20452.625001
20485.425001
20518.325001
20551.050001
20584.000001
20616.725001
20649.275001
20681.625001
20713.700001
20746.550001
20779.550001
20812.300001
20845.200001
20877.925001
20910.550001
20942.800001
20974.925001
21007.675001
21040.675001
21073.375001
21106.325001
21138.950001
21171.525001
21203.900001
21235.950001
21268.800001
21301.650001
21334.425001
21367.375001
21400.050001
21432.650001
21464.975001
21497.100001
21529.900001
21562.850001
21595.575001
21628.550001
21661.150001
21693.775001
21726.050001
21758.150001
21791.025001
21823.875001
21856.650001
21889.575001
21922.250001
21954.875001
21987.200001
22019.325001
22052.125001
22085.100001
22117.825001
22150.725001
22183.350001
22216.000001
22248.275001
22280.375001
22313.200001
22346.050001
22378.850001
22411.775001
22444.425001
22476.925001
22509.325001
22541.500001
22574.325001
22607.300001
22640.025001
22672.950001
22705.600001
22738.200001
22770.500001
22802.625001
22835.425001
22868.325001
22901.050001
22934.000001
22966.725001
22999.275001
23031.625001
23063.700001
23096.550001
23129.550001
23162.300001
23195.200001
23227.925001
23260.550001
23292.800001
23324.925001
23357.675001
23390.675001
23423.375001
23456.325001
23488.950001
23521.525001
23553.900001
23585.950001
23618.800001
23651.650001
23684.425001
23717.375001
23750.050001
23782.650001
23814.975001
23847.100001
23879.900001
23912.850001
23945.575001
23978.550001
24011.150001
24043.775001
24076.050001
24108.150001
24141.025001
24173.875001
24206.650001
24239.575001
24272.250001
24304.875001
24337.200001
24369.325001
24402.125001
24435.100001
24467.825001
24500.725001
24533.350001
24566.000001
24598.275001
24630.375001
24663.200001
24696.050001
24728.850001
24761.775001
24794.425001
24826.925001
24859.325001
24891.500001
24924.325001
24957.300001
24990.025001
25022.950001
25055.600001
25088.200001
25120.500001
25152.625001
25185.425001
25218.325001
25251.050001
25284.000001
25316.725001
25349.275001
25381.625001
25413.700001
25446.550001
25479.550001
25512.300001
25545.200001
25577.925001
25610.550001
25642.800001
25674.925001
25707.675001
25740.675001
25773.375001
25806.325001
25838.950001
25871.525001
25903.900001
25935.950001
25968.800001
26001.650001
26034.425001
26067.375001
26100.050001
26132.650001
26164.975001
26197.100001
26229.900001
26262.850001
26295.575001
26328.550001
26361.150001
26393.775001
26426.050001
26458.150001
26491.025001
26523.875001
26556.650001
26589.575001
26622.250001
26654.875001
26687.200001
26719.325001
26752.125001
26785.100001
26817.825001
26850.725001
26883.350001
26916.000001
26948.275001
26980.375001
27013.200001
27046.050001
27078.850001
27111.775001
27144.425001
27176.925001
27209.325001
27241.500001
27274.325001
27307.300001
27340.025001
27372.950001
27405.600001
27438.200001
27470.500001
27502.625001
27535.425001
27568.325001
27601.050001
27634.000001
27666.725001
27699.275001
27731.625001
27763.700001
27796.550001
27829.550001
27862.300001
27895.200001
27927.925001
27960.550001
27992.800001
28024.925001
28057.675001
28090.675001
28123.375001
28156.325001
28188.950001
28221.525001
28253.900001
28285.950001
28318.800001
28351.650001
28384.425001
28417.375001
28450.050001
28482.650001
28514.975001
28547.100001
28579.900001
28612.850001
28645.575001
28678.550001
28711.150001
28743.775001
28776.050001
28808.150001
28841.025001
28873.875001
28906.650001
28939.575001
28972.250001
29004.875001
29037.200001
29069.325001
29102.125001
29135.100001
29167.825001
29200.725001
29233.350001
29266.000001
29298.275001
29330.375001
29363.200001
29396.050001
29428.850001
29461.775001
29494.425001
29526.950001
29560.650001
29595.450001
29630.725001
29667.900001
29706.675001
29747.000001
29790.600001
29837.875001
29897.225001
