10.000000
15.000000
311.975000
386.350000
450.000000
506.475000
557.825000
606.675000
652.700000
697.325000
741.250000
784.475000
826.700000
868.950000
910.775000
952.350000
993.725000
1035.150000
1076.150000
1117.450000
1158.275000
1199.100000
1240.225000
1280.800000
1321.725000
1362.675000
1403.350000
1444.300000
1485.075000
1525.800000
1566.700000
1607.500000
1648.250000
1688.950000
1729.825000
1770.525000
1811.200000
1851.950000
1892.700000
1933.375000
1974.075000
2014.775000
2055.550000
2096.200000
2136.800000
2177.625000
2218.275000
2258.700000
2299.500000
2340.300000
2380.675000
2421.250000
2462.175000
2502.650000
2543.125000
2583.925000
2624.675000
2665.175000
2705.850000
2746.600000
2787.250000
2827.875000
2868.550000
2909.200000
2949.925000
2990.575000
3031.075000
3071.900000
3112.575000
3152.975000
3193.575000
3234.500000
3274.925000
3315.400000
3356.250000
3396.925000
3437.425000
3478.100000
3518.875000
3559.475000
3600.100000
3640.825000
3681.475000
3722.175000
3762.825000
3803.375000
3844.200000
3884.825000
3925.225000
3965.900000
4006.825000
4047.200000
4087.700000
4128.600000
4169.225000
4209.700000
4250.400000
4291.200000
4331.775000
4372.375000
4413.100000
4453.800000
4494.450000
4535.100000
4575.675000
4616.525000
4657.150000
4697.575000
4738.300000
4779.175000
4819.525000
4860.075000
4900.975000
4941.525000
4982.000000
5022.775000
5063.500000
5104.100000
5144.750000
5185.475000
5226.100000
5266.800000
5307.475000
5348.125000
5388.800000
5429.525000
5470.075000
5510.850000
5551.475000
5591.925000
5632.600000
5673.450000
5713.825000
5754.400000
5795.275000
5835.850000
5876.325000
5917.125000
5957.850000
5998.425000
6039.000000
6079.775000
6120.425000
6161.075000
6201.675000
6242.275000
6283.050000
6323.675000
6364.025000
6404.725000
6445.600000
6486.000000
6526.450000
6567.350000
6608.025000
6648.500000
6689.125000
6729.900000
6770.525000
6811.125000
6851.750000
6892.425000
6933.150000
6973.750000
7014.125000
7054.875000
7095.700000
7136.075000
7176.525000
7217.475000
7258.075000
7298.550000
7339.175000
7379.975000
7420.575000
7461.150000
7501.800000
7542.475000
7583.200000
7623.775000
7664.175000
7704.950000
7745.750000
7786.100000
7826.575000
7867.525000
7908.075000
7948.550000
7989.200000
8030.000000
8070.575000
8111.175000
8151.825000
8192.500000
8233.225000
8273.800000
8314.200000
8354.975000
8395.775000
8436.125000
8476.600000
8517.550000
8558.100000
8598.575000
8639.225000
8680.000000
8720.600000
8761.175000
8801.825000
8842.525000
8883.225000
8923.825000
8964.200000
9005.000000
9045.775000
9086.125000
9126.600000
9167.550000
9208.100000
9248.575000
9289.225000
9330.025000
9370.600000
9411.175000
9451.850000
9492.525000
9533.225000
9573.825000
9614.225000
9655.025000
9695.775000
9736.125000
9776.625000
9817.550000
9858.100000
9898.575000
9939.225000
9980.025000
10020.600000
10061.200000
10101.850000
10142.550000
10183.225000
10223.825000
10264.225000
10305.025000
10345.800000
10386.125000
10426.625000
10467.575000
10508.100000
10548.575000
10589.225000
10630.025000
10670.600000
10711.200000
10751.850000
10792.550000
10833.225000
10873.825000
10914.225000
10955.025000
10995.800000
11036.125000
11076.625000
11117.575000
11158.100000
11198.575000
11239.225000
11280.025000
11320.600000
11361.200000
11401.850000
11442.550000
11483.225000
11523.825000
11564.225000
11605.025000
11645.800000
11686.125000
11726.625000
11767.575000
11808.100000
11848.575000
11889.225000
11930.025000
11970.600000
12011.200000
12051.850000
12092.550000
12133.225000
12173.825000
12214.225000
12255.025000
12295.800000
12336.125000
12376.625000
12417.575000
12458.100000
12498.575000
12539.225000
12580.025000
12620.600000
12661.200000
12701.850000
12742.550000
12783.225000
12823.825000
12864.225000
12905.025000
12945.800000
12986.125000
13026.625000
13067.575000
13108.100000
13148.575000
13189.225000
13230.025000
13270.600000
13311.200000
13351.850000
13392.550000
13433.225000
13473.825000
13514.225000
13555.025000
13595.800000
13636.125000
13676.625000
13717.575000
13758.100000
13798.575000
13839.225000
13880.025000
13920.600000
13961.200000
14001.850000
14042.550000
14083.225000
14123.825000
14164.225000
14205.025000
14245.800000
14286.125000
14326.625000
14367.575000
14408.100000
14448.575000
14489.225000
14530.025000
14570.600000
14611.200000
14651.850000
14692.550000
14733.225000
14773.825000
14814.225000
14855.025000
14895.800000
14936.125000
14976.625000
15017.575000
15058.100000
15098.575000
15139.225000
15180.025000
15220.600000
15261.200000
15301.850000
15342.550000
15383.225000
15423.825000
15464.225000
15505.025000
15545.800000
15586.125000
15626.625000
15667.575000
15708.100000
15748.575000
15789.225000
15830.025000
15870.600000
15911.200000
15951.850000
15992.550000
16033.225000
16073.825000
16114.225000
16155.025000
16195.800000
16236.125000
16276.625000
16317.575000
16358.100000
16398.575000
16439.225000
16480.025000
16520.600000
16561.200000
16601.850000
16642.550000
16683.225000
16723.825000
16764.225000
16805.025000
16845.800000
16886.125000
16926.625000
16967.575000
17008.100000
17048.575000
17089.225000
17130.025000
17170.600000
17211.200000
17251.850000
17292.550000
17333.225000
17373.825000
17414.225000
17455.025000
17495.800000
17536.125000
17576.625000
17617.575000
17658.100000
17698.575000
17739.225000
17780.025000
17820.600000
17861.200000
17901.850000
17942.550000
17983.225000
18023.825000
18064.225000
18105.025000
18145.800000
18186.125000
18226.625001
18267.575001
18308.100001
18348.575001
18389.225001
18430.025001
18470.600001
18511.200001
18551.850001
18592.550001
18633.225001
18673.825001
18714.225001
18755.025001
18795.800001
18836.125001
18876.625001
18917.575001
18958.100001
18998.575001
19039.225001
19080.025001
19120.600001
19161.200001
19201.850001
19242.550001
19283.225001
19323.825001
19364.225001
19405.025001
19445.800001
19486.125001
19526.625001
19567.575001
19608.100001
19648.575001
19689.225001
19730.025001
19770.600001
19811.200001
19851.850001
19892.550001
19933.225001
19973.825001
20014.225001
20055.025001
20095.800001
20136.125001
20176.625001
20217.575001
20258.100001
20298.575001
20339.225001
20380.025001
20420.600001
20461.200001
20501.850001
20542.550001
20583.225001
20623.825001
20664.225001
20705.025001
20745.800001
20786.125001
20826.625001
20867.575001
20908.100001
20948.575001
20989.225001
21030.025001
21070.600001
21111.200001
21151.850001
21192.550001
21233.225001
21273.825001
21314.225001
21355.025001
21395.800001
21436.125001
21476.625001
21517.575001
21558.100001
21598.575001
21639.225001
21680.025001
21720.600001
21761.200001
21801.850001
21842.550001
21883.225001
21923.825001
21964.225001
22005.025001
22045.800001
22086.125001
22126.625001
22167.575001
22208.100001
22248.575001
22289.225001
22330.025001
22370.600001
22411.200001
22451.850001
22492.550001
22533.225001
22573.825001
22614.225001
22655.025001
22695.800001
22736.125001
22776.625001
22817.575001
22858.100001
22898.575001
22939.225001
22980.025001
23020.600001
23061.200001
23101.850001
23142.550001
23183.225001
23223.825001
23264.225001
23305.025001
23345.800001
23386.125001
23426.625001
23467.575001
23508.100001
23548.575001
23589.225001
23630.025001
23670.600001
23711.200001
23751.850001
23792.550001
23833.225001
23873.825001
23914.225001
23955.025001
23995.800001
24036.125001
24076.625001
24117.575001
24158.100001
24198.575001
24239.225001
24280.025001
24320.600001
24361.200001
24401.850001
24442.550001
24483.225001
24523.825001
24564.225001
24605.025001
24645.800001
24686.125001
24726.625001
24767.575001
24808.100001
24848.575001
24889.225001
24930.025001
24970.600001
25011.200001
25051.850001
25092.550001
25133.225001
25173.825001
25214.225001
25255.025001
25295.800001
25336.125001
25376.625001
25417.575001
25458.100001
25498.575001
25539.225001
25580.025001
25620.600001
25661.200001
25701.850001
25742.550001
25783.225001
25823.825001
25864.225001
25905.025001
25945.800001
25986.125001
26026.625001
26067.575001
26108.100001
26148.575001
26189.225001
26230.025001
26270.600001
26311.200001
26351.850001
26392.550001
26433.225001
26473.825001
26514.225001
26555.025001
26595.800001
26636.125001
26676.625001
26717.575001
26758.100001
26798.575001
26839.225001
26880.025001
26920.600001
26961.200001
27001.850001
27042.550001
27083.225001
27123.825001
27164.225001
27205.025001
27245.800001
27286.125001
27326.625001
27367.575001
27408.100001
27448.575001
27489.225001
27530.025001
27570.600001
27611.200001
27651.850001
27692.550001
27733.225001
27773.825001
27814.225001
27855.025001
27895.800001
27936.125001
27976.625001
28017.575001
28058.100001
28098.575001
28139.225001
28180.025001
28220.600001
28261.200001
28301.850001
28342.550001
28383.225001
28423.825001
28464.225001
28505.025001
28545.800001
28586.125001
28626.625001
28667.575001
28708.100001
28748.575001
28789.225001
28830.025001
28870.600001
28911.200001
28951.850001
28992.550001
29033.225001
29073.825001
29114.225001
29155.025001
29195.800001
29236.125001
29276.625001
29317.575001
29358.100001
29398.575001
29439.225001
29480.025001
29520.600001
29561.200001
29601.850001
29642.550001
29684.150001
29726.675001
29770.600001
29816.100001
29863.500001
29913.175001
29965.625001
30021.950001
30084.100001
30149.225001
30216.275001
30285.525001
30357.175001
30431.525001
30508.475001
30587.300001
30667.500001
30748.800001
30831.100001
30914.375001
30998.375001
31082.800001
31167.475001
31252.325001
31337.300001
31422.400001
31507.600001
31592.925001
31678.400001
31764.075001
31850.025001
31936.325001
32022.875001
32109.525001
32196.225001
32282.950001
32369.700001
32456.475001
32543.250001
32630.050001
32716.850001
32803.675001
32890.475001
32977.300001
33064.150001
33150.975001
33237.825001
33324.675001
33411.525001
33498.375001
33585.250001
33672.100001
33758.975001
33845.850001
33932.725001
34019.600001
34106.475001
34193.350001
34280.250001
34367.125001
34454.025001
34540.900001
34627.800001
34714.700001
34801.600001
34888.500001
34975.400001
