100.000000
18.000000
479.075000
538.775000
591.250000
639.725000
685.575000
729.775000
772.275000
813.575000
855.000000
896.500000
937.450000
978.925000
1019.525000
1060.650000
1101.825000
1142.725000
1183.950000
1224.825000
1265.650000
1306.875000
1347.450000
1388.525000
1429.800000
1470.625000
1511.900000
1552.700000
1593.550000
1634.775000
1675.450000
1716.625000
1757.700000
1798.500000
1839.825000
1880.500000
1921.400000
1962.625000
2003.425000
2044.600000
2085.625000
2126.350000
2167.750000
2208.275000
2249.200000
2290.425000
2331.150000
2372.325000
2413.375000
2454.225000
2495.525000
2536.050000
2577.000000
2618.200000
2658.900000
2700.050000
2741.175000
2781.950000
2823.250000
2863.825000
2904.950000
2946.100000
2986.900000
3028.200000
3069.150000
3109.850000
3151.125000
3191.775000
3232.825000
3273.975000
3314.825000
3356.125000
3397.025000
3437.775000
3479.075000
3519.600000
3560.700000
3601.800000
3642.700000
3683.875000
3724.800000
3765.550000
3806.800000
3847.325000
3888.425000
3929.750000
3970.575000
4011.825000
4052.675000
4093.500000
4134.700000
4175.300000
4216.475000
4257.575000
4298.400000
4339.675000
4380.450000
4421.250000
4462.475000
4503.075000
4544.175000
4585.300000
4626.150000
4667.550000
4708.225000
4749.025000
4790.250000
4830.775000
4871.875000
4913.050000
4953.975000
4995.250000
5035.975000
5076.775000
5117.975000
5158.450000
5199.550000
5240.825000
5281.700000
5322.975000
5363.750000
5404.775000
5445.925000
5486.550000
5527.650000
5568.775000
5609.625000
5650.925000
5691.675000
5732.700000
5773.850000
5814.625000
5855.875000
5896.850000
5937.575000
5978.950000
6019.475000
6060.525000
6101.700000
6142.600000
6183.750000
6224.700000
6265.400000
6306.725000
6347.250000
6388.325000
6429.700000
6470.525000
6511.750000
6552.625000
6593.375000
6634.600000
6675.150000
6716.325000
6757.475000
6798.300000
6839.525000
6880.400000
6921.100000
6962.350000
7002.900000
7044.000000
7085.225000
7126.050000
7167.475000
7208.200000
7248.975000
7290.200000
7330.700000
7371.800000
7413.000000
7453.925000
7495.200000
7535.975000
7576.725000
7617.950000
7658.425000
7699.525000
7740.800000
7781.675000
7822.950000
7863.725000
7904.775000
7945.900000
7986.500000
8027.600000
8068.725000
8109.575000
8150.875000
8191.650000
8232.675000
8273.825000
8314.575000
8355.775000
8396.800000
8437.525000
8478.925000
8519.475000
8560.500000
8601.675000
8642.575000
8683.725000
8724.675000
8765.375000
8806.700000
8847.250000
8888.300000
8929.675000
8970.525000
9011.725000
9052.600000
9093.350000
9134.600000
9175.125000
9216.300000
9257.450000
9298.300000
9339.525000
9380.375000
9421.075000
9462.350000
9502.900000
9543.975000
9585.200000
9626.050000
9667.475000
9708.200000
9748.950000
9790.200000
9830.700000
9871.800000
9913.000000
9953.925000
9995.200000
10035.975000
10076.725000
10117.950000
10158.425000
10199.500000
10240.800000
10281.675000
10322.950000
10363.725000
10404.750000
10445.900000
10486.475000
10527.600000
10568.700000
10609.575000
10650.875000
10691.650000
10732.675000
10773.825000
10814.575000
10855.775000
10896.800000
10937.525000
10978.925000
11019.450000
11060.500000
11101.675000
11142.575000
11183.725000
11224.675000
11265.375000
11306.700000
11347.250000
11388.300000
11429.675000
11470.500000
11511.725000
11552.600000
11593.350000
11634.600000
11675.125000
11716.300000
11757.450000
11798.300000
11839.525000
11880.375000
11921.075000
11962.350000
12002.900000
12043.975000
12085.200000
12126.050000
12167.475000
12208.200000
12248.950000
12290.200000
12330.700000
12371.800000
12413.000000
12453.925000
12495.200000
12535.975000
12576.725000
12617.950000
12658.425000
12699.500000
12740.800000
12781.675000
12822.950000
12863.725000
12904.750000
12945.900000
12986.475000
13027.600000
13068.700000
13109.575000
13150.875000
13191.650000
13232.675000
13273.825000
13314.575000
13355.775000
13396.800000
13437.525000
13478.925000
13519.450000
13560.500000
13601.675000
13642.575000
13683.725000
13724.675000
13765.375000
13806.700000
13847.250000
13888.300000
13929.675000
13970.500000
14011.725000
14052.600000
14093.350000
14134.600000
14175.125000
14216.300000
14257.450000
14298.300000
14339.525000
14380.375000
14421.075000
14462.350000
14502.875000
14543.975000
14585.200000
14626.050000
14667.475000
14708.200000
14748.950000
14790.200000
14830.700000
14871.800000
14913.000000
14953.925000
14995.200000
15035.975000
15076.725000
15117.950000
15158.425000
15199.500000
15240.800000
15281.675000
15322.950000
15363.725000
15404.750000
15445.900000
15486.475000
15527.600000
15568.700000
15609.575000
15650.875000
15691.650000
15732.675000
15773.825000
15814.575000
15855.775000
15896.800000
15937.525000
15978.925000
16019.450000
16060.500000
16101.675000
16142.575000
16183.725000
16224.675000
16265.375000
16306.700000
16347.250000
16388.300000
16429.675000
16470.500000
16511.725000
16552.600000
16593.350000
16634.600000
16675.125000
16716.300000
16757.450000
16798.300000
16839.525000
16880.375000
16921.075000
16962.350000
17002.875000
17043.975000
17085.200000
17126.050000
17167.475000
17208.200000
17248.950000
17290.200000
17330.700000
17371.800000
17413.000000
17453.925000
17495.200000
17535.975000
17576.725000
17617.950000
17658.425000
17699.500000
17740.800000
17781.675000
17822.950000
17863.725000
17904.750000
17945.900000
17986.475000
18027.600000
18068.700000
18109.575000
18150.875000
18191.650000
18232.675001
18273.825001
18314.575001
18355.775001
18396.800001
18437.525001
18478.925001
18519.450001
18560.500001
18601.675001
18642.575001
18683.725001
18724.675001
18765.375001
18806.700001
18847.250001
18888.300001
18929.675001
18970.500001
19011.725001
19052.600001
19093.350001
19134.600001
19175.125001
19216.300001
19257.450001
19298.300001
19339.525001
19380.375001
19421.075001
19462.350001
19502.875001
19543.975001
19585.200001
19626.050001
19667.475001
19708.200001
19748.950001
19790.200001
19830.700001
19871.800001
19913.000001
19953.925001
19995.200001
20035.975001
20076.725001
20117.950001
20158.425001
20199.500001
20240.800001
20281.675001
20322.950001
20363.725001
20404.750001
20445.900001
20486.475001
20527.600001
20568.700001
20609.575001
20650.875001
20691.650001
20732.675001
20773.825001
20814.575001
20855.775001
20896.800001
20937.525001
20978.925001
21019.450001
21060.500001
21101.675001
21142.575001
21183.725001
21224.675001
21265.375001
21306.700001
21347.250001
21388.300001
21429.675001
21470.500001
21511.725001
21552.600001
21593.350001
21634.600001
21675.125001
21716.300001
21757.450001
21798.300001
21839.525001
21880.375001
21921.075001
21962.350001
22002.875001
22043.975001
22085.200001
22126.050001
22167.475001
22208.200001
22248.950001
22290.200001
22330.700001
22371.800001
22413.000001
22453.925001
22495.200001
22535.975001
22576.725001
22617.950001
22658.425001
22699.500001
22740.800001
22781.675001
22822.950001
22863.725001
22904.750001
22945.900001
22986.475001
23027.600001
23068.700001
23109.575001
23150.875001
23191.650001
23232.675001
23273.825001
23314.575001
23355.775001
23396.800001
23437.525001
23478.925001
23519.450001
23560.500001
23601.675001
23642.575001
23683.725001
23724.675001
23765.375001
23806.700001
23847.250001
23888.300001
23929.675001
23970.500001
24011.725001
24052.600001
24093.350001
24134.600001
24175.125001
24216.300001
24257.450001
24298.300001
24339.525001
24380.375001
24421.075001
24462.350001
24502.875001
24543.975001
24585.200001
24626.050001
24667.475001
24708.200001
24748.950001
24790.200001
24830.700001
24871.800001
24913.000001
24953.925001
24995.200001
25035.975001
25076.725001
25117.950001
25158.425001
25199.500001
25240.800001
25281.675001
25322.950001
25363.725001
25404.750001
25445.900001
25486.475001
25527.600001
25568.700001
25609.575001
25650.875001
25691.650001
25732.675001
25773.825001
25814.575001
25855.775001
25896.800001
25937.525001
25978.925001
26019.450001
26060.500001
26101.675001
26142.575001
26183.725001
26224.675001
26265.375001
26306.700001
26347.250001
26388.300001
26429.675001
26470.500001
26511.725001
26552.600001
26593.350001
26634.600001
26675.125001
26716.300001
26757.450001
26798.300001
26839.525001
26880.375001
26921.075001
26962.350001
27002.875001
27043.975001
27085.200001
27126.050001
27167.475001
27208.200001
27248.950001
27290.200001
27330.700001
27371.800001
27413.000001
27453.925001
27495.200001
27535.975001
27576.725001
27617.950001
27658.425001
27699.500001
27740.800001
27781.675001
27822.950001
27863.725001
27904.750001
27945.900001
27986.475001
28027.600001
28068.700001
28109.575001
28150.875001
28191.650001
28232.675001
28273.825001
28314.575001
28355.775001
28396.800001
28437.525001
28478.925001
28519.450001
28560.500001
28601.675001
28642.575001
28683.725001
28724.675001
28765.375001
28806.700001
28847.250001
28888.300001
28929.675001
28970.500001
29011.725001
29052.600001
29093.350001
29134.600001
29175.125001
29216.300001
29257.450001
29298.300001
29339.525001
29380.425001
29423.000001
29466.125001
29510.050001
29555.200001
29601.525001
29648.950001
29698.200001
29749.475001
29803.125001
29859.825001
29920.975001
29989.775001
