100.000000
36.000000
687.400000
742.225000
791.825000
838.100000
882.600000
925.600000
968.050000
1008.500000
1048.625000
1088.475000
1128.100000
1167.975000
1207.600000
1247.025000
1286.025000
1325.100000
1364.050000
1403.450000
1442.875000
1481.925000
1520.925000
1560.175000
1599.700000
1639.050000
1678.975000
1718.300000
1757.875000
1797.100000
1836.050000
1875.125000
1914.075000
1953.475000
1992.875000
2031.925000
2070.925000
2110.175000
2149.725000
2189.075000
2229.000000
2268.300000
2307.875000
2347.100000
2386.050000
2425.125000
2464.075000
2503.475000
2542.875000
2581.950000
2620.925000
2660.175000
2699.725000
2739.075000
2779.000000
2818.325000
2857.875000
2897.100000
2936.050000
2975.125000
3014.075000
3053.475000
3092.875000
3131.950000
3170.925000
3210.175000
3249.725000
3289.075000
3329.000000
3368.325000
3407.875000
3447.100000
3486.050000
3525.125000
3564.075000
3603.475000
3642.875000
3681.950000
3720.925000
3760.175000
3799.725000
3839.075000
3879.000000
3918.325000
3957.875000
3997.100000
4036.050000
4075.125000
4114.075000
4153.475000
4192.875000
4231.950000
4270.925000
4310.175000
4349.725000
4389.075000
4429.000000
4468.325000
4507.875000
4547.100000
4586.050000
4625.125000
4664.075000
4703.475000
4742.875000
4781.950000
4820.925000
4860.175000
4899.725000
4939.075000
4979.000000
5018.325000
5057.875000
5097.100000
5136.050000
5175.125000
5214.075000
5253.475000
5292.875000
5331.950000
5370.925000
5410.175000
5449.725000
5489.075000
5529.000000
5568.325000
5607.875000
5647.100000
5686.050000
5725.125000
5764.075000
5803.475000
5842.875000
5881.950000
5920.925000
5960.175000
5999.725000
6039.075000
6079.000000
6118.325000
6157.875000
6197.100000
6236.050000
6275.125000
6314.075000
6353.475000
6392.875000
6431.950000
6470.925000
6510.175000
6549.725000
6589.075000
6629.000000
6668.325000
6707.875000
6747.100000
6786.050000
6825.125000
6864.075000
6903.475000
6942.875000
6981.950000
7020.925000
7060.175000
7099.725000
7139.075000
7179.000000
7218.325000
7257.875000
7297.100000
7336.050000
7375.125000
7414.075000
7453.475000
7492.875000
7531.950000
7570.925000
7610.175000
7649.725000
7689.075000
7729.000000
7768.325000
7807.875000
7847.100000
7886.050000
7925.125000
7964.075000
8003.475000
8042.875000
8081.950000
8120.925000
8160.175000
8199.725000
8239.075000
8279.000000
8318.325000
8357.875000
8397.100000
8436.050000
8475.125000
8514.075000
8553.475000
8592.875000
8631.950000
8670.925000
8710.175000
8749.725000
8789.075000
8829.000000
8868.325000
8907.875000
8947.100000
8986.050000
9025.125000
9064.075000
9103.475000
9142.875000
9181.950000
9220.925000
9260.175000
9299.725000
9339.075000
9379.000000
9418.325000
9457.875000
9497.100000
9536.050000
9575.125000
9614.075000
9653.475000
9692.875000
9731.950000
9770.925000
9810.175000
9849.725000
9889.075000
9929.000000
9968.325000
10007.875000
10047.100000
10086.050000
10125.125000
10164.075000
10203.475000
10242.875000
10281.950000
10320.925000
10360.175000
10399.725000
10439.075000
10479.000000
10518.325000
10557.875000
10597.100000
10636.050000
10675.125000
10714.075000
10753.475000
10792.875000
10831.950000
10870.925000
10910.175000
10949.725000
10989.075000
11029.000000
11068.325000
11107.875000
11147.100000
11186.050000
11225.125000
11264.075000
11303.475000
11342.875000
11381.950000
11420.925000
11460.175000
11499.725000
11539.075000
11579.000000
11618.325000
11657.875000
11697.100000
11736.050000
11775.125000
11814.075000
11853.475000
11892.875000
11931.950000
11970.925000
12010.175000
12049.725000
12089.075000
12129.000000
12168.325000
12207.875000
12247.100000
12286.050000
12325.125000
12364.075000
12403.475000
12442.875000
12481.950000
12520.925000
12560.175000
12599.725000
12639.075000
12679.000000
12718.325000
12757.875000
12797.100000
12836.050000
12875.125000
12914.075000
12953.475000
12992.875000
13031.950000
13070.925000
13110.175000
13149.725000
13189.075000
13229.000000
13268.325000
13307.875000
13347.100000
13386.050000
13425.125000
13464.075000
13503.475000
13542.875000
13581.950000
13620.925000
13660.175000
13699.725000
13739.075000
13779.000000
13818.325000
13857.875000
13897.100000
13936.050000
13975.125000
14014.075000
14053.475000
14092.875000
14131.950000
14170.925000
14210.175000
14249.725000
14289.075000
14329.000000
14368.325000
14407.875000
14447.100000
14486.050000
14525.125000
14564.075000
14603.475000
14642.875000
14681.950000
14720.925000
14760.175000
14799.725000
14839.075000
14879.000000
14918.325000
14957.875000
14997.100000
15036.050000
15075.125000
15114.075000
15153.475000
15192.875000
15231.950000
15270.925000
15310.175000
15349.725000
15389.075000
15429.000000
15468.325000
15507.875000
15547.100000
15586.050000
15625.125000
15664.075000
15703.475000
15742.875000
15781.950000
15820.925000
15860.175000
15899.725000
15939.075000
15979.000000
16018.325000
16057.875000
16097.100000
16136.050000
16175.125000
16214.075000
16253.475000
16292.875000
16331.950000
16370.925000
16410.175000
16449.725000
16489.075000
16529.000000
16568.325000
16607.875000
16647.100000
16686.050000
16725.125000
16764.075000
16803.475000
16842.875000
16881.950000
16920.925000
16960.175000
16999.725000
17039.075000
17079.000000
17118.325000
17157.875000
17197.100000
17236.050000
17275.125000
17314.075000
17353.475000
17392.875000
17431.950000
17470.925000
17510.175000
17549.725000
17589.075000
17629.000000
17668.325000
17707.875000
17747.100000
17786.050000
17825.125000
17864.075000
17903.475000
17942.875000
17981.950000
18020.925000
18060.175000
18099.725000
18139.075000
18179.000000
18218.325000
18257.875001
18297.100001
18336.050001
18375.125001
18414.075001
18453.475001
18492.875001
18531.950001
18570.925001
18610.175001
18649.725001
18689.075001
18729.000001
18768.325001
18807.875001
18847.100001
18886.050001
18925.125001
18964.075001
19003.475001
19042.875001
19081.950001
19120.925001
19160.175001
19199.725001
19239.075001
19279.000001
19318.325001
19357.875001
19397.100001
19436.050001
19475.125001
19514.075001
19553.475001
19592.875001
19631.950001
19670.925001
19710.175001
19749.725001
19789.075001
19829.000001
19868.325001
19907.875001
19947.100001
19986.050001
20025.125001
20064.075001
20103.475001
20142.875001
20181.950001
20220.925001
20260.175001
20299.725001
20339.075001
20379.000001
20418.325001
20457.875001
20497.100001
20536.050001
20575.125001
20614.075001
20653.475001
20692.875001
20731.950001
20770.925001
20810.175001
20849.725001
20889.075001
20929.000001
20968.325001
21007.875001
21047.100001
21086.050001
21125.125001
21164.075001
21203.475001
21242.875001
21281.950001
21320.925001
21360.175001
21399.725001
21439.075001
21479.000001
21518.325001
21557.875001
21597.100001
21636.050001
21675.125001
21714.075001
21753.475001
21792.875001
21831.950001
21870.925001
21910.175001
21949.725001
21989.075001
22029.000001
22068.325001
22107.875001
22147.100001
22186.050001
22225.125001
22264.075001
22303.475001
22342.875001
22381.950001
22420.925001
22460.175001
22499.725001
22539.075001
22579.000001
22618.325001
22657.875001
22697.100001
22736.050001
22775.125001
22814.075001
22853.475001
22892.875001
22931.950001
22970.925001
23010.175001
23049.725001
23089.075001
23129.000001
23168.325001
23207.875001
23247.100001
23286.050001
23325.125001
23364.075001
23403.475001
23442.875001
23481.950001
23520.925001
23560.175001
23599.725001
23639.075001
23679.000001
23718.325001
23757.875001
23797.100001
23836.050001
23875.125001
23914.075001
23953.475001
23992.875001
24031.950001
24070.925001
24110.175001
24149.725001
24189.075001
24229.000001
24268.325001
24307.875001
24347.100001
24386.050001
24425.125001
24464.075001
24503.475001
24542.875001
24581.950001
24620.925001
24660.175001
24699.725001
24739.075001
24779.000001
24818.325001
24857.875001
24897.100001
24936.050001
24975.125001
25014.075001
25053.475001
25092.875001
25131.950001
25170.925001
25210.175001
25249.725001
25289.075001
25329.000001
25368.325001
25407.875001
25447.100001
25486.050001
25525.125001
25564.075001
25603.475001
25642.875001
25681.950001
25720.925001
25760.175001
25799.725001
25839.075001
25879.000001
25918.325001
25957.875001
25997.100001
26036.050001
26075.125001
26114.075001
26153.475001
26192.875001
26231.950001
26270.925001
26310.175001
26349.725001
26389.075001
26429.000001
26468.325001
26507.875001
26547.100001
26586.050001
26625.125001
26664.075001
26703.475001
26742.875001
26781.950001
26820.925001
26860.175001
26899.725001
26939.075001
26979.000001
27018.325001
27057.875001
27097.100001
27136.050001
27175.125001
27214.075001
27253.475001
27292.875001
27331.950001
27370.925001
27410.175001
27449.725001
27489.075001
27529.000001
27568.325001
27607.875001
27647.100001
27686.050001
27725.125001
27764.075001
27803.475001
27842.875001
27881.950001
27920.925001
27960.175001
27999.725001
28039.075001
28079.000001
28118.325001
28157.875001
28197.100001
28236.050001
28275.125001
28314.075001
28353.475001
28392.875001
28431.950001
28470.925001
28510.175001
28549.725001
28589.075001
28629.000001
28668.325001
28707.875001
28747.100001
28786.050001
28825.125001
28864.075001
28903.475001
28942.875001
28981.950001
29020.925001
29060.175001
29100.000001
29140.625001
29181.075001
29223.325001
29265.125001
29308.125001
29352.200001
29397.025001
29442.650001
29489.900001
29537.700001
29587.200001
29638.550001
29692.050001
29748.175001
29808.250001
29874.025001
