2.000000
5.000000
487.075000
532.325000
571.650000
607.150000
640.675000
672.625000
703.100000
732.300000
760.575000
788.300000
815.775000
842.500000
869.000000
895.250000
921.550000
947.775000
973.450000
999.300000
1025.150000
1050.750000
1076.125000
1101.950000
1127.425000
1153.275000
1178.675000
1204.025000
1229.725000
1255.125000
1280.700000
1306.250000
1331.525000
1357.025000
1382.550000
1407.900000
1433.675000
1459.100000
1484.425000
1509.775000
1535.350000
1560.725000
1586.275000
1611.800000
1637.075000
1662.525000
1688.075000
1713.425000
1739.100000
1764.575000
1789.900000
1815.200000
1840.875000
1866.300000
1891.925000
1917.400000
1942.650000
1968.050000
1993.625000
2019.025000
2044.775000
2070.175000
2095.475000
2120.725000
2146.375000
2171.800000
2197.325000
2222.875000
2248.125000
2273.475000
2299.025000
2324.475000
2350.050000
2375.600000
2400.900000
2426.150000
2451.800000
2477.250000
2502.675000
2528.375000
2553.700000
2579.100000
2604.675000
2630.050000
2655.625000
2681.200000
2706.525000
2731.800000
2757.450000
2782.825000
2808.225000
2833.925000
2859.225000
2884.575000
2910.150000
2935.550000
2961.025000
2986.675000
3012.000000
3037.275000
3062.925000
3088.325000
3113.700000
3139.425000
3164.750000
3190.125000
3215.725000
3241.175000
3266.825000
3292.325000
3317.625000
3342.875000
3368.550000
3393.975000
3419.450000
3445.050000
3470.325000
3495.650000
3521.175000
3546.650000
3572.125000
3597.750000
3623.075000
3648.325000
3673.950000
3699.400000
3724.800000
3750.525000
3775.825000
3801.125000
3826.500000
3852.050000
3877.475000
3903.200000
3928.625000
3953.900000
3979.550000
4004.975000
4030.325000
4056.100000
4081.425000
4106.775000
4132.300000
4157.725000
4183.150000
4208.825000
4234.200000
4259.475000
4285.125000
4310.525000
4335.875000
4361.625000
4386.975000
4412.300000
4437.825000
4463.275000
4488.700000
4514.375000
4539.750000
4565.025000
4590.725000
4616.175000
4641.625000
4667.275000
4692.550000
4717.875000
4743.400000
4768.875000
4794.375000
4820.000000
4845.325000
4870.550000
4896.200000
4921.650000
4947.050000
4972.750000
4998.050000
5023.375000
5048.750000
5074.300000
5099.725000
5125.400000
5150.775000
5176.025000
5201.500000
5227.025000
5252.400000
5278.225000
5303.600000
5328.950000
5354.475000
5379.925000
5405.350000
5431.050000
5456.425000
5481.675000
5507.325000
5532.750000
5558.100000
5583.850000
5609.200000
5634.525000
5660.050000
5685.500000
5710.900000
5736.600000
5761.975000
5787.225000
5812.875000
5838.300000
5863.650000
5889.400000
5914.725000
5940.100000
5965.675000
5991.125000
6016.725000
6042.275000
6067.575000
6092.825000
6118.500000
6143.950000
6169.375000
6195.025000
6220.300000
6245.625000
6271.100000
6296.600000
6322.050000
6347.700000
6373.050000
6398.300000
6423.875000
6449.375000
6474.725000
6500.475000
6525.800000
6551.100000
6576.425000
6602.025000
6627.425000
6653.150000
6678.575000
6703.850000
6729.500000
6754.950000
6780.300000
6806.050000
6831.400000
6856.750000
6882.250000
6907.700000
6933.100000
6958.800000
6984.175000
7009.450000
7035.075000
7060.500000
7085.850000
7111.625000
7136.950000
7162.300000
7187.800000
7213.250000
7238.650000
7264.350000
7289.725000
7315.000000
7340.700000
7366.150000
7391.600000
7417.250000
7442.550000
7467.875000
7493.375000
7518.850000
7544.325000
7569.975000
7595.300000
7620.550000
7646.150000
7671.625000
7697.025000
7722.725000
7748.050000
7773.350000
7798.725000
7824.275000
7849.700000
7875.350000
7900.775000
7926.000000
7951.450000
7977.000000
8002.375000
8028.225000
8053.600000
8078.950000
8104.450000
8129.925000
8155.325000
8181.025000
8206.400000
8231.675000
8257.300000
8282.725000
8308.075000
8333.850000
8359.175000
8384.525000
8410.025000
8435.475000
8460.875000
8486.575000
8511.950000
8537.225000
8562.850000
8588.275000
8613.625000
8639.400000
8664.725000
8690.075000
8715.650000
8741.125000
8766.700000
8792.275000
8817.575000
8842.825000
8868.500000
8893.925000
8919.350000
8945.025000
8970.300000
8995.625000
9021.075000
9046.600000
9072.025000
9097.700000
9123.050000
9148.275000
9173.850000
9199.350000
9224.725000
9250.475000
9275.800000
9301.100000
9326.425000
9352.025000
9377.425000
9403.125000
9428.575000
9453.850000
9479.475000
9504.925000
9530.275000
9556.050000
9581.400000
9606.725000
9632.225000
9657.700000
9683.100000
9708.775000
9734.175000
9759.425000
9785.075000
9810.500000
9835.850000
9861.600000
9886.950000
9912.300000
9937.800000
9963.250000
9988.650000
10014.325000
10039.725000
10065.000000
10090.675000
10116.150000
10141.575000
10167.250000
10192.525000
10217.850000
10243.350000
10268.850000
10294.325000
10319.975000
10345.300000
10370.525000
10396.150000
10421.625000
10447.000000
10472.725000
10498.050000
10523.350000
10548.700000
10574.275000
10599.675000
10625.350000
10650.750000
10676.000000
10701.450000
10727.000000
10752.375000
10778.200000
10803.600000
10828.925000
10854.425000
10879.900000
10905.300000
10931.000000
10956.400000
10981.650000
11007.300000
11032.725000
11058.075000
11083.825000
11109.175000
11134.525000
11160.025000
11185.475000
11210.875000
11236.550000
11261.950000
11287.200000
11312.850000
11338.275000
11363.625000
11389.375000
11414.725000
11440.075000
11465.650000
11491.125000
11516.675000
11542.250000
11567.575000
11592.800000
11618.475000
11643.925000
11669.350000
11695.000000
11720.300000
11745.625000
11771.075000
11796.575000
11822.025000
11847.675000
11873.050000
11898.275000
11923.825000
11949.350000
11974.700000
12000.475000
12025.800000
12051.100000
12076.400000
12102.000000
12127.425000
12153.125000
12178.575000
12203.850000
12229.475000
12254.925000
12280.275000
12306.050000
12331.400000
12356.725000
12382.225000
12407.675000
12433.075000
12458.775000
12484.175000
12509.425000
12535.050000
12560.500000
12585.825000
12611.600000
12636.950000
12662.275000
12687.775000
12713.250000
12738.625000
12764.325000
12789.725000
12814.975000
12840.675000
12866.125000
12891.575000
12917.250000
12942.525000
12967.850000
12993.350000
13018.850000
13044.300000
13069.950000
13095.300000
13120.525000
13146.125000
13171.600000
13196.975000
13222.725000
13248.025000
13273.350000
13298.700000
13324.275000
13349.675000
13375.325000
13400.750000
13426.000000
13451.425000
13476.975000
13502.375000
13528.200000
13553.575000
13578.925000
13604.425000
13629.900000
13655.300000
13680.975000
13706.375000
13731.650000
13757.275000
13782.700000
13808.050000
13833.825000
13859.175000
13884.500000
13910.000000
13935.450000
13960.850000
13986.550000
14011.950000
14037.200000
14062.825000
14088.275000
14113.600000
14139.375000
14164.725000
14190.075000
14215.625000
14241.100000
14266.650000
14292.250000
14317.550000
14342.800000
14368.475000
14393.925000
14419.325000
14445.000000
14470.300000
14495.600000
14521.050000
14546.575000
14572.000000
14597.675000
14623.025000
14648.275000
14673.800000
14699.325000
14724.700000
14750.450000
14775.775000
14801.075000
14826.375000
14852.000000
14877.400000
14903.100000
14928.550000
14953.825000
14979.450000
15004.900000
15030.250000
15056.025000
15081.400000
15106.725000
15132.200000
15157.675000
15183.075000
15208.750000
15234.150000
15259.425000
15285.025000
15310.475000
15335.825000
15361.600000
15386.950000
15412.275000
15437.750000
15463.225000
15488.625000
15514.300000
15539.700000
15564.975000
15590.650000
15616.125000
15641.550000
15667.225000
15692.525000
15717.850000
15743.325000
15768.825000
15794.275000
15819.925000
15845.275000
15870.525000
15896.100000
15921.600000
15946.975000
15972.700000
15998.025000
16023.325000
16048.650000
16074.250000
16099.650000
16125.300000
16150.725000
16175.975000
16201.400000
16226.975000
16252.350000
16278.175000
16303.575000
16328.925000
16354.375000
16379.875000
16405.275000
16430.950000
16456.375000
16481.625000
16507.225000
16532.675000
16558.025000
16583.800000
16609.150000
16634.500000
16659.950000
16685.425000
16710.825000
16736.500000
16761.925000
16787.175000
16812.775000
16838.225000
16863.575000
16889.350000
16914.700000
16940.050000
16965.575000
16991.075000
17016.550000
17042.200000
17067.525000
17092.775000
17118.425000
17143.875000
17169.275000
17194.975000
17220.275000
17245.600000
17270.975000
17296.525000
17321.950000
17347.625000
17373.000000
17398.250000
17423.725000
17449.275000
17474.650000
17500.400000
17525.775000
17551.075000
17576.350000
17601.975000
17627.375000
17653.050000
17678.525000
17703.800000
17729.375000
17754.875000
17780.200000
17806.000000
17831.375000
17856.700000
17882.125000
17907.625000
17933.025000
17958.675000
17984.125000
18009.375000
18034.925000
18060.400000
18085.750000
18111.525000
18136.900000
18162.225000
18187.650000
18213.150000
18238.525001
18264.150001
18289.625001
18314.900001
18340.450001
18366.000001
18391.375001
18417.150001
18442.475001
18467.775001
18493.125001
18518.700001
18544.125001
18569.775001
18595.200001
18620.425001
18645.850001
18671.425001
18696.800001
18722.575001
18747.950001
18773.250001
18798.500001
18824.175001
18849.575001
18875.100001
18900.650001
18925.900001
18951.250001
18976.825001
19002.250001
19027.875001
19053.450001
19078.775001
19104.075001
19129.725001
19155.100001
19180.525001
19206.175001
19231.475001
19256.850001
19282.425001
19307.800001
19333.325001
19358.925001
19384.275001
19409.525001
19435.200001
19460.575001
19485.950001
19511.675001
19537.000001
19562.350001
19587.900001
19613.300001
19638.775001
19664.425001
19689.775001
19715.050001
19740.750001
19766.200001
19791.700001
19817.300001
19842.575001
19867.900001
19893.450001
19918.900001
19944.475001
19970.025001
19995.350001
20020.575001
20046.250001
20071.675001
20097.100001
20122.775001
20148.075001
20173.375001
20198.800001
20224.350001
20249.750001
20275.450001
20300.800001
20326.050001
20351.575001
20377.075001
20402.450001
20428.275001
20453.625001
20478.975001
20504.525001
20529.975001
20555.400001
20581.075001
20606.450001
20631.700001
20657.375001
20682.775001
20708.125001
20733.875001
20759.200001
20784.550001
20810.075001
20835.500001
20860.950001
20886.625001
20911.975001
20937.250001
20962.900001
20988.300001
21013.675001
21039.425001
21064.750001
21090.100001
21115.700001
21141.150001
21166.775001
21192.300001
21217.600001
21242.850001
21268.525001
21293.950001
21319.400001
21345.025001
21370.325001
21395.625001
21421.125001
21446.625001
21472.075001
21497.725001
21523.075001
21548.300001
21573.900001
21599.375001
21624.750001
21650.500001
21675.800001
21701.125001
21726.450001
21752.050001
21777.450001
21803.175001
21828.600001
21853.875001
21879.525001
21904.950001
21930.300001
21956.075001
21981.400001
22006.750001
22032.275001
22057.725001
22083.125001
22108.825001
22134.200001
22159.450001
22185.100001
22210.525001
22235.875001
22261.625001
22286.950001
22312.300001
22337.825001
22363.250001
22388.675001
22414.350001
22439.725001
22465.000001
22490.700001
22516.150001
22541.600001
22567.250001
22592.550001
22617.875001
22643.400001
22668.875001
22694.350001
22719.975001
22745.300001
22770.550001
22796.175001
22821.650001
22847.025001
22872.750001
22898.050001
22923.350001
22948.725001
22974.300001
22999.700001
23025.375001
23050.775001
23076.000001
23101.475001
23127.025001
23152.400001
23178.225001
23203.600001
23228.950001
23254.475001
23279.925001
23305.325001
23331.025001
23356.400001
23381.675001
23407.325001
23432.750001
23458.100001
23483.850001
23509.175001
23534.525001
23560.050001
23585.475001
23610.900001
23636.575001
23661.975001
23687.225001
23712.875001
23738.300001
23763.625001
23789.400001
23814.725001
23840.075001
23865.650001
23891.125001
23916.700001
23942.275001
23967.575001
23992.825001
24018.500001
24043.925001
24069.375001
24095.025001
24120.300001
24145.625001
24171.100001
24196.600001
24222.025001
24247.700001
24273.050001
24298.300001
24323.850001
24349.350001
24374.725001
24400.475001
24425.800001
24451.100001
24476.425001
24502.025001
24527.425001
24553.125001
24578.575001
24603.850001
24629.500001
24654.925001
24680.275001
24706.050001
24731.400001
24756.750001
24782.250001
24807.700001
24833.100001
24858.800001
24884.175001
24909.450001
24935.075001
24960.500001
24985.850001
25011.625001
25036.950001
25062.300001
25087.800001
25113.250001
25138.650001
25164.350001
25189.725001
25215.000001
25240.700001
25266.150001
25291.600001
25317.250001
25342.525001
25367.875001
25393.375001
25418.850001
25444.325001
25469.975001
25495.300001
25520.550001
25546.150001
25571.625001
25597.000001
25622.725001
25648.050001
25673.350001
25698.700001
25724.275001
25749.700001
25775.350001
25800.750001
25826.000001
25851.450001
25877.000001
25902.375001
25928.200001
25953.600001
25978.950001
26004.450001
26029.900001
26055.325001
26081.000001
26106.400001
26131.675001
26157.300001
26182.725001
26208.075001
26233.850001
26259.175001
26284.525001
26310.025001
26335.475001
26360.875001
26386.575001
26411.950001
26437.225001
26462.850001
26488.275001
26513.625001
26539.400001
26564.725001
26590.075001
26615.650001
26641.125001
26666.675001
26692.250001
26717.575001
26742.825001
26768.475001
26793.925001
26819.350001
26845.025001
26870.300001
26895.625001
26921.075001
26946.575001
26972.025001
26997.700001
27023.050001
27048.275001
27073.850001
27099.350001
27124.725001
27150.475001
27175.800001
27201.100001
27226.400001
27252.025001
27277.425001
27303.125001
27328.575001
27353.850001
27379.475001
27404.925001
27430.275001
27456.050001
27481.400001
27506.725001
27532.225001
27557.700001
27583.100001
27608.775001
27634.175001
27659.425001
27685.050001
27710.500001
27735.850001
27761.600001
27786.950001
27812.275001
27837.775001
27863.250001
27888.650001
27914.325001
27939.725001
27965.000001
27990.675001
28016.150001
28041.575001
28067.250001
28092.525001
28117.850001
28143.350001
28168.850001
28194.300001
28219.950001
28245.300001
28270.525001
28296.150001
28321.625001
28347.000001
28372.725001
28398.050001
28423.350001
28448.700001
28474.275001
28499.675001
28525.350001
28550.750001
28576.000001
28601.425001
28627.000001
28652.375001
28678.200001
28703.600001
28728.925001
28754.425001
28779.900001
28805.300001
28831.000001
28856.400001
28881.650001
28907.275001
28932.725001
28958.075001
28983.825001
29009.175001
29034.500001
29060.000001
29085.475001
29110.875001
29136.550001
29161.950001
29187.200001
29212.850001
29238.275001
29263.625001
29289.375001
29314.725001
29340.075001
29365.625001
29391.100001
29416.650001
29442.250001
29467.575001
29492.800001
29518.475001
29543.925001
29569.325001
29595.000001
29620.475001
29646.600001
29673.000001
29699.675001
29726.850001
29754.325001
29782.300001
29810.625001
29839.625001
29869.100001
29899.300001
29930.150001
29961.925001
29994.775001
30028.750001
30064.350001
30102.100001
30141.000001
30181.450001
30223.750001
30268.450001
30316.300001
30368.825001
30430.300001
30981.475001
31047.650001
32386.900001
32451.300001
33636.650001
33700.975001
34730.425001
34794.700001
