100.000000
25.000000
523.750000
580.650000
630.650000
676.950000
720.875000
763.500000
804.950000
845.700000
885.700000
925.700000
965.725000
1005.800000
1045.800000
1085.700000
1125.350000
1165.125000
1205.100000
1245.400000
1285.425000
1325.050000
1364.875000
1404.875000
1445.225000
1485.350000
1524.975000
1564.800000
1604.825000
1645.125000
1685.225000
1724.900000
1764.625000
1804.625000
1844.600000
1884.625000
1924.500000
1964.000000
2003.925000
2043.675000
2083.850000
2123.825000
2163.575000
2203.300000
2243.050000
2283.000000
2323.225000
2363.225000
2402.850000
2442.725000
2482.550000
2522.800000
2562.825000
2602.550000
2642.375000
2682.150000
2722.100000
2762.200000
2802.125000
2841.850000
2881.650000
2921.325000
2961.300000
3001.300000
3041.275000
3080.725000
3120.550000
3160.400000
3200.775000
3240.925000
3280.525000
3320.400000
3360.225000
3400.250000
3440.250000
3480.150000
3519.750000
3559.525000
3599.300000
3639.625000
3679.850000
3719.475000
3759.275000
3798.975000
3838.875000
3879.050000
3918.925000
3958.450000
3998.275000
4038.125000
4078.475000
4118.525000
4158.175000
4198.000000
4237.800000
4277.725000
4317.850000
4357.775000
4397.400000
4437.200000
4476.875000
4517.125000
4557.100000
4596.900000
4636.375000
4676.150000
4716.100000
4756.450000
4796.475000
4836.075000
4875.925000
4915.800000
4955.825000
4995.775000
5035.675000
5075.275000
5115.050000
5155.050000
5195.375000
5235.425000
5275.050000
5314.875000
5354.875000
5395.225000
5435.325000
5474.975000
5514.775000
5554.800000
5595.100000
5635.175000
5674.850000
5714.550000
5754.475000
5794.400000
5834.500000
5874.400000
5913.950000
5953.875000
5993.575000
6033.550000
6073.525000
6113.425000
6153.050000
6192.850000
6232.750000
6273.100000
6313.175000
6352.825000
6392.700000
6432.500000
6472.675000
6512.650000
6552.475000
6592.250000
6631.975000
6671.925000
6712.100000
6752.075000
6791.775000
6831.600000
6871.250000
6911.175000
6951.225000
6991.225000
7030.700000
7070.525000
7110.375000
7150.700000
7190.875000
7230.500000
7270.350000
7310.175000
7350.150000
7390.175000
7430.100000
7469.700000
7509.500000
7549.225000
7589.475000
7629.650000
7669.325000
7709.025000
7748.750000
7788.700000
7828.925000
7868.825000
7908.375000
7948.225000
7988.050000
8028.275000
8068.225000
8108.025000
8147.675000
8187.425000
8227.325000
8267.700000
8307.675000
8347.300000
8387.125000
8426.800000
8466.875000
8506.875000
8546.750000
8586.250000
8626.075000
8665.975000
8706.325000
8746.375000
8786.000000
8825.850000
8865.700000
8905.650000
8945.675000
8985.600000
9025.200000
9065.000000
9104.975000
9145.325000
9185.400000
9225.025000
9264.850000
9304.875000
9345.200000
9385.325000
9424.975000
9464.750000
9504.800000
9545.050000
9585.125000
9624.825000
9664.450000
9704.325000
9744.250000
9784.375000
9824.325000
9863.900000
9903.825000
9943.500000
9983.450000
10023.475000
10063.375000
10103.000000
10142.825000
10182.700000
10223.050000
10263.150000
10302.800000
10342.675000
10382.500000
10422.625000
10462.575000
10502.425000
10542.175000
10581.925000
10621.850000
10662.075000
10702.050000
10741.775000
10781.575000
10821.250000
10861.175000
10901.225000
10941.200000
10980.700000
11020.525000
11060.375000
11100.700000
11140.850000
11180.475000
11220.325000
11260.150000
11300.125000
11340.175000
11380.100000
11419.700000
11459.475000
11499.225000
11539.425000
11579.600000
11619.275000
11658.925000
11698.650000
11738.625000
11778.875000
11818.800000
11858.350000
11898.225000
11938.050000
11978.200000
12018.125000
12057.975000
12097.600000
12137.350000
12177.200000
12217.650000
12257.650000
12297.275000
12337.100000
12376.775000
12416.850000
12456.850000
12496.750000
12536.250000
12576.075000
12615.975000
12656.325000
12696.350000
12736.000000
12775.825000
12815.675000
12855.625000
12895.675000
12935.600000
12975.200000
13015.000000
13054.975000
13095.325000
13135.400000
13175.025000
13214.850000
13254.875000
13295.200000
13335.325000
13374.975000
13414.750000
13454.800000
13495.050000
13535.125000
13574.825000
13614.425000
13654.275000
13694.225000
13734.375000
13774.300000
13813.875000
13853.825000
13893.500000
13933.425000
13973.475000
14013.375000
14053.000000
14092.825000
14132.675000
14173.050000
14213.150000
14252.800000
14292.675000
14332.500000
14372.625000
14412.575000
14452.425000
14492.175000
14531.900000
14571.825000
14612.075000
14652.050000
14691.750000
14731.575000
14771.250000
14811.175000
14851.225000
14891.200000
14930.700000
14970.525000
15010.375000
15050.700000
15090.850000
15130.475000
15170.325000
15210.150000
15250.125000
15290.175000
15330.100000
15369.700000
15409.475000
15449.225000
15489.425000
15529.600000
15569.275000
15608.900000
15648.650000
15688.600000
15728.875000
15768.800000
15808.350000
15848.200000
15888.050000
15928.200000
15968.125000
16007.975000
16047.600000
16087.350000
16127.200000
16167.650000
16207.650000
16247.275000
16287.100000
16326.775000
16366.850000
16406.850000
16446.750000
16486.250000
16526.075000
16565.975000
16606.325000
16646.350000
16686.000000
16725.825000
16765.675000
16805.625000
16845.675000
16885.600000
16925.200000
16965.000000
17004.975000
17045.325000
17085.400000
17125.025000
17164.850000
17204.875000
17245.200000
17285.325000
17324.975000
17364.750000
17404.800000
17445.050000
17485.125000
17524.825000
17564.425000
17604.275000
17644.225000
17684.375000
17724.300000
17763.875000
17803.825000
17843.500000
17883.425000
17923.450000
17963.375000
18003.000000
18042.825000
18082.675000
18123.050000
18163.150000
18202.800000
18242.675001
18282.500001
18322.625001
18362.575001
18402.425001
18442.175001
18481.900001
18521.825001
18562.075001
18602.050001
18641.750001
18681.575001
18721.250001
18761.175001
18801.225001
18841.200001
18880.700001
18920.525001
18960.375001
19000.700001
19040.850001
19080.475001
19120.325001
19160.150001
19200.125001
19240.175001
19280.100001
19319.700001
19359.475001
19399.225001
19439.425001
19479.600001
19519.275001
19558.900001
19598.650001
19638.600001
19678.875001
19718.775001
19758.350001
19798.200001
19838.050001
19878.200001
19918.125001
19957.975001
19997.600001
20037.350001
20077.200001
20117.650001
20157.650001
20197.275001
20237.100001
20276.775001
20316.850001
20356.850001
20396.750001
20436.250001
20476.075001
20515.975001
20556.325001
20596.350001
20636.000001
20675.825001
20715.675001
20755.625001
20795.675001
20835.600001
20875.200001
20915.000001
20954.975001
20995.325001
21035.400001
21075.025001
21114.850001
21154.875001
21195.200001
21235.325001
21274.975001
21314.750001
21354.800001
21395.050001
21435.125001
21474.825001
21514.425001
21554.275001
21594.225001
21634.375001
21674.300001
21713.875001
21753.825001
21793.500001
21833.425001
21873.450001
21913.375001
21953.000001
21992.825001
22032.675001
22073.050001
22113.150001
22152.800001
22192.675001
22232.500001
22272.625001
22312.575001
22352.425001
22392.175001
22431.900001
22471.825001
22512.075001
22552.050001
22591.750001
22631.575001
22671.250001
22711.175001
22751.225001
22791.200001
22830.700001
22870.525001
22910.375001
22950.700001
22990.850001
23030.475001
23070.325001
23110.150001
23150.125001
23190.175001
23230.100001
23269.700001
23309.475001
23349.225001
23389.425001
23429.600001
23469.275001
23508.900001
23548.650001
23588.600001
23628.875001
23668.775001
23708.350001
23748.200001
23788.050001
23828.200001
23868.125001
23907.975001
23947.600001
23987.350001
24027.200001
24067.650001
24107.650001
24147.275001
24187.100001
24226.775001
24266.850001
24306.850001
24346.750001
24386.250001
24426.075001
24465.975001
24506.325001
24546.350001
24586.000001
24625.825001
24665.675001
24705.625001
24745.675001
24785.600001
24825.200001
24865.000001
24904.975001
24945.325001
24985.400001
25025.025001
25064.850001
25104.875001
25145.200001
25185.325001
25224.975001
25264.750001
25304.800001
25345.050001
25385.125001
25424.825001
25464.425001
25504.275001
25544.225001
25584.375001
25624.300001
25663.875001
25703.825001
25743.500001
25783.425001
25823.450001
25863.375001
25903.000001
25942.825001
25982.675001
26023.050001
26063.150001
26102.800001
26142.675001
26182.500001
26222.625001
26262.575001
26302.425001
26342.175001
26381.900001
26421.825001
26462.075001
26502.050001
26541.750001
26581.575001
26621.250001
26661.175001
26701.225001
26741.200001
26780.700001
26820.525001
26860.375001
26900.700001
26940.850001
26980.475001
27020.325001
27060.150001
27100.125001
27140.175001
27180.100001
27219.700001
27259.475001
27299.225001
27339.425001
27379.600001
27419.275001
27458.900001
27498.650001
27538.600001
27578.875001
27618.775001
27658.350001
27698.200001
27738.050001
27778.200001
27818.125001
27857.975001
27897.600001
27937.350001
27977.200001
28017.650001
28057.650001
28097.275001
28137.100001
28176.775001
28216.850001
28256.850001
28296.750001
28336.250001
28376.075001
28415.975001
28456.325001
28496.350001
28536.000001
28575.825001
28615.675001
28655.625001
28695.675001
28735.600001
28775.200001
28815.000001
28854.975001
28895.325001
28935.400001
28975.025001
29014.850001
29054.875001
29095.200001
29135.325001
29174.975001
29214.750001
29254.800001
29295.050001
29335.175001
29375.950001
29417.875001
29459.750001
29502.700001
29546.825001
29591.700001
29637.625001
29685.175001
29734.200001
29784.900001
29837.425001
29892.750001
29951.750001
30016.125001
30092.300001
30175.450001
30491.650001
30571.900001
30905.425001
30985.575001
31318.975001
31399.200001
31733.375001
31813.650001
32148.475001
32228.775001
32563.950001
32644.275001
32979.600001
33059.925001
33395.325001
33475.650001
33811.100001
33891.425001
34226.900001
34307.225001
34642.700001
34723.025001
