10.000000
19.000000
342.050000
414.950000
477.350000
531.850000
580.225000
624.800000
667.975000
709.425000
750.050000
790.100000
829.600000
868.800000
907.800000
946.525000
985.100000
1023.500000
1061.650000
1099.825000
1137.575000
1175.375000
1213.450000
1251.400000
1289.125000
1326.725000
1364.425000
1402.400000
1440.275000
1477.925000
1515.425000
1553.000000
1590.950000
1628.975000
1666.600000
1704.125000
1741.700000
1779.550000
1817.500000
1855.250000
1892.850000
1930.425000
1968.175000
2005.800000
2043.275000
2080.775000
2118.675000
2156.675000
2194.275000
2231.800000
2269.375000
2307.125000
2344.850000
2382.475000
2420.250000
2458.050000
2495.800000
2533.375000
2570.825000
2608.325000
2646.075000
2683.800000
2721.500000
2759.300000
2797.000000
2834.750000
2872.350000
2909.825000
2947.325000
2985.150000
3023.125000
3060.800000
3098.375000
3135.950000
3173.675000
3211.250000
3248.675000
3286.175000
3323.950000
3361.800000
3399.575000
3437.225000
3474.825000
3512.575000
3550.200000
3587.650000
3625.175000
3663.025000
3701.000000
3738.625000
3776.175000
3813.725000
3851.450000
3889.050000
3926.475000
3963.950000
4001.725000
4039.575000
4077.350000
4115.000000
4152.625000
4190.375000
4228.000000
4265.450000
4302.975000
4340.875000
4378.900000
4416.525000
4454.050000
4491.625000
4529.425000
4567.225000
4605.025000
4642.750000
4680.375000
4718.125000
4755.725000
4793.175000
4830.650000
4868.475000
4906.450000
4944.150000
4981.725000
5019.325000
5057.075000
5094.725000
5132.250000
5169.825000
5207.725000
5245.650000
5283.225000
5320.700000
5358.225000
5395.975000
5433.575000
5471.025000
5508.525000
5546.375000
5584.375000
5622.000000
5659.525000
5697.100000
5734.850000
5772.500000
5810.000000
5847.550000
5885.450000
5923.375000
5960.950000
5998.450000
6036.000000
6073.725000
6111.325000
6148.750000
6186.225000
6224.025000
6262.000000
6299.700000
6337.275000
6374.850000
6412.600000
6450.225000
6487.700000
6525.225000
6563.100000
6601.050000
6638.675000
6676.200000
6713.750000
6751.475000
6789.050000
6826.475000
6863.950000
6901.750000
6939.600000
6977.375000
7015.025000
7052.625000
7090.375000
7128.000000
7165.475000
7203.000000
7240.900000
7278.925000
7316.525000
7354.075000
7391.625000
7429.425000
7467.250000
7505.050000
7542.750000
7580.375000
7618.125000
7655.725000
7693.175000
7730.650000
7768.475000
7806.450000
7844.175000
7881.750000
7919.325000
7957.075000
7994.725000
8032.250000
8069.825000
8107.750000
8145.650000
8183.225000
8220.700000
8258.225000
8295.975000
8333.575000
8371.025000
8408.525000
8446.375000
8484.375000
8522.000000
8559.550000
8597.100000
8634.850000
8672.500000
8710.000000
8747.550000
8785.450000
8823.375000
8860.975000
8898.450000
8936.000000
8973.725000
9011.325000
9048.750000
9086.225000
9124.050000
9162.000000
9199.700000
9237.275000
9274.850000
9312.600000
9350.225000
9387.700000
9425.225000
9463.100000
9501.075000
9538.675000
9576.200000
9613.750000
9651.475000
9689.050000
9726.475000
9763.950000
9801.750000
9839.600000
9877.375000
9915.025000
9952.625000
9990.375000
10028.000000
10065.475000
10103.000000
10140.900000
10178.925000
10216.525000
10254.075000
10291.625000
10329.425000
10367.250000
10405.050000
10442.750000
10480.375000
10518.125000
10555.725000
10593.175000
10630.650000
10668.475000
10706.450000
10744.175000
10781.750000
10819.325000
10857.075000
10894.725000
10932.250000
10969.825000
11007.750000
11045.650000
11083.225000
11120.700000
11158.225000
11195.975000
11233.600000
11271.025000
11308.525000
11346.375000
11384.375000
11422.000000
11459.550000
11497.100000
11534.850000
11572.500000
11610.000000
11647.550000
11685.450000
11723.400000
11760.975000
11798.450000
11836.000000
11873.725000
11911.325000
11948.750000
11986.225000
12024.050000
12062.000000
12099.700000
12137.275000
12174.850000
12212.600000
12250.225000
12287.700000
12325.225000
12363.100000
12401.075000
12438.675000
12476.200000
12513.750000
12551.475000
12589.050000
12626.475000
12663.950000
12701.750000
12739.600000
12777.375000
12815.025000
12852.625000
12890.375000
12928.000000
12965.475000
13003.000000
13040.900000
13078.925000
13116.525000
13154.075000
13191.625000
13229.425000
13267.250000
13305.050000
13342.750000
13380.375000
13418.125000
13455.725000
13493.175000
13530.650000
13568.475000
13606.450000
13644.175000
13681.750000
13719.325000
13757.075000
13794.725000
13832.250000
13869.825000
13907.750000
13945.650000
13983.225000
14020.700000
14058.225000
14095.975000
14133.600000
14171.025000
14208.525000
14246.375000
14284.375000
14322.000000
14359.550000
14397.100000
14434.850000
14472.500000
14510.000000
14547.550000
14585.450000
14623.400000
14660.975000
14698.450000
14736.000000
14773.725000
14811.325000
14848.750000
14886.225000
14924.050000
14962.000000
14999.700000
15037.275000
15074.850000
15112.600000
15150.225000
15187.700000
15225.225000
15263.100000
15301.075000
15338.675000
15376.200000
15413.750000
15451.475000
15489.050000
15526.475000
15563.950000
15601.750000
15639.600000
15677.375000
15715.025000
15752.625000
15790.375000
15828.000000
15865.475000
15903.000000
15940.900000
15978.925000
16016.525000
16054.075000
16091.625000
16129.425000
16167.250000
16205.050000
16242.750000
16280.375000
16318.125000
16355.725000
16393.175000
16430.650000
16468.475000
16506.450000
16544.175000
16581.750000
16619.325000
16657.075000
16694.725000
16732.250000
16769.825000
16807.750000
16845.650000
16883.225000
16920.700000
16958.225000
16995.975000
17033.600000
17071.025000
17108.525000
17146.375000
17184.375000
17222.000000
17259.550000
17297.100000
17334.850000
17372.500000
17410.000000
17447.550000
17485.450000
17523.400000
17560.975000
17598.450000
17636.000000
17673.725000
17711.325000
17748.750000
17786.225000
17824.050000
17862.000000
17899.700000
17937.275000
17974.850000
18012.600000
18050.225000
18087.700000
18125.225000
18163.100000
18201.075000
18238.675001
18276.200001
18313.750001
18351.475001
18389.050001
18426.475001
18463.950001
18501.750001
18539.600001
18577.375001
18615.025001
18652.625001
18690.375001
18728.000001
18765.475001
18803.000001
18840.900001
18878.925001
18916.525001
18954.075001
18991.625001
19029.425001
19067.250001
19105.050001
19142.750001
19180.375001
19218.125001
19255.725001
19293.175001
19330.650001
19368.475001
19406.450001
19444.175001
19481.750001
19519.325001
19557.075001
19594.725001
19632.250001
19669.825001
19707.750001
19745.650001
19783.225001
19820.700001
19858.225001
19895.975001
19933.600001
19971.025001
20008.525001
20046.375001
20084.375001
20122.000001
20159.550001
20197.100001
20234.850001
20272.500001
20310.000001
20347.550001
20385.450001
20423.400001
20460.975001
20498.450001
20536.000001
20573.725001
20611.325001
20648.750001
20686.225001
20724.050001
20762.000001
20799.700001
20837.275001
20874.850001
20912.600001
20950.225001
20987.700001
21025.225001
21063.100001
21101.075001
21138.675001
21176.200001
21213.750001
21251.475001
21289.050001
21326.475001
21363.950001
21401.750001
21439.600001
21477.375001
21515.025001
21552.625001
21590.375001
21628.000001
21665.475001
21703.000001
21740.900001
21778.925001
21816.525001
21854.075001
21891.625001
21929.425001
21967.250001
22005.050001
22042.750001
22080.375001
22118.125001
22155.725001
22193.175001
22230.650001
22268.475001
22306.450001
22344.175001
22381.750001
22419.325001
22457.075001
22494.725001
22532.250001
22569.825001
22607.750001
22645.650001
22683.225001
22720.700001
22758.225001
22795.975001
22833.600001
22871.025001
22908.525001
22946.375001
22984.375001
23022.000001
23059.550001
23097.100001
23134.850001
23172.500001
23210.000001
23247.550001
23285.450001
23323.400001
23360.975001
23398.450001
23436.000001
23473.725001
23511.325001
23548.750001
23586.225001
23624.050001
23662.000001
23699.700001
23737.275001
23774.850001
23812.600001
23850.225001
23887.700001
23925.225001
23963.100001
24001.075001
24038.675001
24076.200001
24113.750001
24151.475001
24189.050001
24226.475001
24263.950001
24301.750001
24339.600001
24377.375001
24415.025001
24452.625001
24490.375001
24528.000001
24565.475001
24603.000001
24640.900001
24678.925001
24716.525001
24754.075001
24791.625001
24829.425001
24867.250001
24905.050001
24942.750001
24980.375001
25018.125001
25055.725001
25093.175001
25130.650001
25168.475001
25206.450001
25244.175001
25281.750001
25319.325001
25357.075001
25394.725001
25432.250001
25469.825001
25507.750001
25545.650001
25583.225001
25620.700001
25658.225001
25695.975001
25733.600001
25771.025001
25808.525001
25846.375001
25884.375001
25922.000001
25959.550001
25997.100001
26034.850001
26072.500001
26110.000001
26147.550001
26185.450001
26223.400001
26260.975001
26298.450001
26336.000001
26373.725001
26411.325001
26448.750001
26486.225001
26524.050001
26562.000001
26599.700001
26637.275001
26674.850001
26712.600001
26750.225001
26787.700001
26825.225001
26863.100001
26901.075001
26938.675001
26976.200001
27013.750001
27051.475001
27089.050001
27126.475001
27163.950001
27201.750001
27239.600001
27277.375001
27315.025001
27352.625001
27390.375001
27428.000001
27465.475001
27503.000001
27540.900001
27578.925001
27616.525001
27654.075001
27691.625001
27729.425001
27767.250001
27805.050001
27842.750001
27880.375001
27918.125001
27955.725001
27993.175001
28030.650001
28068.475001
28106.450001
28144.175001
28181.750001
28219.325001
28257.075001
28294.725001
28332.250001
28369.825001
28407.750001
28445.650001
28483.225001
28520.700001
28558.225001
28595.975001
28633.600001
28671.025001
28708.525001
28746.375001
28784.375001
28822.000001
28859.550001
28897.100001
28934.850001
28972.500001
29010.000001
29047.550001
29085.450001
29123.400001
29160.975001
29198.450001
29236.000001
29273.725001
29311.325001
29348.750001
29386.225001
29424.050001
29462.000001
29499.700001
29537.275001
29574.850001
29613.275001
29652.525001
29692.575001
29733.675001
29775.825001
29819.350001
29864.300001
29911.325001
29960.725001
30013.425001
30070.700001
30131.725001
30194.225001
30258.425001
30324.200001
30391.425001
30460.025001
30529.975001
30601.475001
30674.650001
30749.525001
30826.075001
30904.375001
30984.825001
31067.850001
31153.225001
31240.600001
31329.575001
31419.575001
31510.200001
31601.200001
31692.500001
31783.975001
31875.600001
31967.375001
32059.250001
32151.225001
32243.325001
32335.525001
32427.875001
32520.425001
32613.250001
32706.500001
32800.300001
32894.400001
32988.625001
33082.900001
33177.175001
33271.475001
33365.775001
33460.075001
33554.350001
33648.650001
33742.950001
33837.250001
33931.550001
34025.850001
34120.125001
34214.425001
34308.725001
34403.025001
34497.325001
34591.625001
34685.925001
34780.200001
34874.500001
34968.800001
