20.000000
10.000000
559.500000
606.475000
649.050000
689.400000
727.125000
763.450000
799.525000
835.400000
870.425000
905.775000
940.850000
975.750000
1010.400000
1045.150000
1079.175000
1113.225000
1147.025000
1180.575000
1214.325000
1247.950000
1281.375000
1314.700000
1347.975000
1381.300000
1414.600000
1447.875000
1481.050000
1513.600000
1546.350000
1578.825000
1611.750000
1644.200000
1676.050000
1708.325000
1740.675000
1773.025000
1805.200000
1837.075000
1869.125000
1900.925000
1932.925000
1964.775000
1996.800000
2028.700000
2060.625000
2092.500000
2124.475000
2156.400000
2188.325000
2220.225000
2252.200000
2284.150000
2316.100000
2347.975000
2379.925000
2411.875000
2443.750000
2475.700000
2507.625000
2539.625000
2571.325000
2603.475000
2635.350000
2667.350000
2698.550000
2730.050000
2761.875000
2793.250000
2824.725000
2856.350000
2888.050000
2920.050000
2951.225000
2982.750000
3014.600000
3045.900000
3077.350000
3109.050000
3140.850000
3172.850000
3204.000000
3235.500000
3267.375000
3298.350000
3329.950000
3361.800000
3392.800000
3424.400000
3456.250000
3487.325000
3518.850000
3550.675000
3581.750000
3613.250000
3645.100000
3676.075000
3707.675000
3739.550000
3770.525000
3802.125000
3834.000000
3865.050000
3896.600000
3928.475000
3959.500000
3991.075000
4022.875000
4053.975000
4085.475000
4117.325000
4148.275000
4179.900000
4211.775000
4242.725000
4274.350000
4306.225000
4337.250000
4368.800000
4400.650000
4431.675000
4463.225000
4495.100000
4526.050000
4557.650000
4589.525000
4620.500000
4652.100000
4683.975000
4715.000000
4746.575000
4778.475000
4809.475000
4841.050000
4872.875000
4903.950000
4935.450000
4967.325000
4998.275000
5029.875000
5061.750000
5092.725000
5124.325000
5156.200000
5187.225000
5218.800000
5250.625000
5281.675000
5313.200000
5345.075000
5376.025000
5407.650000
5439.525000
5470.475000
5502.100000
5533.975000
5565.000000
5596.550000
5628.475000
5659.450000
5691.050000
5722.875000
5753.925000
5785.450000
5817.325000
5848.250000
5879.875000
5911.750000
5942.700000
5974.325000
6006.200000
6037.200000
6068.775000
6100.625000
6131.650000
6163.200000
6195.075000
6226.025000
6257.650000
6289.525000
6320.475000
6352.100000
6383.975000
6414.975000
6446.550000
6478.450000
6509.450000
6541.050000
6572.875000
6603.925000
6635.450000
6667.325000
6698.250000
6729.875000
6761.750000
6792.700000
6824.325000
6856.200000
6887.200000
6918.775000
6950.625000
6981.650000
7013.200000
7045.075000
7076.025000
7107.650000
7139.525000
7170.475000
7202.100000
7233.975000
7264.975000
7296.550000
7328.450000
7359.450000
7391.050000
7422.875000
7453.925000
7485.450000
7517.325000
7548.250000
7579.875000
7611.750000
7642.700000
7674.325000
7706.200000
7737.200000
7768.775000
7800.625000
7831.650000
7863.200000
7895.075000
7926.025000
7957.650000
7989.525000
8020.475000
8052.100000
8083.975000
8114.975000
8146.550000
8178.450000
8209.450000
8241.050000
8272.875000
8303.925000
8335.450000
8367.325000
8398.250000
8429.875000
8461.750000
8492.700000
8524.325000
8556.200000
8587.200000
8618.775000
8650.625000
8681.650000
8713.200000
8745.075000
8776.025000
8807.650000
8839.525000
8870.475000
8902.100000
8933.975000
8964.975000
8996.550000
9028.450000
9059.450000
9091.050000
9122.875000
9153.925000
9185.450000
9217.325000
9248.250000
9279.875000
9311.750000
9342.700000
9374.325000
9406.200000
9437.200000
9468.775000
9500.625000
9531.650000
9563.200000
9595.075000
9626.025000
9657.650000
9689.525000
9720.475000
9752.100000
9783.975000
9814.975000
9846.550000
9878.450000
9909.450000
9941.050000
9972.875000
10003.925000
10035.450000
10067.325000
10098.250000
10129.875000
10161.750000
10192.700000
10224.325000
10256.200000
10287.200000
10318.775000
10350.625000
10381.650000
10413.200000
10445.075000
10476.025000
10507.650000
10539.525000
10570.475000
10602.100000
10633.975000
10664.975000
10696.550000
10728.450000
10759.450000
10791.050000
10822.875000
10853.925000
10885.450000
10917.325000
10948.250000
10979.875000
11011.750000
11042.700000
11074.325000
11106.200000
11137.200000
11168.775000
11200.625000
11231.650000
11263.200000
11295.075000
11326.025000
11357.650000
11389.525000
11420.475000
11452.100000
11483.975000
11514.975000
11546.550000
11578.450000
11609.450000
11641.050000
11672.875000
11703.925000
11735.450000
11767.325000
11798.250000
11829.875000
11861.750000
11892.700000
11924.325000
11956.200000
11987.200000
12018.775000
12050.625000
12081.650000
12113.200000
12145.075000
12176.025000
12207.650000
12239.525000
12270.475000
12302.100000
12333.975000
12364.975000
12396.550000
12428.450000
12459.450000
12491.050000
12522.875000
12553.925000
12585.450000
12617.325000
12648.250000
12679.875000
12711.750000
12742.700000
12774.325000
12806.200000
12837.200000
12868.775000
12900.625000
12931.650000
12963.200000
12995.075000
13026.025000
13057.650000
13089.525000
13120.475000
13152.100000
13183.975000
13214.975000
13246.550000
13278.450000
13309.450000
13341.050000
13372.875000
13403.925000
13435.450000
13467.325000
13498.250000
13529.875000
13561.750000
13592.700000
13624.325000
13656.200000
13687.200000
13718.775000
13750.625000
13781.650000
13813.200000
13845.075000
13876.025000
13907.650000
13939.525000
13970.475000
14002.100000
14033.975000
14064.975000
14096.550000
14128.450000
14159.450000
14191.050000
14222.875000
14253.925000
14285.450000
14317.325000
14348.250000
14379.875000
14411.750000
14442.700000
14474.325000
14506.200000
14537.200000
14568.775000
14600.625000
14631.650000
14663.200000
14695.075000
14726.025000
14757.650000
14789.525000
14820.475000
14852.100000
14883.975000
14914.975000
14946.550000
14978.450000
15009.450000
15041.050000
15072.875000
15103.925000
15135.450000
15167.325000
15198.250000
15229.875000
15261.750000
15292.700000
15324.325000
15356.200000
15387.200000
15418.775000
15450.625000
15481.650000
15513.200000
15545.075000
15576.025000
15607.650000
15639.525000
15670.475000
15702.100000
15733.975000
15764.975000
15796.550000
15828.450000
15859.450000
15891.050000
15922.875000
15953.925000
15985.450000
16017.325000
16048.250000
16079.875000
16111.750000
16142.700000
16174.325000
16206.200000
16237.200000
16268.775000
16300.625000
16331.650000
16363.200000
16395.075000
16426.025000
16457.650000
16489.525000
16520.475000
16552.100000
16583.975000
16614.975000
16646.550000
16678.450000
16709.450000
16741.050000
16772.875000
16803.925000
16835.450000
16867.325000
16898.250000
16929.875000
16961.750000
16992.700000
17024.325000
17056.200000
17087.200000
17118.775000
17150.625000
17181.650000
17213.200000
17245.075000
17276.025000
17307.650000
17339.525000
17370.475000
17402.100000
17433.975000
17464.975000
17496.550000
17528.450000
17559.450000
17591.050000
17622.875000
17653.925000
17685.450000
17717.325000
17748.250000
17779.875000
17811.750000
17842.700000
17874.325000
17906.200000
17937.200000
17968.775000
18000.625000
18031.650000
18063.200000
18095.075000
18126.025000
18157.650000
18189.525000
18220.475000
18252.100001
18283.975001
18314.975001
18346.550001
18378.450001
18409.450001
18441.050001
18472.875001
18503.925001
18535.450001
18567.325001
18598.250001
18629.875001
18661.750001
18692.700001
18724.325001
18756.200001
18787.200001
18818.775001
18850.625001
18881.650001
18913.200001
18945.075001
18976.025001
19007.650001
19039.525001
19070.475001
19102.100001
19133.975001
19164.975001
19196.550001
19228.450001
19259.450001
19291.050001
19322.875001
19353.925001
19385.450001
19417.325001
19448.250001
19479.875001
19511.750001
19542.700001
19574.325001
19606.200001
19637.200001
19668.775001
19700.625001
19731.650001
19763.200001
19795.075001
19826.025001
19857.650001
19889.525001
19920.475001
19952.100001
19983.975001
20014.975001
20046.550001
20078.450001
20109.450001
20141.050001
20172.875001
20203.925001
20235.450001
20267.325001
20298.250001
20329.875001
20361.750001
20392.700001
20424.325001
20456.200001
20487.200001
20518.775001
20550.625001
20581.650001
20613.200001
20645.075001
20676.025001
20707.650001
20739.525001
20770.475001
20802.100001
20833.975001
20864.975001
20896.550001
20928.450001
20959.450001
20991.050001
21022.875001
21053.925001
21085.450001
21117.325001
21148.250001
21179.875001
21211.750001
21242.700001
21274.325001
21306.200001
21337.200001
21368.775001
21400.625001
21431.650001
21463.200001
21495.075001
21526.025001
21557.650001
21589.525001
21620.475001
21652.100001
21683.975001
21714.975001
21746.550001
21778.450001
21809.450001
21841.050001
21872.875001
21903.925001
21935.450001
21967.325001
21998.250001
22029.875001
22061.750001
22092.700001
22124.325001
22156.200001
22187.200001
22218.775001
22250.625001
22281.650001
22313.200001
22345.075001
22376.025001
22407.650001
22439.525001
22470.475001
22502.100001
22533.975001
22564.975001
22596.550001
22628.450001
22659.450001
22691.050001
22722.875001
22753.925001
22785.450001
22817.325001
22848.250001
22879.875001
22911.750001
22942.700001
22974.325001
23006.200001
23037.200001
23068.775001
23100.625001
23131.650001
23163.200001
23195.075001
23226.025001
23257.650001
23289.525001
23320.475001
23352.100001
23383.975001
23414.975001
23446.550001
23478.450001
23509.450001
23541.050001
23572.875001
23603.925001
23635.450001
23667.325001
23698.250001
23729.875001
23761.750001
23792.700001
23824.325001
23856.200001
23887.200001
23918.775001
23950.625001
23981.650001
24013.200001
24045.075001
24076.025001
24107.650001
24139.525001
24170.475001
24202.100001
24233.975001
24264.975001
24296.550001
24328.450001
24359.450001
24391.050001
24422.875001
24453.925001
24485.450001
24517.325001
24548.250001
24579.875001
24611.750001
24642.700001
24674.325001
24706.200001
24737.200001
24768.775001
24800.625001
24831.650001
24863.200001
24895.075001
24926.025001
24957.650001
24989.525001
25020.475001
25052.100001
25083.975001
25114.975001
25146.550001
25178.450001
25209.450001
25241.050001
25272.875001
25303.925001
25335.450001
25367.325001
25398.250001
25429.875001
25461.750001
25492.700001
25524.325001
25556.200001
25587.200001
25618.775001
25650.625001
25681.650001
25713.200001
25745.075001
25776.025001
25807.650001
25839.525001
25870.475001
25902.100001
25933.975001
25964.975001
25996.550001
26028.450001
26059.450001
26091.050001
26122.875001
26153.925001
26185.450001
26217.325001
26248.250001
26279.875001
26311.750001
26342.700001
26374.325001
26406.200001
26437.200001
26468.775001
26500.625001
26531.650001
26563.200001
26595.075001
26626.025001
26657.650001
26689.525001
26720.475001
26752.100001
26783.975001
26814.975001
26846.550001
26878.450001
26909.450001
26941.050001
26972.875001
27003.925001
27035.450001
27067.325001
27098.250001
27129.875001
27161.750001
27192.700001
27224.325001
27256.200001
27287.200001
27318.775001
27350.625001
27381.650001
27413.200001
27445.075001
27476.025001
27507.650001
27539.525001
27570.475001
27602.100001
27633.975001
27664.975001
27696.550001
27728.450001
27759.450001
27791.050001
27822.875001
27853.925001
27885.450001
27917.325001
27948.250001
27979.875001
28011.750001
28042.700001
28074.325001
28106.200001
28137.200001
28168.775001
28200.625001
28231.650001
28263.200001
28295.075001
28326.025001
28357.650001
28389.525001
28420.475001
28452.100001
28483.975001
28514.975001
28546.550001
28578.450001
28609.450001
28641.050001
28672.875001
28703.925001
28735.450001
28767.325001
28798.250001
28829.875001
28861.750001
28892.700001
28924.325001
28956.200001
28987.200001
29018.775001
29050.625001
29081.650001
29113.200001
29145.075001
29176.025001
29207.650001
29239.525001
29270.475001
29302.100001
29333.975001
29364.975001
29396.550001
29428.450001
29459.525001
29492.250001
29525.750001
29560.450001
29596.750001
29635.425001
29677.325001
29725.875001
