100.000000
2.000000
419.850000
487.200000
545.450000
598.275000
648.075000
695.775000
741.475000
787.050000
832.900000
878.875000
924.450000
969.950000
1015.275000
1060.775000
1106.575000
1152.125000
1197.475000
1242.825000
1288.300000
1334.175000
1379.925000
1425.225000
1470.550000
1516.100000
1561.950000
1607.650000
1652.950000
1698.300000
1743.800000
1789.650000
1835.375000
1880.625000
1926.000000
1971.450000
2017.450000
2063.100000
2108.325000
2153.825000
2199.150000
2244.950000
2290.475000
2335.775000
2381.200000
2426.500000
2472.000000
2517.725000
2563.275000
2608.500000
2653.950000
2699.325000
2745.275000
2791.000000
2836.175000
2881.625000
2927.000000
2972.800000
3018.425000
3063.650000
3109.075000
3154.700000
3200.275000
3245.725000
3291.250000
3336.475000
3381.825000
3427.275000
3473.150000
3518.800000
3564.000000
3609.400000
3655.000000
3700.850000
3746.500000
3791.900000
3837.225000
3882.725000
3928.675000
3974.275000
4019.600000
4064.950000
4110.475000
4156.400000
4202.025000
4247.300000
4292.725000
4338.200000
4384.050000
4429.850000
4475.100000
4520.475000
4566.050000
4611.875000
4657.625000
4702.875000
4748.250000
4793.775000
4839.600000
4885.325000
4930.575000
4975.975000
5021.425000
5067.375000
5113.050000
5158.250000
5203.775000
5249.100000
5294.775000
5340.250000
5385.675000
5431.075000
5476.350000
5521.850000
5567.675000
5613.250000
5658.475000
5703.925000
5749.300000
5795.250000
5840.975000
5886.150000
5931.600000
5976.975000
6022.750000
6068.325000
6113.600000
6158.975000
6204.525000
6249.925000
6295.550000
6341.150000
6386.350000
6431.725000
6477.125000
6523.050000
6568.750000
6613.950000
6659.375000
6704.950000
6750.825000
6796.500000
6841.875000
6887.200000
6932.725000
6978.675000
7024.275000
7069.600000
7114.950000
7160.450000
7206.375000
7252.000000
7297.300000
7342.725000
7388.200000
7434.050000
7479.850000
7525.075000
7570.475000
7616.025000
7661.875000
7707.625000
7752.875000
7798.250000
7843.775000
7889.600000
7935.325000
7980.575000
8025.975000
8071.425000
8117.375000
8163.025000
8208.250000
8253.750000
8299.100000
8344.775000
8390.225000
8435.675000
8481.075000
8526.325000
8571.850000
8617.675000
8663.250000
8708.475000
8753.925000
8799.300000
8845.225000
8890.975000
8936.150000
8981.600000
9026.975000
9072.750000
9118.325000
9163.600000
9208.975000
9254.525000
9299.925000
9345.550000
9391.150000
9436.350000
9481.725000
9527.125000
9573.050000
9618.750000
9663.950000
9709.350000
9754.950000
9800.825000
9846.500000
9891.875000
9937.200000
9982.725000
10028.675000
10074.275000
10119.600000
10164.950000
10210.450000
10256.375000
10302.000000
10347.300000
10392.725000
10438.200000
10484.050000
10529.850000
10575.075000
10620.475000
10666.025000
10711.875000
10757.625000
10802.875000
10848.250000
10893.775000
10939.600000
10985.325000
11030.575000
11075.975000
11121.425000
11167.375000
11213.025000
11258.250000
11303.750000
11349.100000
11394.775000
11440.225000
11485.675000
11531.050000
11576.325000
11621.850000
11667.675000
11713.250000
11758.475000
11803.925000
11849.300000
11895.225000
11940.975000
11986.150000
12031.600000
12076.975000
12122.750000
12168.325000
12213.600000
12258.975000
12304.525000
12349.925000
12395.550000
12441.150000
12486.350000
12531.725000
12577.125000
12623.050000
12668.750000
12713.950000
12759.350000
12804.950000
12850.825000
12896.500000
12941.875000
12987.200000
13032.725000
13078.675000
13124.275000
13169.600000
13214.950000
13260.450000
13306.375000
13352.000000
13397.300000
13442.725000
13488.200000
13534.050000
13579.850000
13625.075000
13670.475000
13716.025000
13761.875000
13807.625000
13852.875000
13898.250000
13943.775000
13989.600000
14035.325000
14080.575000
14125.975000
14171.425000
14217.375000
14263.025000
14308.250000
14353.750000
14399.100000
14444.775000
14490.225000
14535.675000
14581.050000
14626.325000
14671.850000
14717.675000
14763.250000
14808.475000
14853.925000
14899.300000
14945.225000
14990.975000
15036.150000
15081.600000
15126.975000
15172.750000
15218.325000
15263.600000
15308.975000
15354.525000
15399.925000
15445.550000
15491.150000
15536.350000
15581.725000
15627.125000
15673.050000
15718.750000
15763.950000
15809.350000
15854.950000
15900.825000
15946.500000
15991.875000
16037.200000
16082.725000
16128.675000
16174.275000
16219.600000
16264.950000
16310.450000
16356.375000
16402.000000
16447.300000
16492.725000
16538.200000
16584.050000
16629.850000
16675.075000
16720.475000
16766.025000
16811.875000
16857.625000
16902.875000
16948.250000
16993.775000
17039.600000
17085.325000
17130.575000
17175.975000
17221.425000
17267.375000
17313.025000
17358.250000
17403.750000
17449.100000
17494.775000
17540.225000
17585.675000
17631.050000
17676.325000
17721.850000
17767.675000
17813.250000
17858.475000
17903.925000
17949.300000
17995.225000
18040.975000
18086.150000
18131.600000
18176.975000
18222.750000
18268.325001
18313.600001
18358.975001
18404.525001
18449.925001
18495.550001
18541.150001
18586.350001
18631.725001
18677.125001
18723.050001
18768.750001
18813.950001
18859.350001
18904.950001
18950.825001
18996.500001
19041.875001
19087.200001
19132.725001
19178.675001
19224.275001
19269.600001
19314.950001
19360.450001
19406.375001
19452.000001
19497.300001
19542.725001
19588.200001
19634.050001
19679.850001
19725.075001
19770.475001
19816.025001
19861.875001
19907.625001
19952.875001
19998.250001
20043.775001
20089.600001
20135.325001
20180.575001
20225.975001
20271.425001
20317.375001
20363.025001
20408.250001
20453.750001
20499.100001
20544.775001
20590.225001
20635.675001
20681.050001
20726.325001
20771.850001
20817.675001
20863.250001
20908.475001
20953.925001
20999.300001
21045.225001
21090.975001
21136.150001
21181.600001
21226.975001
21272.750001
21318.325001
21363.600001
21408.975001
21454.525001
21499.925001
21545.550001
21591.150001
21636.350001
21681.725001
21727.125001
21773.050001
21818.750001
21863.950001
21909.350001
21954.950001
22000.825001
22046.500001
22091.875001
22137.200001
22182.725001
22228.675001
22274.275001
22319.600001
22364.950001
22410.450001
22456.375001
22502.000001
22547.300001
22592.725001
22638.200001
22684.050001
22729.850001
22775.075001
22820.475001
22866.025001
22911.875001
22957.625001
23002.875001
23048.250001
23093.775001
23139.600001
23185.325001
23230.575001
23275.975001
23321.425001
23367.375001
23413.025001
23458.250001
23503.750001
23549.100001
23594.775001
23640.225001
23685.675001
23731.050001
23776.325001
23821.850001
23867.675001
23913.250001
23958.475001
24003.925001
24049.300001
24095.225001
24140.975001
24186.150001
24231.600001
24276.975001
24322.750001
24368.325001
24413.600001
24458.975001
24504.525001
24549.925001
24595.550001
24641.150001
24686.350001
24731.725001
24777.125001
24823.050001
24868.750001
24913.950001
24959.350001
25004.950001
25050.825001
25096.500001
25141.875001
25187.200001
25232.725001
25278.675001
25324.275001
25369.600001
25414.950001
25460.450001
25506.375001
25552.000001
25597.300001
25642.725001
25688.200001
25734.050001
25779.850001
25825.075001
25870.475001
25916.025001
25961.875001
26007.625001
26052.875001
26098.250001
26143.775001
26189.600001
26235.325001
26280.575001
26325.975001
26371.425001
26417.375001
26463.025001
26508.250001
26553.750001
26599.100001
26644.775001
26690.225001
26735.675001
26781.050001
26826.325001
26871.850001
26917.675001
26963.250001
27008.475001
27053.925001
27099.300001
27145.225001
27190.975001
27236.150001
27281.600001
27326.975001
27372.750001
27418.325001
27463.600001
27508.975001
27554.525001
27599.925001
27645.550001
27691.150001
27736.350001
27781.725001
27827.125001
27873.050001
27918.750001
27963.950001
28009.350001
28054.950001
28100.825001
28146.500001
28191.875001
28237.200001
28282.725001
28328.675001
28374.275001
28419.600001
28464.950001
28510.450001
28556.375001
28602.000001
28647.300001
28692.725001
28738.200001
28784.050001
28829.850001
28875.075001
28920.475001
28966.025001
29011.875001
29057.625001
29102.875001
29148.250001
29193.775001
29239.600001
29285.325001
29330.575001
29375.975001
29421.425001
29467.975001
29516.050001
29566.175001
29618.550001
29673.550001
29731.825001
29795.500001
29867.650001
