200.000000
3.000000
491.100000
532.825000
568.825000
601.125000
631.375000
660.400000
688.275000
715.225000
741.600000
767.400000
792.675000
817.625000
842.425000
867.300000
891.575000
915.975000
940.050000
964.500000
988.650000
1013.050000
1037.025000
1061.675000
1085.650000
1110.025000
1134.125000
1158.650000
1182.725000
1206.850000
1231.200000
1255.300000
1279.700000
1303.700000
1328.375000
1352.375000
1376.400000
1400.650000
1424.775000
1449.100000
1473.075000
1497.725000
1521.800000
1546.075000
1570.150000
1594.875000
1618.900000
1642.800000
1667.275000
1691.375000
1715.750000
1739.775000
1764.400000
1788.425000
1812.925000
1836.925000
1861.625000
1885.600000
1909.725000
1934.025000
1958.025000
1982.425000
2006.450000
2031.075000
2055.100000
2079.625000
2103.625000
2128.350000
2152.350000
2176.325000
2200.650000
2224.750000
2249.050000
2273.050000
2297.700000
2321.775000
2345.950000
2370.125000
2394.700000
2418.800000
2442.675000
2467.250000
2491.325000
2515.700000
2539.750000
2564.375000
2588.400000
2612.875000
2636.900000
2661.600000
2685.575000
2709.675000
2734.000000
2758.000000
2782.400000
2806.450000
2831.075000
2855.100000
2879.625000
2903.625000
2928.350000
2952.350000
2976.325000
3000.650000
3024.750000
3049.025000
3073.050000
3097.700000
3121.775000
3145.950000
3170.100000
3194.675000
3218.775000
3242.675000
3267.250000
3291.325000
3315.700000
3339.725000
3364.375000
3388.400000
3412.875000
3436.900000
3461.600000
3485.575000
3509.675000
3534.000000
3558.000000
3582.400000
3606.425000
3631.075000
3655.100000
3679.625000
3703.625000
3728.350000
3752.350000
3776.325000
3800.650000
3824.750000
3849.025000
3873.050000
3897.700000
3921.775000
3945.950000
3970.100000
3994.650000
4018.775000
4042.675000
4067.250000
4091.325000
4115.675000
4139.725000
4164.375000
4188.400000
4212.875000
4236.900000
4261.600000
4285.575000
4309.675000
4334.000000
4358.000000
4382.400000
4406.425000
4431.075000
4455.100000
4479.625000
4503.625000
4528.350000
4552.350000
4576.325000
4600.650000
4624.750000
4649.025000
4673.050000
4697.700000
4721.775000
4745.950000
4770.100000
4794.650000
4818.775000
4842.675000
4867.250000
4891.325000
4915.675000
4939.725000
4964.375000
4988.400000
5012.875000
5036.900000
5061.600000
5085.575000
5109.675000
5134.000000
5158.000000
5182.400000
5206.425000
5231.075000
5255.100000
5279.625000
5303.625000
5328.350000
5352.350000
5376.325000
5400.650000
5424.750000
5449.025000
5473.050000
5497.700000
5521.775000
5545.950000
5570.100000
5594.650000
5618.775000
5642.675000
5667.250000
5691.325000
5715.675000
5739.725000
5764.375000
5788.400000
5812.875000
5836.900000
5861.600000
5885.575000
5909.675000
5934.000000
5958.000000
5982.400000
6006.425000
6031.075000
6055.100000
6079.625000
6103.625000
6128.350000
6152.350000
6176.325000
6200.650000
6224.750000
6249.025000
6273.050000
6297.700000
6321.775000
6345.950000
6370.100000
6394.650000
6418.775000
6442.675000
6467.250000
6491.325000
6515.675000
6539.725000
6564.375000
6588.400000
6612.875000
6636.900000
6661.600000
6685.575000
6709.675000
6734.000000
6758.000000
6782.400000
6806.425000
6831.075000
6855.100000
6879.625000
6903.625000
6928.350000
6952.350000
6976.325000
7000.650000
7024.750000
7049.025000
7073.050000
7097.700000
7121.775000
7145.950000
7170.100000
7194.650000
7218.775000
7242.675000
7267.250000
7291.325000
7315.675000
7339.725000
7364.375000
7388.400000
7412.875000
7436.900000
7461.600000
7485.575000
7509.675000
7534.000000
7558.000000
7582.400000
7606.425000
7631.075000
7655.100000
7679.625000
7703.625000
7728.350000
7752.350000
7776.325000
7800.650000
7824.750000
7849.025000
7873.050000
7897.700000
7921.775000
7945.950000
7970.100000
7994.650000
8018.775000
8042.675000
8067.250000
8091.325000
8115.675000
8139.725000
8164.375000
8188.400000
8212.875000
8236.900000
8261.600000
8285.575000
8309.675000
8334.000000
8358.000000
8382.400000
8406.425000
8431.075000
8455.100000
8479.625000
8503.625000
8528.350000
8552.350000
8576.325000
8600.650000
8624.750000
8649.025000
8673.050000
8697.700000
8721.775000
8745.950000
8770.100000
8794.650000
8818.775000
8842.675000
8867.250000
8891.325000
8915.675000
8939.725000
8964.375000
8988.400000
9012.875000
9036.900000
9061.600000
9085.575000
9109.675000
9134.000000
9158.000000
9182.400000
9206.425000
9231.075000
9255.100000
9279.625000
9303.625000
9328.350000
9352.350000
9376.325000
9400.650000
9424.750000
9449.025000
9473.050000
9497.700000
9521.775000
9545.950000
9570.100000
9594.650000
9618.775000
9642.675000
9667.250000
9691.325000
9715.675000
9739.725000
9764.375000
9788.400000
9812.875000
9836.900000
9861.600000
9885.575000
9909.675000
9934.000000
9958.000000
9982.400000
10006.425000
10031.075000
10055.100000
10079.625000
10103.625000
10128.350000
10152.350000
10176.325000
10200.650000
10224.750000
10249.025000
10273.050000
10297.700000
10321.775000
10345.950000
10370.100000
10394.650000
10418.775000
10442.675000
10467.250000
10491.325000
10515.675000
10539.725000
10564.375000
10588.400000
10612.875000
10636.900000
10661.600000
10685.575000
10709.675000
10734.000000
10758.000000
10782.400000
10806.425000
10831.075000
10855.100000
10879.625000
10903.625000
10928.350000
10952.350000
10976.325000
11000.650000
11024.750000
11049.025000
11073.050000
11097.700000
11121.775000
11145.950000
11170.100000
11194.650000
11218.775000
11242.675000
11267.250000
11291.325000
11315.675000
11339.725000
11364.375000
11388.400000
11412.875000
11436.900000
11461.600000
11485.575000
11509.675000
11534.000000
11558.000000
11582.400000
11606.425000
11631.075000
11655.100000
11679.625000
11703.625000
11728.350000
11752.350000
11776.325000
11800.650000
11824.750000
11849.025000
11873.050000
11897.700000
11921.775000
11945.950000
11970.100000
11994.650000
12018.775000
12042.675000
12067.250000
12091.325000
12115.675000
12139.725000
12164.375000
12188.400000
12212.875000
12236.900000
12261.600000
12285.575000
12309.675000
12334.000000
12358.000000
12382.400000
12406.425000
12431.075000
12455.100000
12479.625000
12503.625000
12528.350000
12552.350000
12576.325000
12600.650000
12624.750000
12649.025000
12673.050000
12697.700000
12721.775000
12745.950000
12770.100000
12794.650000
12818.775000
12842.675000
12867.250000
12891.325000
12915.675000
12939.725000
12964.375000
12988.400000
13012.875000
13036.900000
13061.600000
13085.575000
13109.675000
13134.000000
13158.000000
13182.400000
13206.425000
13231.075000
13255.100000
13279.625000
13303.625000
13328.350000
13352.350000
13376.325000
13400.650000
13424.750000
13449.025000
13473.050000
13497.700000
13521.775000
13545.950000
13570.100000
13594.650000
13618.775000
13642.675000
13667.250000
13691.325000
13715.675000
13739.725000
13764.375000
13788.400000
13812.875000
13836.900000
13861.600000
13885.575000
13909.675000
13934.000000
13958.000000
13982.400000
14006.425000
14031.075000
14055.100000
14079.625000
14103.625000
14128.350000
14152.350000
14176.325000
14200.650000
14224.750000
14249.025000
14273.050000
14297.700000
14321.775000
14345.950000
14370.100000
14394.650000
14418.775000
14442.675000
14467.250000
14491.325000
14515.675000
14539.725000
14564.375000
14588.400000
14612.875000
14636.900000
14661.600000
14685.575000
14709.675000
14734.000000
14758.000000
14782.400000
14806.425000
14831.075000
14855.100000
14879.625000
14903.625000
14928.350000
14952.350000
14976.325000
15000.650000
15024.750000
15049.025000
15073.050000
15097.700000
15121.775000
15145.950000
15170.100000
15194.650000
15218.775000
15242.675000
15267.250000
15291.325000
15315.675000
15339.725000
15364.375000
15388.400000
15412.875000
15436.900000
15461.600000
15485.575000
15509.675000
15534.000000
15558.000000
15582.400000
15606.425000
15631.075000
15655.100000
15679.625000
15703.625000
15728.350000
15752.350000
15776.325000
15800.650000
15824.750000
15849.025000
15873.050000
15897.700000
15921.775000
15945.950000
15970.100000
15994.650000
16018.775000
16042.675000
16067.250000
16091.325000
16115.675000
16139.725000
16164.375000
16188.400000
16212.875000
16236.900000
16261.600000
16285.575000
16309.675000
16334.000000
16358.000000
16382.400000
16406.425000
16431.075000
16455.100000
16479.625000
16503.625000
16528.350000
16552.350000
16576.325000
16600.650000
16624.750000
16649.025000
16673.050000
16697.700000
16721.775000
16745.950000
16770.100000
16794.650000
16818.775000
16842.675000
16867.250000
16891.325000
16915.675000
16939.725000
16964.375000
16988.400000
17012.875000
17036.900000
17061.600000
17085.575000
17109.675000
17134.000000
17158.000000
17182.400000
17206.425000
17231.075000
17255.100000
17279.625000
17303.625000
17328.350000
17352.350000
17376.325000
17400.650000
17424.750000
17449.025000
17473.050000
17497.700000
17521.775000
17545.950000
17570.100000
17594.650000
17618.775000
17642.675000
17667.250000
17691.325000
17715.675000
17739.725000
17764.375000
17788.400000
17812.875000
17836.900000
17861.600000
17885.575000
17909.675000
17934.000000
17958.000000
17982.400000
18006.425000
18031.075000
18055.100000
18079.625000
18103.625000
18128.350000
18152.350000
18176.325000
18200.650000
18224.750000
18249.025001
18273.050001
18297.700001
18321.775001
18345.950001
18370.100001
18394.650001
18418.775001
18442.675001
18467.250001
18491.325001
18515.675001
18539.725001
18564.375001
18588.400001
18612.875001
18636.900001
18661.600001
18685.575001
18709.675001
18734.000001
18758.000001
18782.400001
18806.425001
18831.075001
18855.100001
18879.625001
18903.625001
18928.350001
18952.350001
18976.325001
19000.650001
19024.750001
19049.025001
19073.050001
19097.700001
19121.775001
19145.950001
19170.100001
19194.650001
19218.775001
19242.675001
19267.250001
19291.325001
19315.675001
19339.725001
19364.375001
19388.400001
19412.875001
19436.900001
19461.600001
19485.575001
19509.675001
19534.000001
19558.000001
19582.400001
19606.425001
19631.075001
19655.100001
19679.625001
19703.625001
19728.350001
19752.350001
19776.325001
19800.650001
19824.750001
19849.025001
19873.050001
19897.700001
19921.775001
19945.950001
19970.100001
19994.650001
20018.775001
20042.675001
20067.250001
20091.325001
20115.675001
20139.725001
20164.375001
20188.400001
20212.875001
20236.900001
20261.600001
20285.575001
20309.675001
20334.000001
20358.000001
20382.400001
20406.425001
20431.075001
20455.100001
20479.625001
20503.625001
20528.350001
20552.350001
20576.325001
20600.650001
20624.750001
20649.025001
20673.050001
20697.700001
20721.775001
20745.950001
20770.100001
20794.650001
20818.775001
20842.675001
20867.250001
20891.325001
20915.675001
20939.725001
20964.375001
20988.400001
21012.875001
21036.900001
21061.600001
21085.575001
21109.675001
21134.000001
21158.000001
21182.400001
21206.425001
21231.075001
21255.100001
21279.625001
21303.625001
21328.350001
21352.350001
21376.325001
21400.650001
21424.750001
21449.025001
21473.050001
21497.700001
21521.775001
21545.950001
21570.100001
21594.650001
21618.775001
21642.675001
21667.250001
21691.325001
21715.675001
21739.725001
21764.375001
21788.400001
21812.875001
21836.900001
21861.600001
21885.575001
21909.675001
21934.000001
21958.000001
21982.400001
22006.425001
22031.075001
22055.100001
22079.625001
22103.625001
22128.350001
22152.350001
22176.325001
22200.650001
22224.750001
22249.025001
22273.050001
22297.700001
22321.775001
22345.950001
22370.100001
22394.650001
22418.775001
22442.675001
22467.250001
22491.325001
22515.675001
22539.725001
22564.375001
22588.400001
22612.875001
22636.900001
22661.600001
22685.575001
22709.675001
22734.000001
22758.000001
22782.400001
22806.425001
22831.075001
22855.100001
22879.625001
22903.625001
22928.350001
22952.350001
22976.325001
23000.650001
23024.750001
23049.025001
23073.050001
23097.700001
23121.775001
23145.950001
23170.100001
23194.650001
23218.775001
23242.675001
23267.250001
23291.325001
23315.675001
23339.725001
23364.375001
23388.400001
23412.875001
23436.900001
23461.600001
23485.575001
23509.675001
23534.000001
23558.000001
23582.400001
23606.425001
23631.075001
23655.100001
23679.625001
23703.625001
23728.350001
23752.350001
23776.325001
23800.650001
23824.750001
23849.025001
23873.050001
23897.700001
23921.775001
23945.950001
23970.100001
23994.650001
24018.775001
24042.675001
24067.250001
24091.325001
24115.675001
24139.725001
24164.375001
24188.400001
24212.875001
24236.900001
24261.600001
24285.575001
24309.675001
24334.000001
24358.000001
24382.400001
24406.425001
24431.075001
24455.100001
24479.625001
24503.625001
24528.350001
24552.350001
24576.325001
24600.650001
24624.750001
24649.025001
24673.050001
24697.700001
24721.775001
24745.950001
24770.100001
24794.650001
24818.775001
24842.675001
24867.250001
24891.325001
24915.675001
24939.725001
24964.375001
24988.400001
25012.875001
25036.900001
25061.600001
25085.575001
25109.675001
25134.000001
25158.000001
25182.400001
25206.425001
25231.075001
25255.100001
25279.625001
25303.625001
25328.350001
25352.350001
25376.325001
25400.650001
25424.750001
25449.025001
25473.050001
25497.700001
25521.775001
25545.950001
25570.100001
25594.650001
25618.775001
25642.675001
25667.250001
25691.325001
25715.675001
25739.725001
25764.375001
25788.400001
25812.875001
25836.900001
25861.600001
25885.575001
25909.675001
25934.000001
25958.000001
25982.400001
26006.425001
26031.075001
26055.100001
26079.625001
26103.625001
26128.350001
26152.350001
26176.325001
26200.650001
26224.750001
26249.025001
26273.050001
26297.700001
26321.775001
26345.950001
26370.100001
26394.650001
26418.775001
26442.675001
26467.250001
26491.325001
26515.675001
26539.725001
26564.375001
26588.400001
26612.875001
26636.900001
26661.600001
26685.575001
26709.675001
26734.000001
26758.000001
26782.400001
26806.425001
26831.075001
26855.100001
26879.625001
26903.625001
26928.350001
26952.350001
26976.325001
27000.650001
27024.750001
27049.025001
27073.050001
27097.700001
27121.775001
27145.950001
27170.100001
27194.650001
27218.775001
27242.675001
27267.250001
27291.325001
27315.675001
27339.725001
27364.375001
27388.400001
27412.875001
27436.900001
27461.600001
27485.575001
27509.675001
27534.000001
27558.000001
27582.400001
27606.425001
27631.075001
27655.100001
27679.625001
27703.625001
27728.350001
27752.350001
27776.325001
27800.650001
27824.750001
27849.025001
27873.050001
27897.700001
27921.775001
27945.950001
27970.100001
27994.650001
28018.775001
28042.675001
28067.250001
28091.325001
28115.675001
28139.725001
28164.375001
28188.400001
28212.875001
28236.900001
28261.600001
28285.575001
28309.675001
28334.000001
28358.000001
28382.400001
28406.425001
28431.075001
28455.100001
28479.625001
28503.625001
28528.350001
28552.350001
28576.325001
28600.650001
28624.750001
28649.025001
28673.050001
28697.700001
28721.775001
28745.950001
28770.100001
28794.650001
28818.775001
28842.675001
28867.250001
28891.325001
28915.675001
28939.725001
28964.375001
28988.400001
29012.875001
29036.900001
29061.600001
29085.575001
29109.675001
29134.000001
29158.000001
29182.400001
29206.425001
29231.075001
29255.100001
29279.625001
29303.625001
29328.425001
29353.375001
29378.450001
29403.550001
29428.800001
29454.625001
29480.400001
29506.425001
29532.850001
29559.450001
29586.725001
29614.450001
29642.350001
29670.400001
29699.200001
29728.475001
29757.925001
29788.100001
29818.825001
29850.300001
29882.275001
29914.925001
29948.500001
29983.125001
30019.025001
30056.475001
30095.950001
30136.275001
30177.275001
30218.900001
30261.150001
30303.950001
30347.275001
30391.100001
30435.450001
30480.275001
30525.650001
30571.525001
30617.925001
30664.850001
30712.225001
30760.075001
30808.350001
30857.000001
30906.050001
30955.400001
31005.050001
31054.925001
31105.075001
31155.425001
31205.975001
31256.700001
31307.650001
31358.750001
31410.050001
31461.525001
31513.200001
31565.025001
31617.025001
31669.125001
31721.350001
31773.650001
31826.050001
31878.475001
31931.000001
31983.575001
32036.225001
32088.925001
32141.725001
32194.575001
32247.525001
32300.575001
32353.700001
32406.925001
32460.250001
32513.650001
32567.150001
32620.750001
32674.375001
32728.075001
32781.825001
32835.625001
32889.450001
32943.300001
32997.175001
33051.075001
33104.975001
33158.925001
33212.850001
33266.825001
33320.775001
33374.750001
33428.750001
33482.725001
33536.725001
33590.725001
33644.725001
33698.750001
33752.750001
33806.775001
33860.800001
33914.825001
33968.850001
34022.875001
34076.900001
34130.950001
34184.975001
34239.025001
34293.075001
34347.100001
34401.150001
34455.200001
34509.250001
34563.300001
34617.350001
34671.400001
34725.450001
34779.500001
34833.575001
34887.625001
34941.675001
34995.750001
