1.000000
32.000000
513.500000
576.575000
630.125000
676.625000
720.550000
762.650000
802.925000
842.600000
881.600000
919.975000
958.175000
996.150000
1034.100000
1071.775000
1109.275000
1146.875000
1184.525000
1221.750000
1259.025000
1296.650000
1334.275000
1371.375000
1408.500000
1445.950000
1483.175000
1520.325000
1557.850000
1595.425000
1632.550000
1669.725000
1707.175000
1744.400000
1781.500000
1818.975000
1856.550000
1893.575000
1930.700000
1968.125000
2005.375000
2042.550000
2080.075000
2117.675000
2154.825000
2192.050000
2229.550000
2266.825000
2303.950000
2341.325000
2378.875000
2415.950000
2453.125000
2490.550000
2527.775000
2564.875000
2602.325000
2639.875000
2676.900000
2714.000000
2751.425000
2788.625000
2825.750000
2863.325000
2900.900000
2938.000000
2975.125000
3012.575000
3049.775000
3086.825000
3124.400000
3161.950000
3198.975000
3236.100000
3273.550000
3310.750000
3347.900000
3385.475000
3423.075000
3460.175000
3497.300000
3534.750000
3571.950000
3609.000000
3646.575000
3684.125000
3721.175000
3758.300000
3795.750000
3832.950000
3870.125000
3907.700000
3945.300000
3982.425000
4019.550000
4057.000000
4094.225000
4131.300000
4168.875000
4206.450000
4243.500000
4280.625000
4318.075000
4355.325000
4392.475000
4430.050000
4467.650000
4504.825000
4542.025000
4579.500000
4616.750000
4653.900000
4691.300000
4728.850000
4765.925000
4803.075000
4840.525000
4877.725000
4914.825000
4952.300000
4989.850000
5026.875000
5063.975000
5101.400000
5138.625000
5175.750000
5213.300000
5250.900000
5288.000000
5325.125000
5362.575000
5399.775000
5436.825000
5474.400000
5511.950000
5548.975000
5586.100000
5623.550000
5660.750000
5697.900000
5735.475000
5773.050000
5810.175000
5847.300000
5884.750000
5921.950000
5959.000000
5996.575000
6034.125000
6071.175000
6108.300000
6145.750000
6182.950000
6220.125000
6257.700000
6295.300000
6332.425000
6369.550000
6407.000000
6444.200000
6481.300000
6518.875000
6556.450000
6593.500000
6630.625000
6668.075000
6705.300000
6742.475000
6780.050000
6817.650000
6854.825000
6892.025000
6929.500000
6966.750000
7003.900000
7041.300000
7078.850000
7115.925000
7153.075000
7190.525000
7227.725000
7264.825000
7302.300000
7339.850000
7376.875000
7413.975000
7451.400000
7488.625000
7525.750000
7563.300000
7600.900000
7638.000000
7675.125000
7712.575000
7749.775000
7786.825000
7824.400000
7861.950000
7898.975000
7936.100000
7973.550000
8010.750000
8047.900000
8085.475000
8123.050000
8160.175000
8197.300000
8234.750000
8271.950000
8309.000000
8346.575000
8384.125000
8421.175000
8458.300000
8495.750000
8532.950000
8570.125000
8607.700000
8645.300000
8682.425000
8719.550000
8757.000000
8794.200000
8831.300000
8868.875000
8906.450000
8943.500000
8980.625000
9018.075000
9055.300000
9092.475000
9130.050000
9167.650000
9204.825000
9242.025000
9279.500000
9316.750000
9353.900000
9391.300000
9428.850000
9465.925000
9503.075000
9540.525000
9577.725000
9614.825000
9652.300000
9689.850000
9726.875000
9763.975000
9801.400000
9838.625000
9875.750000
9913.300000
9950.900000
9988.000000
10025.125000
10062.575000
10099.775000
10136.825000
10174.400000
10211.950000
10248.975000
10286.100000
10323.550000
10360.750000
10397.900000
10435.475000
10473.050000
10510.175000
10547.300000
10584.750000
10621.950000
10659.000000
10696.575000
10734.125000
10771.175000
10808.300000
10845.750000
10882.950000
10920.125000
10957.700000
10995.300000
11032.425000
11069.550000
11107.000000
11144.200000
11181.300000
11218.875000
11256.450000
11293.500000
11330.625000
11368.075000
11405.300000
11442.475000
11480.050000
11517.650000
11554.825000
11592.025000
11629.500000
11666.750000
11703.900000
11741.300000
11778.850000
11815.925000
11853.075000
11890.525000
11927.725000
11964.825000
12002.300000
12039.850000
12076.875000
12113.975000
12151.400000
12188.625000
12225.750000
12263.300000
12300.900000
12338.000000
12375.125000
12412.575000
12449.775000
12486.825000
12524.400000
12561.950000
12598.975000
12636.100000
12673.550000
12710.750000
12747.900000
12785.475000
12823.050000
12860.175000
12897.300000
12934.750000
12971.950000
13009.000000
13046.575000
13084.125000
13121.175000
13158.300000
13195.750000
13232.950000
13270.125000
13307.700000
13345.300000
13382.425000
13419.550000
13457.000000
13494.200000
13531.300000
13568.875000
13606.450000
13643.500000
13680.625000
13718.075000
13755.300000
13792.475000
13830.050000
13867.650000
13904.825000
13942.025000
13979.500000
14016.750000
14053.900000
14091.300000
14128.850000
14165.925000
14203.075000
14240.525000
14277.725000
14314.825000
14352.300000
14389.850000
14426.875000
14463.975000
14501.400000
14538.625000
14575.750000
14613.300000
14650.900000
14688.000000
14725.125000
14762.575000
14799.775000
14836.825000
14874.400000
14911.950000
14948.975000
14986.100000
15023.550000
15060.750000
15097.900000
15135.475000
15173.050000
15210.175000
15247.300000
15284.750000
15321.950000
15359.000000
15396.575000
15434.125000
15471.175000
15508.300000
15545.750000
15582.950000
15620.125000
15657.700000
15695.300000
15732.425000
15769.550000
15807.000000
15844.200000
15881.300000
15918.875000
15956.450000
15993.500000
16030.625000
16068.075000
16105.300000
16142.475000
16180.050000
16217.650000
16254.825000
16292.025000
16329.500000
16366.750000
16403.900000
16441.300000
16478.850000
16515.925000
16553.075000
16590.525000
16627.725000
16664.825000
16702.300000
16739.850000
16776.875000
16813.975000
16851.400000
16888.625000
16925.750000
16963.300000
17000.900000
17038.000000
17075.125000
17112.575000
17149.775000
17186.825000
17224.400000
17261.950000
17298.975000
17336.100000
17373.550000
17410.750000
17447.900000
17485.475000
17523.050000
17560.175000
17597.300000
17634.750000
17671.950000
17709.000000
17746.575000
17784.125000
17821.175000
17858.300000
17895.750000
17932.950000
17970.125000
18007.700000
18045.300000
18082.425000
18119.550000
18157.000000
18194.200000
18231.300001
18268.875001
18306.450001
18343.500001
18380.625001
18418.075001
18455.300001
18492.475001
18530.050001
18567.650001
18604.825001
18642.025001
18679.500001
18716.750001
18753.900001
18791.300001
18828.850001
18865.925001
18903.075001
18940.525001
18977.725001
19014.825001
19052.300001
19089.850001
19126.875001
19163.975001
19201.400001
19238.625001
19275.750001
19313.300001
19350.900001
19388.000001
19425.125001
19462.575001
19499.775001
19536.825001
19574.400001
19611.950001
19648.975001
19686.100001
19723.550001
19760.750001
19797.900001
19835.475001
19873.050001
19910.175001
19947.300001
19984.750001
20021.950001
20059.000001
20096.575001
20134.125001
20171.175001
20208.300001
20245.750001
20282.950001
20320.125001
20357.700001
20395.300001
20432.425001
20469.550001
20507.000001
20544.200001
20581.300001
20618.875001
20656.450001
20693.500001
20730.625001
20768.075001
20805.300001
20842.475001
20880.050001
20917.650001
20954.825001
20992.025001
21029.500001
21066.750001
21103.900001
21141.300001
21178.850001
21215.925001
21253.075001
21290.525001
21327.725001
21364.825001
21402.300001
21439.850001
21476.875001
21513.975001
21551.400001
21588.625001
21625.750001
21663.300001
21700.900001
21738.000001
21775.125001
21812.575001
21849.775001
21886.825001
21924.400001
21961.950001
21998.975001
22036.100001
22073.550001
22110.750001
22147.900001
22185.475001
22223.050001
22260.175001
22297.300001
22334.750001
22371.950001
22409.000001
22446.575001
22484.125001
22521.175001
22558.300001
22595.750001
22632.950001
22670.125001
22707.700001
22745.300001
22782.425001
22819.550001
22857.000001
22894.200001
22931.300001
22968.875001
23006.450001
23043.500001
23080.625001
23118.075001
23155.300001
23192.475001
23230.050001
23267.650001
23304.825001
23342.025001
23379.500001
23416.750001
23453.900001
23491.300001
23528.850001
23565.925001
23603.075001
23640.525001
23677.725001
23714.825001
23752.300001
23789.850001
23826.875001
23863.975001
23901.400001
23938.625001
23975.750001
24013.300001
24050.900001
24088.000001
24125.125001
24162.575001
24199.775001
24236.825001
24274.400001
24311.950001
24348.975001
24386.100001
24423.550001
24460.750001
24497.900001
24535.475001
24573.050001
24610.175001
24647.300001
24684.750001
24721.950001
24759.000001
24796.575001
24834.125001
24871.175001
24908.300001
24945.750001
24982.950001
25020.125001
25057.700001
25095.300001
25132.425001
25169.550001
25207.000001
25244.200001
25281.300001
25318.875001
25356.450001
25393.500001
25430.625001
25468.075001
25505.300001
25542.475001
25580.050001
25617.650001
25654.825001
25692.025001
25729.500001
25766.750001
25803.900001
25841.300001
25878.850001
25915.925001
25953.075001
25990.525001
26027.725001
26064.825001
26102.300001
26139.850001
26176.875001
26213.975001
26251.400001
26288.625001
26325.750001
26363.300001
26400.900001
26438.000001
26475.125001
26512.575001
26549.775001
26586.825001
26624.400001
26661.950001
26698.975001
26736.100001
26773.550001
26810.750001
26847.900001
26885.475001
26923.050001
26960.175001
26997.300001
27034.750001
27071.950001
27109.000001
27146.575001
27184.125001
27221.175001
27258.300001
27295.750001
27332.950001
27370.125001
27407.700001
27445.300001
27482.425001
27519.550001
27557.000001
27594.200001
27631.300001
27668.875001
27706.450001
27743.500001
27780.625001
27818.075001
27855.300001
27892.475001
27930.050001
27967.650001
28004.825001
28042.025001
28079.500001
28116.750001
28153.900001
28191.300001
28228.850001
28265.925001
28303.075001
28340.525001
28377.725001
28414.825001
28452.300001
28489.850001
28526.875001
28563.975001
28601.400001
28638.625001
28675.750001
28713.300001
28750.900001
28788.000001
28825.125001
28862.575001
28899.775001
28936.825001
28974.400001
29011.950001
29048.975001
29086.100001
29123.550001
29160.750001
29197.900001
29235.475001
29273.050001
29310.175001
29347.300001
29384.750001
29421.950001
29459.000001
29496.575001
29534.475001
29572.800001
29612.000001
29651.625001
29691.875001
29733.200001
29775.300001
29818.850001
29863.625001
29909.850001
29958.125001
30008.900001
30063.275001
30121.600001
30182.375001
30246.600001
30315.075001
30389.425001
30472.750001
30763.500001
31255.850001
31751.525001
32245.475001
32739.550001
33233.600001
33727.650001
34221.725001
34715.775001
