300.000000
1.000000
958.750000
1002.350000
1045.175000
1085.600000
1124.550000
1163.225000
1201.100000
1236.250000
1272.075000
1307.575000
1341.250000
1374.500000
1407.700000
1440.975000
1473.750000
1506.125000
1536.925000
1568.675000
1598.675000
1629.700000
1658.200000
1687.275000
1717.450000
1746.525000
1774.500000
1802.275000
1829.975000
1857.700000
1885.425000
1913.150000
1940.925000
1968.625000
1995.600000
2022.500000
2047.900000
2074.300000
2100.925000
2125.825000
2152.000000
2177.675000
2202.150000
2227.625000
2252.100000
2276.125000
2301.025000
2324.425000
2348.125000
2373.100000
2396.550000
2419.075000
2441.400000
2463.500000
2485.675000
2507.850000
2530.050000
2552.250000
2574.450000
2596.650000
2618.850000
2641.050000
2663.200000
2685.400000
2707.600000
2729.825000
2752.025000
2774.250000
2796.450000
2818.650000
2840.850000
2862.700000
2884.325000
2905.375000
2924.550000
2946.425000
2967.700000
2986.025000
3007.525000
3028.800000
3046.975000
3067.875000
3085.825000
3106.750000
3124.675000
3145.475000
3163.425000
3184.350000
3202.300000
3223.150000
3241.150000
3262.025000
3279.950000
3300.800000
3318.850000
3336.025000
3356.500000
3374.375000
3391.475000
3411.025000
3429.775000
3446.800000
3463.625000
3480.350000
3497.075000
3513.675000
3530.300000
3546.950000
3563.525000
3580.175000
3596.850000
3613.475000
3630.150000
3646.850000
3663.450000
3680.125000
3696.850000
3713.450000
3730.125000
3746.850000
3763.450000
3780.125000
3796.850000
3813.450000
3830.125000
3846.850000
3863.450000
3880.125000
3896.850000
3913.450000
3930.125000
3946.850000
3963.450000
3980.125000
3996.850000
4013.450000
4030.125000
4046.850000
4063.450000
4080.125000
4096.850000
4113.450000
4130.125000
4146.850000
4163.450000
4180.125000
4196.850000
4213.450000
4230.125000
4246.850000
4263.450000
4280.125000
4296.850000
4313.450000
4330.125000
4346.850000
4363.450000
4380.125000
4396.850000
4413.450000
4430.125000
4446.850000
4463.450000
4480.125000
4496.850000
4513.450000
4530.125000
4546.850000
4563.450000
4580.125000
4596.850000
4613.450000
4630.125000
4646.850000
4663.450000
4680.125000
4696.850000
4713.450000
4730.125000
4746.850000
4763.450000
4780.125000
4796.850000
4813.450000
4830.125000
4846.850000
4863.450000
4880.125000
4896.850000
4913.450000
4930.125000
4946.850000
4963.450000
4980.125000
4996.850000
5013.450000
5030.125000
5046.850000
5063.450000
5080.125000
5096.850000
5113.450000
5130.125000
5146.850000
5163.450000
5180.125000
5196.850000
5213.450000
5230.125000
5246.850000
5263.450000
5280.125000
5296.850000
5313.450000
5330.125000
5346.850000
5363.450000
5380.125000
5396.850000
5413.450000
5430.125000
5446.850000
5463.450000
5480.125000
5496.850000
5513.450000
5530.125000
5546.850000
5563.450000
5580.125000
5596.850000
5613.450000
5630.125000
5646.850000
5663.450000
5680.125000
5696.850000
5713.450000
5730.125000
5746.850000
5763.450000
5780.125000
5796.850000
5813.450000
5830.125000
5846.850000
5863.450000
5880.125000
5896.850000
5913.450000
5930.125000
5946.850000
5963.450000
5980.125000
5996.850000
6013.450000
6030.125000
6046.850000
6063.450000
6080.125000
6096.850000
6113.450000
6130.125000
6146.850000
6163.450000
6180.125000
6196.850000
6213.450000
6230.125000
6246.850000
6263.450000
6280.125000
6296.850000
6313.450000
6330.125000
6346.850000
6363.450000
6380.125000
6396.850000
6413.450000
6430.125000
6446.850000
6463.450000
6480.125000
6496.850000
6513.450000
6530.125000
6546.850000
6563.450000
6580.125000
6596.850000
6613.450000
6630.125000
6646.850000
6663.450000
6680.125000
6696.850000
6713.450000
6730.125000
6746.850000
6763.450000
6780.125000
6796.850000
6813.450000
6830.125000
6846.850000
6863.450000
6880.125000
6896.850000
6913.450000
6930.125000
6946.850000
6963.450000
6980.125000
6996.850000
7013.450000
7030.125000
7046.850000
7063.450000
7080.125000
7096.850000
7113.450000
7130.125000
7146.850000
7163.450000
7180.125000
7196.850000
7213.450000
7230.125000
7246.850000
7263.450000
7280.125000
7296.850000
7313.450000
7330.125000
7346.850000
7363.450000
7380.125000
7396.850000
7413.450000
7430.125000
7446.850000
7463.450000
7480.125000
7496.850000
7513.450000
7530.125000
7546.850000
7563.450000
7580.125000
7596.850000
7613.450000
7630.125000
7646.850000
7663.450000
7680.125000
7696.850000
7713.450000
7730.125000
7746.850000
7763.450000
7780.125000
7796.850000
7813.450000
7830.125000
7846.850000
7863.450000
7880.125000
7896.850000
7913.450000
7930.125000
7946.850000
7963.450000
7980.125000
7996.850000
8013.450000
8030.125000
8046.850000
8063.450000
8080.125000
8096.850000
8113.450000
8130.125000
8146.850000
8163.450000
8180.125000
8196.850000
8213.450000
8230.125000
8246.850000
8263.450000
8280.125000
8296.850000
8313.450000
8330.125000
8346.850000
8363.450000
8380.125000
8396.850000
8413.450000
8430.125000
8446.850000
8463.450000
8480.125000
8496.850000
8513.450000
8530.125000
8546.850000
8563.450000
8580.125000
8596.850000
8613.450000
8630.125000
8646.850000
8663.450000
8680.125000
8696.850000
8713.450000
8730.125000
8746.850000
8763.450000
8780.125000
8796.850000
8813.450000
8830.125000
8846.850000
8863.450000
8880.125000
8896.850000
8913.450000
8930.125000
8946.850000
8963.450000
8980.125000
8996.850000
9013.450000
9030.125000
9046.850000
9063.450000
9080.125000
9096.850000
9113.450000
9130.125000
9146.850000
9163.450000
9180.125000
9196.850000
9213.450000
9230.125000
9246.850000
9263.450000
9280.125000
9296.850000
9313.450000
9330.125000
9346.850000
9363.450000
9380.125000
9396.850000
9413.450000
9430.125000
9446.850000
9463.450000
9480.125000
9496.850000
9513.450000
9530.125000
9546.850000
9563.450000
9580.125000
9596.850000
9613.450000
9630.125000
9646.850000
9663.450000
9680.125000
9696.850000
9713.450000
9730.125000
9746.850000
9763.450000
9780.125000
9796.850000
9813.450000
9830.125000
9846.850000
9863.450000
9880.125000
9896.850000
9913.450000
9930.125000
9946.850000
9963.450000
9980.125000
9996.850000
10013.450000
10030.125000
10046.850000
10063.450000
10080.125000
10096.850000
10113.450000
10130.125000
10146.850000
10163.450000
10180.125000
10196.850000
10213.450000
10230.125000
10246.850000
10263.450000
10280.125000
10296.850000
10313.450000
10330.125000
10346.850000
10363.450000
10380.125000
10396.850000
10413.450000
10430.125000
10446.850000
10463.450000
10480.125000
10496.850000
10513.450000
10530.125000
10546.850000
10563.450000
10580.125000
10596.850000
10613.450000
10630.125000
10646.850000
10663.450000
10680.125000
10696.850000
10713.450000
10730.125000
10746.850000
10763.450000
10780.125000
10796.850000
10813.450000
10830.125000
10846.850000
10863.450000
10880.125000
10896.850000
10913.450000
10930.125000
10946.850000
10963.450000
10980.125000
10996.850000
11013.450000
11030.125000
11046.850000
11063.450000
11080.125000
11096.850000
11113.450000
11130.125000
11146.850000
11163.450000
11180.125000
11196.850000
11213.450000
11230.125000
11246.850000
11263.450000
11280.125000
11296.850000
11313.450000
11330.125000
11346.850000
11363.450000
11380.125000
11396.850000
11413.450000
11430.125000
11446.850000
11463.450000
11480.125000
11496.850000
11513.450000
11530.125000
11546.850000
11563.450000
11580.125000
11596.850000
11613.450000
11630.125000
11646.850000
11663.450000
11680.125000
11696.850000
11713.450000
11730.125000
11746.850000
11763.450000
11780.125000
11796.850000
11813.450000
11830.125000
11846.850000
11863.450000
11880.125000
11896.850000
11913.450000
11930.125000
11946.850000
11963.450000
11980.125000
11996.850000
12013.450000
12030.125000
12046.850000
12063.450000
12080.125000
12096.850000
12113.450000
12130.125000
12146.850000
12163.450000
12180.125000
12196.850000
12213.450000
12230.125000
12246.850000
12263.450000
12280.125000
12296.850000
12313.450000
12330.125000
12346.850000
12363.450000
12380.125000
12396.850000
12413.450000
12430.125000
12446.850000
12463.450000
12480.125000
12496.850000
12513.450000
12530.125000
12546.850000
12563.450000
12580.125000
12596.850000
12613.450000
12630.125000
12646.850000
12663.450000
12680.125000
12696.850000
12713.450000
12730.125000
12746.850000
12763.450000
12780.125000
12796.850000
12813.450000
12830.125000
12846.850000
12863.450000
12880.125000
12896.850000
12913.450000
12930.125000
12946.850000
12963.450000
12980.125000
12996.850000
13013.450000
13030.125000
13046.850000
13063.450000
13080.125000
13096.850000
13113.450000
13130.125000
13146.850000
13163.450000
13180.125000
13196.850000
13213.450000
13230.125000
13246.850000
13263.450000
13280.125000
13296.850000
13313.450000
13330.125000
13346.850000
13363.450000
13380.125000
13396.850000
13413.450000
13430.125000
13446.850000
13463.450000
13480.125000
13496.850000
13513.450000
13530.125000
13546.850000
13563.450000
13580.125000
13596.850000
13613.450000
13630.125000
13646.850000
13663.450000
13680.125000
13696.850000
13713.450000
13730.125000
13746.850000
13763.450000
13780.125000
13796.850000
13813.450000
13830.125000
13846.850000
13863.450000
13880.125000
13896.850000
13913.450000
13930.125000
13946.850000
13963.450000
13980.125000
13996.850000
14013.450000
14030.125000
14046.850000
14063.450000
14080.125000
14096.850000
14113.450000
14130.125000
14146.850000
14163.450000
14180.125000
14196.850000
14213.450000
14230.125000
14246.850000
14263.450000
14280.125000
14296.850000
14313.450000
14330.125000
14346.850000
14363.450000
14380.125000
14396.850000
14413.450000
14430.125000
14446.850000
14463.450000
14480.125000
14496.850000
14513.450000
14530.125000
14546.850000
14563.450000
14580.125000
14596.850000
14613.450000
14630.125000
14646.850000
14663.450000
14680.125000
14696.850000
14713.450000
14730.125000
14746.850000
14763.450000
14780.125000
14796.850000
14813.450000
14830.125000
14846.850000
14863.450000
14880.125000
14896.850000
14913.450000
14930.125000
14946.850000
14963.450000
14980.125000
14996.850000
15013.450000
15030.125000
15046.850000
15063.450000
15080.125000
15096.850000
15113.450000
15130.125000
15146.850000
15163.450000
15180.125000
15196.850000
15213.450000
15230.125000
15246.850000
15263.450000
15280.125000
15296.850000
15313.450000
15330.125000
15346.850000
15363.450000
15380.125000
15396.850000
15413.450000
15430.125000
15446.850000
15463.450000
15480.125000
15496.850000
15513.450000
15530.125000
15546.850000
15563.450000
15580.125000
15596.850000
15613.450000
15630.125000
15646.850000
15663.450000
15680.125000
15696.850000
15713.450000
15730.125000
15746.850000
15763.450000
15780.125000
15796.850000
15813.450000
15830.125000
15846.850000
15863.450000
15880.125000
15896.850000
15913.450000
15930.125000
15946.850000
15963.450000
15980.125000
15996.850000
16013.450000
16030.125000
16046.850000
16063.450000
16080.125000
16096.850000
16113.450000
16130.125000
16146.850000
16163.450000
16180.125000
16196.850000
16213.450000
16230.125000
16246.850000
16263.450000
16280.125000
16296.850000
16313.450000
16330.125000
16346.850000
16363.450000
16380.125000
16396.850000
16413.450000
16430.125000
16446.850000
16463.450000
16480.125000
16496.850000
16513.450000
16530.125000
16546.850000
16563.450000
16580.125000
16596.850000
16613.450000
16630.125000
16646.850000
16663.450000
16680.125000
16696.850000
16713.450000
16730.125000
16746.850000
16763.450000
16780.125000
16796.850000
16813.450000
16830.125000
16846.850000
16863.450000
16880.125000
16896.850000
16913.450000
16930.125000
16946.850000
16963.450000
16980.125000
16996.850000
17013.450000
17030.125000
17046.850000
17063.450000
17080.125000
17096.850000
17113.450000
17130.125000
17146.850000
17163.450000
17180.125000
17196.850000
17213.450000
17230.125000
17246.850000
17263.450000
17280.125000
17296.850000
17313.450000
17330.125000
17346.850000
17363.450000
17380.125000
17396.850000
17413.450000
17430.125000
17446.850000
17463.450000
17480.125000
17496.850000
17513.450000
17530.125000
17546.850000
17563.450000
17580.125000
17596.850000
17613.450000
17630.125000
17646.850000
17663.450000
17680.125000
17696.850000
17713.450000
17730.125000
17746.850000
17763.450000
17780.125000
17796.850000
17813.450000
17830.125000
17846.850000
17863.450000
17880.125000
17896.850000
17913.450000
17930.125000
17946.850000
17963.450000
17980.125000
17996.850000
18013.450000
18030.125000
18046.850000
18063.450000
18080.125000
18096.850000
18113.450000
18130.125000
18146.850000
18163.450000
18180.125000
18196.850000
18213.450000
18230.125001
18246.850001
18263.450001
18280.125001
18296.850001
18313.450001
18330.125001
18346.850001
18363.450001
18380.125001
18396.850001
18413.450001
18430.125001
18446.850001
18463.450001
18480.125001
18496.850001
18513.450001
18530.125001
18546.850001
18563.450001
18580.125001
18596.850001
18613.450001
18630.125001
18646.850001
18663.450001
18680.125001
18696.850001
18713.450001
18730.125001
18746.850001
18763.450001
18780.125001
18796.850001
18813.450001
18830.125001
18846.850001
18863.450001
18880.125001
18896.850001
18913.450001
18930.125001
18946.850001
18963.450001
18980.125001
18996.850001
19013.450001
19030.125001
19046.850001
19063.450001
19080.125001
19096.850001
19113.450001
19130.125001
19146.850001
19163.450001
19180.125001
19196.850001
19213.450001
19230.125001
19246.850001
19263.450001
19280.125001
19296.850001
19313.450001
19330.125001
19346.850001
19363.450001
19380.125001
19396.850001
19413.450001
19430.125001
19446.850001
19463.450001
19480.125001
19496.850001
19513.450001
19530.125001
19546.850001
19563.450001
19580.125001
19596.850001
19613.450001
19630.125001
19646.850001
19663.450001
19680.125001
19696.850001
19713.450001
19730.125001
19746.850001
19763.450001
19780.125001
19796.850001
19813.450001
19830.125001
19846.850001
19863.450001
19880.125001
19896.850001
19913.450001
19930.125001
19946.850001
19963.450001
19980.125001
19996.850001
20013.450001
20030.125001
20046.850001
20063.450001
20080.125001
20096.850001
20113.450001
20130.125001
20146.850001
20163.450001
20180.125001
20196.850001
20213.450001
20230.125001
20246.850001
20263.450001
20280.125001
20296.850001
20313.450001
20330.125001
20346.850001
20363.450001
20380.125001
20396.850001
20413.450001
20430.125001
20446.850001
20463.450001
20480.125001
20496.850001
20513.450001
20530.125001
20546.850001
20563.450001
20580.125001
20596.850001
20613.450001
20630.125001
20646.850001
20663.450001
20680.125001
20696.850001
20713.450001
20730.125001
20746.850001
20763.450001
20780.125001
20796.850001
20813.450001
20830.125001
20846.850001
20863.450001
20880.125001
20896.850001
20913.450001
20930.125001
20946.850001
20963.450001
20980.125001
20996.850001
21013.450001
21030.125001
21046.850001
21063.450001
21080.125001
21096.850001
21113.450001
21130.125001
21146.850001
21163.450001
21180.125001
21196.850001
21213.450001
21230.125001
21246.850001
21263.450001
21280.125001
21296.850001
21313.450001
21330.125001
21346.850001
21363.450001
21380.125001
21396.850001
21413.450001
21430.125001
21446.850001
21463.450001
21480.125001
21496.850001
21513.450001
21530.125001
21546.850001
21563.450001
21580.125001
21596.850001
21613.450001
21630.125001
21646.850001
21663.450001
21680.125001
21696.850001
21713.450001
21730.125001
21746.850001
21763.450001
21780.125001
21796.850001
21813.450001
21830.125001
21846.850001
21863.450001
21880.125001
21896.850001
21913.450001
21930.125001
21946.850001
21963.450001
21980.125001
21996.850001
22013.450001
22030.125001
22046.850001
22063.450001
22080.125001
22096.850001
22113.450001
22130.125001
22146.850001
22163.450001
22180.125001
22196.850001
22213.450001
22230.125001
22246.850001
22263.450001
22280.125001
22296.850001
22313.450001
22330.125001
22346.850001
22363.450001
22380.125001
22396.850001
22413.450001
22430.125001
22446.850001
22463.450001
22480.125001
22496.850001
22513.450001
22530.125001
22546.850001
22563.450001
22580.125001
22596.850001
22613.450001
22630.125001
22646.850001
22663.450001
22680.125001
22696.850001
22713.450001
22730.125001
22746.850001
22763.450001
22780.125001
22796.850001
22813.450001
22830.125001
22846.850001
22863.450001
22880.125001
22896.850001
22913.450001
22930.125001
22946.850001
22963.450001
22980.125001
22996.850001
23013.450001
23030.125001
23046.850001
23063.450001
23080.125001
23096.850001
23113.450001
23130.125001
23146.850001
23163.450001
23180.125001
23196.850001
23213.450001
23230.125001
23246.850001
23263.450001
23280.125001
23296.850001
23313.450001
23330.125001
23346.850001
23363.450001
23380.125001
23396.850001
23413.450001
23430.125001
23446.850001
23463.450001
23480.125001
23496.850001
23513.450001
23530.125001
23546.850001
23563.450001
23580.125001
23596.850001
23613.450001
23630.125001
23646.850001
23663.450001
23680.125001
23696.850001
23713.450001
23730.125001
23746.850001
23763.450001
23780.125001
23796.850001
23813.450001
23830.125001
23846.850001
23863.450001
23880.125001
23896.850001
23913.450001
23930.125001
23946.850001
23963.450001
23980.125001
23996.850001
24013.450001
24030.125001
24046.850001
24063.450001
24080.125001
24096.850001
24113.450001
24130.125001
24146.850001
24163.450001
24180.125001
24196.850001
24213.450001
24230.125001
24246.850001
24263.450001
24280.125001
24296.850001
24313.450001
24330.125001
24346.850001
24363.450001
24380.125001
24396.850001
24413.450001
24430.125001
24446.850001
24463.450001
24480.125001
24496.850001
24513.450001
24530.125001
24546.850001
24563.450001
24580.125001
24596.850001
24613.450001
24630.125001
24646.850001
24663.450001
24680.125001
24696.850001
24713.450001
24730.125001
24746.850001
24763.450001
24780.125001
24796.850001
24813.450001
24830.125001
24846.850001
24863.450001
24880.125001
24896.850001
24913.450001
24930.125001
24946.850001
24963.450001
24980.125001
24996.850001
25013.450001
25030.125001
25046.850001
25063.450001
25080.125001
25096.850001
25113.450001
25130.125001
25146.850001
25163.450001
25180.125001
25196.850001
25213.450001
25230.125001
25246.850001
25263.450001
25280.125001
25296.850001
25313.450001
25330.125001
25346.850001
25363.450001
25380.125001
25396.850001
25413.450001
25430.125001
25446.850001
25463.450001
25480.125001
25496.850001
25513.450001
25530.125001
25546.850001
25563.450001
25580.125001
25596.850001
25613.450001
25630.125001
25646.850001
25663.450001
25680.125001
25696.850001
25713.450001
25730.125001
25746.850001
25763.450001
25780.125001
25796.850001
25813.450001
25830.125001
25846.850001
25863.450001
25880.125001
25896.850001
25913.450001
25930.125001
25946.850001
25963.450001
25980.125001
25996.850001
26013.450001
26030.125001
26046.850001
26063.450001
26080.125001
26096.850001
26113.450001
26130.125001
26146.850001
26163.450001
26180.125001
26196.850001
26213.450001
26230.125001
26246.850001
26263.450001
26280.125001
26296.850001
26313.450001
26330.125001
26346.850001
26363.450001
26380.125001
26396.850001
26413.450001
26430.125001
26446.850001
26463.450001
26480.125001
26496.850001
26513.450001
26530.125001
26546.850001
26563.450001
26580.125001
26596.850001
26613.475001
26630.175001
26646.925001
26663.575001
26680.275001
26697.050001
26713.725001
26730.475001
26750.850001
26768.800001
26785.800001
26806.375001
26824.375001
26841.575001
26862.100001
26879.950001
26900.800001
26918.875001
26939.800001
26957.775001
26978.775001
26996.725001
27017.650001
27035.625001
27056.650001
27074.650001
27095.550001
27113.550001
27134.825001
27155.175001
27174.450001
27195.675001
27216.550001
27235.600001
27257.525001
27279.025001
27300.850001
27322.925001
27345.225001
27367.525001
27389.800001
27412.075001
27434.325001
27456.600001
27478.900001
27501.100001
27523.400001
27546.150001
27568.725001
27591.050001
27613.275001
27635.525001
27657.800001
27680.050001
27702.350001
27724.650001
27746.950001
27769.300001
27792.675001
27817.550001
27841.050001
27864.850001
27889.975001
27913.325001
27938.650001
27963.200001
27988.750001
28013.250001
28039.800001
28063.750001
28090.325001
28116.525001
28141.325001
28168.650001
28195.650001
28223.100001
28250.875001
28278.825001
28306.725001
28335.225001
28363.200001
28391.150001
28419.025001
28446.950001
28475.775001
28506.400001
28535.550001
28566.275001
28596.625001
28628.675001
28659.375001
28691.075001
28724.200001
28757.575001
28791.050001
28824.500001
28857.975001
28892.575001
28929.150001
28964.875001
29002.250001
29041.100001
29080.125001
29120.350001
29163.325001
29207.925001
29256.900001
29309.600001
