1.000000
0.000000
259.750000
336.800000
402.525000
461.150000
514.650000
565.900000
615.850000
664.275000
712.100000
759.025000
805.800000
852.225000
898.400000
944.525000
990.575000
1036.350000
1082.250000
1128.425000
1174.525000
1220.475000
1266.500000
1312.425000
1358.150000
1404.000000
1449.850000
1495.750000
1541.525000
1587.300000
1633.150000
1679.125000
1724.825000
1770.600000
1816.525000
1862.400000
1908.100000
1953.950000
1999.800000
2045.700000
2091.475000
2137.225000
2183.100000
2229.075000
2274.775000
2320.550000
2366.475000
2412.375000
2458.075000
2503.925000
2549.750000
2595.675000
2641.450000
2687.200000
2733.075000
2779.050000
2824.750000
2870.525000
2916.450000
2962.350000
3008.050000
3053.900000
3099.725000
3145.650000
3191.425000
3237.200000
3283.050000
3329.050000
3374.750000
3420.525000
3466.450000
3512.350000
3558.050000
3603.900000
3649.725000
3695.650000
3741.425000
3787.175000
3833.050000
3879.050000
3924.725000
3970.525000
4016.450000
4062.350000
4108.050000
4153.900000
4199.725000
4245.650000
4291.425000
4337.175000
4383.050000
4429.050000
4474.725000
4520.525000
4566.450000
4612.350000
4658.050000
4703.900000
4749.725000
4795.650000
4841.425000
4887.175000
4933.050000
4979.050000
5024.725000
5070.525000
5116.450000
5162.350000
5208.050000
5253.900000
5299.725000
5345.650000
5391.425000
5437.175000
5483.050000
5529.050000
5574.725000
5620.525000
5666.450000
5712.350000
5758.050000
5803.900000
5849.725000
5895.650000
5941.425000
5987.175000
6033.050000
6079.050000
6124.725000
6170.525000
6216.450000
6262.350000
6308.050000
6353.900000
6399.725000
6445.650000
6491.425000
6537.175000
6583.050000
6629.050000
6674.725000
6720.525000
6766.450000
6812.350000
6858.050000
6903.900000
6949.725000
6995.650000
7041.425000
7087.175000
7133.050000
7179.050000
7224.725000
7270.525000
7316.450000
7362.350000
7408.050000
7453.900000
7499.725000
7545.650000
7591.425000
7637.175000
7683.050000
7729.050000
7774.725000
7820.525000
7866.450000
7912.350000
7958.050000
8003.900000
8049.725000
8095.650000
8141.425000
8187.175000
8233.050000
8279.050000
8324.725000
8370.525000
8416.450000
8462.350000
8508.050000
8553.900000
8599.725000
8645.650000
8691.425000
8737.175000
8783.050000
8829.050000
8874.725000
8920.525000
8966.450000
9012.350000
9058.050000
9103.900000
9149.725000
9195.650000
9241.425000
9287.175000
9333.050000
9379.050000
9424.725000
9470.525000
9516.450000
9562.350000
9608.050000
9653.900000
9699.725000
9745.650000
9791.425000
9837.175000
9883.050000
9929.050000
9974.725000
10020.525000
10066.450000
10112.350000
10158.050000
10203.900000
10249.725000
10295.650000
10341.425000
10387.175000
10433.050000
10479.050000
10524.725000
10570.525000
10616.450000
10662.350000
10708.050000
10753.900000
10799.725000
10845.650000
10891.425000
10937.175000
10983.050000
11029.050000
11074.725000
11120.525000
11166.450000
11212.350000
11258.050000
11303.900000
11349.725000
11395.650000
11441.425000
11487.175000
11533.050000
11579.050000
11624.725000
11670.525000
11716.450000
11762.350000
11808.050000
11853.900000
11899.725000
11945.650000
11991.425000
12037.175000
12083.050000
12129.050000
12174.725000
12220.525000
12266.450000
12312.350000
12358.050000
12403.900000
12449.725000
12495.650000
12541.425000
12587.175000
12633.050000
12679.050000
12724.725000
12770.525000
12816.450000
12862.350000
12908.050000
12953.900000
12999.725000
13045.650000
13091.425000
13137.175000
13183.050000
13229.050000
13274.725000
13320.525000
13366.450000
13412.350000
13458.050000
13503.900000
13549.725000
13595.650000
13641.425000
13687.175000
13733.050000
13779.050000
13824.725000
13870.525000
13916.450000
13962.350000
14008.050000
14053.900000
14099.725000
14145.650000
14191.425000
14237.175000
14283.050000
14329.050000
14374.725000
14420.525000
14466.450000
14512.350000
14558.050000
14603.900000
14649.725000
14695.650000
14741.425000
14787.175000
14833.050000
14879.050000
14924.725000
14970.525000
15016.450000
15062.350000
15108.050000
15153.900000
15199.725000
15245.650000
15291.425000
15337.175000
15383.050000
15429.050000
15474.725000
15520.525000
15566.450000
15612.350000
15658.050000
15703.900000
15749.725000
15795.650000
15841.425000
15887.175000
15933.050000
15979.050000
16024.725000
16070.525000
16116.450000
16162.350000
16208.050000
16253.900000
16299.725000
16345.650000
16391.425000
16437.175000
16483.050000
16529.050000
16574.725000
16620.525000
16666.450000
16712.350000
16758.050000
16803.900000
16849.725000
16895.650000
16941.425000
16987.175000
17033.050000
17079.050000
17124.725000
17170.525000
17216.450000
17262.350000
17308.050000
17353.900000
17399.725000
17445.650000
17491.425000
17537.175000
17583.050000
17629.050000
17674.725000
17720.525000
17766.450000
17812.350000
17858.050000
17903.900000
17949.725000
17995.650000
18041.425000
18087.175000
18133.050000
18179.050000
18224.725000
18270.525001
18316.450001
18362.350001
18408.050001
18453.900001
18499.725001
18545.650001
18591.425001
18637.175001
18683.050001
18729.050001
18774.725001
18820.525001
18866.450001
18912.350001
18958.050001
19003.900001
19049.725001
19095.650001
19141.425001
19187.175001
19233.050001
19279.050001
19324.725001
19370.525001
19416.450001
19462.350001
19508.050001
19553.900001
19599.725001
19645.650001
19691.425001
19737.175001
19783.050001
19829.050001
19874.725001
19920.525001
19966.450001
20012.350001
20058.050001
20103.900001
20149.725001
20195.650001
20241.425001
20287.175001
20333.050001
20379.050001
20424.725001
20470.525001
20516.450001
20562.350001
20608.050001
20653.900001
20699.725001
20745.650001
20791.425001
20837.175001
20883.050001
20929.050001
20974.725001
21020.525001
21066.450001
21112.350001
21158.050001
21203.900001
21249.725001
21295.650001
21341.425001
21387.175001
21433.050001
21479.050001
21524.725001
21570.525001
21616.450001
21662.350001
21708.050001
21753.900001
21799.725001
21845.650001
21891.425001
21937.175001
21983.050001
22029.050001
22074.725001
22120.525001
22166.450001
22212.350001
22258.050001
22303.900001
22349.725001
22395.650001
22441.425001
22487.175001
22533.050001
22579.050001
22624.725001
22670.525001
22716.450001
22762.350001
22808.050001
22853.900001
22899.725001
22945.650001
22991.425001
23037.175001
23083.050001
23129.050001
23174.725001
23220.525001
23266.450001
23312.350001
23358.050001
23403.900001
23449.725001
23495.650001
23541.425001
23587.175001
23633.050001
23679.050001
23724.725001
23770.525001
23816.450001
23862.350001
23908.050001
23953.900001
23999.725001
24045.650001
24091.425001
24137.175001
24183.050001
24229.050001
24274.725001
24320.525001
24366.450001
24412.350001
24458.050001
24503.900001
24549.725001
24595.650001
24641.425001
24687.175001
24733.050001
24779.050001
24824.725001
24870.525001
24916.450001
24962.350001
25008.050001
25053.900001
25099.725001
25145.650001
25191.425001
25237.175001
25283.050001
25329.050001
25374.725001
25420.525001
25466.450001
25512.350001
25558.050001
25603.900001
25649.725001
25695.650001
25741.425001
25787.175001
25833.050001
25879.050001
25924.725001
25970.525001
26016.450001
26062.350001
26108.050001
26153.900001
26199.725001
26245.650001
26291.425001
26337.175001
26383.050001
26429.050001
26474.725001
26520.525001
26566.450001
26612.350001
26658.050001
26703.900001
26749.725001
26795.650001
26841.425001
26887.175001
26933.050001
26979.050001
27024.725001
27070.525001
27116.450001
27162.350001
27208.050001
27253.900001
27299.725001
27345.650001
27391.425001
27437.175001
27483.050001
27529.050001
27574.725001
27620.525001
27666.450001
27712.350001
27758.050001
27803.900001
27849.725001
27895.650001
27941.425001
27987.175001
28033.050001
28079.050001
28124.725001
28170.525001
28216.450001
28262.350001
28308.050001
28353.900001
28399.725001
28445.650001
28491.425001
28537.175001
28583.050001
28629.050001
28674.725001
28720.525001
28766.450001
28812.350001
28858.050001
28903.900001
28949.725001
28995.650001
29041.425001
29087.175001
29133.050001
29179.050001
29224.725001
29270.525001
29316.450001
29362.350001
29408.050001
29453.900001
29499.725001
29545.650001
29591.425001
29637.175001
29684.225001
29733.525001
29785.375001
29840.550001
29900.025001
29966.475001
30047.500001
30179.375001
