100.000000
8.000000
438.175000
502.350000
557.975000
609.075000
657.675000
703.925000
748.350000
792.900000
837.275000
881.625000
925.900000
970.275000
1014.525000
1058.650000
1102.700000
1146.925000
1191.275000
1235.600000
1280.075000
1324.450000
1368.900000
1413.325000
1457.775000
1502.200000
1546.625000
1591.125000
1635.525000
1680.025000
1724.425000
1768.875000
1813.300000
1857.775000
1902.175000
1946.625000
1991.125000
2035.525000
2080.025000
2124.425000
2168.875000
2213.300000
2257.775000
2302.175000
2346.625000
2391.125000
2435.525000
2480.025000
2524.425000
2568.875000
2613.300000
2657.775000
2702.175000
2746.625000
2791.125000
2835.525000
2880.025000
2924.425000
2968.875000
3013.300000
3057.775000
3102.175000
3146.625000
3191.125000
3235.525000
3280.025000
3324.425000
3368.875000
3413.300000
3457.775000
3502.175000
3546.625000
3591.125000
3635.525000
3680.025000
3724.425000
3768.875000
3813.300000
3857.775000
3902.175000
3946.625000
3991.125000
4035.525000
4080.025000
4124.425000
4168.875000
4213.300000
4257.775000
4302.175000
4346.625000
4391.125000
4435.525000
4480.025000
4524.425000
4568.875000
4613.300000
4657.775000
4702.175000
4746.625000
4791.125000
4835.525000
4880.025000
4924.425000
4968.875000
5013.300000
5057.775000
5102.175000
5146.625000
5191.125000
5235.525000
5280.025000
5324.425000
5368.875000
5413.300000
5457.775000
5502.175000
5546.625000
5591.125000
5635.525000
5680.025000
5724.425000
5768.875000
5813.300000
5857.775000
5902.175000
5946.625000
5991.125000
6035.525000
6080.025000
6124.425000
6168.875000
6213.300000
6257.775000
6302.175000
6346.625000
6391.125000
6435.525000
6480.025000
6524.425000
6568.875000
6613.300000
6657.775000
6702.175000
6746.625000
6791.125000
6835.525000
6880.025000
6924.425000
6968.875000
7013.300000
7057.775000
7102.175000
7146.625000
7191.125000
7235.525000
7280.025000
7324.425000
7368.875000
7413.300000
7457.775000
7502.175000
7546.625000
7591.125000
7635.525000
7680.025000
7724.425000
7768.875000
7813.300000
7857.775000
7902.175000
7946.625000
7991.125000
8035.525000
8080.025000
8124.425000
8168.875000
8213.300000
8257.775000
8302.175000
8346.625000
8391.125000
8435.525000
8480.025000
8524.425000
8568.875000
8613.300000
8657.775000
8702.175000
8746.625000
8791.125000
8835.525000
8880.025000
8924.425000
8968.875000
9013.300000
9057.775000
9102.175000
9146.625000
9191.125000
9235.525000
9280.025000
9324.425000
9368.875000
9413.300000
9457.775000
9502.175000
9546.625000
9591.125000
9635.525000
9680.025000
9724.425000
9768.875000
9813.300000
9857.775000
9902.175000
9946.625000
9991.125000
10035.525000
10080.025000
10124.425000
10168.875000
10213.300000
10257.775000
10302.175000
10346.625000
10391.125000
10435.525000
10480.025000
10524.425000
10568.875000
10613.300000
10657.775000
10702.175000
10746.625000
10791.125000
10835.525000
10880.025000
10924.425000
10968.875000
11013.300000
11057.775000
11102.175000
11146.625000
11191.125000
11235.525000
11280.025000
11324.425000
11368.875000
11413.300000
11457.775000
11502.175000
11546.625000
11591.125000
11635.525000
11680.025000
11724.425000
11768.875000
11813.300000
11857.775000
11902.175000
11946.625000
11991.125000
12035.525000
12080.025000
12124.425000
12168.875000
12213.300000
12257.775000
12302.175000
12346.625000
12391.125000
12435.525000
12480.025000
12524.425000
12568.875000
12613.300000
12657.775000
12702.175000
12746.625000
12791.125000
12835.525000
12880.025000
12924.425000
12968.875000
13013.300000
13057.775000
13102.175000
13146.625000
13191.125000
13235.525000
13280.025000
13324.425000
13368.875000
13413.300000
13457.775000
13502.175000
13546.625000
13591.125000
13635.525000
13680.025000
13724.425000
13768.875000
13813.300000
13857.775000
13902.175000
13946.625000
13991.125000
14035.525000
14080.025000
14124.425000
14168.875000
14213.300000
14257.775000
14302.175000
14346.625000
14391.125000
14435.525000
14480.025000
14524.425000
14568.875000
14613.300000
14657.775000
14702.175000
14746.625000
14791.125000
14835.525000
14880.025000
14924.425000
14968.875000
15013.300000
15057.775000
15102.175000
15146.625000
15191.125000
15235.525000
15280.025000
15324.425000
15368.875000
15413.300000
15457.775000
15502.175000
15546.625000
15591.125000
15635.525000
15680.025000
15724.425000
15768.875000
15813.300000
15857.775000
15902.175000
15946.625000
15991.125000
16035.525000
16080.025000
16124.425000
16168.875000
16213.300000
16257.775000
16302.175000
16346.625000
16391.125000
16435.525000
16480.025000
16524.425000
16568.875000
16613.300000
16657.775000
16702.175000
16746.625000
16791.125000
16835.525000
16880.025000
16924.425000
16968.875000
17013.300000
17057.775000
17102.175000
17146.625000
17191.125000
17235.525000
17280.025000
17324.425000
17368.875000
17413.300000
17457.775000
17502.175000
17546.625000
17591.125000
17635.525000
17680.025000
17724.425000
17768.875000
17813.300000
17857.775000
17902.175000
17946.625000
17991.125000
18035.525000
18080.025000
18124.425000
18168.875000
18213.300000
18257.775001
18302.175001
18346.625001
18391.125001
18435.525001
18480.025001
18524.425001
18568.875001
18613.300001
18657.775001
18702.175001
18746.625001
18791.125001
18835.525001
18880.025001
18924.425001
18968.875001
19013.300001
19057.775001
19102.175001
19146.625001
19191.125001
19235.525001
19280.025001
19324.425001
19368.875001
19413.300001
19457.775001
19502.175001
19546.625001
19591.125001
19635.525001
19680.025001
19724.425001
19768.875001
19813.300001
19857.775001
19902.175001
19946.625001
19991.125001
20035.525001
20080.025001
20124.425001
20168.875001
20213.300001
20257.775001
20302.175001
20346.625001
20391.125001
20435.525001
20480.025001
20524.425001
20568.875001
20613.300001
20657.775001
20702.175001
20746.625001
20791.125001
20835.525001
20880.025001
20924.425001
20968.875001
21013.300001
21057.775001
21102.175001
21146.625001
21191.125001
21235.525001
21280.025001
21324.425001
21368.875001
21413.300001
21457.775001
21502.175001
21546.625001
21591.125001
21635.525001
21680.025001
21724.425001
21768.875001
21813.300001
21857.775001
21902.175001
21946.625001
21991.125001
22035.525001
22080.025001
22124.425001
22168.875001
22213.300001
22257.775001
22302.175001
22346.625001
22391.125001
22435.525001
22480.025001
22524.425001
22568.875001
22613.300001
22657.775001
22702.175001
22746.625001
22791.125001
22835.525001
22880.025001
22924.425001
22968.875001
23013.300001
23057.775001
23102.175001
23146.625001
23191.125001
23235.525001
23280.025001
23324.425001
23368.875001
23413.300001
23457.775001
23502.175001
23546.625001
23591.125001
23635.525001
23680.025001
23724.425001
23768.875001
23813.300001
23857.775001
23902.175001
23946.625001
23991.125001
24035.525001
24080.025001
24124.425001
24168.875001
24213.300001
24257.775001
24302.175001
24346.625001
24391.125001
24435.525001
24480.025001
24524.425001
24568.875001
24613.300001
24657.775001
24702.175001
24746.625001
24791.125001
24835.525001
24880.025001
24924.425001
24968.875001
25013.300001
25057.775001
25102.175001
25146.625001
25191.125001
25235.525001
25280.025001
25324.425001
25368.875001
25413.300001
25457.775001
25502.175001
25546.625001
25591.125001
25635.525001
25680.025001
25724.425001
25768.875001
25813.300001
25857.775001
25902.175001
25946.625001
25991.125001
26035.525001
26080.025001
26124.425001
26168.875001
26213.300001
26257.775001
26302.175001
26346.625001
26391.125001
26435.525001
26480.025001
26524.425001
26568.875001
26613.300001
26657.775001
26702.175001
26746.625001
26791.125001
26835.525001
26880.025001
26924.425001
26968.875001
27013.300001
27057.775001
27102.175001
27146.625001
27191.125001
27235.525001
27280.025001
27324.425001
27368.875001
27413.300001
27457.775001
27502.175001
27546.625001
27591.125001
27635.525001
27680.025001
27724.425001
27768.875001
27813.300001
27857.775001
27902.175001
27946.625001
27991.125001
28035.525001
28080.025001
28124.425001
28168.875001
28213.300001
28257.775001
28302.175001
28346.625001
28391.125001
28435.525001
28480.025001
28524.425001
28568.875001
28613.300001
28657.775001
28702.175001
28746.625001
28791.125001
28835.525001
28880.025001
28924.425001
28968.875001
29013.300001
29057.775001
29102.175001
29146.625001
29191.125001
29235.525001
29280.025001
29324.425001
29368.875001
29413.300001
29457.950001
29504.075001
29551.625001
29601.000001
29652.325001
29706.325001
29763.425001
29824.925001
29893.575001
29984.725001
