3.000000
2.000000
626.050000
669.100000
708.975000
747.100000
784.975000
820.700000
856.650000
891.225000
924.700000
957.875000
991.100000
1023.850000
1056.350000
1087.275000
1118.750000
1149.425000
1179.925000
1209.350000
1239.425000
1268.850000
1296.900000
1324.700000
1352.375000
1380.050000
1407.750000
1435.475000
1463.175000
1490.825000
1517.825000
1544.300000
1569.225000
1595.625000
1620.600000
1646.550000
1672.175000
1696.725000
1722.025000
1746.625000
1770.600000
1795.525000
1818.975000
1842.525000
1867.525000
1891.100000
1913.525000
1935.800000
1958.000000
1980.175000
2002.375000
2024.550000
2046.750000
2068.925000
2091.150000
2113.300000
2135.500000
2157.700000
2179.900000
2202.100000
2224.300000
2246.400000
2267.975000
2289.875000
2310.850000
2330.200000
2351.900000
2373.275000
2392.750000
2413.275000
2434.550000
2454.200000
2474.450000
2495.625000
2515.175000
2535.525000
2556.775000
2576.275000
2596.675000
2617.850000
2637.375000
2657.750000
2679.025000
2698.525000
2718.900000
2740.125000
2759.650000
2779.975000
2801.175000
2820.700000
2841.125000
2862.325000
2881.875000
2902.225000
2923.400000
2942.925000
2963.300000
2984.550000
3004.250000
3024.475000
3045.625000
3065.200000
3085.525000
3106.775000
3126.275000
3146.675000
3167.850000
3187.375000
3207.750000
3229.025000
3248.525000
3268.900000
3290.125000
3309.650000
3329.975000
3351.175000
3370.700000
3391.125000
3412.325000
3431.875000
3452.225000
3473.400000
3492.925000
3513.300000
3534.550000
3554.250000
3574.475000
3595.625000
3615.200000
3635.525000
3656.775000
3676.275000
3696.675000
3717.850000
3737.375000
3757.750000
3779.025000
3798.525000
3818.900000
3840.125000
3859.650000
3879.975000
3901.175000
3920.700000
3941.125000
3962.325000
3981.875000
4002.225000
4023.400000
4042.925000
4063.300000
4084.550000
4104.250000
4124.475000
4145.625000
4165.200000
4185.525000
4206.775000
4226.275000
4246.675000
4267.850000
4287.375000
4307.750000
4329.025000
4348.525000
4368.900000
4390.125000
4409.650000
4429.975000
4451.175000
4470.700000
4491.125000
4512.325000
4531.875000
4552.225000
4573.400000
4592.925000
4613.300000
4634.550000
4654.250000
4674.475000
4695.625000
4715.200000
4735.525000
4756.775000
4776.275000
4796.675000
4817.850000
4837.375000
4857.750000
4879.025000
4898.525000
4918.900000
4940.125000
4959.650000
4979.975000
5001.175000
5020.700000
5041.125000
5062.325000
5081.875000
5102.225000
5123.400000
5142.925000
5163.300000
5184.550000
5204.250000
5224.475000
5245.625000
5265.200000
5285.525000
5306.775000
5326.275000
5346.675000
5367.850000
5387.375000
5407.750000
5429.025000
5448.525000
5468.900000
5490.125000
5509.650000
5529.975000
5551.175000
5570.700000
5591.125000
5612.325000
5631.875000
5652.225000
5673.400000
5692.925000
5713.300000
5734.550000
5754.250000
5774.475000
5795.625000
5815.200000
5835.525000
5856.775000
5876.275000
5896.675000
5917.850000
5937.375000
5957.750000
5979.025000
5998.525000
6018.900000
6040.125000
6059.650000
6079.975000
6101.175000
6120.700000
6141.125000
6162.325000
6181.875000
6202.225000
6223.400000
6242.925000
6263.300000
6284.550000
6304.250000
6324.475000
6345.625000
6365.200000
6385.525000
6406.775000
6426.275000
6446.675000
6467.850000
6487.375000
6507.750000
6529.025000
6548.525000
6568.900000
6590.125000
6609.650000
6629.975000
6651.175000
6670.700000
6691.125000
6712.325000
6731.875000
6752.225000
6773.400000
6792.925000
6813.300000
6834.550000
6854.250000
6874.475000
6895.625000
6915.200000
6935.525000
6956.775000
6976.275000
6996.675000
7017.850000
7037.375000
7057.750000
7079.025000
7098.525000
7118.900000
7140.125000
7159.650000
7179.975000
7201.175000
7220.700000
7241.125000
7262.325000
7281.875000
7302.225000
7323.400000
7342.925000
7363.300000
7384.550000
7404.250000
7424.475000
7445.625000
7465.200000
7485.525000
7506.775000
7526.275000
7546.675000
7567.850000
7587.375000
7607.750000
7629.025000
7648.525000
7668.900000
7690.125000
7709.650000
7729.975000
7751.175000
7770.700000
7791.125000
7812.325000
7831.875000
7852.225000
7873.400000
7892.925000
7913.300000
7934.550000
7954.250000
7974.475000
7995.625000
8015.200000
8035.525000
8056.775000
8076.275000
8096.675000
8117.850000
8137.375000
8157.750000
8179.025000
8198.525000
8218.900000
8240.125000
8259.650000
8279.975000
8301.175000
8320.700000
8341.125000
8362.325000
8381.875000
8402.225000
8423.400000
8442.925000
8463.300000
8484.550000
8504.250000
8524.475000
8545.625000
8565.200000
8585.525000
8606.775000
8626.275000
8646.675000
8667.850000
8687.375000
8707.750000
8729.025000
8748.525000
8768.900000
8790.125000
8809.650000
8829.975000
8851.175000
8870.700000
8891.125000
8912.325000
8931.875000
8952.225000
8973.400000
8992.925000
9013.300000
9034.550000
9054.250000
9074.475000
9095.625000
9115.200000
9135.525000
9156.775000
9176.275000
9196.675000
9217.850000
9237.375000
9257.750000
9279.025000
9298.525000
9318.900000
9340.125000
9359.650000
9379.975000
9401.175000
9420.700000
9441.125000
9462.325000
9481.875000
9502.225000
9523.400000
9542.925000
9563.300000
9584.550000
9604.250000
9624.475000
9645.625000
9665.200000
9685.525000
9706.775000
9726.275000
9746.675000
9767.850000
9787.375000
9807.750000
9829.025000
9848.525000
9868.900000
9890.125000
9909.650000
9929.975000
9951.175000
9970.700000
9991.125000
10012.325000
10031.875000
10052.225000
10073.400000
10092.925000
10113.300000
10134.550000
10154.250000
10174.475000
10195.625000
10215.200000
10235.525000
10256.775000
10276.275000
10296.675000
10317.850000
10337.375000
10357.750000
10379.025000
10398.525000
10418.900000
10440.125000
10459.650000
10479.975000
10501.175000
10520.700000
10541.125000
10562.325000
10581.875000
10602.225000
10623.400000
10642.925000
10663.300000
10684.550000
10704.250000
10724.475000
10745.625000
10765.200000
10785.525000
10806.775000
10826.275000
10846.675000
10867.850000
10887.375000
10907.750000
10929.025000
10948.525000
10968.900000
10990.125000
11009.650000
11029.975000
11051.175000
11070.700000
11091.125000
11112.325000
11131.875000
11152.225000
11173.400000
11192.925000
11213.300000
11234.550000
11254.250000
11274.475000
11295.625000
11315.200000
11335.525000
11356.775000
11376.275000
11396.675000
11417.850000
11437.375000
11457.750000
11479.025000
11498.525000
11518.900000
11540.125000
11559.650000
11579.975000
11601.175000
11620.700000
11641.125000
11662.325000
11681.875000
11702.225000
11723.400000
11742.925000
11763.300000
11784.550000
11804.250000
11824.475000
11845.625000
11865.200000
11885.525000
11906.775000
11926.275000
11946.675000
11967.850000
11987.375000
12007.750000
12029.025000
12048.525000
12068.900000
12090.125000
12109.650000
12129.975000
12151.175000
12170.700000
12191.125000
12212.325000
12231.875000
12252.225000
12273.400000
12292.925000
12313.300000
12334.550000
12354.250000
12374.475000
12395.625000
12415.200000
12435.525000
12456.775000
12476.275000
12496.675000
12517.850000
12537.375000
12557.750000
12579.025000
12598.525000
12618.900000
12640.125000
12659.650000
12679.975000
12701.175000
12720.700000
12741.125000
12762.325000
12781.875000
12802.225000
12823.400000
12842.925000
12863.300000
12884.550000
12904.250000
12924.475000
12945.625000
12965.200000
12985.525000
13006.775000
13026.275000
13046.675000
13067.850000
13087.375000
13107.750000
13129.025000
13148.525000
13168.900000
13190.125000
13209.650000
13229.975000
13251.175000
13270.700000
13291.125000
13312.325000
13331.875000
13352.225000
13373.400000
13392.925000
13413.300000
13434.550000
13454.250000
13474.475000
13495.625000
13515.200000
13535.525000
13556.775000
13576.275000
13596.675000
13617.850000
13637.375000
13657.750000
13679.025000
13698.525000
13718.900000
13740.125000
13759.650000
13779.975000
13801.175000
13820.700000
13841.125000
13862.325000
13881.875000
13902.225000
13923.400000
13942.925000
13963.300000
13984.550000
14004.250000
14024.475000
14045.625000
14065.200000
14085.525000
14106.775000
14126.275000
14146.675000
14167.850000
14187.375000
14207.750000
14229.025000
14248.525000
14268.900000
14290.125000
14309.650000
14329.975000
14351.175000
14370.700000
14391.125000
14412.325000
14431.875000
14452.225000
14473.400000
14492.925000
14513.300000
14534.550000
14554.250000
14574.475000
14595.625000
14615.200000
14635.525000
14656.775000
14676.275000
14696.675000
14717.850000
14737.375000
14757.750000
14779.025000
14798.525000
14818.900000
14840.125000
14859.650000
14879.975000
14901.175000
14920.700000
14941.125000
14962.325000
14981.875000
15002.225000
15023.400000
15042.925000
15063.300000
15084.550000
15104.250000
15124.475000
15145.625000
15165.200000
15185.525000
15206.775000
15226.275000
15246.675000
15267.850000
15287.375000
15307.750000
15329.025000
15348.525000
15368.900000
15390.125000
15409.650000
15429.975000
15451.175000
15470.700000
15491.125000
15512.325000
15531.875000
15552.225000
15573.400000
15592.925000
15613.300000
15634.550000
15654.250000
15674.475000
15695.625000
15715.200000
15735.525000
15756.775000
15776.275000
15796.675000
15817.850000
15837.375000
15857.750000
15879.025000
15898.525000
15918.900000
15940.125000
15959.650000
15979.975000
16001.175000
16020.700000
16041.125000
16062.325000
16081.875000
16102.225000
16123.400000
16142.925000
16163.300000
16184.550000
16204.250000
16224.475000
16245.625000
16265.200000
16285.525000
16306.775000
16326.275000
16346.675000
16367.850000
16387.375000
16407.750000
16429.025000
16448.525000
16468.900000
16490.125000
16509.650000
16529.975000
16551.175000
16570.700000
16591.125000
16612.325000
16631.875000
16652.225000
16673.400000
16692.925000
16713.300000
16734.550000
16754.250000
16774.475000
16795.625000
16815.200000
16835.525000
16856.775000
16876.275000
16896.675000
16917.850000
16937.375000
16957.750000
16979.025000
16998.525000
17018.900000
17040.125000
17059.650000
17079.975000
17101.175000
17120.700000
17141.125000
17162.325000
17181.875000
17202.225000
17223.400000
17242.925000
17263.300000
17284.550000
17304.250000
17324.475000
17345.625000
17365.200000
17385.525000
17406.775000
17426.275000
17446.675000
17467.850000
17487.375000
17507.750000
17529.025000
17548.525000
17568.900000
17590.125000
17609.650000
17629.975000
17651.175000
17670.700000
17691.125000
17712.325000
17731.875000
17752.225000
17773.400000
17792.925000
17813.300000
17834.550000
17854.250000
17874.475000
17895.625000
17915.200000
17935.525000
17956.775000
17976.275000
17996.675000
18017.850000
18037.375000
18057.750000
18079.025000
18098.525000
18118.900000
18140.125000
18159.650000
18179.975000
18201.175000
18220.700000
18241.125001
18262.325001
18281.875001
18302.225001
18323.400001
18342.925001
18363.300001
18384.550001
18404.250001
18424.475001
18445.625001
18465.200001
18485.525001
18506.775001
18526.275001
18546.675001
18567.850001
18587.375001
18607.750001
18629.025001
18648.525001
18668.900001
18690.125001
18709.650001
18729.975001
18751.175001
18770.700001
18791.125001
18812.325001
18831.875001
18852.225001
18873.400001
18892.925001
18913.300001
18934.550001
18954.250001
18974.475001
18995.625001
19015.200001
19035.525001
19056.775001
19076.275001
19096.675001
19117.850001
19137.375001
19157.750001
19179.025001
19198.525001
19218.900001
19240.125001
19259.650001
19279.975001
19301.175001
19320.700001
19341.125001
19362.325001
19381.875001
19402.225001
19423.400001
19442.925001
19463.300001
19484.550001
19504.250001
19524.475001
19545.625001
19565.200001
19585.525001
19606.775001
19626.275001
19646.675001
19667.850001
19687.375001
19707.750001
19729.025001
19748.525001
19768.900001
19790.125001
19809.650001
19829.975001
19851.175001
19870.700001
19891.125001
19912.325001
19931.875001
19952.225001
19973.400001
19992.925001
20013.300001
20034.550001
20054.250001
20074.475001
20095.625001
20115.200001
20135.525001
20156.775001
20176.275001
20196.675001
20217.850001
20237.375001
20257.750001
20279.025001
20298.525001
20318.900001
20340.125001
20359.650001
20379.975001
20401.175001
20420.700001
20441.125001
20462.325001
20481.875001
20502.225001
20523.400001
20542.925001
20563.300001
20584.550001
20604.250001
20624.475001
20645.625001
20665.200001
20685.525001
20706.775001
20726.275001
20746.675001
20767.850001
20787.375001
20807.750001
20829.025001
20848.525001
20868.900001
20890.125001
20909.650001
20929.975001
20951.175001
20970.700001
20991.125001
21012.325001
21031.875001
21052.225001
21073.400001
21092.925001
21113.300001
21134.550001
21154.250001
21174.475001
21195.625001
21215.200001
21235.525001
21256.775001
21276.275001
21296.675001
21317.850001
21337.375001
21357.750001
21379.025001
21398.525001
21418.900001
21440.125001
21459.650001
21479.975001
21501.175001
21520.700001
21541.125001
21562.325001
21581.875001
21602.225001
21623.400001
21642.925001
21663.300001
21684.550001
21704.250001
21724.475001
21745.625001
21765.200001
21785.525001
21806.775001
21826.275001
21846.675001
21867.850001
21887.375001
21907.750001
21929.025001
21948.525001
21968.900001
21990.125001
22009.650001
22029.975001
22051.175001
22070.700001
22091.125001
22112.325001
22131.875001
22152.225001
22173.400001
22192.925001
22213.300001
22234.550001
22254.250001
22274.475001
22295.625001
22315.200001
22335.525001
22356.775001
22376.275001
22396.675001
22417.850001
22437.375001
22457.750001
22479.025001
22498.525001
22518.900001
22540.125001
22559.650001
22579.975001
22601.175001
22620.700001
22641.125001
22662.325001
22681.875001
22702.225001
22723.400001
22742.925001
22763.300001
22784.550001
22804.250001
22824.475001
22845.625001
22865.200001
22885.525001
22906.775001
22926.275001
22946.675001
22967.850001
22987.375001
23007.750001
23029.025001
23048.525001
23068.900001
23090.125001
23109.650001
23129.975001
23151.175001
23170.700001
23191.125001
23212.325001
23231.875001
23252.225001
23273.400001
23292.925001
23313.300001
23334.550001
23354.250001
23374.475001
23395.625001
23415.200001
23435.525001
23456.775001
23476.275001
23496.675001
23517.850001
23537.375001
23557.750001
23579.025001
23598.525001
23618.900001
23640.125001
23659.650001
23679.975001
23701.175001
23720.700001
23741.125001
23762.325001
23781.875001
23802.225001
23823.400001
23842.925001
23863.300001
23884.550001
23904.250001
23924.475001
23945.625001
23965.200001
23985.525001
24006.775001
24026.275001
24046.675001
24067.850001
24087.375001
24107.750001
24129.025001
24148.525001
24168.900001
24190.125001
24209.650001
24229.975001
24251.175001
24270.700001
24291.125001
24312.325001
24331.875001
24352.225001
24373.400001
24392.925001
24413.300001
24434.550001
24454.250001
24474.475001
24495.625001
24515.200001
24535.525001
24556.775001
24576.275001
24596.675001
24617.850001
24637.375001
24657.750001
24679.025001
24698.525001
24718.900001
24740.125001
24759.650001
24779.975001
24801.175001
24820.700001
24841.125001
24862.325001
24881.875001
24902.225001
24923.400001
24942.925001
24963.300001
24984.550001
25004.250001
25024.475001
25045.625001
25065.200001
25085.525001
25106.775001
25126.275001
25146.675001
25167.850001
25187.375001
25207.750001
25229.025001
25248.525001
25268.900001
25290.125001
25309.650001
25329.975001
25351.175001
25370.700001
25391.125001
25412.325001
25431.875001
25452.225001
25473.400001
25492.925001
25513.300001
25534.550001
25554.250001
25574.475001
25595.625001
25615.200001
25635.525001
25656.775001
25676.275001
25696.675001
25717.850001
25737.375001
25757.750001
25779.025001
25798.525001
25818.900001
25840.125001
25859.650001
25879.975001
25901.175001
25920.700001
25941.125001
25962.325001
25981.875001
26002.225001
26023.400001
26042.925001
26063.300001
26084.550001
26104.250001
26124.475001
26145.625001
26165.200001
26185.525001
26206.775001
26226.275001
26246.675001
26267.850001
26287.375001
26307.750001
26329.025001
26348.525001
26368.900001
26390.125001
26409.650001
26429.975001
26451.175001
26470.700001
26491.125001
26512.325001
26531.875001
26552.225001
26573.400001
26592.925001
26613.300001
26634.550001
26654.250001
26674.475001
26695.625001
26715.200001
26735.525001
26756.775001
26776.275001
26796.675001
26817.850001
26837.375001
26857.750001
26879.025001
26898.525001
26918.900001
26940.125001
26959.650001
26979.975001
27001.175001
27020.700001
27041.125001
27062.325001
27081.875001
27102.225001
27123.400001
27142.925001
27163.300001
27184.550001
27204.250001
27224.475001
27245.625001
27265.200001
27285.525001
27306.775001
27326.275001
27346.675001
27367.850001
27387.375001
27407.750001
27429.025001
27448.525001
27468.900001
27490.125001
27509.650001
27529.975001
27551.175001
27570.700001
27591.125001
27612.325001
27631.875001
27652.225001
27673.400001
27692.925001
27713.300001
27734.550001
27754.250001
27774.475001
27795.625001
27815.200001
27835.550001
27857.100001
27878.850001
27899.950001
27919.300001
27941.075001
27963.175001
27985.400001
28007.650001
28029.900001
28052.150001
28074.400001
28096.650001
28118.900001
28141.175001
28163.375001
28185.650001
28207.900001
28230.175001
28252.500001
28274.825001
28297.375001
28320.775001
28345.450001
28368.950001
28392.800001
28417.800001
28441.350001
28466.975001
28491.275001
28517.575001
28541.775001
28567.950001
28593.200001
28618.975001
28645.725001
28673.025001
28700.300001
28727.625001
28755.075001
28782.900001
28810.925001
28839.775001
28868.750001
28896.875001
28925.300001
28955.150001
28985.425001
29015.125001
29046.200001
29077.325001
29108.000001
29140.325001
29173.175001
29206.575001
29240.300001
29274.450001
29308.275001
29343.225001
29379.900001
29417.575001
29455.725001
29495.425001
29535.750001
29578.175001
29622.925001
29670.075001
29725.100001
