1.000000
4.000000
282.875000
359.100000
424.375000
482.350000
534.925000
585.675000
634.675000
681.975000
728.925000
774.925000
820.675000
866.400000
912.050000
957.550000
1002.750000
1047.950000
1093.075000
1138.200000
1183.350000
1228.625000
1273.675000
1318.775000
1363.725000
1408.500000
1453.550000
1498.475000
1543.300000
1588.325000
1633.350000
1678.500000
1723.550000
1768.550000
1813.550000
1858.325000
1903.225000
1948.225000
1993.075000
2037.950000
2083.025000
2127.975000
2173.100000
2218.125000
2263.150000
2308.100000
2352.900000
2397.825000
2442.825000
2487.600000
2532.600000
2577.650000
2622.650000
2667.800000
2712.725000
2757.775000
2802.675000
2847.475000
2892.500000
2937.400000
2982.225000
3027.225000
3072.275000
3117.425000
3162.475000
3207.500000
3252.500000
3297.300000
3342.275000
3387.250000
3432.050000
3476.925000
3522.025000
3567.050000
3612.175000
3657.150000
3702.125000
3747.075000
3791.925000
3836.850000
3881.825000
3926.550000
3971.525000
4016.650000
4061.625000
4106.800000
4151.675000
4196.700000
4241.625000
4286.350000
4331.350000
4376.250000
4421.025000
4466.075000
4511.075000
4556.150000
4601.250000
4646.175000
4691.250000
4736.025000
4780.850000
4825.825000
4870.725000
4915.550000
4960.575000
5005.600000
5050.700000
5095.775000
5140.775000
5185.775000
5230.575000
5275.450000
5320.450000
5365.300000
5410.175000
5455.275000
5500.200000
5545.350000
5590.350000
5635.375000
5680.350000
5725.125000
5770.075000
5815.075000
5859.850000
5904.900000
5949.925000
5995.000000
6040.125000
6085.075000
6130.125000
6174.950000
6219.800000
6264.775000
6309.675000
6354.625000
6399.650000
6444.625000
6489.725000
6534.775000
6579.850000
6624.800000
6669.600000
6714.450000
6759.475000
6804.325000
6849.200000
6894.325000
6939.200000
6984.375000
7029.375000
7074.375000
7119.325000
7164.025000
7208.950000
7254.000000
7298.700000
7343.675000
7388.725000
7433.675000
7478.875000
7523.725000
7568.800000
7613.700000
7658.450000
7703.425000
7748.400000
7793.175000
7838.125000
7883.200000
7928.200000
7973.325000
8018.275000
8063.300000
8108.200000
8152.975000
8197.950000
8242.925000
8287.700000
8332.725000
8377.775000
8422.825000
8467.950000
8512.925000
8557.950000
8602.775000
8647.625000
8692.650000
8737.500000
8782.400000
8827.425000
8872.400000
8917.575000
8962.575000
9007.625000
9052.575000
9097.350000
9142.350000
9187.325000
9232.125000
9277.050000
9322.125000
9367.225000
9412.350000
9457.325000
9502.325000
9547.200000
9592.100000
9637.075000
9681.950000
9726.750000
9771.800000
9816.850000
9861.925000
9907.000000
9951.975000
9996.975000
10041.800000
10086.625000
10131.675000
10176.400000
10221.275000
10266.425000
10311.250000
10356.425000
10401.400000
10446.400000
10491.450000
10536.150000
10581.050000
10626.050000
10670.850000
10715.750000
10760.825000
10805.775000
10850.900000
10895.875000
10940.950000
10985.875000
11030.650000
11075.575000
11120.575000
11165.375000
11210.325000
11255.400000
11300.375000
11345.525000
11390.450000
11435.475000
11480.425000
11525.200000
11570.175000
11615.125000
11659.925000
11704.975000
11750.000000
11795.100000
11840.200000
11885.175000
11930.225000
11975.025000
12019.900000
12064.900000
12109.750000
12154.725000
12199.775000
12244.750000
12289.875000
12334.875000
12379.925000
12424.850000
12469.650000
12514.550000
12559.550000
12604.400000
12649.350000
12694.450000
12739.425000
12784.575000
12829.575000
12874.575000
12919.450000
12964.200000
13009.175000
13054.150000
13098.900000
13143.950000
13188.900000
13233.975000
13279.150000
13324.075000
13369.125000
13413.850000
13458.650000
13503.725000
13548.550000
13593.375000
13638.400000
13683.375000
13728.525000
13773.575000
13818.575000
13863.575000
13908.350000
13953.225000
13998.225000
14043.075000
14087.950000
14133.025000
14177.975000
14223.100000
14268.125000
14313.150000
14358.100000
14402.875000
14447.800000
14492.825000
14537.600000
14582.575000
14627.650000
14672.625000
14717.800000
14762.725000
14807.750000
14852.675000
14897.450000
14942.475000
14987.400000
15032.225000
15077.200000
15122.275000
15167.425000
15212.475000
15257.500000
15302.500000
15347.275000
15392.250000
15437.250000
15482.050000
15526.925000
15572.000000
15617.025000
15662.150000
15707.125000
15752.125000
15797.075000
15841.925000
15886.825000
15931.825000
15976.550000
16021.525000
16066.650000
16111.600000
16156.775000
16201.625000
16246.675000
16291.625000
16336.325000
16381.325000
16426.250000
16471.000000
16516.050000
16561.050000
16606.100000
16651.225000
16696.125000
16741.200000
16786.025000
16830.825000
16875.800000
16920.725000
16965.525000
17010.550000
17055.575000
17100.675000
17145.750000
17190.750000
17235.750000
17280.575000
17325.425000
17370.450000
17415.275000
17460.150000
17505.250000
17550.175000
17595.325000
17640.350000
17685.375000
17730.350000
17775.125000
17820.075000
17865.050000
17909.850000
17954.875000
17999.925000
18044.975000
18090.100000
18135.050000
18180.100000
18224.950000
18269.800001
18314.750001
18359.675001
18404.600001
18449.625001
18494.625001
18539.725001
18584.775001
18629.850001
18674.800001
18719.575001
18764.450001
18809.475001
18854.300001
18899.200001
18944.300001
18989.175001
19034.325001
19079.375001
19124.350001
19169.325001
19214.025001
19258.925001
19304.000001
19348.700001
19393.650001
19438.700001
19483.625001
19528.825001
19573.725001
19618.775001
19663.700001
19708.425001
19753.400001
19798.375001
19843.175001
19888.125001
19933.175001
19978.175001
20023.300001
20068.250001
20113.275001
20158.175001
20202.975001
20247.925001
20292.900001
20337.700001
20382.700001
20427.750001
20472.800001
20517.950001
20562.900001
20607.925001
20652.750001
20697.600001
20742.625001
20787.475001
20832.375001
20877.400001
20922.400001
20967.575001
21012.575001
21057.600001
21102.575001
21147.350001
21192.350001
21237.300001
21282.125001
21327.025001
21372.125001
21417.200001
21462.325001
21507.300001
21552.300001
21597.175001
21642.075001
21687.050001
21731.950001
21776.725001
21821.775001
21866.825001
21911.900001
21957.000001
22001.950001
22046.950001
22091.775001
22136.600001
22181.650001
22226.400001
22271.250001
22316.375001
22361.250001
22406.400001
22451.400001
22496.400001
22541.425001
22586.150001
22631.025001
22676.025001
22720.825001
22765.750001
22810.800001
22855.750001
22900.875001
22945.875001
22990.925001
23035.875001
23080.650001
23125.575001
23170.575001
23215.350001
23260.300001
23305.400001
23350.350001
23395.500001
23440.450001
23485.475001
23530.425001
23575.200001
23620.175001
23665.125001
23709.925001
23754.975001
23800.000001
23845.100001
23890.200001
23935.175001
23980.200001
24025.000001
24069.900001
24114.900001
24159.750001
24204.725001
24249.775001
24294.750001
24339.850001
24384.850001
24429.925001
24474.850001
24519.650001
24564.550001
24609.550001
24654.400001
24699.325001
24744.425001
24789.400001
24834.550001
24879.575001
24924.575001
24969.425001
25014.175001
25059.150001
25104.125001
25148.875001
25193.925001
25238.900001
25283.950001
25329.125001
25374.025001
25419.100001
25463.850001
25508.650001
25553.700001
25598.525001
25643.350001
25688.375001
25733.375001
25778.525001
25823.550001
25868.550001
25913.550001
25958.325001
26003.225001
26048.225001
26093.075001
26137.950001
26183.000001
26227.950001
26273.100001
26318.125001
26363.125001
26408.100001
26452.875001
26497.800001
26542.825001
26587.600001
26632.575001
26677.650001
26722.625001
26767.800001
26812.725001
26857.750001
26902.650001
26947.450001
26992.475001
27037.400001
27082.225001
27127.200001
27172.250001
27217.400001
27262.475001
27307.500001
27352.475001
27397.275001
27442.250001
27487.225001
27532.050001
27576.900001
27622.000001
27667.025001
27712.150001
27757.125001
27802.125001
27847.075001
27891.900001
27936.825001
27981.825001
28026.525001
28071.500001
28116.625001
28161.575001
28206.750001
28251.600001
28296.650001
28341.600001
28386.300001
28431.300001
28476.225001
28520.975001
28566.025001
28611.025001
28656.075001
28701.200001
28746.100001
28791.175001
28836.000001
28880.800001
28925.775001
28970.700001
29015.500001
29060.525001
29105.575001
29150.625001
29195.725001
29240.725001
29285.725001
29330.550001
29375.400001
29420.425001
29465.275001
29510.125001
29555.225001
29600.175001
29645.300001
29691.550001
29740.000001
29790.550001
29843.950001
29901.250001
29963.875001
30036.475001
30129.200001
30228.175001
30340.750001
