2.000000
14.000000
1215.975000
1262.075000
1305.250000
1345.400000
1384.300000
1422.925000
1459.225000
1495.175000
1529.900000
1563.450000
1595.425000
1628.500000
1659.300000
1689.775000
1720.175000
1750.675000
1779.975000
1809.075000
1836.975000
1864.700000
1892.375000
1920.100000
1946.750000
1972.950000
1998.200000
2023.150000
2048.075000
2073.000000
2097.950000
2122.900000
2147.875000
2172.875000
2197.825000
2222.875000
2246.975000
2270.325000
2295.125000
2319.200000
2342.550000
2367.325000
2391.425000
2414.800000
2439.575000
2463.450000
2487.025000
2511.800000
2535.675000
2559.250000
2584.025000
2607.900000
2631.475000
2656.250000
2680.125000
2703.725000
2728.475000
2752.450000
2775.850000
2800.650000
2824.675000
2848.075000
2872.875000
2896.900000
2920.300000
2945.100000
2969.125000
2992.525000
3017.325000
3041.375000
3064.800000
3089.575000
3113.450000
3137.025000
3161.800000
3185.675000
3209.250000
3234.025000
3257.900000
3281.475000
3306.250000
3330.125000
3353.725000
3378.475000
3402.450000
3425.850000
3450.650000
3474.675000
3498.075000
3522.875000
3546.900000
3570.300000
3595.100000
3619.125000
3642.525000
3667.325000
3691.375000
3714.800000
3739.575000
3763.450000
3787.025000
3811.800000
3835.675000
3859.250000
3884.025000
3907.900000
3931.475000
3956.250000
3980.125000
4003.725000
4028.475000
4052.450000
4075.850000
4100.650000
4124.675000
4148.075000
4172.875000
4196.900000
4220.300000
4245.100000
4269.125000
4292.525000
4317.325000
4341.375000
4364.800000
4389.575000
4413.450000
4437.025000
4461.800000
4485.675000
4509.250000
4534.025000
4557.900000
4581.475000
4606.250000
4630.125000
4653.725000
4678.475000
4702.450000
4725.850000
4750.650000
4774.675000
4798.075000
4822.875000
4846.900000
4870.300000
4895.100000
4919.125000
4942.525000
4967.325000
4991.375000
5014.800000
5039.575000
5063.450000
5087.025000
5111.800000
5135.675000
5159.250000
5184.025000
5207.900000
5231.475000
5256.250000
5280.125000
5303.725000
5328.475000
5352.450000
5375.850000
5400.650000
5424.675000
5448.075000
5472.875000
5496.900000
5520.300000
5545.100000
5569.125000
5592.525000
5617.325000
5641.375000
5664.800000
5689.575000
5713.450000
5737.025000
5761.800000
5785.675000
5809.250000
5834.025000
5857.900000
5881.475000
5906.250000
5930.125000
5953.725000
5978.475000
6002.450000
6025.850000
6050.650000
6074.675000
6098.075000
6122.875000
6146.900000
6170.300000
6195.100000
6219.125000
6242.525000
6267.325000
6291.375000
6314.800000
6339.575000
6363.450000
6387.025000
6411.800000
6435.675000
6459.250000
6484.025000
6507.900000
6531.475000
6556.250000
6580.125000
6603.725000
6628.475000
6652.450000
6675.850000
6700.650000
6724.675000
6748.075000
6772.875000
6796.900000
6820.300000
6845.100000
6869.125000
6892.525000
6917.325000
6941.375000
6964.800000
6989.575000
7013.450000
7037.025000
7061.800000
7085.675000
7109.250000
7134.025000
7157.900000
7181.475000
7206.250000
7230.125000
7253.725000
7278.475000
7302.450000
7325.850000
7350.650000
7374.675000
7398.075000
7422.875000
7446.900000
7470.300000
7495.100000
7519.125000
7542.525000
7567.325000
7591.375000
7614.800000
7639.575000
7663.450000
7687.025000
7711.800000
7735.675000
7759.250000
7784.025000
7807.900000
7831.475000
7856.250000
7880.125000
7903.725000
7928.475000
7952.450000
7975.850000
8000.650000
8024.675000
8048.075000
8072.875000
8096.900000
8120.300000
8145.100000
8169.125000
8192.525000
8217.325000
8241.375000
8264.800000
8289.575000
8313.450000
8337.025000
8361.800000
8385.675000
8409.250000
8434.025000
8457.900000
8481.475000
8506.250000
8530.125000
8553.725000
8578.475000
8602.450000
8625.850000
8650.650000
8674.675000
8698.075000
8722.875000
8746.900000
8770.300000
8795.100000
8819.125000
8842.525000
8867.325000
8891.375000
8914.800000
8939.575000
8963.450000
8987.025000
9011.800000
9035.675000
9059.250000
9084.025000
9107.900000
9131.475000
9156.250000
9180.125000
9203.725000
9228.475000
9252.450000
9275.850000
9300.650000
9324.675000
9348.075000
9372.875000
9396.900000
9420.300000
9445.100000
9469.125000
9492.525000
9517.325000
9541.375000
9564.800000
9589.575000
9613.450000
9637.025000
9661.800000
9685.675000
9709.250000
9734.025000
9757.900000
9781.475000
9806.250000
9830.125000
9853.725000
9878.475000
9902.450000
9925.850000
9950.650000
9974.675000
9998.075000
10022.875000
10046.900000
10070.300000
10095.100000
10119.125000
10142.525000
10167.325000
10191.375000
10214.800000
10239.575000
10263.450000
10287.025000
10311.800000
10335.675000
10359.250000
10384.025000
10407.900000
10431.475000
10456.250000
10480.125000
10503.725000
10528.475000
10552.450000
10575.850000
10600.650000
10624.675000
10648.075000
10672.875000
10696.900000
10720.300000
10745.100000
10769.125000
10792.525000
10817.325000
10841.375000
10864.800000
10889.575000
10913.450000
10937.025000
10961.800000
10985.675000
11009.250000
11034.025000
11057.900000
11081.475000
11106.250000
11130.125000
11153.725000
11178.475000
11202.450000
11225.850000
11250.650000
11274.675000
11298.075000
11322.875000
11346.900000
11370.300000
11395.100000
11419.125000
11442.525000
11467.325000
11491.375000
11514.800000
11539.575000
11563.450000
11587.025000
11611.800000
11635.675000
11659.250000
11684.025000
11707.900000
11731.475000
11756.250000
11780.125000
11803.725000
11828.475000
11852.450000
11875.850000
11900.650000
11924.675000
11948.075000
11972.875000
11996.900000
12020.300000
12045.100000
12069.125000
12092.525000
12117.325000
12141.375000
12164.800000
12189.575000
12213.450000
12237.025000
12261.800000
12285.675000
12309.250000
12334.025000
12357.900000
12381.475000
12406.250000
12430.125000
12453.725000
12478.475000
12502.450000
12525.850000
12550.650000
12574.675000
12598.075000
12622.875000
12646.900000
12670.300000
12695.100000
12719.125000
12742.525000
12767.325000
12791.375000
12814.800000
12839.575000
12863.450000
12887.025000
12911.800000
12935.675000
12959.250000
12984.025000
13007.900000
13031.475000
13056.250000
13080.125000
13103.725000
13128.475000
13152.450000
13175.850000
13200.650000
13224.675000
13248.075000
13272.875000
13296.900000
13320.300000
13345.100000
13369.125000
13392.525000
13417.325000
13441.375000
13464.800000
13489.575000
13513.450000
13537.025000
13561.800000
13585.675000
13609.250000
13634.025000
13657.900000
13681.475000
13706.250000
13730.125000
13753.725000
13778.475000
13802.450000
13825.850000
13850.650000
13874.675000
13898.075000
13922.875000
13946.900000
13970.300000
13995.100000
14019.125000
14042.525000
14067.325000
14091.375000
14114.800000
14139.575000
14163.450000
14187.025000
14211.800000
14235.675000
14259.250000
14284.025000
14307.900000
14331.475000
14356.250000
14380.125000
14403.725000
14428.475000
14452.450000
14475.850000
14500.650000
14524.675000
14548.075000
14572.875000
14596.900000
14620.300000
14645.100000
14669.125000
14692.525000
14717.325000
14741.375000
14764.800000
14789.575000
14813.450000
14837.025000
14861.800000
14885.675000
14909.250000
14934.025000
14957.900000
14981.475000
15006.250000
15030.125000
15053.725000
15078.475000
15102.450000
15125.850000
15150.650000
15174.675000
15198.075000
15222.875000
15246.900000
15270.300000
15295.100000
15319.125000
15342.525000
15367.325000
15391.375000
15414.800000
15439.575000
15463.450000
15487.025000
15511.800000
15535.675000
15559.250000
15584.025000
15607.900000
15631.475000
15656.250000
15680.125000
15703.725000
15728.475000
15752.450000
15775.850000
15800.650000
15824.675000
15848.075000
15872.875000
15896.900000
15920.300000
15945.100000
15969.125000
15992.525000
16017.325000
16041.375000
16064.800000
16089.575000
16113.450000
16137.025000
16161.800000
16185.675000
16209.250000
16234.025000
16257.900000
16281.475000
16306.250000
16330.125000
16353.725000
16378.475000
16402.450000
16425.850000
16450.650000
16474.675000
16498.075000
16522.875000
16546.900000
16570.300000
16595.100000
16619.125000
16642.525000
16667.325000
16691.375000
16714.800000
16739.575000
16763.450000
16787.025000
16811.800000
16835.675000
16859.250000
16884.025000
16907.900000
16931.475000
16956.250000
16980.125000
17003.725000
17028.475000
17052.450000
17075.850000
17100.650000
17124.675000
17148.075000
17172.875000
17196.900000
17220.300000
17245.100000
17269.125000
17292.525000
17317.325000
17341.375000
17364.800000
17389.575000
17413.450000
17437.025000
17461.800000
17485.675000
17509.250000
17534.025000
17557.900000
17581.475000
17606.250000
17630.125000
17653.725000
17678.475000
17702.450000
17725.850000
17750.650000
17774.675000
17798.075000
17822.875000
17846.900000
17870.300000
17895.100000
17919.125000
17942.525000
17967.325000
17991.375000
18014.800000
18039.575000
18063.450000
18087.025000
18111.800000
18135.675000
18159.250000
18184.025000
18207.900000
18231.475001
18256.250001
18280.125001
18303.725001
18328.475001
18352.450001
18375.850001
18400.650001
18424.675001
18448.075001
18472.875001
18496.900001
18520.300001
18545.100001
18569.125001
18592.525001
18617.325001
18641.375001
18664.800001
18689.575001
18713.450001
18737.025001
18761.800001
18785.675001
18809.250001
18834.025001
18857.900001
18881.475001
18906.250001
18930.125001
18953.725001
18978.475001
19002.450001
19025.850001
19050.650001
19074.675001
19098.075001
19122.875001
19146.900001
19170.300001
19195.100001
19219.125001
19242.525001
19267.325001
19291.375001
19314.800001
19339.575001
19363.450001
19387.025001
19411.800001
19435.675001
19459.250001
19484.025001
19507.900001
19531.475001
19556.250001
19580.125001
19603.725001
19628.475001
19652.450001
19675.850001
19700.650001
19724.675001
19748.075001
19772.875001
19796.900001
19820.300001
19845.100001
19869.125001
19892.525001
19917.325001
19941.375001
19964.800001
19989.575001
20013.450001
20037.025001
20061.800001
20085.675001
20109.250001
20134.025001
20157.900001
20181.475001
20206.250001
20230.125001
20253.725001
20278.475001
20302.450001
20325.850001
20350.650001
20374.675001
20398.075001
20422.875001
20446.900001
20470.300001
20495.100001
20519.125001
20542.525001
20567.325001
20591.375001
20614.800001
20639.575001
20663.450001
20687.025001
20711.800001
20735.675001
20759.250001
20784.025001
20807.900001
20831.475001
20856.250001
20880.125001
20903.725001
20928.475001
20952.450001
20975.850001
21000.650001
21024.675001
21048.075001
21072.875001
21096.900001
21120.300001
21145.100001
21169.125001
21192.525001
21217.325001
21241.375001
21264.800001
21289.575001
21313.450001
21337.025001
21361.800001
21385.675001
21409.250001
21434.025001
21457.900001
21481.475001
21506.250001
21530.125001
21553.725001
21578.475001
21602.450001
21625.850001
21650.650001
21674.675001
21698.075001
21722.875001
21746.900001
21770.300001
21795.100001
21819.125001
21842.525001
21867.325001
21891.375001
21914.800001
21939.575001
21963.450001
21987.025001
22011.800001
22035.675001
22059.250001
22084.025001
22107.900001
22131.475001
22156.250001
22180.125001
22203.725001
22228.475001
22252.450001
22275.850001
22300.650001
22324.675001
22348.075001
22372.875001
22396.900001
22420.300001
22445.100001
22469.125001
22492.525001
22517.325001
22541.375001
22564.800001
22589.575001
22613.450001
22637.025001
22661.800001
22685.675001
22709.250001
22734.025001
22757.900001
22781.475001
22806.250001
22830.125001
22853.725001
22878.475001
22902.450001
22925.850001
22950.650001
22974.675001
22998.075001
23022.875001
23046.900001
23070.300001
23095.100001
23119.125001
23142.525001
23167.325001
23191.375001
23214.800001
23239.575001
23263.450001
23287.025001
23311.800001
23335.675001
23359.250001
23384.025001
23407.900001
23431.475001
23456.250001
23480.125001
23503.725001
23528.475001
23552.450001
23575.850001
23600.650001
23624.675001
23648.075001
23672.875001
23696.900001
23720.300001
23745.100001
23769.125001
23792.525001
23817.325001
23841.375001
23864.800001
23889.575001
23913.450001
23937.025001
23961.800001
23985.675001
24009.250001
24034.025001
24057.900001
24081.475001
24106.250001
24130.125001
24153.725001
24178.475001
24202.450001
24225.850001
24250.650001
24274.675001
24298.075001
24322.875001
24346.900001
24370.300001
24395.100001
24419.125001
24442.525001
24467.325001
24491.375001
24514.800001
24539.575001
24563.450001
24587.025001
24611.800001
24635.675001
24659.250001
24684.025001
24707.900001
24731.475001
24756.250001
24780.125001
24803.725001
24828.475001
24852.450001
24875.850001
24900.650001
24924.675001
24948.075001
24972.875001
24996.900001
25020.300001
25045.100001
25069.125001
25092.525001
25117.325001
25141.375001
25164.800001
25189.575001
25213.450001
25237.025001
25261.800001
25285.675001
25309.250001
25334.025001
25357.900001
25381.475001
25406.250001
25430.125001
25453.725001
25478.475001
25502.450001
25525.850001
25550.650001
25574.675001
25598.075001
25622.875001
25646.900001
25670.300001
25695.100001
25719.125001
25742.525001
25767.325001
25791.375001
25814.800001
25839.575001
25863.450001
25887.025001
25911.800001
25935.675001
25959.250001
25984.025001
26007.900001
26031.475001
26056.250001
26080.125001
26103.725001
26128.475001
26152.450001
26175.850001
26200.650001
26224.675001
26248.075001
26272.875001
26296.900001
26320.300001
26345.100001
26369.125001
26392.525001
26417.325001
26441.375001
26464.800001
26489.575001
26513.450001
26537.025001
26561.800001
26585.675001
26609.250001
26634.025001
26657.900001
26681.475001
26706.250001
26730.125001
26753.725001
26778.475001
26802.450001
26825.850001
26850.650001
26874.675001
26898.075001
26922.875001
26946.900001
26970.300001
26995.100001
27019.125001
27042.525001
27067.325001
27091.375001
27114.800001
27139.575001
27163.450001
27187.025001
27211.800001
27235.675001
27259.250001
27284.025001
27307.900001
27331.475001
27356.250001
27380.125001
27403.725001
27428.475001
27452.450001
27475.850001
27500.650001
27524.675001
27548.075001
27572.875001
27596.900001
27620.300001
27645.100001
27669.125001
27692.525001
27717.325001
27741.375001
27764.800001
27789.575001
27813.450001
27837.025001
27861.800001
27885.675001
27909.250001
27934.025001
27957.900001
27981.475001
28006.250001
28030.125001
28053.725001
28078.475001
28103.475001
28128.525001
28153.575001
28178.600001
28203.700001
28228.825001
28255.075001
28281.350001
28307.900001
28334.350001
28361.900001
28389.725001
28417.550001
28445.650001
28474.775001
28503.800001
28534.150001
28564.800001
28595.625001
28628.550001
28661.925001
28695.375001
28730.275001
28767.375001
28805.125001
28843.950001
28884.450001
28928.675001
28975.925001
29037.150001
