20.000000
2.000000
381.100000
428.225000
468.975000
506.450000
541.950000
575.375000
606.850000
637.025000
666.350000
695.050000
723.000000
750.625000
777.650000
804.350000
831.025000
857.475000
883.875000
909.825000
935.600000
961.700000
987.275000
1013.100000
1038.725000
1064.500000
1089.950000
1115.700000
1141.200000
1167.025000
1192.450000
1217.850000
1243.475000
1268.950000
1294.600000
1320.100000
1345.425000
1370.775000
1396.400000
1421.825000
1447.375000
1472.875000
1498.175000
1523.575000
1549.125000
1574.525000
1600.100000
1625.600000
1650.925000
1676.200000
1701.825000
1727.250000
1752.650000
1778.325000
1803.675000
1829.050000
1854.600000
1880.000000
1905.425000
1931.050000
1956.425000
1981.700000
2007.300000
2032.700000
2058.050000
2083.725000
2109.125000
2134.450000
2159.850000
2185.350000
2210.725000
2236.200000
2261.750000
2287.050000
2312.425000
2337.950000
2363.350000
2388.750000
2414.375000
2439.750000
2465.025000
2490.650000
2516.100000
2541.500000
2567.150000
2592.500000
2617.800000
2643.225000
2668.750000
2694.125000
2719.700000
2745.150000
2770.425000
2795.800000
2821.350000
2846.750000
2872.250000
2897.800000
2923.125000
2948.375000
2973.975000
2999.400000
3024.775000
3050.450000
3075.800000
3101.100000
3126.450000
3152.000000
3177.375000
3202.925000
3228.450000
3253.750000
3279.200000
3304.725000
3330.075000
3355.575000
3381.150000
3406.475000
3431.775000
3457.375000
3482.775000
3508.125000
3533.800000
3559.150000
3584.500000
3609.950000
3635.425000
3660.775000
3686.325000
3711.825000
3737.100000
3762.525000
3788.025000
3813.400000
3838.875000
3864.450000
3889.800000
3915.075000
3940.725000
3966.150000
3991.575000
4017.200000
4042.525000
4067.850000
4093.300000
4118.800000
4144.175000
4169.775000
4195.200000
4220.450000
4245.875000
4271.425000
4296.800000
4322.375000
4347.850000
4373.150000
4398.425000
4424.050000
4449.450000
4474.850000
4500.500000
4525.825000
4551.125000
4576.525000
4602.050000
4627.425000
4653.025000
4678.500000
4703.800000
4729.300000
4754.775000
4780.125000
4805.725000
4831.225000
4856.550000
4881.850000
4907.450000
4932.825000
4958.175000
4983.850000
5009.175000
5034.525000
5060.000000
5085.450000
5110.825000
5136.425000
5161.875000
5187.150000
5212.625000
5238.100000
5263.450000
5289.000000
5314.525000
5339.850000
5365.150000
5390.800000
5416.200000
5441.650000
5467.250000
5492.550000
5517.875000
5543.375000
5568.850000
5594.250000
5619.875000
5645.250000
5670.500000
5695.975000
5721.475000
5746.850000
5772.475000
5797.900000
5823.225000
5848.500000
5874.100000
5899.500000
5924.925000
5950.525000
5975.850000
6001.150000
6026.600000
6052.100000
6077.475000
6103.125000
6128.575000
6153.850000
6179.400000
6204.850000
6230.200000
6255.850000
6281.300000
6306.625000
6331.950000
6357.525000
6382.875000
6408.275000
6433.900000
6459.225000
6484.575000
6510.100000
6535.500000
6560.900000
6586.525000
6611.925000
6637.200000
6662.750000
6688.200000
6713.525000
6739.175000
6764.600000
6789.925000
6815.275000
6840.875000
6866.275000
6891.775000
6917.300000
6942.600000
6967.950000
6993.475000
7018.900000
7044.375000
7069.950000
7095.300000
7120.550000
7146.100000
7171.575000
7196.950000
7222.600000
7247.975000
7273.275000
7298.600000
7324.175000
7349.575000
7375.025000
7400.575000
7425.875000
7451.200000
7476.700000
7502.150000
7527.575000
7553.225000
7578.625000
7603.925000
7629.525000
7654.925000
7680.275000
7705.975000
7731.350000
7756.675000
7782.100000
7807.600000
7832.950000
7858.450000
7883.975000
7909.275000
7934.675000
7960.200000
7985.575000
8011.000000
8036.625000
8061.975000
8087.250000
8112.850000
8138.250000
8163.600000
8189.275000
8214.675000
8240.000000
8265.425000
8290.975000
8316.350000
8341.950000
8367.400000
8392.650000
8418.075000
8443.625000
8469.000000
8494.550000
8520.050000
8545.375000
8570.625000
8596.250000
8621.675000
8647.050000
8672.700000
8698.025000
8723.350000
8748.725000
8774.275000
8799.650000
8825.175000
8850.650000
8875.925000
8901.300000
8926.825000
8952.250000
8977.725000
9003.350000
9028.700000
9054.000000
9079.600000
9105.000000
9130.375000
9156.050000
9181.400000
9206.725000
9232.200000
9257.675000
9283.025000
9308.600000
9334.075000
9359.350000
9384.800000
9410.300000
9435.650000
9461.175000
9486.725000
9512.050000
9537.325000
9562.925000
9588.325000
9613.675000
9639.350000
9664.725000
9690.050000
9715.550000
9741.050000
9766.450000
9792.075000
9817.450000
9842.725000
9868.225000
9893.725000
9919.100000
9944.725000
9970.150000
9995.450000
10020.750000
10046.350000
10071.750000
10097.175000
10122.775000
10148.075000
10173.400000
10198.850000
10224.350000
10249.725000
10275.325000
10300.750000
10326.000000
10351.425000
10376.950000
10402.325000
10427.950000
10453.450000
10478.775000
10504.100000
10529.700000
10555.075000
10580.475000
10606.100000
10631.425000
10656.800000
10682.300000
10707.725000
10733.100000
10758.725000
10784.125000
10809.425000
10834.950000
10860.400000
10885.750000
10911.375000
10936.825000
10962.150000
10987.475000
11013.025000
11038.400000
11063.800000
11089.425000
11114.750000
11140.125000
11165.675000
11191.125000
11216.575000
11242.175000
11267.525000
11292.775000
11318.350000
11343.825000
11369.175000
11394.850000
11420.225000
11445.525000
11470.850000
11496.425000
11521.800000
11547.275000
11572.825000
11598.125000
11623.450000
11648.950000
11674.400000
11699.825000
11725.425000
11750.800000
11776.050000
11801.550000
11827.050000
11852.425000
11878.100000
11903.550000
11928.875000
11954.275000
11979.800000
12005.150000
12030.625000
12056.200000
12081.500000
12106.875000
12132.400000
12157.800000
12183.200000
12208.825000
12234.200000
12259.475000
12285.050000
12310.475000
12335.825000
12361.500000
12386.900000
12412.225000
12437.600000
12463.125000
12488.475000
12513.925000
12539.500000
12564.800000
12590.200000
12615.750000
12641.175000
12666.700000
12692.250000
12717.575000
12742.825000
12768.450000
12793.875000
12819.250000
12844.900000
12870.250000
12895.550000
12920.925000
12946.475000
12971.850000
12997.375000
13022.875000
13048.150000
13073.500000
13099.050000
13124.475000
13149.925000
13175.500000
13200.850000
13226.100000
13251.650000
13277.125000
13302.475000
13328.200000
13353.575000
13378.925000
13404.400000
13429.875000
13455.225000
13480.800000
13506.275000
13531.575000
13557.025000
13582.525000
13607.875000
13633.375000
13658.925000
13684.275000
13709.550000
13735.150000
13760.550000
13785.900000
13811.575000
13836.925000
13862.275000
13887.725000
13913.200000
13938.550000
13964.100000
13989.575000
14014.875000
14040.325000
14065.875000
14091.250000
14116.875000
14142.325000
14167.650000
14192.925000
14218.550000
14243.950000
14269.350000
14294.975000
14320.300000
14345.600000
14371.050000
14396.550000
14421.925000
14447.525000
14472.950000
14498.225000
14523.625000
14549.150000
14574.550000
14600.075000
14625.600000
14650.900000
14676.175000
14701.775000
14727.200000
14752.600000
14778.275000
14803.625000
14829.000000
14854.500000
14879.950000
14905.325000
14930.950000
14956.375000
14981.650000
15007.200000
15032.650000
15057.975000
15083.625000
15109.050000
15134.375000
15159.700000
15185.275000
15210.650000
15236.025000
15261.675000
15287.000000
15312.350000
15337.850000
15363.275000
15388.650000
15414.275000
15439.675000
15464.975000
15490.550000
15516.025000
15541.400000
15567.075000
15592.450000
15617.750000
15643.100000
15668.675000
15694.050000
15719.550000
15745.075000
15770.350000
15795.700000
15821.225000
15846.650000
15872.075000
15897.700000
15923.050000
15948.300000
15973.825000
15999.300000
16024.675000
16050.325000
16075.725000
16101.025000
16126.325000
16151.925000
16177.325000
16202.775000
16228.375000
16253.700000
16279.100000
16304.625000
16330.025000
16355.450000
16381.075000
16406.425000
16431.725000
16457.300000
16482.725000
16508.075000
16533.750000
16559.125000
16584.450000
16609.850000
16635.375000
16660.725000
16686.200000
16711.750000
16737.050000
16762.425000
16787.950000
16813.350000
16838.750000
16864.375000
16889.750000
16915.025000
16940.650000
16966.100000
16991.500000
17017.150000
17042.500000
17067.800000
17093.225000
17118.750000
17144.125000
17169.700000
17195.150000
17220.425000
17245.800000
17271.350000
17296.750000
17322.250000
17347.775000
17373.100000
17398.375000
17423.975000
17449.400000
17474.775000
17500.450000
17525.775000
17551.100000
17576.425000
17602.000000
17627.375000
17652.925000
17678.450000
17703.750000
17729.200000
17754.725000
17780.075000
17805.575000
17831.150000
17856.475000
17881.775000
17907.375000
17932.775000
17958.125000
17983.800000
18009.150000
18034.500000
18059.950000
18085.425000
18110.775000
18136.325000
18161.800000
18187.100000
18212.525000
18238.025001
18263.400001
18288.850001
18314.450001
18339.800001
18365.075001
18390.725001
18416.150001
18441.550001
18467.200001
18492.500001
18517.825001
18543.275001
18568.775001
18594.175001
18619.775001
18645.200001
18670.450001
18695.875001
18721.425001
18746.800001
18772.350001
18797.850001
18823.150001
18848.425001
18874.025001
18899.450001
18924.850001
18950.475001
18975.825001
19001.125001
19026.500001
19052.050001
19077.425001
19103.025001
19128.500001
19153.800001
19179.300001
19204.775001
19230.125001
19255.700001
19281.200001
19306.550001
19331.850001
19357.425001
19382.800001
19408.175001
19433.850001
19459.175001
19484.525001
19510.000001
19535.450001
19560.825001
19586.400001
19611.850001
19637.150001
19662.625001
19688.100001
19713.450001
19739.000001
19764.525001
19789.850001
19815.150001
19840.800001
19866.200001
19891.650001
19917.225001
19942.550001
19967.875001
19993.375001
20018.825001
20044.250001
20069.850001
20095.225001
20120.500001
20145.975001
20171.475001
20196.850001
20222.475001
20247.900001
20273.200001
20298.475001
20324.100001
20349.500001
20374.900001
20400.525001
20425.850001
20451.150001
20476.600001
20502.100001
20527.475001
20553.125001
20578.550001
20603.850001
20629.400001
20654.850001
20680.200001
20705.850001
20731.300001
20756.600001
20781.950001
20807.500001
20832.875001
20858.275001
20883.900001
20909.225001
20934.575001
20960.075001
20985.500001
21010.900001
21036.500001
21061.925001
21087.200001
21112.725001
21138.175001
21163.525001
21189.150001
21214.600001
21239.925001
21265.275001
21290.875001
21316.275001
21341.775001
21367.300001
21392.575001
21417.950001
21443.475001
21468.900001
21494.350001
21519.950001
21545.300001
21570.550001
21596.100001
21621.575001
21646.925001
21672.600001
21697.975001
21723.275001
21748.575001
21774.175001
21799.575001
21825.025001
21850.575001
21875.875001
21901.200001
21926.700001
21952.150001
21977.575001
22003.225001
22028.625001
22053.925001
22079.500001
22104.925001
22130.275001
22155.975001
22181.350001
22206.675001
22232.100001
22257.600001
22282.950001
22308.425001
22333.975001
22359.275001
22384.650001
22410.175001
22435.575001
22461.000001
22486.600001
22511.975001
22537.250001
22562.850001
22588.250001
22613.600001
22639.275001
22664.675001
22690.000001
22715.425001
22740.950001
22766.350001
22791.950001
22817.375001
22842.650001
22868.075001
22893.600001
22919.000001
22944.550001
22970.050001
22995.375001
23020.625001
23046.250001
23071.675001
23097.050001
23122.700001
23148.025001
23173.350001
23198.725001
23224.250001
23249.625001
23275.175001
23300.650001
23325.925001
23351.300001
23376.825001
23402.250001
23427.725001
23453.325001
23478.700001
23504.000001
23529.600001
23555.000001
23580.350001
23606.050001
23631.400001
23656.725001
23682.200001
23707.650001
23733.025001
23758.600001
23784.075001
23809.350001
23834.800001
23860.300001
23885.650001
23911.150001
23936.700001
23962.050001
23987.325001
24012.925001
24038.325001
24063.675001
24089.350001
24114.700001
24140.050001
24165.550001
24191.025001
24216.450001
24242.075001
24267.450001
24292.725001
24318.225001
24343.725001
24369.075001
24394.725001
24420.150001
24445.450001
24470.725001
24496.350001
24521.750001
24547.150001
24572.775001
24598.075001
24623.400001
24648.850001
24674.325001
24699.725001
24725.325001
24750.750001
24776.000001
24801.425001
24826.950001
24852.325001
24877.925001
24903.450001
24928.775001
24954.100001
24979.700001
25005.075001
25030.450001
25056.100001
25081.425001
25106.775001
25132.300001
25157.725001
25183.100001
25208.725001
25234.125001
25259.400001
25284.950001
25310.400001
25335.725001
25361.350001
25386.825001
25412.125001
25437.450001
25463.025001
25488.400001
25513.775001
25539.425001
25564.750001
25590.100001
25615.650001
25641.100001
25666.550001
25692.175001
25717.525001
25742.775001
25768.350001
25793.800001
25819.175001
25844.850001
25870.200001
25895.525001
25920.825001
25946.425001
25971.800001
25997.275001
26022.825001
26048.100001
26073.450001
26098.950001
26124.400001
26149.825001
26175.425001
26200.800001
26226.050001
26251.550001
26277.050001
26302.400001
26328.100001
26353.525001
26378.875001
26404.250001
26429.800001
26455.150001
26480.625001
26506.175001
26531.500001
26556.875001
26582.400001
26607.775001
26633.200001
26658.825001
26684.200001
26709.475001
26735.050001
26760.475001
26785.800001
26811.475001
26836.875001
26862.200001
26887.600001
26913.125001
26938.475001
26963.925001
26989.500001
27014.800001
27040.175001
27065.750001
27091.175001
27116.675001
27142.225001
27167.550001
27192.825001
27218.425001
27243.875001
27269.250001
27294.900001
27320.250001
27345.550001
27370.925001
27396.475001
27421.850001
27447.375001
27472.875001
27498.150001
27523.500001
27549.025001
27574.450001
27599.900001
27625.500001
27650.850001
27676.100001
27701.650001
27727.125001
27752.475001
27778.200001
27803.575001
27828.925001
27854.375001
27879.875001
27905.225001
27930.800001
27956.275001
27981.550001
28007.000001
28032.500001
28057.875001
28083.350001
28108.925001
28134.250001
28159.550001
28185.150001
28210.550001
28235.900001
28261.575001
28286.925001
28312.275001
28337.700001
28363.175001
28388.550001
28414.075001
28439.575001
28464.875001
28490.300001
28515.850001
28541.250001
28566.850001
28592.325001
28617.625001
28642.900001
28668.525001
28693.950001
28719.350001
28744.975001
28770.275001
28795.600001
28821.025001
28846.550001
28871.925001
28897.500001
28922.950001
28948.200001
28973.600001
28999.150001
29024.525001
29050.075001
29075.575001
29100.900001
29126.175001
29151.775001
29177.200001
29202.575001
29228.275001
29253.625001
29279.000001
29304.500001
29329.925001
29355.325001
29380.950001
29406.350001
29431.650001
29457.175001
29482.625001
29507.975001
29533.600001
29559.050001
29584.375001
29609.700001
29635.275001
29660.625001
29686.025001
29711.650001
29737.200001
29763.275001
29789.725001
29816.575001
29843.800001
29871.550001
29899.700001
29928.500001
29957.825001
29987.925001
30018.775001
30050.575001
30083.425001
30117.100001
30151.150001
30185.625001
30220.500001
30255.750001
30291.375001
30327.375001
30363.700001
30400.350001
30437.300001
30474.575001
30512.125001
30549.975001
30588.075001
30626.475001
30665.150001
30704.100001
30743.350001
30782.925001
30822.800001
30863.025001
30903.575001
30944.450001
30985.650001
31027.175001
31069.025001
31111.200001
31153.725001
31196.650001
31239.975001
31283.800001
31328.125001
31373.025001
31418.500001
31464.525001
31511.075001
31558.100001
31605.575001
31653.475001
31701.775001
31750.425001
31799.375001
31848.600001
31898.075001
31947.750001
31997.650001
32047.750001
32098.050001
32148.550001
32199.275001
32250.200001
32301.300001
32352.550001
32403.950001
32455.500001
32507.175001
32559.025001
32610.950001
32663.000001
32715.125001
32767.300001
32819.525001
32871.825001
32924.175001
32976.600001
33029.100001
33081.700001
33134.375001
33187.125001
33239.900001
33292.700001
33345.525001
33398.375001
33451.225001
33504.125001
33557.000001
33609.925001
33662.825001
33715.775001
33768.725001
33821.725001
33874.725001
33927.750001
33980.825001
34033.950001
34087.125001
34140.375001
34193.725001
34247.225001
34300.850001
34354.550001
34408.350001
34462.200001
34516.050001
34569.925001
34623.825001
34677.700001
34731.600001
34785.500001
34839.400001
34893.275001
34947.175001
