2.000000
8.000000
578.800000
624.950000
666.175000
703.725000
738.550000
771.900000
803.800000
835.250000
865.550000
895.150000
924.250000
952.425000
980.075000
1007.650000
1034.575000
1061.700000
1088.275000
1114.675000
1141.050000
1167.350000
1192.975000
1218.850000
1245.000000
1270.350000
1295.950000
1321.575000
1346.950000
1372.750000
1398.025000
1423.225000
1448.275000
1473.350000
1498.325000
1523.375000
1548.300000
1573.325000
1598.275000
1623.300000
1648.225000
1673.250000
1698.225000
1723.250000
1748.200000
1773.225000
1798.200000
1823.225000
1848.175000
1873.225000
1898.175000
1923.225000
1948.175000
1973.200000
1998.175000
2023.200000
2048.175000
2073.200000
2098.175000
2123.200000
2148.175000
2173.200000
2198.175000
2223.200000
2248.175000
2273.200000
2298.175000
2323.200000
2348.175000
2373.200000
2398.175000
2423.200000
2448.175000
2473.200000
2498.175000
2523.200000
2548.175000
2573.200000
2598.175000
2623.200000
2648.175000
2673.200000
2698.175000
2723.200000
2748.175000
2773.200000
2798.175000
2823.200000
2848.175000
2873.200000
2898.175000
2923.200000
2948.175000
2973.200000
2998.175000
3023.200000
3048.175000
3073.200000
3098.175000
3123.200000
3148.175000
3173.200000
3198.175000
3223.200000
3248.175000
3273.200000
3298.175000
3323.200000
3348.175000
3373.200000
3398.175000
3423.200000
3448.175000
3473.200000
3498.175000
3523.200000
3548.175000
3573.200000
3598.175000
3623.200000
3648.175000
3673.200000
3698.175000
3723.200000
3748.175000
3773.200000
3798.175000
3823.200000
3848.175000
3873.200000
3898.175000
3923.200000
3948.175000
3973.200000
3998.175000
4023.200000
4048.175000
4073.200000
4098.175000
4123.200000
4148.175000
4173.200000
4198.175000
4223.200000
4248.175000
4273.200000
4298.175000
4323.200000
4348.175000
4373.200000
4398.175000
4423.200000
4448.175000
4473.200000
4498.175000
4523.200000
4548.175000
4573.200000
4598.175000
4623.200000
4648.175000
4673.200000
4698.175000
4723.200000
4748.175000
4773.200000
4798.175000
4823.200000
4848.175000
4873.200000
4898.175000
4923.200000
4948.175000
4973.200000
4998.175000
5023.200000
5048.175000
5073.200000
5098.175000
5123.200000
5148.175000
5173.200000
5198.175000
5223.200000
5248.175000
5273.200000
5298.175000
5323.200000
5348.175000
5373.200000
5398.175000
5423.200000
5448.175000
5473.200000
5498.175000
5523.200000
5548.175000
5573.200000
5598.175000
5623.200000
5648.175000
5673.200000
5698.175000
5723.200000
5748.175000
5773.200000
5798.175000
5823.200000
5848.175000
5873.200000
5898.175000
5923.200000
5948.175000
5973.200000
5998.175000
6023.200000
6048.175000
6073.200000
6098.175000
6123.200000
6148.175000
6173.200000
6198.175000
6223.200000
6248.175000
6273.200000
6298.175000
6323.200000
6348.175000
6373.200000
6398.175000
6423.200000
6448.175000
6473.200000
6498.175000
6523.200000
6548.175000
6573.200000
6598.175000
6623.200000
6648.175000
6673.200000
6698.175000
6723.200000
6748.175000
6773.200000
6798.175000
6823.200000
6848.175000
6873.200000
6898.175000
6923.200000
6948.175000
6973.200000
6998.175000
7023.200000
7048.175000
7073.200000
7098.175000
7123.200000
7148.175000
7173.200000
7198.175000
7223.200000
7248.175000
7273.200000
7298.175000
7323.200000
7348.175000
7373.200000
7398.175000
7423.200000
7448.175000
7473.200000
7498.175000
7523.200000
7548.175000
7573.200000
7598.175000
7623.200000
7648.175000
7673.200000
7698.175000
7723.200000
7748.175000
7773.200000
7798.175000
7823.200000
7848.175000
7873.200000
7898.175000
7923.200000
7948.175000
7973.200000
7998.175000
8023.200000
8048.175000
8073.200000
8098.175000
8123.200000
8148.175000
8173.200000
8198.175000
8223.200000
8248.175000
8273.200000
8298.175000
8323.200000
8348.175000
8373.200000
8398.175000
8423.200000
8448.175000
8473.200000
8498.175000
8523.200000
8548.175000
8573.200000
8598.175000
8623.200000
8648.175000
8673.200000
8698.175000
8723.200000
8748.175000
8773.200000
8798.175000
8823.200000
8848.175000
8873.200000
8898.175000
8923.200000
8948.175000
8973.200000
8998.175000
9023.200000
9048.175000
9073.200000
9098.175000
9123.200000
9148.175000
9173.200000
9198.175000
9223.200000
9248.175000
9273.200000
9298.175000
9323.200000
9348.175000
9373.200000
9398.175000
9423.200000
9448.175000
9473.200000
9498.175000
9523.200000
9548.175000
9573.200000
9598.175000
9623.200000
9648.175000
9673.200000
9698.175000
9723.200000
9748.175000
9773.200000
9798.175000
9823.200000
9848.175000
9873.200000
9898.175000
9923.200000
9948.175000
9973.200000
9998.175000
10023.200000
10048.175000
10073.200000
10098.175000
10123.200000
10148.175000
10173.200000
10198.175000
10223.200000
10248.175000
10273.200000
10298.175000
10323.200000
10348.175000
10373.200000
10398.175000
10423.200000
10448.175000
10473.200000
10498.175000
10523.200000
10548.175000
10573.200000
10598.175000
10623.200000
10648.175000
10673.200000
10698.175000
10723.200000
10748.175000
10773.200000
10798.175000
10823.200000
10848.175000
10873.200000
10898.175000
10923.200000
10948.175000
10973.200000
10998.175000
11023.200000
11048.175000
11073.200000
11098.175000
11123.200000
11148.175000
11173.200000
11198.175000
11223.200000
11248.175000
11273.200000
11298.175000
11323.200000
11348.175000
11373.200000
11398.175000
11423.200000
11448.175000
11473.200000
11498.175000
11523.200000
11548.175000
11573.200000
11598.175000
11623.200000
11648.175000
11673.200000
11698.175000
11723.200000
11748.175000
11773.200000
11798.175000
11823.200000
11848.175000
11873.200000
11898.175000
11923.200000
11948.175000
11973.200000
11998.175000
12023.200000
12048.175000
12073.200000
12098.175000
12123.200000
12148.175000
12173.200000
12198.175000
12223.200000
12248.175000
12273.200000
12298.175000
12323.200000
12348.175000
12373.200000
12398.175000
12423.200000
12448.175000
12473.200000
12498.175000
12523.200000
12548.175000
12573.200000
12598.175000
12623.200000
12648.175000
12673.200000
12698.175000
12723.200000
12748.175000
12773.200000
12798.175000
12823.200000
12848.175000
12873.200000
12898.175000
12923.200000
12948.175000
12973.200000
12998.175000
13023.200000
13048.175000
13073.200000
13098.175000
13123.200000
13148.175000
13173.200000
13198.175000
13223.200000
13248.175000
13273.200000
13298.175000
13323.200000
13348.175000
13373.200000
13398.175000
13423.200000
13448.175000
13473.200000
13498.175000
13523.200000
13548.175000
13573.200000
13598.175000
13623.200000
13648.175000
13673.200000
13698.175000
13723.200000
13748.175000
13773.200000
13798.175000
13823.200000
13848.175000
13873.200000
13898.175000
13923.200000
13948.175000
13973.200000
13998.175000
14023.200000
14048.175000
14073.200000
14098.175000
14123.200000
14148.175000
14173.200000
14198.175000
14223.200000
14248.175000
14273.200000
14298.175000
14323.200000
14348.175000
14373.200000
14398.175000
14423.200000
14448.175000
14473.200000
14498.175000
14523.200000
14548.175000
14573.200000
14598.175000
14623.200000
14648.175000
14673.200000
14698.175000
14723.200000
14748.175000
14773.200000
14798.175000
14823.200000
14848.175000
14873.200000
14898.175000
14923.200000
14948.175000
14973.200000
14998.175000
15023.200000
15048.175000
15073.200000
15098.175000
15123.200000
15148.175000
15173.200000
15198.175000
15223.200000
15248.175000
15273.200000
15298.175000
15323.200000
15348.175000
15373.200000
15398.175000
15423.200000
15448.175000
15473.200000
15498.175000
15523.200000
15548.175000
15573.200000
15598.175000
15623.200000
15648.175000
15673.200000
15698.175000
15723.200000
15748.175000
15773.200000
15798.175000
15823.200000
15848.175000
15873.200000
15898.175000
15923.200000
15948.175000
15973.200000
15998.175000
16023.200000
16048.175000
16073.200000
16098.175000
16123.200000
16148.175000
16173.200000
16198.175000
16223.200000
16248.175000
16273.200000
16298.175000
16323.200000
16348.175000
16373.200000
16398.175000
16423.200000
16448.175000
16473.200000
16498.175000
16523.200000
16548.175000
16573.200000
16598.175000
16623.200000
16648.175000
16673.200000
16698.175000
16723.200000
16748.175000
16773.200000
16798.175000
16823.200000
16848.175000
16873.200000
16898.175000
16923.200000
16948.175000
16973.200000
16998.175000
17023.200000
17048.175000
17073.200000
17098.175000
17123.200000
17148.175000
17173.200000
17198.175000
17223.200000
17248.175000
17273.200000
17298.175000
17323.200000
17348.175000
17373.200000
17398.175000
17423.200000
17448.175000
17473.200000
17498.175000
17523.200000
17548.175000
17573.200000
17598.175000
17623.200000
17648.175000
17673.200000
17698.175000
17723.200000
17748.175000
17773.200000
17798.175000
17823.200000
17848.175000
17873.200000
17898.175000
17923.200000
17948.175000
17973.200000
17998.175000
18023.200000
18048.175000
18073.200000
18098.175000
18123.200000
18148.175000
18173.200000
18198.175000
18223.200000
18248.175001
18273.200001
18298.175001
18323.200001
18348.175001
18373.200001
18398.175001
18423.200001
18448.175001
18473.200001
18498.175001
18523.200001
18548.175001
18573.200001
18598.175001
18623.200001
18648.175001
18673.200001
18698.175001
18723.200001
18748.175001
18773.200001
18798.175001
18823.200001
18848.175001
18873.200001
18898.175001
18923.200001
18948.175001
18973.200001
18998.175001
19023.200001
19048.175001
19073.200001
19098.175001
19123.200001
19148.175001
19173.200001
19198.175001
19223.200001
19248.175001
19273.200001
19298.175001
19323.200001
19348.175001
19373.200001
19398.175001
19423.200001
19448.175001
19473.200001
19498.175001
19523.200001
19548.175001
19573.200001
19598.175001
19623.200001
19648.175001
19673.200001
19698.175001
19723.200001
19748.175001
19773.200001
19798.175001
19823.200001
19848.175001
19873.200001
19898.175001
19923.200001
19948.175001
19973.200001
19998.175001
20023.200001
20048.175001
20073.200001
20098.175001
20123.200001
20148.175001
20173.200001
20198.175001
20223.200001
20248.175001
20273.200001
20298.175001
20323.200001
20348.175001
20373.200001
20398.175001
20423.200001
20448.175001
20473.200001
20498.175001
20523.200001
20548.175001
20573.200001
20598.175001
20623.200001
20648.175001
20673.200001
20698.175001
20723.200001
20748.175001
20773.200001
20798.175001
20823.200001
20848.175001
20873.200001
20898.175001
20923.200001
20948.175001
20973.200001
20998.175001
21023.200001
21048.175001
21073.200001
21098.175001
21123.200001
21148.175001
21173.200001
21198.175001
21223.200001
21248.175001
21273.200001
21298.175001
21323.200001
21348.175001
21373.200001
21398.175001
21423.200001
21448.175001
21473.200001
21498.175001
21523.200001
21548.175001
21573.200001
21598.175001
21623.200001
21648.175001
21673.200001
21698.175001
21723.200001
21748.175001
21773.200001
21798.175001
21823.200001
21848.175001
21873.200001
21898.175001
21923.200001
21948.175001
21973.200001
21998.175001
22023.200001
22048.175001
22073.200001
22098.175001
22123.200001
22148.175001
22173.200001
22198.175001
22223.200001
22248.175001
22273.200001
22298.175001
22323.200001
22348.175001
22373.200001
22398.175001
22423.200001
22448.175001
22473.200001
22498.175001
22523.200001
22548.175001
22573.200001
22598.175001
22623.200001
22648.175001
22673.200001
22698.175001
22723.200001
22748.175001
22773.200001
22798.175001
22823.200001
22848.175001
22873.200001
22898.175001
22923.200001
22948.175001
22973.200001
22998.175001
23023.200001
23048.175001
23073.200001
23098.175001
23123.200001
23148.175001
23173.200001
23198.175001
23223.200001
23248.175001
23273.200001
23298.175001
23323.200001
23348.175001
23373.200001
23398.175001
23423.200001
23448.175001
23473.200001
23498.175001
23523.200001
23548.175001
23573.200001
23598.175001
23623.200001
23648.175001
23673.200001
23698.175001
23723.200001
23748.175001
23773.200001
23798.175001
23823.200001
23848.175001
23873.200001
23898.175001
23923.200001
23948.175001
23973.200001
23998.175001
24023.200001
24048.175001
24073.200001
24098.175001
24123.200001
24148.175001
24173.200001
24198.175001
24223.200001
24248.175001
24273.200001
24298.175001
24323.200001
24348.175001
24373.200001
24398.175001
24423.200001
24448.175001
24473.200001
24498.175001
24523.200001
24548.175001
24573.200001
24598.175001
24623.200001
24648.175001
24673.200001
24698.175001
24723.200001
24748.175001
24773.200001
24798.175001
24823.200001
24848.175001
24873.200001
24898.175001
24923.200001
24948.175001
24973.200001
24998.175001
25023.200001
25048.175001
25073.200001
25098.175001
25123.200001
25148.175001
25173.200001
25198.175001
25223.200001
25248.175001
25273.200001
25298.175001
25323.200001
25348.175001
25373.200001
25398.175001
25423.200001
25448.175001
25473.200001
25498.175001
25523.200001
25548.175001
25573.200001
25598.175001
25623.200001
25648.175001
25673.200001
25698.175001
25723.200001
25748.175001
25773.200001
25798.175001
25823.200001
25848.175001
25873.200001
25898.175001
25923.200001
25948.175001
25973.200001
25998.175001
26023.200001
26048.175001
26073.200001
26098.175001
26123.200001
26148.175001
26173.200001
26198.175001
26223.200001
26248.175001
26273.200001
26298.175001
26323.200001
26348.175001
26373.200001
26398.175001
26423.200001
26448.175001
26473.200001
26498.175001
26523.200001
26548.175001
26573.200001
26598.175001
26623.200001
26648.175001
26673.200001
26698.175001
26723.200001
26748.175001
26773.200001
26798.175001
26823.200001
26848.175001
26873.200001
26898.175001
26923.200001
26948.175001
26973.200001
26998.175001
27023.200001
27048.175001
27073.200001
27098.175001
27123.200001
27148.175001
27173.200001
27198.175001
27223.200001
27248.175001
27273.200001
27298.175001
27323.200001
27348.175001
27373.200001
27398.175001
27423.200001
27448.175001
27473.200001
27498.175001
27523.200001
27548.175001
27573.200001
27598.175001
27623.200001
27648.175001
27673.200001
27698.175001
27723.200001
27748.175001
27773.200001
27798.175001
27823.200001
27848.175001
27873.200001
27898.175001
27923.200001
27948.175001
27973.200001
27998.175001
28023.200001
28048.175001
28073.200001
28098.175001
28123.200001
28148.175001
28173.200001
28198.175001
28223.200001
28248.175001
28273.200001
28298.175001
28323.200001
28348.175001
28373.200001
28398.175001
28423.200001
28448.175001
28473.200001
28498.175001
28523.200001
28548.175001
28573.200001
28598.175001
28623.200001
28648.175001
28673.200001
28698.175001
28723.200001
28748.175001
28773.200001
28798.175001
28823.200001
28848.175001
28873.200001
28898.175001
28923.200001
28948.175001
28973.200001
28998.175001
29023.200001
29048.175001
29073.200001
29098.175001
29123.200001
29148.175001
29173.200001
29198.175001
29223.200001
29248.175001
29273.200001
29298.175001
29323.200001
29348.175001
29373.200001
29398.175001
29423.200001
29448.175001
29473.425001
29499.325001
29525.650001
29552.175001
29578.925001
29606.325001
29634.175001
29662.525001
29691.450001
29721.300001
29752.125001
29784.075001
29817.350001
29852.250001
29889.650001
29931.050001
29982.250001
