10.000000
23.000000
376.025000
447.275000
507.975000
560.625000
607.625000
652.250000
694.900000
735.875000
775.925000
815.200000
853.975000
892.275000
930.375000
968.225000
1005.800000
1043.075000
1080.375000
1117.850000
1154.975000
1192.075000
1229.350000
1266.425000
1303.225000
1340.425000
1377.350000
1414.075000
1451.275000
1488.025000
1524.950000
1562.125000
1598.725000
1635.750000
1672.850000
1709.650000
1746.675000
1783.625000
1820.475000
1857.550000
1894.525000
1931.275000
1968.375000
2005.325000
2042.025000
2079.175000
2115.925000
2152.775000
2189.950000
2226.500000
2263.500000
2300.550000
2337.375000
2374.375000
2411.275000
2448.100000
2485.200000
2522.125000
2558.725000
2595.825000
2632.625000
2669.475000
2706.650000
2743.200000
2780.225000
2817.350000
2854.150000
2891.200000
2928.150000
2964.975000
3001.950000
3038.875000
3075.650000
3112.725000
3149.625000
3186.250000
3223.400000
3260.000000
3296.950000
3333.975000
3370.750000
3407.800000
3444.775000
3481.625000
3518.625000
3555.575000
3592.375000
3629.525000
3666.475000
3703.075000
3740.200000
3776.775000
3813.700000
3850.825000
3887.525000
3924.550000
3961.450000
3998.300000
4035.325000
4072.275000
4109.000000
4146.075000
4182.975000
4219.650000
4256.800000
4293.400000
4330.325000
4367.500000
4404.250000
4441.275000
4478.250000
4515.075000
4552.075000
4589.000000
4625.800000
4662.875000
4699.800000
4736.350000
4773.500000
4810.150000
4847.075000
4884.175000
4920.850000
4957.875000
4994.900000
5031.750000
5068.750000
5105.675000
5142.525000
5179.650000
5216.625000
5253.325000
5290.425000
5327.250000
5363.975000
5401.150000
5437.725000
5474.700000
5511.675000
5548.475000
5585.525000
5622.475000
5659.275000
5696.300000
5733.225000
5769.925000
5807.050000
5843.875000
5880.625000
5917.825000
5954.475000
5991.450000
6028.525000
6065.250000
6102.275000
6139.200000
6176.025000
6213.075000
6250.000000
6286.675000
6323.750000
6360.650000
6397.375000
6434.525000
6471.050000
6508.025000
6545.125000
6581.900000
6618.925000
6655.875000
6692.725000
6729.800000
6766.800000
6803.600000
6840.675000
6877.600000
6914.175000
6951.275000
6987.975000
7024.875000
7062.000000
7098.625000
7135.650000
7172.675000
7209.500000
7246.475000
7283.425000
7320.225000
7357.325000
7394.250000
7430.850000
7467.975000
7504.750000
7541.650000
7578.825000
7615.400000
7652.400000
7689.350000
7726.175000
7763.200000
7800.150000
7836.925000
7873.975000
7910.900000
7947.525000
7984.650000
8021.275000
8058.175000
8095.325000
8132.025000
8169.025000
8206.000000
8242.850000
8279.925000
8316.925000
8353.750000
8390.800000
8427.750000
8464.375000
8501.450000
8538.275000
8575.075000
8612.250000
8648.775000
8685.750000
8722.800000
8759.625000
8796.625000
8833.550000
8870.375000
8907.450000
8944.400000
8981.075000
9018.175000
9055.075000
9091.850000
9129.025000
9165.600000
9202.550000
9239.575000
9276.325000
9313.375000
9350.350000
9387.175000
9424.150000
9461.075000
9497.825000
9534.925000
9571.775000
9608.450000
9645.625000
9682.225000
9719.200000
9756.225000
9793.000000
9830.075000
9867.125000
9903.975000
9941.000000
9977.950000
10014.700000
10051.750000
10088.675000
10125.300000
10162.425000
10199.025000
10235.950000
10273.075000
10309.775000
10346.775000
10383.725000
10420.550000
10457.600000
10494.550000
10531.325000
10568.400000
10605.350000
10642.025000
10679.175000
10715.925000
10752.775000
10789.925000
10826.500000
10863.500000
10900.525000
10937.350000
10974.350000
11011.250000
11048.075000
11085.175000
11122.100000
11158.675000
11195.775000
11232.550000
11269.425000
11306.600000
11343.175000
11380.200000
11417.300000
11454.125000
11491.175000
11528.125000
11564.925000
11601.925000
11638.850000
11675.575000
11712.675000
11749.550000
11786.200000
11823.375000
11859.975000
11896.950000
11933.925000
11970.725000
12007.775000
12044.750000
12081.575000
12118.600000
12155.550000
12192.350000
12229.475000
12266.425000
12303.025000
12340.150000
12376.725000
12413.650000
12450.750000
12487.500000
12524.500000
12561.425000
12598.250000
12635.300000
12672.250000
12708.925000
12746.000000
12782.925000
12819.625000
12856.775000
12893.350000
12930.300000
12967.475000
13004.225000
13041.250000
13078.225000
13115.050000
13152.050000
13188.975000
13225.775000
13262.850000
13299.775000
13336.325000
13373.475000
13410.100000
13447.025000
13484.100000
13520.825000
13557.850000
13594.875000
13631.700000
13668.700000
13705.650000
13742.500000
13779.625000
13816.600000
13853.250000
13890.350000
13927.150000
13963.925000
14001.100000
14037.700000
14074.675000
14111.625000
14148.450000
14185.475000
14222.425000
14259.225000
14296.250000
14333.200000
14369.875000
14406.975000
14443.750000
14480.575000
14517.775000
14554.400000
14591.400000
14628.450000
14665.225000
14702.225000
14739.150000
14775.975000
14813.025000
14849.975000
14886.600000
14923.700000
14960.550000
14997.325000
15034.500000
15071.025000
15108.000000
15145.075000
15181.875000
15218.900000
15255.850000
15292.700000
15329.800000
15366.775000
15403.575000
15440.650000
15477.575000
15514.125000
15551.250000
15587.925000
15624.825000
15661.925000
15698.600000
15735.625000
15772.650000
15809.475000
15846.450000
15883.375000
15920.175000
15957.275000
15994.200000
16030.775000
16067.925000
16104.675000
16141.575000
16178.750000
16215.375000
16252.375000
16289.325000
16326.150000
16363.175000
16400.125000
16436.875000
16473.925000
16510.850000
16547.475000
16584.625000
16621.200000
16658.125000
16695.250000
16731.975000
16769.000000
16805.950000
16842.800000
16879.875000
16916.875000
16953.700000
16990.775000
17027.700000
17064.300000
17101.375000
17138.175000
17175.000000
17212.175000
17248.725000
17285.725000
17322.775000
17359.575000
17396.575000
17433.500000
17470.325000
17507.425000
17544.375000
17581.000000
17618.100000
17654.975000
17691.800000
17728.975000
17765.550000
17802.500000
17839.500000
17876.275000
17913.325000
17950.275000
17987.100000
18024.100000
18061.025000
18097.725000
18134.825000
18171.650000
18208.375000
18245.575001
18282.175001
18319.150001
18356.175001
18392.975001
18430.025001
18467.075001
18503.925001
18540.950001
18577.900001
18614.625001
18651.675001
18688.600001
18725.250001
18762.375001
18798.925001
18835.875001
18872.975001
18909.725001
18946.725001
18983.650001
19020.500001
19057.550001
19094.500001
19131.250001
19168.325001
19205.275001
19241.950001
19279.100001
19315.775001
19352.675001
19389.800001
19426.425001
19463.450001
19500.475001
19537.300001
19574.275001
19611.200001
19648.000001
19685.100001
19722.025001
19758.575001
19795.725001
19832.400001
19869.325001
19906.450001
19943.100001
19980.150001
20017.225001
20054.075001
20091.125001
20128.050001
20164.875001
20201.875001
20238.800001
20275.500001
20312.600001
20349.400001
20386.150001
20423.325001
20459.925001
20496.900001
20533.875001
20570.700001
20607.725001
20644.700001
20681.525001
20718.550001
20755.500001
20792.275001
20829.400001
20866.325001
20902.975001
20940.100001
20976.650001
21013.600001
21050.675001
21087.450001
21124.475001
21161.375001
21198.200001
21235.275001
21272.200001
21308.850001
21345.950001
21382.825001
21419.575001
21456.750001
21493.300001
21530.275001
21567.425001
21604.200001
21641.225001
21678.200001
21715.025001
21752.025001
21788.950001
21825.725001
21862.825001
21899.725001
21936.300001
21973.450001
22010.075001
22047.000001
22084.050001
22120.800001
22157.825001
22194.825001
22231.675001
22268.675001
22305.625001
22342.450001
22379.600001
22416.550001
22453.175001
22490.275001
22527.000001
22563.825001
22601.000001
22637.625001
22674.625001
22711.550001
22748.400001
22785.425001
22822.375001
22859.150001
22896.200001
22933.125001
22969.775001
23006.900001
23043.575001
23080.450001
23117.650001
23154.325001
23191.350001
23228.350001
23265.150001
23302.150001
23339.075001
23375.900001
23412.975001
23449.900001
23486.500001
23523.600001
23560.375001
23597.225001
23634.400001
23670.950001
23707.950001
23745.000001
23781.825001
23818.850001
23855.775001
23892.650001
23929.750001
23966.725001
24003.500001
24040.600001
24077.500001
24114.075001
24151.225001
24187.825001
24224.775001
24261.800001
24298.550001
24335.600001
24372.575001
24409.400001
24446.375001
24483.325001
24520.075001
24557.175001
24594.075001
24630.725001
24667.875001
24704.575001
24741.500001
24778.650001
24815.325001
24852.325001
24889.250001
24926.100001
24963.125001
25000.075001
25036.775001
25073.850001
25110.750001
25147.425001
25184.575001
25221.125001
25258.075001
25295.175001
25331.950001
25368.975001
25405.925001
25442.775001
25479.850001
25516.825001
25553.650001
25590.725001
25627.650001
25664.225001
25701.325001
25738.050001
25774.925001
25812.075001
25848.675001
25885.700001
25922.725001
25959.550001
25996.525001
26033.450001
26070.275001
26107.375001
26144.325001
26180.925001
26218.025001
26254.875001
26291.725001
26328.925001
26365.475001
26402.450001
26439.425001
26476.225001
26513.275001
26550.225001
26587.000001
26624.025001
26660.950001
26697.625001
26734.725001
26771.450001
26808.275001
26845.475001
26882.100001
26919.100001
26956.075001
26992.925001
27029.975001
27067.000001
27103.850001
27140.875001
27177.800001
27214.500001
27251.575001
27288.475001
27325.175001
27362.325001
27398.850001
27435.800001
27472.900001
27509.675001
27546.675001
27583.600001
27620.450001
27657.500001
27694.450001
27731.150001
27768.250001
27805.175001
27841.900001
27879.075001
27915.675001
27952.600001
27989.700001
28026.375001
28063.425001
28100.400001
28137.225001
28174.200001
28211.150001
28247.925001
28285.025001
28321.925001
28358.500001
28395.650001
28432.300001
28469.225001
28506.325001
28543.050001
28580.100001
28617.175001
28654.025001
28691.050001
28728.000001
28764.775001
28801.825001
28838.725001
28875.400001
28912.500001
28949.200001
28986.050001
29023.225001
29059.850001
29096.850001
29133.800001
29170.625001
29207.650001
29244.625001
29281.425001
29318.475001
29355.425001
29392.150001
29429.275001
29466.150001
29502.900001
29540.050001
29576.575001
29613.900001
29652.275001
29691.350001
29731.000001
29771.875001
29813.650001
29856.850001
29901.425001
29947.800001
29996.625001
30048.525001
30104.925001
30162.700001
30222.825001
30284.950001
30348.725001
30413.900001
30480.400001
30548.225001
30617.400001
30687.875001
30759.550001
30832.275001
30905.975001
30980.700001
31056.475001
31133.300001
31210.900001
31289.125001
31367.875001
31447.200001
31527.100001
31607.550001
31688.350001
31769.300001
31850.325001
31931.400001
32012.525001
32093.675001
32174.825001
32256.000001
32337.200001
32418.425001
32499.650001
32580.875001
32662.125001
32743.375001
32824.625001
32905.900001
32987.175001
33068.450001
33149.750001
33231.025001
33312.325001
33393.625001
33474.950001
33556.250001
33637.550001
33718.875001
33800.200001
33881.525001
33962.850001
34044.175001
34125.500001
34206.850001
34288.175001
34369.525001
34450.850001
34532.200001
34613.550001
34694.900001
34776.250001
34857.600001
34938.950001
