200.000000
6.000000
565.650000
608.875000
645.675000
679.000000
710.200000
739.650000
767.550000
795.025000
821.500000
847.200000
872.700000
897.725000
922.025000
945.675000
969.350000
992.500000
1016.050000
1039.500000
1062.400000
1085.450000
1108.925000
1131.575000
1154.825000
1178.375000
1200.975000
1224.275000
1247.675000
1270.300000
1293.625000
1317.175000
1339.825000
1363.100000
1385.950000
1409.025000
1431.675000
1454.850000
1478.350000
1500.950000
1524.250000
1547.575000
1570.250000
1593.400000
1616.375000
1639.550000
1662.250000
1685.375000
1708.500000
1731.325000
1754.300000
1777.225000
1800.600000
1823.225000
1846.475000
1869.850000
1892.500000
1915.875000
1939.350000
1962.025000
1985.325000
2008.125000
2031.225000
2053.900000
2077.075000
2100.550000
2123.150000
2146.475000
2169.775000
2192.450000
2215.825000
2238.875000
2261.825000
2284.675000
2307.650000
2331.075000
2353.725000
2377.000000
2400.500000
2423.125000
2446.450000
2469.650000
2492.400000
2515.300000
2538.250000
2561.700000
2584.375000
2607.575000
2630.500000
2653.500000
2676.075000
2699.300000
2722.750000
2745.375000
2768.700000
2792.100000
2814.750000
2838.075000
2861.475000
2884.200000
2907.525000
2930.300000
2953.450000
2976.025000
2999.275000
3022.750000
3045.375000
3068.700000
3092.075000
3114.750000
3138.050000
3161.425000
3184.175000
3207.500000
3230.275000
3253.450000
3276.025000
3299.275000
3322.750000
3345.375000
3368.700000
3392.075000
3414.750000
3438.050000
3461.425000
3484.175000
3507.500000
3530.275000
3553.450000
3576.025000
3599.275000
3622.750000
3645.375000
3668.700000
3692.075000
3714.750000
3738.050000
3761.425000
3784.175000
3807.500000
3830.275000
3853.450000
3876.025000
3899.275000
3922.750000
3945.375000
3968.700000
3992.075000
4014.750000
4038.050000
4061.425000
4084.175000
4107.500000
4130.275000
4153.450000
4176.025000
4199.275000
4222.750000
4245.375000
4268.700000
4292.075000
4314.750000
4338.050000
4361.425000
4384.175000
4407.500000
4430.275000
4453.450000
4476.025000
4499.275000
4522.750000
4545.375000
4568.700000
4592.075000
4614.750000
4638.050000
4661.425000
4684.175000
4707.500000
4730.275000
4753.450000
4776.025000
4799.275000
4822.750000
4845.375000
4868.700000
4892.075000
4914.750000
4938.050000
4961.425000
4984.175000
5007.500000
5030.275000
5053.450000
5076.025000
5099.275000
5122.750000
5145.375000
5168.700000
5192.075000
5214.750000
5238.050000
5261.425000
5284.175000
5307.500000
5330.275000
5353.450000
5376.025000
5399.275000
5422.750000
5445.375000
5468.700000
5492.075000
5514.750000
5538.050000
5561.425000
5584.175000
5607.500000
5630.275000
5653.450000
5676.025000
5699.275000
5722.750000
5745.375000
5768.700000
5792.075000
5814.750000
5838.050000
5861.425000
5884.175000
5907.500000
5930.275000
5953.450000
5976.025000
5999.275000
6022.750000
6045.375000
6068.700000
6092.075000
6114.750000
6138.050000
6161.425000
6184.175000
6207.500000
6230.275000
6253.450000
6276.025000
6299.275000
6322.750000
6345.375000
6368.700000
6392.075000
6414.750000
6438.050000
6461.425000
6484.175000
6507.500000
6530.275000
6553.450000
6576.025000
6599.275000
6622.750000
6645.375000
6668.700000
6692.075000
6714.750000
6738.050000
6761.425000
6784.175000
6807.500000
6830.275000
6853.450000
6876.025000
6899.275000
6922.750000
6945.375000
6968.700000
6992.075000
7014.750000
7038.050000
7061.425000
7084.175000
7107.500000
7130.275000
7153.450000
7176.025000
7199.275000
7222.750000
7245.375000
7268.700000
7292.075000
7314.750000
7338.050000
7361.425000
7384.175000
7407.500000
7430.275000
7453.450000
7476.025000
7499.275000
7522.750000
7545.375000
7568.700000
7592.075000
7614.750000
7638.050000
7661.425000
7684.175000
7707.500000
7730.275000
7753.450000
7776.025000
7799.275000
7822.750000
7845.375000
7868.700000
7892.075000
7914.750000
7938.050000
7961.425000
7984.175000
8007.500000
8030.275000
8053.450000
8076.025000
8099.275000
8122.750000
8145.375000
8168.700000
8192.075000
8214.750000
8238.050000
8261.425000
8284.175000
8307.500000
8330.275000
8353.450000
8376.025000
8399.275000
8422.750000
8445.375000
8468.700000
8492.075000
8514.750000
8538.050000
8561.425000
8584.175000
8607.500000
8630.275000
8653.450000
8676.025000
8699.275000
8722.750000
8745.375000
8768.700000
8792.075000
8814.750000
8838.050000
8861.425000
8884.175000
8907.500000
8930.275000
8953.450000
8976.025000
8999.275000
9022.750000
9045.375000
9068.700000
9092.075000
9114.750000
9138.050000
9161.425000
9184.175000
9207.500000
9230.275000
9253.450000
9276.025000
9299.275000
9322.750000
9345.375000
9368.700000
9392.075000
9414.750000
9438.050000
9461.425000
9484.175000
9507.500000
9530.275000
9553.450000
9576.025000
9599.275000
9622.750000
9645.375000
9668.700000
9692.075000
9714.750000
9738.050000
9761.425000
9784.175000
9807.500000
9830.275000
9853.450000
9876.025000
9899.275000
9922.750000
9945.375000
9968.700000
9992.075000
10014.750000
10038.050000
10061.425000
10084.175000
10107.500000
10130.275000
10153.450000
10176.025000
10199.275000
10222.750000
10245.375000
10268.700000
10292.075000
10314.750000
10338.050000
10361.425000
10384.175000
10407.500000
10430.275000
10453.450000
10476.025000
10499.275000
10522.750000
10545.375000
10568.700000
10592.075000
10614.750000
10638.050000
10661.425000
10684.175000
10707.500000
10730.275000
10753.450000
10776.025000
10799.275000
10822.750000
10845.375000
10868.700000
10892.075000
10914.750000
10938.050000
10961.425000
10984.175000
11007.500000
11030.275000
11053.450000
11076.025000
11099.275000
11122.750000
11145.375000
11168.700000
11192.075000
11214.750000
11238.050000
11261.425000
11284.175000
11307.500000
11330.275000
11353.450000
11376.025000
11399.275000
11422.750000
11445.375000
11468.700000
11492.075000
11514.750000
11538.050000
11561.425000
11584.175000
11607.500000
11630.275000
11653.450000
11676.025000
11699.275000
11722.750000
11745.375000
11768.700000
11792.075000
11814.750000
11838.050000
11861.425000
11884.175000
11907.500000
11930.275000
11953.450000
11976.025000
11999.275000
12022.750000
12045.375000
12068.700000
12092.075000
12114.750000
12138.050000
12161.425000
12184.175000
12207.500000
12230.275000
12253.450000
12276.025000
12299.275000
12322.750000
12345.375000
12368.700000
12392.075000
12414.750000
12438.050000
12461.425000
12484.175000
12507.500000
12530.275000
12553.450000
12576.025000
12599.275000
12622.750000
12645.375000
12668.700000
12692.075000
12714.750000
12738.050000
12761.425000
12784.175000
12807.500000
12830.275000
12853.450000
12876.025000
12899.275000
12922.750000
12945.375000
12968.700000
12992.075000
13014.750000
13038.050000
13061.425000
13084.175000
13107.500000
13130.275000
13153.450000
13176.025000
13199.275000
13222.750000
13245.375000
13268.700000
13292.075000
13314.750000
13338.050000
13361.425000
13384.175000
13407.500000
13430.275000
13453.450000
13476.025000
13499.275000
13522.750000
13545.375000
13568.700000
13592.075000
13614.750000
13638.050000
13661.425000
13684.175000
13707.500000
13730.275000
13753.450000
13776.025000
13799.275000
13822.750000
13845.375000
13868.700000
13892.075000
13914.750000
13938.050000
13961.425000
13984.175000
14007.500000
14030.275000
14053.450000
14076.025000
14099.275000
14122.750000
14145.375000
14168.700000
14192.075000
14214.750000
14238.050000
14261.425000
14284.175000
14307.500000
14330.275000
14353.450000
14376.025000
14399.275000
14422.750000
14445.375000
14468.700000
14492.075000
14514.750000
14538.050000
14561.425000
14584.175000
14607.500000
14630.275000
14653.450000
14676.025000
14699.275000
14722.750000
14745.375000
14768.700000
14792.075000
14814.750000
14838.050000
14861.425000
14884.175000
14907.500000
14930.275000
14953.450000
14976.025000
14999.275000
15022.750000
15045.375000
15068.700000
15092.075000
15114.750000
15138.050000
15161.425000
15184.175000
15207.500000
15230.275000
15253.450000
15276.025000
15299.275000
15322.750000
15345.375000
15368.700000
15392.075000
15414.750000
15438.050000
15461.425000
15484.175000
15507.500000
15530.275000
15553.450000
15576.025000
15599.275000
15622.750000
15645.375000
15668.700000
15692.075000
15714.750000
15738.050000
15761.425000
15784.175000
15807.500000
15830.275000
15853.450000
15876.025000
15899.275000
15922.750000
15945.375000
15968.700000
15992.075000
16014.750000
16038.050000
16061.425000
16084.175000
16107.500000
16130.275000
16153.450000
16176.025000
16199.275000
16222.750000
16245.375000
16268.700000
16292.075000
16314.750000
16338.050000
16361.425000
16384.175000
16407.500000
16430.275000
16453.450000
16476.025000
16499.275000
16522.750000
16545.375000
16568.700000
16592.075000
16614.750000
16638.050000
16661.425000
16684.175000
16707.500000
16730.275000
16753.450000
16776.025000
16799.275000
16822.750000
16845.375000
16868.700000
16892.075000
16914.750000
16938.050000
16961.425000
16984.175000
17007.500000
17030.275000
17053.450000
17076.025000
17099.275000
17122.750000
17145.375000
17168.700000
17192.075000
17214.750000
17238.050000
17261.425000
17284.175000
17307.500000
17330.275000
17353.450000
17376.025000
17399.275000
17422.750000
17445.375000
17468.700000
17492.075000
17514.750000
17538.050000
17561.425000
17584.175000
17607.500000
17630.275000
17653.450000
17676.025000
17699.275000
17722.750000
17745.375000
17768.700000
17792.075000
17814.750000
17838.050000
17861.425000
17884.175000
17907.500000
17930.275000
17953.450000
17976.025000
17999.275000
18022.750000
18045.375000
18068.700000
18092.075000
18114.750000
18138.050000
18161.425000
18184.175000
18207.500000
18230.275001
18253.450001
18276.025001
18299.275001
18322.750001
18345.375001
18368.700001
18392.075001
18414.750001
18438.050001
18461.425001
18484.175001
18507.500001
18530.275001
18553.450001
18576.025001
18599.275001
18622.750001
18645.375001
18668.700001
18692.075001
18714.750001
18738.050001
18761.425001
18784.175001
18807.500001
18830.275001
18853.450001
18876.025001
18899.275001
18922.750001
18945.375001
18968.700001
18992.075001
19014.750001
19038.050001
19061.425001
19084.175001
19107.500001
19130.275001
19153.450001
19176.025001
19199.275001
19222.750001
19245.375001
19268.700001
19292.075001
19314.750001
19338.050001
19361.425001
19384.175001
19407.500001
19430.275001
19453.450001
19476.025001
19499.275001
19522.750001
19545.375001
19568.700001
19592.075001
19614.750001
19638.050001
19661.425001
19684.175001
19707.500001
19730.275001
19753.450001
19776.025001
19799.275001
19822.750001
19845.375001
19868.700001
19892.075001
19914.750001
19938.050001
19961.425001
19984.175001
20007.500001
20030.275001
20053.450001
20076.025001
20099.275001
20122.750001
20145.375001
20168.700001
20192.075001
20214.750001
20238.050001
20261.425001
20284.175001
20307.500001
20330.275001
20353.450001
20376.025001
20399.275001
20422.750001
20445.375001
20468.700001
20492.075001
20514.750001
20538.050001
20561.425001
20584.175001
20607.500001
20630.275001
20653.450001
20676.025001
20699.275001
20722.750001
20745.375001
20768.700001
20792.075001
20814.750001
20838.050001
20861.425001
20884.175001
20907.500001
20930.275001
20953.450001
20976.025001
20999.275001
21022.750001
21045.375001
21068.700001
21092.075001
21114.750001
21138.050001
21161.425001
21184.175001
21207.500001
21230.275001
21253.450001
21276.025001
21299.275001
21322.750001
21345.375001
21368.700001
21392.075001
21414.750001
21438.050001
21461.425001
21484.175001
21507.500001
21530.275001
21553.450001
21576.025001
21599.275001
21622.750001
21645.375001
21668.700001
21692.075001
21714.750001
21738.050001
21761.425001
21784.175001
21807.500001
21830.275001
21853.450001
21876.025001
21899.275001
21922.750001
21945.375001
21968.700001
21992.075001
22014.750001
22038.050001
22061.425001
22084.175001
22107.500001
22130.275001
22153.450001
22176.025001
22199.275001
22222.750001
22245.375001
22268.700001
22292.075001
22314.750001
22338.050001
22361.425001
22384.175001
22407.500001
22430.275001
22453.450001
22476.025001
22499.275001
22522.750001
22545.375001
22568.700001
22592.075001
22614.750001
22638.050001
22661.425001
22684.175001
22707.500001
22730.275001
22753.450001
22776.025001
22799.275001
22822.750001
22845.375001
22868.700001
22892.075001
22914.750001
22938.050001
22961.425001
22984.175001
23007.500001
23030.275001
23053.450001
23076.025001
23099.275001
23122.750001
23145.375001
23168.700001
23192.075001
23214.750001
23238.050001
23261.425001
23284.175001
23307.500001
23330.275001
23353.450001
23376.025001
23399.275001
23422.750001
23445.375001
23468.700001
23492.075001
23514.750001
23538.050001
23561.425001
23584.175001
23607.500001
23630.275001
23653.450001
23676.025001
23699.275001
23722.750001
23745.375001
23768.700001
23792.075001
23814.750001
23838.050001
23861.425001
23884.175001
23907.500001
23930.275001
23953.450001
23976.025001
23999.275001
24022.750001
24045.375001
24068.700001
24092.075001
24114.750001
24138.050001
24161.425001
24184.175001
24207.500001
24230.275001
24253.450001
24276.025001
24299.275001
24322.750001
24345.375001
24368.700001
24392.075001
24414.750001
24438.050001
24461.425001
24484.175001
24507.500001
24530.275001
24553.450001
24576.025001
24599.275001
24622.750001
24645.375001
24668.700001
24692.075001
24714.750001
24738.050001
24761.425001
24784.175001
24807.500001
24830.275001
24853.450001
24876.025001
24899.275001
24922.750001
24945.375001
24968.700001
24992.075001
25014.750001
25038.050001
25061.425001
25084.175001
25107.500001
25130.275001
25153.450001
25176.025001
25199.275001
25222.750001
25245.375001
25268.700001
25292.075001
25314.750001
25338.050001
25361.425001
25384.175001
25407.500001
25430.275001
25453.450001
25476.025001
25499.275001
25522.750001
25545.375001
25568.700001
25592.075001
25614.750001
25638.050001
25661.425001
25684.175001
25707.500001
25730.275001
25753.450001
25776.025001
25799.275001
25822.750001
25845.375001
25868.700001
25892.075001
25914.750001
25938.050001
25961.425001
25984.175001
26007.500001
26030.275001
26053.450001
26076.025001
26099.275001
26122.750001
26145.375001
26168.700001
26192.075001
26214.750001
26238.050001
26261.425001
26284.175001
26307.500001
26330.275001
26353.450001
26376.025001
26399.275001
26422.750001
26445.375001
26468.700001
26492.075001
26514.750001
26538.050001
26561.425001
26584.175001
26607.500001
26630.275001
26653.450001
26676.025001
26699.275001
26722.750001
26745.375001
26768.700001
26792.075001
26814.750001
26838.050001
26861.425001
26884.175001
26907.500001
26930.275001
26953.450001
26976.025001
26999.275001
27022.750001
27045.375001
27068.700001
27092.075001
27114.750001
27138.050001
27161.425001
27184.175001
27207.500001
27230.275001
27253.450001
27276.025001
27299.275001
27322.750001
27345.375001
27368.700001
27392.075001
27414.750001
27438.050001
27461.425001
27484.175001
27507.500001
27530.275001
27553.450001
27576.025001
27599.275001
27622.750001
27645.375001
27668.700001
27692.075001
27714.750001
27738.050001
27761.425001
27784.175001
27807.500001
27830.275001
27853.450001
27876.025001
27899.275001
27922.750001
27945.375001
27968.700001
27992.075001
28014.750001
28038.050001
28061.425001
28084.175001
28107.500001
28130.275001
28153.450001
28176.025001
28199.275001
28222.750001
28245.375001
28268.700001
28292.075001
28314.750001
28338.050001
28361.425001
28384.175001
28407.500001
28430.275001
28453.450001
28476.025001
28499.275001
28522.750001
28545.375001
28568.700001
28592.075001
28614.750001
28638.050001
28661.425001
28684.175001
28707.500001
28730.275001
28753.450001
28776.025001
28799.275001
28822.750001
28845.375001
28868.700001
28892.075001
28914.750001
28938.050001
28961.425001
28984.175001
29007.500001
29030.275001
29053.450001
29076.025001
29099.275001
29122.750001
29145.375001
29168.700001
29192.275001
29215.950001
29239.650001
29263.375001
29287.150001
29311.750001
29336.450001
29361.150001
29385.775001
29410.850001
29436.575001
29462.100001
29488.225001
29514.625001
29541.275001
29568.475001
29595.625001
29623.200001
29651.250001
29679.900001
29709.075001
29738.625001
29768.850001
29799.675001
29831.300001
29863.625001
29896.925001
29931.425001
29967.425001
30005.250001
30045.825001
30091.250001
30142.825001
