10.000000
3.000000
236.450000
313.775000
379.700000
438.550000
492.350000
542.050000
591.150000
638.425000
684.575000
729.800000
774.525000
818.925000
863.050000
907.000000
950.800000
994.425000
1037.750000
1081.200000
1124.750000
1168.175000
1211.575000
1255.100000
1298.375000
1341.625000
1384.950000
1428.350000
1471.725000
1515.000000
1558.150000
1601.425000
1644.600000
1687.600000
1730.650000
1773.900000
1817.350000
1860.650000
1903.925000
1947.025000
1990.275000
2033.375000
2076.350000
2119.425000
2162.675000
2205.825000
2248.800000
2291.900000
2335.225000
2378.750000
2421.925000
2465.025000
2508.125000
2551.375000
2594.500000
2637.475000
2680.525000
2723.725000
2766.975000
2810.000000
2853.050000
2896.375000
2939.875000
2983.075000
3026.150000
3069.275000
3112.525000
3155.625000
3198.575000
3241.675000
3284.925000
3328.100000
3371.125000
3414.150000
3457.550000
3501.000000
3544.225000
3587.275000
3630.375000
3673.600000
3716.775000
3759.750000
3802.775000
3846.000000
3889.100000
3932.150000
3975.175000
4018.475000
4061.875000
4105.200000
4148.325000
4191.500000
4234.750000
4277.850000
4320.800000
4363.825000
4407.100000
4450.250000
4493.250000
4536.225000
4579.600000
4623.025000
4666.350000
4709.450000
4752.575000
4795.825000
4838.875000
4881.925000
4924.950000
4968.200000
5011.275000
5054.350000
5097.350000
5140.675000
5184.050000
5227.325000
5270.525000
5313.650000
5356.950000
5400.050000
5443.025000
5486.050000
5529.375000
5572.525000
5615.575000
5658.600000
5701.925000
5745.425000
5788.600000
5831.725000
5874.825000
5918.075000
5961.150000
6004.200000
6047.225000
6090.475000
6133.600000
6176.550000
6219.625000
6262.925000
6306.400000
6349.650000
6392.800000
6435.900000
6479.225000
6522.300000
6565.275000
6608.300000
6651.500000
6694.700000
6737.700000
6780.700000
6823.950000
6867.425000
6910.700000
6953.925000
6997.025000
7040.275000
7083.350000
7126.325000
7169.400000
7212.650000
7255.775000
7298.725000
7341.825000
7385.125000
7428.575000
7471.825000
7514.975000
7558.125000
7601.350000
7644.500000
7687.475000
7730.500000
7773.725000
7816.950000
7859.950000
7903.000000
7946.275000
7989.725000
8033.000000
8076.100000
8119.275000
8162.500000
8205.600000
8248.575000
8291.675000
8334.900000
8378.075000
8421.075000
8464.075000
8507.450000
8550.900000
8594.150000
8637.250000
8680.375000
8723.600000
8766.775000
8809.750000
8852.775000
8895.975000
8939.100000
8982.125000
9025.150000
9068.425000
9111.775000
9155.150000
9198.300000
9241.500000
9284.725000
9327.825000
9370.800000
9413.825000
9457.100000
9500.225000
9543.225000
9586.200000
9629.600000
9673.000000
9716.325000
9759.450000
9802.575000
9845.825000
9888.875000
9931.925000
9974.950000
10018.200000
10061.275000
10104.350000
10147.350000
10190.650000
10234.025000
10277.325000
10320.525000
10363.650000
10406.950000
10450.050000
10493.025000
10536.050000
10579.375000
10622.525000
10665.575000
10708.575000
10751.900000
10795.400000
10838.575000
10881.725000
10924.825000
10968.075000
11011.125000
11054.200000
11097.225000
11140.475000
11183.600000
11226.550000
11269.625000
11312.925000
11356.400000
11399.625000
11442.800000
11485.900000
11529.225000
11572.300000
11615.275000
11658.300000
11701.500000
11744.700000
11787.700000
11830.700000
11873.950000
11917.425000
11960.700000
12003.925000
12047.025000
12090.275000
12133.350000
12176.325000
12219.400000
12262.650000
12305.775000
12348.725000
12391.825000
12435.100000
12478.550000
12521.825000
12564.975000
12608.125000
12651.350000
12694.500000
12737.475000
12780.500000
12823.725000
12866.950000
12909.950000
12953.000000
12996.275000
13039.725000
13083.000000
13126.100000
13169.275000
13212.500000
13255.600000
13298.575000
13341.675000
13384.900000
13428.075000
13471.075000
13514.075000
13557.450000
13600.900000
13644.150000
13687.250000
13730.375000
13773.600000
13816.775000
13859.750000
13902.775000
13945.975000
13989.100000
14032.125000
14075.150000
14118.425000
14161.775000
14205.150000
14248.300000
14291.500000
14334.725000
14377.825000
14420.800000
14463.825000
14507.100000
14550.225000
14593.225000
14636.200000
14679.600000
14723.000000
14766.325000
14809.450000
14852.575000
14895.825000
14938.875000
14981.925000
15024.950000
15068.200000
15111.275000
15154.350000
15197.350000
15240.650000
15284.025000
15327.325000
15370.525000
15413.650000
15456.950000
15500.050000
15543.025000
15586.050000
15629.375000
15672.525000
15715.575000
15758.575000
15801.900000
15845.400000
15888.575000
15931.725000
15974.825000
16018.075000
16061.125000
16104.200000
16147.225000
16190.475000
16233.600000
16276.550000
16319.625000
16362.925000
16406.400000
16449.625000
16492.800000
16535.900000
16579.225000
16622.300000
16665.275000
16708.300000
16751.500000
16794.700000
16837.700000
16880.700000
16923.950000
16967.425000
17010.700000
17053.925000
17097.025000
17140.275000
17183.350000
17226.325000
17269.400000
17312.650000
17355.775000
17398.725000
17441.825000
17485.100000
17528.550000
17571.825000
17614.975000
17658.125000
17701.350000
17744.500000
17787.475000
17830.500000
17873.725000
17916.950000
17959.950000
18003.000000
18046.275000
18089.725000
18133.000000
18176.100000
18219.275000
18262.500001
18305.600001
18348.575001
18391.675001
18434.900001
18478.075001
18521.075001
18564.075001
18607.450001
18650.900001
18694.150001
18737.250001
18780.375001
18823.600001
18866.775001
18909.750001
18952.775001
18995.975001
19039.100001
19082.125001
19125.150001
19168.425001
19211.775001
19255.150001
19298.300001
19341.500001
19384.725001
19427.825001
19470.800001
19513.825001
19557.100001
19600.225001
19643.225001
19686.200001
19729.600001
19773.000001
19816.325001
19859.450001
19902.575001
19945.825001
19988.875001
20031.925001
20074.950001
20118.200001
20161.275001
20204.350001
20247.350001
20290.650001
20334.025001
20377.325001
20420.525001
20463.650001
20506.950001
20550.050001
20593.025001
20636.050001
20679.375001
20722.525001
20765.575001
20808.575001
20851.900001
20895.400001
20938.575001
20981.725001
21024.825001
21068.075001
21111.125001
21154.200001
21197.225001
21240.475001
21283.600001
21326.550001
21369.625001
21412.925001
21456.400001
21499.625001
21542.800001
21585.900001
21629.225001
21672.300001
21715.275001
21758.300001
21801.500001
21844.700001
21887.700001
21930.700001
21973.950001
22017.425001
22060.700001
22103.925001
22147.025001
22190.275001
22233.350001
22276.325001
22319.400001
22362.650001
22405.775001
22448.725001
22491.825001
22535.100001
22578.550001
22621.825001
22664.975001
22708.125001
22751.350001
22794.500001
22837.475001
22880.500001
22923.725001
22966.950001
23009.950001
23053.000001
23096.275001
23139.725001
23183.000001
23226.100001
23269.275001
23312.500001
23355.600001
23398.575001
23441.675001
23484.900001
23528.075001
23571.075001
23614.075001
23657.450001
23700.900001
23744.150001
23787.250001
23830.375001
23873.600001
23916.775001
23959.750001
24002.775001
24045.975001
24089.100001
24132.125001
24175.150001
24218.425001
24261.775001
24305.150001
24348.300001
24391.500001
24434.725001
24477.825001
24520.800001
24563.825001
24607.100001
24650.225001
24693.225001
24736.200001
24779.600001
24823.000001
24866.325001
24909.450001
24952.575001
24995.825001
25038.875001
25081.925001
25124.950001
25168.200001
25211.275001
25254.350001
25297.350001
25340.650001
25384.025001
25427.325001
25470.525001
25513.650001
25556.950001
25600.050001
25643.025001
25686.050001
25729.375001
25772.525001
25815.575001
25858.575001
25901.900001
25945.400001
25988.575001
26031.725001
26074.825001
26118.075001
26161.125001
26204.200001
26247.225001
26290.475001
26333.600001
26376.550001
26419.625001
26462.925001
26506.400001
26549.625001
26592.800001
26635.900001
26679.225001
26722.300001
26765.275001
26808.300001
26851.500001
26894.700001
26937.700001
26980.700001
27023.950001
27067.425001
27110.700001
27153.925001
27197.025001
27240.275001
27283.350001
27326.325001
27369.400001
27412.650001
27455.775001
27498.725001
27541.825001
27585.100001
27628.550001
27671.825001
27714.975001
27758.125001
27801.350001
27844.500001
27887.475001
27930.500001
27973.725001
28016.950001
28059.950001
28103.000001
28146.275001
28189.725001
28233.000001
28276.100001
28319.275001
28362.500001
28405.600001
28448.575001
28491.675001
28534.900001
28578.075001
28621.075001
28664.075001
28707.450001
28750.900001
28794.150001
28837.250001
28880.375001
28923.600001
28966.775001
29009.750001
29052.775001
29095.975001
29139.100001
29182.125001
29225.150001
29268.425001
29311.775001
29355.150001
29398.300001
29441.500001
29484.725001
29527.825001
29570.800001
29613.825001
29657.100001
29702.100001
29748.750001
29797.450001
29848.700001
29903.400001
29962.975001
30030.025001
30112.425001
30196.925001
30286.825001
30382.800001
30485.350001
30594.100001
30710.075001
31098.275001
31210.425001
31339.625001
31799.250001
31911.250001
32365.450001
32482.575001
33180.575001
33292.225001
33428.675001
34045.750001
34157.375001
34289.250001
34906.925001
