100.000000
6.000000
432.000000
497.000000
553.125000
604.850000
653.725000
700.675000
745.800000
790.975000
835.825000
880.425000
924.925000
969.400000
1013.775000
1058.175000
1102.625000
1147.075000
1191.550000
1235.900000
1280.375000
1324.800000
1369.250000
1413.650000
1458.100000
1502.575000
1547.025000
1591.500000
1635.875000
1680.350000
1724.800000
1769.250000
1813.650000
1858.100000
1902.550000
1947.025000
1991.500000
2035.875000
2080.350000
2124.800000
2169.250000
2213.650000
2258.100000
2302.550000
2347.025000
2391.500000
2435.875000
2480.350000
2524.800000
2569.250000
2613.650000
2658.100000
2702.550000
2747.025000
2791.500000
2835.875000
2880.350000
2924.800000
2969.250000
3013.650000
3058.100000
3102.550000
3147.025000
3191.500000
3235.875000
3280.350000
3324.800000
3369.250000
3413.650000
3458.100000
3502.550000
3547.025000
3591.500000
3635.875000
3680.350000
3724.800000
3769.250000
3813.650000
3858.100000
3902.550000
3947.025000
3991.500000
4035.875000
4080.350000
4124.800000
4169.250000
4213.650000
4258.100000
4302.550000
4347.025000
4391.500000
4435.875000
4480.350000
4524.800000
4569.250000
4613.650000
4658.100000
4702.550000
4747.025000
4791.500000
4835.875000
4880.350000
4924.800000
4969.250000
5013.650000
5058.100000
5102.550000
5147.025000
5191.500000
5235.875000
5280.350000
5324.800000
5369.250000
5413.650000
5458.100000
5502.550000
5547.025000
5591.500000
5635.875000
5680.350000
5724.800000
5769.250000
5813.650000
5858.100000
5902.550000
5947.025000
5991.500000
6035.875000
6080.350000
6124.800000
6169.250000
6213.650000
6258.100000
6302.550000
6347.025000
6391.500000
6435.875000
6480.350000
6524.800000
6569.250000
6613.650000
6658.100000
6702.550000
6747.025000
6791.500000
6835.875000
6880.350000
6924.800000
6969.250000
7013.650000
7058.100000
7102.550000
7147.025000
7191.500000
7235.875000
7280.350000
7324.800000
7369.250000
7413.650000
7458.100000
7502.550000
7547.025000
7591.500000
7635.875000
7680.350000
7724.800000
7769.250000
7813.650000
7858.100000
7902.550000
7947.025000
7991.500000
8035.875000
8080.350000
8124.800000
8169.250000
8213.650000
8258.100000
8302.550000
8347.025000
8391.500000
8435.875000
8480.350000
8524.800000
8569.250000
8613.650000
8658.100000
8702.550000
8747.025000
8791.500000
8835.875000
8880.350000
8924.800000
8969.250000
9013.650000
9058.100000
9102.550000
9147.025000
9191.500000
9235.875000
9280.350000
9324.800000
9369.250000
9413.650000
9458.100000
9502.550000
9547.025000
9591.500000
9635.875000
9680.350000
9724.800000
9769.250000
9813.650000
9858.100000
9902.550000
9947.025000
9991.500000
10035.875000
10080.350000
10124.800000
10169.250000
10213.650000
10258.100000
10302.550000
10347.025000
10391.500000
10435.875000
10480.350000
10524.800000
10569.250000
10613.650000
10658.100000
10702.550000
10747.025000
10791.500000
10835.875000
10880.350000
10924.800000
10969.250000
11013.650000
11058.100000
11102.550000
11147.025000
11191.500000
11235.875000
11280.350000
11324.800000
11369.250000
11413.650000
11458.100000
11502.550000
11547.025000
11591.500000
11635.875000
11680.350000
11724.800000
11769.250000
11813.650000
11858.100000
11902.550000
11947.025000
11991.500000
12035.875000
12080.350000
12124.800000
12169.250000
12213.650000
12258.100000
12302.550000
12347.025000
12391.500000
12435.875000
12480.350000
12524.800000
12569.250000
12613.650000
12658.100000
12702.550000
12747.025000
12791.500000
12835.875000
12880.350000
12924.800000
12969.250000
13013.650000
13058.100000
13102.550000
13147.025000
13191.500000
13235.875000
13280.350000
13324.800000
13369.250000
13413.650000
13458.100000
13502.550000
13547.025000
13591.500000
13635.875000
13680.350000
13724.800000
13769.250000
13813.650000
13858.100000
13902.550000
13947.025000
13991.500000
14035.875000
14080.350000
14124.800000
14169.250000
14213.650000
14258.100000
14302.550000
14347.025000
14391.500000
14435.875000
14480.350000
14524.800000
14569.250000
14613.650000
14658.100000
14702.550000
14747.025000
14791.500000
14835.875000
14880.350000
14924.800000
14969.250000
15013.650000
15058.100000
15102.550000
15147.025000
15191.500000
15235.875000
15280.350000
15324.800000
15369.250000
15413.650000
15458.100000
15502.550000
15547.025000
15591.500000
15635.875000
15680.350000
15724.800000
15769.250000
15813.650000
15858.100000
15902.550000
15947.025000
15991.500000
16035.875000
16080.350000
16124.800000
16169.250000
16213.650000
16258.100000
16302.550000
16347.025000
16391.500000
16435.875000
16480.350000
16524.800000
16569.250000
16613.650000
16658.100000
16702.550000
16747.025000
16791.500000
16835.875000
16880.350000
16924.800000
16969.250000
17013.650000
17058.100000
17102.550000
17147.025000
17191.500000
17235.875000
17280.350000
17324.800000
17369.250000
17413.650000
17458.100000
17502.550000
17547.025000
17591.500000
17635.875000
17680.350000
17724.800000
17769.250000
17813.650000
17858.100000
17902.550000
17947.025000
17991.500000
18035.875000
18080.350000
18124.800000
18169.250000
18213.650000
18258.100001
18302.550001
18347.025001
18391.500001
18435.875001
18480.350001
18524.800001
18569.250001
18613.650001
18658.100001
18702.550001
18747.025001
18791.500001
18835.875001
18880.350001
18924.800001
18969.250001
19013.650001
19058.100001
19102.550001
19147.025001
19191.500001
19235.875001
19280.350001
19324.800001
19369.250001
19413.650001
19458.100001
19502.550001
19547.025001
19591.500001
19635.875001
19680.350001
19724.800001
19769.250001
19813.650001
19858.100001
19902.550001
19947.025001
19991.500001
20035.875001
20080.350001
20124.800001
20169.250001
20213.650001
20258.100001
20302.550001
20347.025001
20391.500001
20435.875001
20480.350001
20524.800001
20569.250001
20613.650001
20658.100001
20702.550001
20747.025001
20791.500001
20835.875001
20880.350001
20924.800001
20969.250001
21013.650001
21058.100001
21102.550001
21147.025001
21191.500001
21235.875001
21280.350001
21324.800001
21369.250001
21413.650001
21458.100001
21502.550001
21547.025001
21591.500001
21635.875001
21680.350001
21724.800001
21769.250001
21813.650001
21858.100001
21902.550001
21947.025001
21991.500001
22035.875001
22080.350001
22124.800001
22169.250001
22213.650001
22258.100001
22302.550001
22347.025001
22391.500001
22435.875001
22480.350001
22524.800001
22569.250001
22613.650001
22658.100001
22702.550001
22747.025001
22791.500001
22835.875001
22880.350001
22924.800001
22969.250001
23013.650001
23058.100001
23102.550001
23147.025001
23191.500001
23235.875001
23280.350001
23324.800001
23369.250001
23413.650001
23458.100001
23502.550001
23547.025001
23591.500001
23635.875001
23680.350001
23724.800001
23769.250001
23813.650001
23858.100001
23902.550001
23947.025001
23991.500001
24035.875001
24080.350001
24124.800001
24169.250001
24213.650001
24258.100001
24302.550001
24347.025001
24391.500001
24435.875001
24480.350001
24524.800001
24569.250001
24613.650001
24658.100001
24702.550001
24747.025001
24791.500001
24835.875001
24880.350001
24924.800001
24969.250001
25013.650001
25058.100001
25102.550001
25147.025001
25191.500001
25235.875001
25280.350001
25324.800001
25369.250001
25413.650001
25458.100001
25502.550001
25547.025001
25591.500001
25635.875001
25680.350001
25724.800001
25769.250001
25813.650001
25858.100001
25902.550001
25947.025001
25991.500001
26035.875001
26080.350001
26124.800001
26169.250001
26213.650001
26258.100001
26302.550001
26347.025001
26391.500001
26435.875001
26480.350001
26524.800001
26569.250001
26613.650001
26658.100001
26702.550001
26747.025001
26791.500001
26835.875001
26880.350001
26924.800001
26969.250001
27013.650001
27058.100001
27102.550001
27147.025001
27191.500001
27235.875001
27280.350001
27324.800001
27369.250001
27413.650001
27458.100001
27502.550001
27547.025001
27591.500001
27635.875001
27680.350001
27724.800001
27769.250001
27813.650001
27858.100001
27902.550001
27947.025001
27991.500001
28035.875001
28080.350001
28124.800001
28169.250001
28213.650001
28258.100001
28302.550001
28347.025001
28391.500001
28435.875001
28480.350001
28524.800001
28569.250001
28613.650001
28658.100001
28702.550001
28747.025001
28791.500001
28835.875001
28880.350001
28924.800001
28969.250001
29013.650001
29058.100001
29102.550001
29147.025001
29191.500001
29235.875001
29280.350001
29324.800001
29369.250001
29413.650001
29458.275001
29505.100001
29553.150001
29602.925001
29655.125001
29709.900001
29768.575001
29832.375001
29905.500001
