10.000000
27.000000
415.300000
484.900000
543.525000
594.550000
640.150000
681.775000
722.200000
761.100000
798.900000
836.100000
873.325000
909.575000
945.875000
981.750000
1017.875000
1053.425000
1089.375000
1124.925000
1160.575000
1196.275000
1231.775000
1267.625000
1302.825000
1338.425000
1374.000000
1409.450000
1445.175000
1480.475000
1516.025000
1551.600000
1586.975000
1622.675000
1658.100000
1693.350000
1729.125000
1764.125000
1799.775000
1835.300000
1870.675000
1906.425000
1941.700000
1977.175000
2012.850000
2048.225000
2083.825000
2119.275000
2154.675000
2190.350000
2225.600000
2261.200000
2296.750000
2332.050000
2367.825000
2402.900000
2438.475000
2474.000000
2509.400000
2545.100000
2580.450000
2615.900000
2651.525000
2686.800000
2722.500000
2757.975000
2793.200000
2829.025000
2864.000000
2899.625000
2935.175000
2970.575000
3006.275000
3041.650000
3077.025000
3112.725000
3148.075000
3183.650000
3219.175000
3254.475000
3290.175000
3325.250000
3360.850000
3396.325000
3431.775000
3467.550000
3502.775000
3538.275000
3573.875000
3609.250000
3644.950000
3680.375000
3715.700000
3751.375000
3786.450000
3822.100000
3857.625000
3893.000000
3928.825000
3963.875000
3999.400000
4035.050000
4070.450000
4106.075000
4141.550000
4176.800000
4212.500000
4247.675000
4283.275000
4318.825000
4354.225000
4389.975000
4425.075000
4460.650000
4496.175000
4531.625000
4567.375000
4602.700000
4638.125000
4673.750000
4709.050000
4744.750000
4780.225000
4815.475000
4851.200000
4886.225000
4921.850000
4957.425000
4992.825000
5028.600000
5063.825000
5099.225000
5134.925000
5170.275000
5205.925000
5241.450000
5276.600000
5312.350000
5347.400000
5383.025000
5418.525000
5454.000000
5489.650000
5524.950000
5560.450000
5596.050000
5631.425000
5667.200000
5702.625000
5737.925000
5773.600000
5808.700000
5844.350000
5879.925000
5915.250000
5951.025000
5986.125000
6021.650000
6057.325000
6092.725000
6128.425000
6163.775000
6199.100000
6234.800000
6270.050000
6305.700000
6341.275000
6376.450000
6412.250000
6447.325000
6482.925000
6518.450000
6553.925000
6589.500000
6624.900000
6660.300000
6695.950000
6731.200000
6766.975000
6802.425000
6837.675000
6873.425000
6908.450000
6944.075000
6979.700000
7015.075000
7050.800000
7086.050000
7121.475000
7157.175000
7192.575000
7228.250000
7263.675000
7298.900000
7334.625000
7369.725000
7405.375000
7440.925000
7476.275000
7512.000000
7547.225000
7582.775000
7618.375000
7653.825000
7689.350000
7724.800000
7760.100000
7795.775000
7830.850000
7866.550000
7902.000000
7937.400000
7973.150000
8008.300000
8043.850000
8079.575000
8114.925000
8150.625000
8185.975000
8221.300000
8257.025000
8292.325000
8327.950000
8363.475000
8398.700000
8434.475000
8469.550000
8505.200000
8540.750000
8576.150000
8611.800000
8647.150000
8682.625000
8718.250000
8753.675000
8789.225000
8824.700000
8859.950000
8895.675000
8930.700000
8966.400000
9001.825000
9037.225000
9072.925000
9108.225000
9143.650000
9179.400000
9214.650000
9250.350000
9285.800000
9321.000000
9356.800000
9391.900000
9427.500000
9463.025000
9498.425000
9534.100000
9569.425000
9605.000000
9640.625000
9676.000000
9711.575000
9747.050000
9782.375000
9818.050000
9853.225000
9888.825000
9924.350000
9959.725000
9995.475000
10030.600000
10066.225000
10101.725000
10137.100000
10172.775000
10208.175000
10243.475000
10279.225000
10314.325000
10349.975000
10385.500000
10420.825000
10456.625000
10491.775000
10527.300000
10562.925000
10598.325000
10633.950000
10669.350000
10704.850000
10740.500000
10775.850000
10811.425000
10846.925000
10882.175000
10917.925000
10953.000000
10988.600000
11024.075000
11059.500000
11095.200000
11130.500000
11166.025000
11201.600000
11236.950000
11272.650000
11308.075000
11343.325000
11379.100000
11414.100000
11449.725000
11485.250000
11520.650000
11556.375000
11591.675000
11627.125000
11662.800000
11698.175000
11733.775000
11769.250000
11804.625000
11840.300000
11875.475000
11911.100000
11946.625000
11981.975000
12017.775000
12052.850000
12088.425000
12123.950000
12159.375000
12195.050000
12230.425000
12265.875000
12301.500000
12336.725000
12372.400000
12407.925000
12443.175000
12479.000000
12513.975000
12549.575000
12585.150000
12620.550000
12656.225000
12691.625000
12727.000000
12762.700000
12798.025000
12833.625000
12869.125000
12904.425000
12940.150000
12975.200000
13010.825000
13046.300000
13081.725000
13117.500000
13152.750000
13188.250000
13223.850000
13259.200000
13294.900000
13330.350000
13365.650000
13401.325000
13436.375000
13472.025000
13507.550000
13542.950000
13578.750000
13613.850000
13649.350000
13685.025000
13720.400000
13756.050000
13791.525000
13826.725000
13862.450000
13897.575000
13933.175000
13968.700000
14004.150000
14039.875000
14075.025000
14110.600000
14146.150000
14181.575000
14217.325000
14252.675000
14288.100000
14323.725000
14358.975000
14394.675000
14430.175000
14465.425000
14501.175000
14536.200000
14571.800000
14607.400000
14642.825000
14678.550000
14713.800000
14749.200000
14784.900000
14820.250000
14855.875000
14891.425000
14926.550000
14962.325000
14997.400000
15033.000000
15068.525000
15104.000000
15139.600000
15174.950000
15210.425000
15246.025000
15281.400000
15317.175000
15352.600000
15387.900000
15423.575000
15458.625000
15494.275000
15529.850000
15565.225000
15600.975000
15636.100000
15671.600000
15707.300000
15742.700000
15778.400000
15813.750000
15849.050000
15884.775000
15919.975000
15955.625000
15991.200000
16026.425000
16062.200000
16097.300000
16132.875000
16168.450000
16203.925000
16239.475000
16274.875000
16310.250000
16345.900000
16381.125000
16416.875000
16452.350000
16487.625000
16523.375000
16558.400000
16594.025000
16629.675000
16665.050000
16700.775000
16736.025000
16771.450000
16807.175000
16842.550000
16878.225000
16913.650000
16948.850000
16984.600000
17019.700000
17055.325000
17090.875000
17126.250000
17161.950000
17197.225000
17232.750000
17268.350000
17303.800000
17339.325000
17374.800000
17410.075000
17445.750000
17480.825000
17516.500000
17551.950000
17587.350000
17623.100000
17658.300000
17693.800000
17729.525000
17764.900000
17800.600000
17835.950000
17871.250000
17906.975000
17942.250000
17977.875000
18013.400000
18048.650000
18084.450000
18119.525000
18155.175000
18190.725000
18226.125001
18261.750001
18297.150001
18332.600001
18368.225001
18403.625001
18439.200001
18474.675001
18509.925001
18545.650001
18580.700001
18616.375001
18651.800001
18687.225001
18722.900001
18758.225001
18793.600001
18829.350001
18864.600001
18900.300001
18935.775001
18970.975001
19006.750001
19041.875001
19077.450001
19113.000001
19148.400001
19184.075001
19219.400001
19254.975001
19290.600001
19325.975001
19361.550001
19397.025001
19432.325001
19468.025001
19503.175001
19538.775001
19574.275001
19609.675001
19645.425001
19680.575001
19716.200001
19751.700001
19787.100001
19822.775001
19858.150001
19893.450001
19929.225001
19964.275001
19999.925001
20035.450001
20070.775001
20106.575001
20141.750001
20177.275001
20212.900001
20248.300001
20283.925001
20319.350001
20354.825001
20390.475001
20425.800001
20461.400001
20496.900001
20532.150001
20567.900001
20602.975001
20638.575001
20674.050001
20709.475001
20745.175001
20780.475001
20816.000001
20851.600001
20886.925001
20922.625001
20958.075001
20993.300001
21029.075001
21064.075001
21099.700001
21135.225001
21170.625001
21206.350001
21241.675001
21277.100001
21312.800001
21348.150001
21383.750001
21419.225001
21454.575001
21490.275001
21525.425001
21561.025001
21596.525001
21631.925001
21667.725001
21702.825001
21738.400001
21773.925001
21809.350001
21845.025001
21880.425001
21915.825001
21951.450001
21986.650001
22022.325001
22057.850001
22093.125001
22128.950001
22163.950001
22199.525001
22235.150001
22270.550001
22306.200001
22341.625001
22376.950001
22412.650001
22447.975001
22483.575001
22519.100001
22554.400001
22590.125001
22625.175001
22660.775001
22696.275001
22731.700001
22767.475001
22802.750001
22838.225001
22873.825001
22909.175001
22944.875001
22980.325001
23015.600001
23051.300001
23086.325001
23121.975001
23157.500001
23192.900001
23228.700001
23263.850001
23299.325001
23335.000001
23370.375001
23406.000001
23441.500001
23476.700001
23512.425001
23547.525001
23583.125001
23618.625001
23654.100001
23689.800001
23725.025001
23760.550001
23796.125001
23831.525001
23867.300001
23902.675001
23938.050001
23973.700001
24008.900001
24044.600001
24080.150001
24115.400001
24151.150001
24186.175001
24221.775001
24257.375001
24292.800001
24328.525001
24363.800001
24399.200001
24434.900001
24470.225001
24505.850001
24541.400001
24576.550001
24612.325001
24647.375001
24682.975001
24718.500001
24753.975001
24789.575001
24824.950001
24860.400001
24896.025001
24931.350001
24967.150001
25002.575001
25037.850001
25073.525001
25108.575001
25144.225001
25179.800001
25215.175001
25250.925001
25286.075001
25321.575001
25357.275001
25392.675001
25428.375001
25463.725001
25499.025001
25534.725001
25569.925001
25605.550001
25641.150001
25676.400001
25712.175001
25747.275001
25782.875001
25818.425001
25853.900001
25889.450001
25924.875001
25960.225001
25995.875001
26031.075001
26066.800001
26102.275001
26137.575001
26173.350001
26208.375001
26244.000001
26279.650001
26315.050001
26350.750001
26386.025001
26421.425001
26457.150001
26492.525001
26528.175001
26563.625001
26598.825001
26634.575001
26669.650001
26705.300001
26740.850001
26776.225001
26811.925001
26847.200001
26882.725001
26918.350001
26953.775001
26989.300001
27024.775001
27060.050001
27095.725001
27130.775001
27166.475001
27201.900001
27237.325001
27273.050001
27308.275001
27343.775001
27379.500001
27414.850001
27450.550001
27485.950001
27521.200001
27556.950001
27592.150001
27627.775001
27663.325001
27698.600001
27734.400001
27769.500001
27805.125001
27840.725001
27876.100001
27911.725001
27947.125001
27982.550001
28018.200001
28053.575001
28089.150001
28124.650001
28159.900001
28195.625001
28230.675001
28266.350001
28301.775001
28337.200001
28372.875001
28408.225001
28443.575001
28479.325001
28514.550001
28550.225001
28585.725001
28620.950001
28656.725001
28691.850001
28727.425001
28763.000001
28798.375001
28834.050001
28869.400001
28904.950001
28940.575001
28975.950001
29011.550001
29047.025001
29082.300001
29118.000001
29153.125001
29188.725001
29224.225001
29259.625001
29295.375001
29330.550001
29366.175001
29401.675001
29437.075001
29472.750001
29508.150001
29544.250001
29580.575001
29617.975001
29655.675001
29694.225001
29733.475001
29773.700001
29814.800001
29857.275001
29901.025001
29946.300001
29993.575001
30043.450001
30096.975001
30152.075001
30209.425001
30269.300001
30331.900001
30396.925001
30463.950001
30532.450001
30602.175001
30672.975001
30744.875001
30818.100001
30892.950001
30969.625001
31048.125001
31128.350001
31210.475001
31294.925001
31382.125001
31472.700001
31567.225001
31665.800001
31768.375001
31873.500001
31978.975001
32084.400001
32189.850001
32295.400001
32401.075001
32506.850001
32612.775001
32718.775001
32824.850001
32930.975001
33037.150001
33143.375001
33249.625001
33355.900001
33462.175001
33568.475001
33674.775001
33781.075001
33887.400001
33993.725001
34100.050001
34206.375001
34312.700001
34419.025001
34525.350001
34631.675001
34738.000001
34844.350001
34950.675001
