10.000000
33.000000
495.450000
562.250000
619.175000
668.850000
713.425000
754.175000
793.400000
831.600000
869.025000
905.650000
941.650000
977.575000
1013.300000
1048.575000
1084.225000
1119.325000
1154.325000
1189.725000
1224.775000
1259.625000
1294.725000
1329.925000
1364.850000
1399.975000
1434.950000
1469.600000
1504.525000
1539.875000
1574.750000
1609.550000
1644.525000
1679.600000
1714.175000
1749.100000
1784.525000
1819.275000
1854.100000
1889.000000
1923.950000
1958.525000
1993.400000
2028.850000
2063.625000
2098.425000
2133.350000
2168.300000
2202.950000
2237.775000
2273.125000
2308.025000
2342.875000
2377.825000
2412.800000
2447.425000
2482.300000
2517.725000
2552.525000
2587.325000
2622.275000
2657.275000
2691.975000
2726.775000
2762.150000
2796.975000
2831.775000
2866.800000
2901.700000
2936.275000
2971.075000
3006.425000
3041.425000
3076.175000
3111.125000
3146.050000
3180.650000
3215.475000
3250.775000
3285.775000
3320.600000
3355.575000
3390.550000
3425.175000
3460.000000
3495.375000
3530.275000
3565.100000
3600.050000
3635.025000
3669.650000
3704.625000
3739.975000
3774.775000
3809.575000
3844.525000
3879.575000
3914.150000
3949.025000
3984.450000
4019.225000
4054.075000
4088.950000
4123.900000
4158.475000
4193.300000
4228.700000
4263.575000
4298.400000
4333.350000
4368.275000
4402.925000
4437.725000
4473.050000
4508.025000
4542.875000
4577.825000
4612.800000
4647.425000
4682.275000
4717.700000
4752.525000
4787.325000
4822.275000
4857.250000
4891.950000
4926.750000
4962.125000
4996.975000
5031.775000
5066.800000
5101.675000
5136.250000
5171.050000
5206.400000
5241.425000
5276.175000
5311.125000
5346.025000
5380.650000
5415.475000
5450.750000
5485.775000
5520.600000
5555.575000
5590.550000
5625.175000
5660.000000
5695.350000
5730.275000
5765.100000
5800.050000
5835.025000
5869.650000
5904.625000
5939.975000
5974.775000
6009.550000
6044.525000
6079.575000
6114.150000
6149.025000
6184.450000
6219.225000
6254.075000
6288.950000
6323.875000
6358.475000
6393.300000
6428.700000
6463.575000
6498.400000
6533.350000
6568.275000
6602.925000
6637.725000
6673.050000
6708.025000
6742.875000
6777.825000
6812.800000
6847.425000
6882.275000
6917.700000
6952.525000
6987.325000
7022.275000
7057.250000
7091.950000
7126.750000
7162.125000
7196.975000
7231.775000
7266.800000
7301.675000
7336.250000
7371.050000
7406.400000
7441.425000
7476.175000
7511.125000
7546.025000
7580.650000
7615.475000
7650.750000
7685.775000
7720.600000
7755.575000
7790.550000
7825.175000
7860.000000
7895.350000
7930.275000
7965.100000
8000.050000
8035.025000
8069.650000
8104.625000
8139.975000
8174.775000
8209.550000
8244.525000
8279.575000
8314.150000
8349.025000
8384.450000
8419.225000
8454.075000
8488.950000
8523.875000
8558.475000
8593.300000
8628.700000
8663.575000
8698.400000
8733.350000
8768.275000
8802.925000
8837.725000
8873.050000
8908.025000
8942.875000
8977.825000
9012.800000
9047.425000
9082.275000
9117.700000
9152.525000
9187.325000
9222.275000
9257.250000
9291.950000
9326.750000
9362.125000
9396.975000
9431.775000
9466.800000
9501.675000
9536.250000
9571.050000
9606.400000
9641.425000
9676.175000
9711.125000
9746.025000
9780.650000
9815.475000
9850.750000
9885.775000
9920.600000
9955.575000
9990.550000
10025.175000
10060.000000
10095.350000
10130.275000
10165.100000
10200.050000
10235.025000
10269.650000
10304.625000
10339.975000
10374.775000
10409.550000
10444.525000
10479.575000
10514.150000
10549.025000
10584.450000
10619.225000
10654.075000
10688.950000
10723.875000
10758.475000
10793.300000
10828.700000
10863.575000
10898.400000
10933.350000
10968.275000
11002.925000
11037.725000
11073.050000
11108.025000
11142.875000
11177.825000
11212.800000
11247.425000
11282.275000
11317.700000
11352.525000
11387.325000
11422.275000
11457.250000
11491.950000
11526.750000
11562.125000
11596.975000
11631.775000
11666.800000
11701.675000
11736.250000
11771.050000
11806.400000
11841.425000
11876.175000
11911.125000
11946.025000
11980.650000
12015.475000
12050.750000
12085.775000
12120.600000
12155.575000
12190.550000
12225.175000
12260.000000
12295.350000
12330.275000
12365.100000
12400.050000
12435.025000
12469.650000
12504.625000
12539.975000
12574.775000
12609.550000
12644.525000
12679.575000
12714.150000
12749.025000
12784.450000
12819.225000
12854.075000
12888.950000
12923.875000
12958.475000
12993.300000
13028.700000
13063.575000
13098.400000
13133.350000
13168.275000
13202.925000
13237.725000
13273.050000
13308.025000
13342.875000
13377.825000
13412.800000
13447.425000
13482.275000
13517.700000
13552.525000
13587.325000
13622.275000
13657.250000
13691.950000
13726.750000
13762.125000
13796.975000
13831.775000
13866.800000
13901.675000
13936.250000
13971.050000
14006.400000
14041.425000
14076.175000
14111.125000
14146.025000
14180.650000
14215.475000
14250.750000
14285.775000
14320.600000
14355.575000
14390.550000
14425.175000
14460.000000
14495.350000
14530.275000
14565.100000
14600.050000
14635.025000
14669.650000
14704.625000
14739.975000
14774.775000
14809.550000
14844.525000
14879.575000
14914.150000
14949.025000
14984.450000
15019.225000
15054.075000
15088.950000
15123.875000
15158.475000
15193.300000
15228.700000
15263.575000
15298.400000
15333.350000
15368.275000
15402.925000
15437.725000
15473.050000
15508.025000
15542.875000
15577.825000
15612.800000
15647.425000
15682.275000
15717.700000
15752.525000
15787.325000
15822.275000
15857.250000
15891.950000
15926.750000
15962.125000
15996.975000
16031.775000
16066.800000
16101.675000
16136.250000
16171.050000
16206.400000
16241.425000
16276.175000
16311.125000
16346.025000
16380.650000
16415.475000
16450.750000
16485.775000
16520.600000
16555.575000
16590.550000
16625.175000
16660.000000
16695.350000
16730.275000
16765.100000
16800.050000
16835.025000
16869.650000
16904.625000
16939.975000
16974.775000
17009.550000
17044.525000
17079.575000
17114.150000
17149.025000
17184.450000
17219.225000
17254.075000
17288.950000
17323.875000
17358.475000
17393.300000
17428.700000
17463.575000
17498.400000
17533.350000
17568.275000
17602.925000
17637.725000
17673.050000
17708.025000
17742.875000
17777.825000
17812.800000
17847.425000
17882.275000
17917.700000
17952.525000
17987.325000
18022.275000
18057.250000
18091.950000
18126.750000
18162.125000
18196.975000
18231.775001
18266.800001
18301.675001
18336.250001
18371.050001
18406.400001
18441.425001
18476.175001
18511.125001
18546.025001
18580.650001
18615.475001
18650.750001
18685.775001
18720.600001
18755.575001
18790.550001
18825.175001
18860.000001
18895.350001
18930.275001
18965.100001
19000.050001
19035.025001
19069.650001
19104.625001
19139.975001
19174.775001
19209.550001
19244.525001
19279.575001
19314.150001
19349.025001
19384.450001
19419.225001
19454.075001
19488.950001
19523.875001
19558.475001
19593.300001
19628.700001
19663.575001
19698.400001
19733.350001
19768.275001
19802.925001
19837.725001
19873.050001
19908.025001
19942.875001
19977.825001
20012.800001
20047.425001
20082.275001
20117.700001
20152.525001
20187.325001
20222.275001
20257.250001
20291.950001
20326.750001
20362.125001
20396.975001
20431.775001
20466.800001
20501.675001
20536.250001
20571.050001
20606.400001
20641.425001
20676.175001
20711.125001
20746.025001
20780.650001
20815.475001
20850.750001
20885.775001
20920.600001
20955.575001
20990.550001
21025.175001
21060.000001
21095.350001
21130.275001
21165.100001
21200.050001
21235.025001
21269.650001
21304.625001
21339.975001
21374.775001
21409.550001
21444.525001
21479.575001
21514.150001
21549.025001
21584.450001
21619.225001
21654.075001
21688.950001
21723.875001
21758.475001
21793.300001
21828.700001
21863.575001
21898.400001
21933.350001
21968.275001
22002.925001
22037.725001
22073.050001
22108.025001
22142.875001
22177.825001
22212.800001
22247.425001
22282.275001
22317.700001
22352.525001
22387.325001
22422.275001
22457.250001
22491.950001
22526.750001
22562.125001
22596.975001
22631.775001
22666.800001
22701.675001
22736.250001
22771.050001
22806.400001
22841.425001
22876.175001
22911.125001
22946.025001
22980.650001
23015.475001
23050.750001
23085.775001
23120.600001
23155.575001
23190.550001
23225.175001
23260.000001
23295.350001
23330.275001
23365.100001
23400.050001
23435.025001
23469.650001
23504.625001
23539.975001
23574.775001
23609.550001
23644.525001
23679.575001
23714.150001
23749.025001
23784.450001
23819.225001
23854.075001
23888.950001
23923.875001
23958.475001
23993.300001
24028.700001
24063.575001
24098.400001
24133.350001
24168.275001
24202.925001
24237.725001
24273.050001
24308.025001
24342.875001
24377.825001
24412.800001
24447.425001
24482.275001
24517.700001
24552.525001
24587.325001
24622.275001
24657.250001
24691.950001
24726.750001
24762.125001
24796.975001
24831.775001
24866.800001
24901.675001
24936.250001
24971.050001
25006.400001
25041.425001
25076.175001
25111.125001
25146.025001
25180.650001
25215.475001
25250.750001
25285.775001
25320.600001
25355.575001
25390.550001
25425.175001
25460.000001
25495.350001
25530.275001
25565.100001
25600.050001
25635.025001
25669.650001
25704.625001
25739.975001
25774.775001
25809.550001
25844.525001
25879.575001
25914.150001
25949.025001
25984.450001
26019.225001
26054.075001
26088.950001
26123.875001
26158.475001
26193.300001
26228.700001
26263.575001
26298.400001
26333.350001
26368.275001
26402.925001
26437.725001
26473.050001
26508.025001
26542.875001
26577.825001
26612.800001
26647.425001
26682.275001
26717.700001
26752.525001
26787.325001
26822.275001
26857.250001
26891.950001
26926.750001
26962.125001
26996.975001
27031.775001
27066.800001
27101.675001
27136.250001
27171.050001
27206.400001
27241.425001
27276.175001
27311.125001
27346.025001
27380.650001
27415.475001
27450.750001
27485.775001
27520.600001
27555.575001
27590.550001
27625.175001
27660.000001
27695.350001
27730.275001
27765.100001
27800.050001
27835.025001
27869.650001
27904.625001
27939.975001
27974.775001
28009.550001
28044.525001
28079.575001
28114.150001
28149.025001
28184.450001
28219.225001
28254.075001
28288.950001
28323.875001
28358.475001
28393.300001
28428.700001
28463.575001
28498.400001
28533.350001
28568.275001
28602.925001
28637.725001
28673.050001
28708.025001
28742.875001
28777.825001
28812.800001
28847.425001
28882.275001
28917.700001
28952.525001
28987.325001
29022.275001
29057.250001
29091.950001
29126.750001
29162.125001
29196.975001
29231.775001
29266.800001
29301.675001
29336.250001
29371.050001
29406.400001
29441.425001
29476.625001
29512.850001
29549.325001
29586.350001
29624.325001
29662.975001
29702.350001
29742.475001
29783.700001
29825.900001
29869.425001
29914.450001
29961.575001
30011.150001
30064.250001
30121.475001
30181.500001
30245.525001
30314.900001
30392.100001
30483.175001
31556.775001
