20.000000
3.000000
390.850000
437.975000
479.250000
517.325000
553.475000
587.175000
619.350000
650.400000
680.000000
708.975000
736.950000
764.550000
791.450000
817.825000
844.025000
870.125000
896.050000
921.700000
947.325000
972.850000
998.100000
1023.250000
1048.275000
1073.325000
1098.250000
1123.250000
1148.175000
1173.175000
1198.125000
1223.100000
1248.075000
1273.075000
1298.050000
1323.050000
1348.025000
1373.025000
1398.000000
1423.025000
1448.000000
1473.000000
1498.000000
1523.000000
1548.000000
1573.000000
1597.975000
1623.000000
1647.975000
1673.000000
1697.975000
1723.000000
1747.975000
1773.000000
1797.975000
1823.000000
1847.975000
1872.975000
1897.975000
1922.975000
1947.975000
1972.975000
1997.975000
2022.975000
2047.975000
2072.975000
2097.975000
2122.975000
2147.975000
2172.975000
2197.975000
2222.975000
2247.975000
2272.975000
2297.975000
2322.975000
2347.975000
2372.975000
2397.975000
2422.975000
2447.975000
2472.975000
2497.975000
2522.975000
2547.975000
2572.975000
2597.975000
2622.975000
2647.975000
2672.975000
2697.975000
2722.975000
2747.975000
2772.975000
2797.975000
2822.975000
2847.975000
2872.975000
2897.975000
2922.975000
2947.975000
2972.975000
2997.975000
3022.975000
3047.975000
3072.975000
3097.975000
3122.975000
3147.975000
3172.975000
3197.975000
3222.975000
3247.975000
3272.975000
3297.975000
3322.975000
3347.975000
3372.975000
3397.975000
3422.975000
3447.975000
3472.975000
3497.975000
3522.975000
3547.975000
3572.975000
3597.975000
3622.975000
3647.975000
3672.975000
3697.975000
3722.975000
3747.975000
3772.975000
3797.975000
3822.975000
3847.975000
3872.975000
3897.975000
3922.975000
3947.975000
3972.975000
3997.975000
4022.975000
4047.975000
4072.975000
4097.975000
4122.975000
4147.975000
4172.975000
4197.975000
4222.975000
4247.975000
4272.975000
4297.975000
4322.975000
4347.975000
4372.975000
4397.975000
4422.975000
4447.975000
4472.975000
4497.975000
4522.975000
4547.975000
4572.975000
4597.975000
4622.975000
4647.975000
4672.975000
4697.975000
4722.975000
4747.975000
4772.975000
4797.975000
4822.975000
4847.975000
4872.975000
4897.975000
4922.975000
4947.975000
4972.975000
4997.975000
5022.975000
5047.975000
5072.975000
5097.975000
5122.975000
5147.975000
5172.975000
5197.975000
5222.975000
5247.975000
5272.975000
5297.975000
5322.975000
5347.975000
5372.975000
5397.975000
5422.975000
5447.975000
5472.975000
5497.975000
5522.975000
5547.975000
5572.975000
5597.975000
5622.975000
5647.975000
5672.975000
5697.975000
5722.975000
5747.975000
5772.975000
5797.975000
5822.975000
5847.975000
5872.975000
5897.975000
5922.975000
5947.975000
5972.975000
5997.975000
6022.975000
6047.975000
6072.975000
6097.975000
6122.975000
6147.975000
6172.975000
6197.975000
6222.975000
6247.975000
6272.975000
6297.975000
6322.975000
6347.975000
6372.975000
6397.975000
6422.975000
6447.975000
6472.975000
6497.975000
6522.975000
6547.975000
6572.975000
6597.975000
6622.975000
6647.975000
6672.975000
6697.975000
6722.975000
6747.975000
6772.975000
6797.975000
6822.975000
6847.975000
6872.975000
6897.975000
6922.975000
6947.975000
6972.975000
6997.975000
7022.975000
7047.975000
7072.975000
7097.975000
7122.975000
7147.975000
7172.975000
7197.975000
7222.975000
7247.975000
7272.975000
7297.975000
7322.975000
7347.975000
7372.975000
7397.975000
7422.975000
7447.975000
7472.975000
7497.975000
7522.975000
7547.975000
7572.975000
7597.975000
7622.975000
7647.975000
7672.975000
7697.975000
7722.975000
7747.975000
7772.975000
7797.975000
7822.975000
7847.975000
7872.975000
7897.975000
7922.975000
7947.975000
7972.975000
7997.975000
8022.975000
8047.975000
8072.975000
8097.975000
8122.975000
8147.975000
8172.975000
8197.975000
8222.975000
8247.975000
8272.975000
8297.975000
8322.975000
8347.975000
8372.975000
8397.975000
8422.975000
8447.975000
8472.975000
8497.975000
8522.975000
8547.975000
8572.975000
8597.975000
8622.975000
8647.975000
8672.975000
8697.975000
8722.975000
8747.975000
8772.975000
8797.975000
8822.975000
8847.975000
8872.975000
8897.975000
8922.975000
8947.975000
8972.975000
8997.975000
9022.975000
9047.975000
9072.975000
9097.975000
9122.975000
9147.975000
9172.975000
9197.975000
9222.975000
9247.975000
9272.975000
9297.975000
9322.975000
9347.975000
9372.975000
9397.975000
9422.975000
9447.975000
9472.975000
9497.975000
9522.975000
9547.975000
9572.975000
9597.975000
9622.975000
9647.975000
9672.975000
9697.975000
9722.975000
9747.975000
9772.975000
9797.975000
9822.975000
9847.975000
9872.975000
9897.975000
9922.975000
9947.975000
9972.975000
9997.975000
10022.975000
10047.975000
10072.975000
10097.975000
10122.975000
10147.975000
10172.975000
10197.975000
10222.975000
10247.975000
10272.975000
10297.975000
10322.975000
10347.975000
10372.975000
10397.975000
10422.975000
10447.975000
10472.975000
10497.975000
10522.975000
10547.975000
10572.975000
10597.975000
10622.975000
10647.975000
10672.975000
10697.975000
10722.975000
10747.975000
10772.975000
10797.975000
10822.975000
10847.975000
10872.975000
10897.975000
10922.975000
10947.975000
10972.975000
10997.975000
11022.975000
11047.975000
11072.975000
11097.975000
11122.975000
11147.975000
11172.975000
11197.975000
11222.975000
11247.975000
11272.975000
11297.975000
11322.975000
11347.975000
11372.975000
11397.975000
11422.975000
11447.975000
11472.975000
11497.975000
11522.975000
11547.975000
11572.975000
11597.975000
11622.975000
11647.975000
11672.975000
11697.975000
11722.975000
11747.975000
11772.975000
11797.975000
11822.975000
11847.975000
11872.975000
11897.975000
11922.975000
11947.975000
11972.975000
11997.975000
12022.975000
12047.975000
12072.975000
12097.975000
12122.975000
12147.975000
12172.975000
12197.975000
12222.975000
12247.975000
12272.975000
12297.975000
12322.975000
12347.975000
12372.975000
12397.975000
12422.975000
12447.975000
12472.975000
12497.975000
12522.975000
12547.975000
12572.975000
12597.975000
12622.975000
12647.975000
12672.975000
12697.975000
12722.975000
12747.975000
12772.975000
12797.975000
12822.975000
12847.975000
12872.975000
12897.975000
12922.975000
12947.975000
12972.975000
12997.975000
13022.975000
13047.975000
13072.975000
13097.975000
13122.975000
13147.975000
13172.975000
13197.975000
13222.975000
13247.975000
13272.975000
13297.975000
13322.975000
13347.975000
13372.975000
13397.975000
13422.975000
13447.975000
13472.975000
13497.975000
13522.975000
13547.975000
13572.975000
13597.975000
13622.975000
13647.975000
13672.975000
13697.975000
13722.975000
13747.975000
13772.975000
13797.975000
13822.975000
13847.975000
13872.975000
13897.975000
13922.975000
13947.975000
13972.975000
13997.975000
14022.975000
14047.975000
14072.975000
14097.975000
14122.975000
14147.975000
14172.975000
14197.975000
14222.975000
14247.975000
14272.975000
14297.975000
14322.975000
14347.975000
14372.975000
14397.975000
14422.975000
14447.975000
14472.975000
14497.975000
14522.975000
14547.975000
14572.975000
14597.975000
14622.975000
14647.975000
14672.975000
14697.975000
14722.975000
14747.975000
14772.975000
14797.975000
14822.975000
14847.975000
14872.975000
14897.975000
14922.975000
14947.975000
14972.975000
14997.975000
15022.975000
15047.975000
15072.975000
15097.975000
15122.975000
15147.975000
15172.975000
15197.975000
15222.975000
15247.975000
15272.975000
15297.975000
15322.975000
15347.975000
15372.975000
15397.975000
15422.975000
15447.975000
15472.975000
15497.975000
15522.975000
15547.975000
15572.975000
15597.975000
15622.975000
15647.975000
15672.975000
15697.975000
15722.975000
15747.975000
15772.975000
15797.975000
15822.975000
15847.975000
15872.975000
15897.975000
15922.975000
15947.975000
15972.975000
15997.975000
16022.975000
16047.975000
16072.975000
16097.975000
16122.975000
16147.975000
16172.975000
16197.975000
16222.975000
16247.975000
16272.975000
16297.975000
16322.975000
16347.975000
16372.975000
16397.975000
16422.975000
16447.975000
16472.975000
16497.975000
16522.975000
16547.975000
16572.975000
16597.975000
16622.975000
16647.975000
16672.975000
16697.975000
16722.975000
16747.975000
16772.975000
16797.975000
16822.975000
16847.975000
16872.975000
16897.975000
16922.975000
16947.975000
16972.975000
16997.975000
17022.975000
17047.975000
17072.975000
17097.975000
17122.975000
17147.975000
17172.975000
17197.975000
17222.975000
17247.975000
17272.975000
17297.975000
17322.975000
17347.975000
17372.975000
17397.975000
17422.975000
17447.975000
17472.975000
17497.975000
17522.975000
17547.975000
17572.975000
17597.975000
17622.975000
17647.975000
17672.975000
17697.975000
17722.975000
17747.975000
17772.975000
17797.975000
17822.975000
17847.975000
17872.975000
17897.975000
17922.975000
17947.975000
17972.975000
17997.975000
18022.975000
18047.975000
18072.975000
18097.975000
18122.975000
18147.975000
18172.975000
18197.975000
18222.975000
18247.975001
18272.975001
18297.975001
18322.975001
18347.975001
18372.975001
18397.975001
18422.975001
18447.975001
18472.975001
18497.975001
18522.975001
18547.975001
18572.975001
18597.975001
18622.975001
18647.975001
18672.975001
18697.975001
18722.975001
18747.975001
18772.975001
18797.975001
18822.975001
18847.975001
18872.975001
18897.975001
18922.975001
18947.975001
18972.975001
18997.975001
19022.975001
19047.975001
19072.975001
19097.975001
19122.975001
19147.975001
19172.975001
19197.975001
19222.975001
19247.975001
19272.975001
19297.975001
19322.975001
19347.975001
19372.975001
19397.975001
19422.975001
19447.975001
19472.975001
19497.975001
19522.975001
19547.975001
19572.975001
19597.975001
19622.975001
19647.975001
19672.975001
19697.975001
19722.975001
19747.975001
19772.975001
19797.975001
19822.975001
19847.975001
19872.975001
19897.975001
19922.975001
19947.975001
19972.975001
19997.975001
20022.975001
20047.975001
20072.975001
20097.975001
20122.975001
20147.975001
20172.975001
20197.975001
20222.975001
20247.975001
20272.975001
20297.975001
20322.975001
20347.975001
20372.975001
20397.975001
20422.975001
20447.975001
20472.975001
20497.975001
20522.975001
20547.975001
20572.975001
20597.975001
20622.975001
20647.975001
20672.975001
20697.975001
20722.975001
20747.975001
20772.975001
20797.975001
20822.975001
20847.975001
20872.975001
20897.975001
20922.975001
20947.975001
20972.975001
20997.975001
21022.975001
21047.975001
21072.975001
21097.975001
21122.975001
21147.975001
21172.975001
21197.975001
21222.975001
21247.975001
21272.975001
21297.975001
21322.975001
21347.975001
21372.975001
21397.975001
21422.975001
21447.975001
21472.975001
21497.975001
21522.975001
21547.975001
21572.975001
21597.975001
21622.975001
21647.975001
21672.975001
21697.975001
21722.975001
21747.975001
21772.975001
21797.975001
21822.975001
21847.975001
21872.975001
21897.975001
21922.975001
21947.975001
21972.975001
21997.975001
22022.975001
22047.975001
22072.975001
22097.975001
22122.975001
22147.975001
22172.975001
22197.975001
22222.975001
22247.975001
22272.975001
22297.975001
22322.975001
22347.975001
22372.975001
22397.975001
22422.975001
22447.975001
22472.975001
22497.975001
22522.975001
22547.975001
22572.975001
22597.975001
22622.975001
22647.975001
22672.975001
22697.975001
22722.975001
22747.975001
22772.975001
22797.975001
22822.975001
22847.975001
22872.975001
22897.975001
22922.975001
22947.975001
22972.975001
22997.975001
23022.975001
23047.975001
23072.975001
23097.975001
23122.975001
23147.975001
23172.975001
23197.975001
23222.975001
23247.975001
23272.975001
23297.975001
23322.975001
23347.975001
23372.975001
23397.975001
23422.975001
23447.975001
23472.975001
23497.975001
23522.975001
23547.975001
23572.975001
23597.975001
23622.975001
23647.975001
23672.975001
23697.975001
23722.975001
23747.975001
23772.975001
23797.975001
23822.975001
23847.975001
23872.975001
23897.975001
23922.975001
23947.975001
23972.975001
23997.975001
24022.975001
24047.975001
24072.975001
24097.975001
24122.975001
24147.975001
24172.975001
24197.975001
24222.975001
24247.975001
24272.975001
24297.975001
24322.975001
24347.975001
24372.975001
24397.975001
24422.975001
24447.975001
24472.975001
24497.975001
24522.975001
24547.975001
24572.975001
24597.975001
24622.975001
24647.975001
24672.975001
24697.975001
24722.975001
24747.975001
24772.975001
24797.975001
24822.975001
24847.975001
24872.975001
24897.975001
24922.975001
24947.975001
24972.975001
24997.975001
25022.975001
25047.975001
25072.975001
25097.975001
25122.975001
25147.975001
25172.975001
25197.975001
25222.975001
25247.975001
25272.975001
25297.975001
25322.975001
25347.975001
25372.975001
25397.975001
25422.975001
25447.975001
25472.975001
25497.975001
25522.975001
25547.975001
25572.975001
25597.975001
25622.975001
25647.975001
25672.975001
25697.975001
25722.975001
25747.975001
25772.975001
25797.975001
25822.975001
25847.975001
25872.975001
25897.975001
25922.975001
25947.975001
25972.975001
25997.975001
26022.975001
26047.975001
26072.975001
26097.975001
26122.975001
26147.975001
26172.975001
26197.975001
26222.975001
26247.975001
26272.975001
26297.975001
26322.975001
26347.975001
26372.975001
26397.975001
26422.975001
26447.975001
26472.975001
26497.975001
26522.975001
26547.975001
26572.975001
26597.975001
26622.975001
26647.975001
26672.975001
26697.975001
26722.975001
26747.975001
26772.975001
26797.975001
26822.975001
26847.975001
26872.975001
26897.975001
26922.975001
26947.975001
26972.975001
26997.975001
27022.975001
27047.975001
27072.975001
27097.975001
27122.975001
27147.975001
27172.975001
27197.975001
27222.975001
27247.975001
27272.975001
27297.975001
27322.975001
27347.975001
27372.975001
27397.975001
27422.975001
27447.975001
27472.975001
27497.975001
27522.975001
27547.975001
27572.975001
27597.975001
27622.975001
27647.975001
27672.975001
27697.975001
27722.975001
27747.975001
27772.975001
27797.975001
27822.975001
27847.975001
27872.975001
27897.975001
27922.975001
27947.975001
27972.975001
27997.975001
28022.975001
28047.975001
28072.975001
28097.975001
28122.975001
28147.975001
28172.975001
28197.975001
28222.975001
28247.975001
28272.975001
28297.975001
28322.975001
28347.975001
28372.975001
28397.975001
28422.975001
28447.975001
28472.975001
28497.975001
28522.975001
28547.975001
28572.975001
28597.975001
28622.975001
28647.975001
28672.975001
28697.975001
28722.975001
28747.975001
28772.975001
28797.975001
28822.975001
28847.975001
28872.975001
28897.975001
28922.975001
28947.975001
28972.975001
28997.975001
29022.975001
29047.975001
29072.975001
29097.975001
29122.975001
29147.975001
29172.975001
29197.975001
29222.975001
29247.975001
29272.975001
29297.975001
29322.975001
29347.975001
29372.975001
29397.975001
29422.975001
29447.975001
29472.975001
29497.975001
29522.975001
29547.975001
29572.975001
29597.975001
29622.975001
29647.975001
29672.975001
29697.975001
29723.150001
29748.650001
29774.500001
29800.775001
29827.400001
29854.550001
29882.050001
29910.125001
29938.625001
29967.750001
29997.725001
30028.450001
30060.100001
30092.850001
30126.225001
30160.050001
30194.350001
30229.100001
30264.325001
30300.050001
30336.225001
30372.900001
30410.050001
30447.650001
30485.700001
30524.200001
30563.125001
30602.475001
30642.300001
30682.600001
30723.425001
30764.800001
30806.800001
30849.500001
30892.925001
30937.100001
30982.075001
31027.800001
31074.325001
31121.600001
31169.650001
31218.575001
31268.425001
31319.350001
31371.475001
31424.875001
31479.650001
31535.875001
31593.675001
31653.150001
31714.375001
31777.450001
31842.575001
31910.200001
31980.675001
32053.900001
32129.325001
32206.425001
32285.175001
32364.950001
32445.075001
32526.425001
32609.925001
32692.475001
32780.625001
32857.725001
33043.225001
33105.400001
33173.350001
33248.125001
33432.225001
33494.400001
33562.350001
33637.450001
33825.925001
33888.200001
33956.650001
34034.600001
34258.600001
34321.125001
34391.325001
34613.225001
34675.700001
34745.675001
34966.400001
