1.000000
18.000000
374.750000
445.775000
505.275000
556.900000
602.925000
647.225000
690.350000
732.125000
773.550000
814.025000
854.525000
894.925000
935.050000
974.825000
1014.450000
1054.150000
1093.725000
1133.350000
1173.025000
1212.575000
1252.000000
1291.475000
1330.600000
1369.875000
1409.275000
1448.500000
1487.675000
1526.925000
1566.450000
1605.675000
1645.150000
1684.625000
1723.825000
1763.250000
1802.550000
1841.700000
1880.775000
1920.100000
1959.450000
1998.550000
2037.675000
2076.900000
2116.400000
2155.600000
2195.050000
2234.550000
2273.725000
2313.125000
2352.475000
2391.650000
2430.700000
2469.950000
2509.325000
2548.500000
2587.600000
2626.725000
2666.200000
2705.525000
2744.850000
2784.375000
2823.625000
2862.950000
2902.350000
2941.600000
2980.625000
3019.825000
3059.125000
3098.425000
3137.525000
3176.625000
3216.025000
3255.425000
3294.700000
3334.175000
3373.550000
3412.825000
3452.200000
3491.525000
3530.575000
3569.725000
3608.975000
3648.325000
3687.475000
3726.525000
3765.850000
3805.325000
3844.550000
3883.925000
3923.425000
3962.675000
4002.000000
4041.425000
4080.500000
4119.625000
4158.750000
4198.125000
4237.375000
4276.425000
4315.650000
4355.100000
4394.425000
4433.675000
4473.200000
4512.525000
4551.775000
4591.225000
4630.400000
4669.525000
4708.575000
4747.900000
4787.250000
4826.325000
4865.475000
4904.850000
4944.275000
4983.450000
5022.925000
5062.400000
5101.575000
5141.025000
5180.325000
5219.450000
5258.500000
5297.750000
5337.100000
5376.275000
5415.400000
5454.700000
5494.150000
5533.350000
5572.750000
5612.275000
5651.450000
5690.850000
5730.225000
5769.375000
5808.425000
5847.625000
5886.950000
5926.225000
5965.325000
6004.600000
6044.000000
6083.300000
6122.625000
6162.150000
6201.400000
6240.725000
6280.150000
6319.350000
6358.375000
6397.550000
6436.825000
6476.150000
6515.275000
6554.500000
6593.850000
6633.225000
6672.500000
6711.975000
6751.325000
6790.650000
6830.050000
6869.300000
6908.350000
6947.500000
6986.725000
7026.075000
7065.225000
7104.425000
7143.700000
7183.150000
7222.375000
7261.800000
7301.250000
7340.525000
7379.950000
7419.250000
7458.300000
7497.425000
7536.600000
7575.975000
7615.175000
7654.350000
7693.550000
7733.000000
7772.275000
7811.600000
7851.125000
7890.375000
7929.800000
7969.150000
8008.250000
8047.350000
8086.450000
8125.825000
8165.100000
8204.275000
8243.400000
8282.825000
8322.175000
8361.400000
8400.925000
8440.275000
8479.650000
8519.050000
8558.200000
8597.300000
8636.375000
8675.700000
8715.025000
8754.200000
8793.300000
8832.675000
8872.100000
8911.275000
8950.775000
8990.200000
9029.525000
9068.925000
9108.150000
9147.250000
9186.300000
9225.600000
9264.950000
9304.175000
9343.250000
9382.575000
9422.000000
9461.175000
9500.625000
9540.125000
9579.425000
9618.775000
9658.075000
9697.200000
9736.250000
9775.500000
9814.850000
9854.125000
9893.200000
9932.475000
9971.900000
10011.125000
10050.500000
10090.025000
10129.325000
10168.650000
10208.025000
10247.175000
10286.200000
10325.400000
10364.725000
10404.075000
10443.125000
10482.350000
10521.750000
10561.075000
10600.375000
10639.900000
10679.250000
10718.550000
10757.950000
10797.125000
10836.175000
10875.350000
10914.625000
10954.025000
10993.075000
11032.275000
11071.600000
11111.000000
11150.250000
11189.725000
11229.175000
11268.425000
11307.825000
11347.075000
11386.125000
11425.250000
11464.475000
11503.900000
11543.000000
11582.150000
11621.375000
11660.825000
11700.075000
11739.400000
11779.000000
11818.175000
11857.575000
11896.925000
11936.025000
11975.125000
12014.225000
12053.625000
12092.900000
12132.025000
12171.125000
12210.500000
12249.900000
12289.100000
12328.650000
12368.025000
12407.325000
12446.700000
12485.925000
12525.025000
12564.075000
12603.400000
12642.775000
12681.925000
12720.975000
12760.275000
12799.725000
12838.925000
12878.350000
12917.875000
12957.125000
12996.450000
13035.800000
13074.950000
13113.975000
13153.200000
13192.600000
13231.825000
13270.900000
13310.100000
13349.475000
13388.825000
13428.125000
13467.675000
13507.000000
13546.250000
13585.650000
13624.875000
13663.900000
13703.075000
13742.425000
13781.750000
13820.825000
13859.975000
13899.250000
13938.675000
13977.925000
14017.450000
14056.875000
14096.075000
14135.500000
14174.800000
14213.850000
14252.975000
14292.300000
14331.650000
14370.750000
14409.900000
14449.075000
14488.525000
14527.800000
14567.275000
14606.775000
14645.950000
14685.350000
14724.700000
14763.800000
14802.900000
14842.175000
14881.550000
14920.725000
14959.825000
14998.975000
15038.375000
15077.750000
15117.150000
15156.675000
15195.875000
15235.225000
15274.625000
15313.750000
15352.875000
15392.100000
15431.450000
15470.675000
15509.800000
15548.900000
15588.300000
15627.700000
15667.050000
15706.575000
15745.825000
15785.150000
15824.550000
15863.725000
15902.825000
15942.050000
15981.375000
16020.650000
16059.775000
16098.850000
16138.200000
16177.650000
16216.950000
16256.450000
16295.800000
16335.100000
16374.475000
16413.700000
16452.800000
16492.000000
16531.300000
16570.625000
16609.725000
16648.800000
16688.150000
16727.575000
16766.900000
16806.350000
16845.750000
16885.025000
16924.400000
16963.675000
17002.775000
17041.975000
17081.225000
17120.575000
17159.700000
17198.775000
17238.075000
17277.525000
17316.825000
17356.250000
17395.700000
17434.950000
17474.325000
17513.625000
17552.750000
17591.925000
17631.125000
17670.525000
17709.675000
17748.725000
17788.000000
17827.425000
17866.775000
17906.150000
17945.650000
17984.900000
18024.225000
18063.575000
18102.725000
18141.875000
18181.050000
18220.450000
18259.625001
18298.700001
18337.925001
18377.325001
18416.725001
18456.050001
18495.575001
18534.825001
18574.125001
18613.500001
18652.700001
18691.825001
18730.975001
18770.350001
18809.600001
18848.650001
18887.850001
18927.200001
18966.675001
19005.925001
19045.450001
19084.750001
19124.025001
19163.425001
19202.650001
19241.775001
19280.875001
19320.250001
19359.550001
19398.600001
19437.775001
19477.050001
19516.550001
19555.750001
19595.250001
19634.675001
19673.875001
19713.275001
19752.575001
19791.725001
19830.800001
19870.100001
19909.450001
19948.550001
19987.675001
20026.875001
20066.375001
20105.600001
20145.000001
20184.525001
20223.700001
20263.075001
20302.450001
20341.650001
20380.675001
20419.925001
20459.275001
20498.475001
20537.600001
20576.725001
20616.150001
20655.500001
20694.825001
20734.350001
20773.600001
20812.925001
20852.325001
20891.575001
20930.625001
20969.800001
21009.100001
21048.400001
21087.525001
21126.600001
21165.975001
21205.425001
21244.675001
21284.125001
21323.525001
21362.800001
21402.175001
21441.500001
21480.575001
21519.725001
21558.925001
21598.300001
21637.450001
21676.525001
21715.800001
21755.275001
21794.525001
21833.875001
21873.400001
21912.650001
21951.950001
21991.375001
22030.475001
22069.600001
22108.700001
22148.075001
22187.350001
22226.400001
22265.600001
22305.025001
22344.400001
22383.625001
22423.150001
22462.500001
22501.725001
22541.175001
22580.400001
22619.500001
22658.575001
22697.875001
22737.225001
22776.325001
22815.450001
22854.800001
22894.250001
22933.425001
22972.875001
23012.375001
23051.550001
23090.975001
23130.300001
23169.425001
23208.475001
23247.725001
23287.075001
23326.250001
23365.375001
23404.675001
23444.125001
23483.350001
23522.725001
23562.250001
23601.450001
23640.825001
23680.225001
23719.375001
23758.425001
23797.600001
23836.925001
23876.200001
23915.325001
23954.575001
23993.950001
24033.275001
24072.600001
24112.100001
24151.375001
24190.725001
24230.125001
24269.325001
24308.375001
24347.550001
24386.800001
24426.150001
24465.275001
24504.475001
24543.825001
24583.225001
24622.475001
24661.950001
24701.325001
24740.625001
24780.050001
24819.300001
24858.325001
24897.475001
24936.700001
24976.075001
25015.225001
25054.400001
25093.675001
25133.125001
25172.350001
25211.750001
25251.225001
25290.500001
25329.925001
25369.225001
25408.300001
25447.425001
25486.550001
25525.950001
25565.175001
25604.325001
25643.525001
25682.975001
25722.250001
25761.550001
25801.100001
25840.350001
25879.750001
25919.125001
25958.225001
25997.350001
26036.425001
26075.800001
26115.100001
26154.250001
26193.375001
26232.775001
26272.175001
26311.375001
26350.900001
26390.275001
26429.625001
26469.025001
26508.175001
26547.300001
26586.350001
26625.675001
26665.025001
26704.200001
26743.300001
26782.650001
26822.075001
26861.250001
26900.750001
26940.200001
26979.500001
27018.900001
27058.125001
27097.250001
27136.300001
27175.575001
27214.925001
27254.150001
27293.225001
27332.550001
27371.975001
27411.175001
27450.600001
27490.100001
27529.400001
27568.750001
27608.075001
27647.200001
27686.250001
27725.475001
27764.825001
27804.100001
27843.175001
27882.450001
27921.875001
27961.100001
28000.475001
28040.000001
28079.325001
28118.625001
28158.000001
28197.150001
28236.200001
28275.400001
28314.700001
28354.050001
28393.125001
28432.350001
28471.725001
28511.050001
28550.350001
28589.875001
28629.250001
28668.525001
28707.925001
28747.125001
28786.150001
28825.325001
28864.600001
28904.000001
28943.075001
28982.250001
29021.550001
29060.975001
29100.225001
29139.675001
29179.150001
29218.375001
29257.800001
29297.050001
29336.100001
29375.250001
29414.425001
29453.875001
29492.975001
29532.125001
29571.300001
29611.250001
29652.225001
29694.175001
29737.075001
29781.375001
29827.250001
29874.925001
29924.875001
29977.975001
30035.475001
30099.800001
30165.825001
30234.025001
30304.150001
30376.125001
30449.875001
30525.250001
30602.200001
30680.900001
30761.825001
30845.750001
30933.550001
31026.325001
31125.425001
31231.525001
31513.250001
31609.625001
31948.100001
32046.450001
32387.250001
32485.025001
32821.025001
32918.800001
33254.500001
33352.250001
33687.875001
33785.625001
34121.225001
34218.975001
34554.575001
34652.300001
34987.900001
