20.000000
12.000000
692.825000
739.675000
782.675000
823.100000
861.900000
898.175000
934.075000
967.700000
1000.800000
1032.950000
1064.750000
1096.675000
1128.600000
1159.700000
1191.200000
1222.925000
1253.850000
1285.325000
1317.325000
1348.125000
1379.100000
1410.275000
1441.650000
1472.950000
1503.775000
1534.475000
1565.000000
1595.525000
1626.000000
1656.725000
1687.225000
1717.725000
1748.225000
1779.000000
1809.475000
1840.075000
1870.475000
1901.025000
1931.625000
1962.250000
1992.675000
2023.250000
2053.900000
2084.500000
2115.000000
2145.500000
2176.000000
2206.700000
2237.200000
2267.700000
2298.200000
2328.975000
2359.450000
2390.050000
2420.450000
2451.025000
2481.625000
2512.250000
2542.675000
2573.250000
2603.900000
2634.500000
2664.975000
2695.475000
2725.975000
2756.700000
2787.200000
2817.700000
2848.200000
2878.975000
2909.450000
2940.050000
2970.450000
3001.025000
3031.625000
3062.250000
3092.675000
3123.250000
3153.900000
3184.500000
3214.975000
3245.475000
3275.975000
3306.700000
3337.200000
3367.700000
3398.200000
3428.975000
3459.450000
3490.050000
3520.450000
3551.025000
3581.625000
3612.250000
3642.675000
3673.250000
3703.900000
3734.500000
3764.975000
3795.475000
3825.975000
3856.700000
3887.200000
3917.700000
3948.200000
3978.975000
4009.450000
4040.050000
4070.450000
4101.025000
4131.625000
4162.250000
4192.675000
4223.250000
4253.900000
4284.500000
4314.975000
4345.475000
4375.975000
4406.700000
4437.200000
4467.700000
4498.200000
4528.975000
4559.450000
4590.050000
4620.450000
4651.025000
4681.625000
4712.250000
4742.675000
4773.250000
4803.900000
4834.500000
4864.975000
4895.475000
4925.975000
4956.700000
4987.200000
5017.700000
5048.200000
5078.975000
5109.450000
5140.050000
5170.450000
5201.025000
5231.625000
5262.250000
5292.675000
5323.250000
5353.900000
5384.500000
5414.975000
5445.475000
5475.975000
5506.700000
5537.200000
5567.700000
5598.200000
5628.975000
5659.450000
5690.050000
5720.450000
5751.025000
5781.625000
5812.250000
5842.675000
5873.250000
5903.900000
5934.500000
5964.975000
5995.475000
6025.975000
6056.700000
6087.200000
6117.700000
6148.200000
6178.975000
6209.450000
6240.050000
6270.450000
6301.025000
6331.625000
6362.250000
6392.675000
6423.250000
6453.900000
6484.500000
6514.975000
6545.475000
6575.975000
6606.700000
6637.200000
6667.700000
6698.200000
6728.975000
6759.450000
6790.050000
6820.450000
6851.025000
6881.625000
6912.250000
6942.675000
6973.250000
7003.900000
7034.500000
7064.975000
7095.475000
7125.975000
7156.700000
7187.200000
7217.700000
7248.200000
7278.975000
7309.450000
7340.050000
7370.450000
7401.025000
7431.625000
7462.250000
7492.675000
7523.250000
7553.900000
7584.500000
7614.975000
7645.475000
7675.975000
7706.700000
7737.200000
7767.700000
7798.200000
7828.975000
7859.450000
7890.050000
7920.450000
7951.025000
7981.625000
8012.250000
8042.675000
8073.250000
8103.900000
8134.500000
8164.975000
8195.475000
8225.975000
8256.700000
8287.200000
8317.700000
8348.200000
8378.975000
8409.450000
8440.050000
8470.450000
8501.025000
8531.625000
8562.250000
8592.675000
8623.250000
8653.900000
8684.500000
8714.975000
8745.475000
8775.975000
8806.700000
8837.200000
8867.700000
8898.200000
8928.975000
8959.450000
8990.050000
9020.450000
9051.025000
9081.625000
9112.250000
9142.675000
9173.250000
9203.900000
9234.500000
9264.975000
9295.475000
9325.975000
9356.700000
9387.200000
9417.700000
9448.200000
9478.975000
9509.450000
9540.050000
9570.450000
9601.025000
9631.625000
9662.250000
9692.675000
9723.250000
9753.900000
9784.500000
9814.975000
9845.475000
9875.975000
9906.700000
9937.200000
9967.700000
9998.200000
10028.975000
10059.450000
10090.050000
10120.450000
10151.025000
10181.625000
10212.250000
10242.675000
10273.250000
10303.900000
10334.500000
10364.975000
10395.475000
10425.975000
10456.700000
10487.200000
10517.700000
10548.200000
10578.975000
10609.450000
10640.050000
10670.450000
10701.025000
10731.625000
10762.250000
10792.675000
10823.250000
10853.900000
10884.500000
10914.975000
10945.475000
10975.975000
11006.700000
11037.200000
11067.700000
11098.200000
11128.975000
11159.450000
11190.050000
11220.450000
11251.025000
11281.625000
11312.250000
11342.675000
11373.250000
11403.900000
11434.500000
11464.975000
11495.475000
11525.975000
11556.700000
11587.200000
11617.700000
11648.200000
11678.975000
11709.450000
11740.050000
11770.450000
11801.025000
11831.625000
11862.250000
11892.675000
11923.250000
11953.900000
11984.500000
12014.975000
12045.475000
12075.975000
12106.700000
12137.200000
12167.700000
12198.200000
12228.975000
12259.450000
12290.050000
12320.450000
12351.025000
12381.625000
12412.250000
12442.675000
12473.250000
12503.900000
12534.500000
12564.975000
12595.475000
12625.975000
12656.700000
12687.200000
12717.700000
12748.200000
12778.975000
12809.450000
12840.050000
12870.450000
12901.025000
12931.625000
12962.250000
12992.675000
13023.250000
13053.900000
13084.500000
13114.975000
13145.475000
13175.975000
13206.700000
13237.200000
13267.700000
13298.200000
13328.975000
13359.450000
13390.050000
13420.450000
13451.025000
13481.625000
13512.250000
13542.675000
13573.250000
13603.900000
13634.500000
13664.975000
13695.475000
13725.975000
13756.700000
13787.200000
13817.700000
13848.200000
13878.975000
13909.450000
13940.050000
13970.450000
14001.025000
14031.625000
14062.250000
14092.675000
14123.250000
14153.900000
14184.500000
14214.975000
14245.475000
14275.975000
14306.700000
14337.200000
14367.700000
14398.200000
14428.975000
14459.450000
14490.050000
14520.450000
14551.025000
14581.625000
14612.250000
14642.675000
14673.250000
14703.900000
14734.500000
14764.975000
14795.475000
14825.975000
14856.700000
14887.200000
14917.700000
14948.200000
14978.975000
15009.450000
15040.050000
15070.450000
15101.025000
15131.625000
15162.250000
15192.675000
15223.250000
15253.900000
15284.500000
15314.975000
15345.475000
15375.975000
15406.700000
15437.200000
15467.700000
15498.200000
15528.975000
15559.450000
15590.050000
15620.450000
15651.025000
15681.625000
15712.250000
15742.675000
15773.250000
15803.900000
15834.500000
15864.975000
15895.475000
15925.975000
15956.700000
15987.200000
16017.700000
16048.200000
16078.975000
16109.450000
16140.050000
16170.450000
16201.025000
16231.625000
16262.250000
16292.675000
16323.250000
16353.900000
16384.500000
16414.975000
16445.475000
16475.975000
16506.700000
16537.200000
16567.700000
16598.200000
16628.975000
16659.450000
16690.050000
16720.450000
16751.025000
16781.625000
16812.250000
16842.675000
16873.250000
16903.900000
16934.500000
16964.975000
16995.475000
17025.975000
17056.700000
17087.200000
17117.700000
17148.200000
17178.975000
17209.450000
17240.050000
17270.450000
17301.025000
17331.625000
17362.250000
17392.675000
17423.250000
17453.900000
17484.500000
17514.975000
17545.475000
17575.975000
17606.700000
17637.200000
17667.700000
17698.200000
17728.975000
17759.450000
17790.050000
17820.450000
17851.025000
17881.625000
17912.250000
17942.675000
17973.250000
18003.900000
18034.500000
18064.975000
18095.475000
18125.975000
18156.700000
18187.200000
18217.700000
18248.200001
18278.975001
18309.450001
18340.050001
18370.450001
18401.025001
18431.625001
18462.250001
18492.675001
18523.250001
18553.900001
18584.500001
18614.975001
18645.475001
18675.975001
18706.700001
18737.200001
18767.700001
18798.200001
18828.975001
18859.450001
18890.050001
18920.450001
18951.025001
18981.625001
19012.250001
19042.675001
19073.250001
19103.900001
19134.500001
19164.975001
19195.475001
19225.975001
19256.700001
19287.200001
19317.700001
19348.200001
19378.975001
19409.450001
19440.050001
19470.450001
19501.025001
19531.625001
19562.250001
19592.675001
19623.250001
19653.900001
19684.500001
19714.975001
19745.475001
19775.975001
19806.700001
19837.200001
19867.700001
19898.200001
19928.975001
19959.450001
19990.050001
20020.450001
20051.025001
20081.625001
20112.250001
20142.675001
20173.250001
20203.900001
20234.500001
20264.975001
20295.475001
20325.975001
20356.700001
20387.200001
20417.700001
20448.200001
20478.975001
20509.450001
20540.050001
20570.450001
20601.025001
20631.625001
20662.250001
20692.675001
20723.250001
20753.900001
20784.500001
20814.975001
20845.475001
20875.975001
20906.700001
20937.200001
20967.700001
20998.200001
21028.975001
21059.450001
21090.050001
21120.450001
21151.025001
21181.625001
21212.250001
21242.675001
21273.250001
21303.900001
21334.500001
21364.975001
21395.475001
21425.975001
21456.700001
21487.200001
21517.700001
21548.200001
21578.975001
21609.450001
21640.050001
21670.450001
21701.025001
21731.625001
21762.250001
21792.675001
21823.250001
21853.900001
21884.500001
21914.975001
21945.475001
21975.975001
22006.700001
22037.200001
22067.700001
22098.200001
22128.975001
22159.450001
22190.050001
22220.450001
22251.025001
22281.625001
22312.250001
22342.675001
22373.250001
22403.900001
22434.500001
22464.975001
22495.475001
22525.975001
22556.700001
22587.200001
22617.700001
22648.200001
22678.975001
22709.450001
22740.050001
22770.450001
22801.025001
22831.625001
22862.250001
22892.675001
22923.250001
22953.900001
22984.500001
23014.975001
23045.475001
23075.975001
23106.700001
23137.200001
23167.700001
23198.200001
23228.975001
23259.450001
23290.050001
23320.450001
23351.025001
23381.625001
23412.250001
23442.675001
23473.250001
23503.900001
23534.500001
23564.975001
23595.475001
23625.975001
23656.700001
23687.200001
23717.700001
23748.200001
23778.975001
23809.450001
23840.050001
23870.450001
23901.025001
23931.625001
23962.250001
23992.675001
24023.250001
24053.900001
24084.500001
24114.975001
24145.475001
24175.975001
24206.700001
24237.200001
24267.700001
24298.200001
24328.975001
24359.450001
24390.050001
24420.450001
24451.025001
24481.625001
24512.250001
24542.675001
24573.250001
24603.900001
24634.500001
24664.975001
24695.475001
24725.975001
24756.700001
24787.200001
24817.700001
24848.200001
24878.975001
24909.450001
24940.050001
24970.450001
25001.025001
25031.625001
25062.250001
25092.675001
25123.250001
25153.900001
25184.500001
25214.975001
25245.475001
25275.975001
25306.700001
25337.200001
25367.700001
25398.200001
25428.975001
25459.450001
25490.050001
25520.450001
25551.025001
25581.625001
25612.250001
25642.675001
25673.250001
25703.900001
25734.500001
25764.975001
25795.475001
25825.975001
25856.700001
25887.200001
25917.700001
25948.200001
25978.975001
26009.450001
26040.050001
26070.450001
26101.025001
26131.625001
26162.250001
26192.675001
26223.250001
26253.900001
26284.500001
26314.975001
26345.475001
26375.975001
26406.700001
26437.200001
26467.700001
26498.200001
26528.975001
26559.450001
26590.050001
26620.450001
26651.025001
26681.625001
26712.250001
26742.675001
26773.250001
26803.900001
26834.500001
26864.975001
26895.475001
26925.975001
26956.700001
26987.200001
27017.700001
27048.200001
27078.975001
27109.450001
27140.050001
27170.450001
27201.025001
27231.625001
27262.250001
27292.675001
27323.250001
27353.900001
27384.500001
27414.975001
27445.475001
27475.975001
27506.700001
27537.200001
27567.700001
27598.200001
27628.975001
27659.450001
27690.050001
27720.450001
27751.025001
27781.625001
27812.250001
27842.675001
27873.250001
27903.900001
27934.500001
27964.975001
27995.475001
28025.975001
28056.700001
28087.200001
28117.700001
28148.200001
28178.975001
28209.450001
28240.050001
28270.450001
28301.025001
28331.625001
28362.250001
28392.675001
28423.250001
28453.900001
28484.500001
28514.975001
28545.475001
28575.975001
28606.700001
28637.200001
28667.700001
28698.200001
28728.975001
28759.450001
28790.050001
28820.450001
28851.025001
28881.625001
28912.250001
28942.675001
28973.250001
29003.900001
29034.500001
29064.975001
29095.475001
29125.975001
29156.700001
29188.350001
29220.375001
29253.675001
29288.225001
29323.450001
29360.650001
29400.300001
29442.525001
29488.475001
29545.075001
