20.000000
1.000000
374.675000
421.575000
462.150000
499.650000
535.025000
568.375000
600.275000
630.975000
660.525000
689.600000
717.850000
745.650000
773.150000
800.675000
828.100000
855.000000
881.750000
908.700000
935.400000
962.000000
988.475000
1014.850000
1041.275000
1067.600000
1094.000000
1120.300000
1146.700000
1173.025000
1199.425000
1225.775000
1252.175000
1278.575000
1304.925000
1331.325000
1357.675000
1384.075000
1410.450000
1436.825000
1463.200000
1489.625000
1516.025000
1542.375000
1568.775000
1595.150000
1621.550000
1647.925000
1674.325000
1700.700000
1727.100000
1753.500000
1779.875000
1806.275000
1832.625000
1859.050000
1885.400000
1911.825000
1938.175000
1964.575000
1991.000000
2017.375000
2043.775000
2070.125000
2096.550000
2122.925000
2149.300000
2175.675000
2202.075000
2228.500000
2254.875000
2281.275000
2307.625000
2334.050000
2360.400000
2386.800000
2413.175000
2439.600000
2466.000000
2492.375000
2518.775000
2545.150000
2571.525000
2597.900000
2624.300000
2650.700000
2677.075000
2703.500000
2729.875000
2756.275000
2782.625000
2809.050000
2835.400000
2861.825000
2888.175000
2914.575000
2941.000000
2967.375000
2993.775000
3020.125000
3046.525000
3072.925000
3099.300000
3125.675000
3152.075000
3178.500000
3204.875000
3231.275000
3257.625000
3284.050000
3310.400000
3336.800000
3363.175000
3389.600000
3416.000000
3442.375000
3468.775000
3495.150000
3521.525000
3547.900000
3574.300000
3600.700000
3627.075000
3653.500000
3679.875000
3706.275000
3732.625000
3759.050000
3785.400000
3811.825000
3838.175000
3864.575000
3891.000000
3917.375000
3943.775000
3970.125000
3996.525000
4022.925000
4049.300000
4075.675000
4102.075000
4128.500000
4154.875000
4181.275000
4207.625000
4234.050000
4260.400000
4286.800000
4313.175000
4339.600000
4366.000000
4392.375000
4418.775000
4445.150000
4471.525000
4497.900000
4524.300000
4550.700000
4577.075000
4603.500000
4629.875000
4656.275000
4682.625000
4709.050000
4735.400000
4761.825000
4788.175000
4814.575000
4841.000000
4867.375000
4893.775000
4920.125000
4946.525000
4972.925000
4999.300000
5025.675000
5052.075000
5078.500000
5104.875000
5131.275000
5157.625000
5184.050000
5210.400000
5236.800000
5263.175000
5289.600000
5316.000000
5342.375000
5368.775000
5395.150000
5421.525000
5447.900000
5474.300000
5500.700000
5527.075000
5553.500000
5579.875000
5606.275000
5632.625000
5659.050000
5685.400000
5711.825000
5738.175000
5764.575000
5791.000000
5817.375000
5843.775000
5870.125000
5896.525000
5922.925000
5949.300000
5975.675000
6002.075000
6028.500000
6054.875000
6081.275000
6107.625000
6134.050000
6160.400000
6186.800000
6213.175000
6239.600000
6266.000000
6292.375000
6318.775000
6345.150000
6371.525000
6397.900000
6424.300000
6450.700000
6477.075000
6503.500000
6529.875000
6556.275000
6582.625000
6609.050000
6635.400000
6661.825000
6688.175000
6714.575000
6741.000000
6767.375000
6793.775000
6820.125000
6846.525000
6872.925000
6899.300000
6925.675000
6952.075000
6978.500000
7004.875000
7031.275000
7057.625000
7084.050000
7110.400000
7136.800000
7163.175000
7189.600000
7216.000000
7242.375000
7268.775000
7295.150000
7321.525000
7347.900000
7374.300000
7400.700000
7427.075000
7453.500000
7479.875000
7506.275000
7532.625000
7559.050000
7585.400000
7611.825000
7638.175000
7664.575000
7691.000000
7717.375000
7743.775000
7770.125000
7796.525000
7822.925000
7849.300000
7875.675000
7902.075000
7928.500000
7954.875000
7981.275000
8007.625000
8034.050000
8060.400000
8086.800000
8113.175000
8139.600000
8166.000000
8192.375000
8218.775000
8245.150000
8271.525000
8297.900000
8324.300000
8350.700000
8377.075000
8403.500000
8429.875000
8456.275000
8482.625000
8509.050000
8535.400000
8561.825000
8588.175000
8614.575000
8641.000000
8667.375000
8693.775000
8720.125000
8746.525000
8772.925000
8799.300000
8825.675000
8852.075000
8878.500000
8904.875000
8931.275000
8957.625000
8984.050000
9010.400000
9036.800000
9063.175000
9089.600000
9116.000000
9142.375000
9168.775000
9195.150000
9221.525000
9247.900000
9274.300000
9300.700000
9327.075000
9353.500000
9379.875000
9406.275000
9432.625000
9459.050000
9485.400000
9511.825000
9538.175000
9564.575000
9591.000000
9617.375000
9643.775000
9670.125000
9696.525000
9722.925000
9749.300000
9775.675000
9802.075000
9828.500000
9854.875000
9881.275000
9907.625000
9934.050000
9960.400000
9986.800000
10013.175000
10039.600000
10066.000000
10092.375000
10118.775000
10145.150000
10171.525000
10197.900000
10224.300000
10250.700000
10277.075000
10303.500000
10329.875000
10356.275000
10382.625000
10409.050000
10435.400000
10461.825000
10488.175000
10514.575000
10541.000000
10567.375000
10593.775000
10620.125000
10646.525000
10672.925000
10699.300000
10725.675000
10752.075000
10778.500000
10804.875000
10831.275000
10857.625000
10884.050000
10910.400000
10936.800000
10963.175000
10989.600000
11016.000000
11042.375000
11068.775000
11095.150000
11121.525000
11147.900000
11174.300000
11200.700000
11227.075000
11253.500000
11279.875000
11306.275000
11332.625000
11359.050000
11385.400000
11411.825000
11438.175000
11464.575000
11491.000000
11517.375000
11543.775000
11570.125000
11596.525000
11622.925000
11649.300000
11675.675000
11702.075000
11728.500000
11754.875000
11781.275000
11807.625000
11834.050000
11860.400000
11886.800000
11913.175000
11939.600000
11966.000000
11992.375000
12018.775000
12045.150000
12071.525000
12097.900000
12124.300000
12150.700000
12177.075000
12203.500000
12229.875000
12256.275000
12282.625000
12309.050000
12335.400000
12361.825000
12388.175000
12414.575000
12441.000000
12467.375000
12493.775000
12520.125000
12546.525000
12572.925000
12599.300000
12625.675000
12652.075000
12678.500000
12704.875000
12731.275000
12757.625000
12784.050000
12810.400000
12836.800000
12863.175000
12889.600000
12916.000000
12942.375000
12968.775000
12995.150000
13021.525000
13047.900000
13074.300000
13100.700000
13127.075000
13153.500000
13179.875000
13206.275000
13232.625000
13259.050000
13285.400000
13311.825000
13338.175000
13364.575000
13391.000000
13417.375000
13443.775000
13470.125000
13496.525000
13522.925000
13549.300000
13575.675000
13602.075000
13628.500000
13654.875000
13681.275000
13707.625000
13734.050000
13760.400000
13786.800000
13813.175000
13839.600000
13866.000000
13892.375000
13918.775000
13945.150000
13971.525000
13997.900000
14024.300000
14050.700000
14077.075000
14103.500000
14129.875000
14156.275000
14182.625000
14209.050000
14235.400000
14261.825000
14288.175000
14314.575000
14341.000000
14367.375000
14393.775000
14420.125000
14446.525000
14472.925000
14499.300000
14525.675000
14552.075000
14578.500000
14604.875000
14631.275000
14657.625000
14684.050000
14710.400000
14736.800000
14763.175000
14789.600000
14816.000000
14842.375000
14868.775000
14895.150000
14921.525000
14947.900000
14974.300000
15000.700000
15027.075000
15053.500000
15079.875000
15106.275000
15132.625000
15159.050000
15185.400000
15211.825000
15238.175000
15264.575000
15291.000000
15317.375000
15343.775000
15370.125000
15396.525000
15422.925000
15449.300000
15475.675000
15502.075000
15528.500000
15554.875000
15581.275000
15607.625000
15634.050000
15660.400000
15686.800000
15713.175000
15739.600000
15766.000000
15792.375000
15818.775000
15845.150000
15871.525000
15897.900000
15924.300000
15950.700000
15977.075000
16003.500000
16029.875000
16056.275000
16082.625000
16109.050000
16135.400000
16161.825000
16188.175000
16214.575000
16241.000000
16267.375000
16293.775000
16320.125000
16346.525000
16372.925000
16399.300000
16425.675000
16452.075000
16478.500000
16504.875000
16531.275000
16557.625000
16584.050000
16610.400000
16636.800000
16663.175000
16689.600000
16716.000000
16742.375000
16768.775000
16795.150000
16821.525000
16847.900000
16874.300000
16900.700000
16927.075000
16953.500000
16979.875000
17006.275000
17032.625000
17059.050000
17085.400000
17111.825000
17138.175000
17164.575000
17191.000000
17217.375000
17243.775000
17270.125000
17296.525000
17322.925000
17349.300000
17375.675000
17402.075000
17428.500000
17454.875000
17481.275000
17507.625000
17534.050000
17560.400000
17586.800000
17613.175000
17639.600000
17666.000000
17692.375000
17718.775000
17745.150000
17771.525000
17797.900000
17824.300000
17850.700000
17877.075000
17903.500000
17929.875000
17956.275000
17982.625000
18009.050000
18035.400000
18061.825000
18088.175000
18114.575000
18141.000000
18167.375000
18193.775000
18220.125000
18246.525001
18272.925001
18299.300001
18325.675001
18352.075001
18378.500001
18404.875001
18431.275001
18457.625001
18484.050001
18510.400001
18536.800001
18563.175001
18589.600001
18616.000001
18642.375001
18668.775001
18695.150001
18721.525001
18747.900001
18774.300001
18800.700001
18827.075001
18853.500001
18879.875001
18906.275001
18932.625001
18959.050001
18985.400001
19011.825001
19038.175001
19064.575001
19091.000001
19117.375001
19143.775001
19170.125001
19196.525001
19222.925001
19249.300001
19275.675001
19302.075001
19328.500001
19354.875001
19381.275001
19407.625001
19434.050001
19460.400001
19486.800001
19513.175001
19539.600001
19566.000001
19592.375001
19618.775001
19645.150001
19671.525001
19697.900001
19724.300001
19750.700001
19777.075001
19803.500001
19829.875001
19856.275001
19882.625001
19909.050001
19935.400001
19961.825001
19988.175001
20014.575001
20041.000001
20067.375001
20093.775001
20120.125001
20146.525001
20172.925001
20199.300001
20225.675001
20252.075001
20278.500001
20304.875001
20331.275001
20357.625001
20384.050001
20410.400001
20436.800001
20463.175001
20489.600001
20516.000001
20542.375001
20568.775001
20595.150001
20621.525001
20647.900001
20674.300001
20700.700001
20727.075001
20753.500001
20779.875001
20806.275001
20832.625001
20859.050001
20885.400001
20911.825001
20938.175001
20964.575001
20991.000001
21017.375001
21043.775001
21070.125001
21096.525001
21122.925001
21149.300001
21175.675001
21202.075001
21228.500001
21254.875001
21281.275001
21307.625001
21334.050001
21360.400001
21386.800001
21413.175001
21439.600001
21466.000001
21492.375001
21518.775001
21545.150001
21571.525001
21597.900001
21624.300001
21650.700001
21677.075001
21703.500001
21729.875001
21756.275001
21782.625001
21809.050001
21835.400001
21861.825001
21888.175001
21914.575001
21941.000001
21967.375001
21993.775001
22020.125001
22046.525001
22072.925001
22099.300001
22125.675001
22152.075001
22178.500001
22204.875001
22231.275001
22257.625001
22284.050001
22310.400001
22336.800001
22363.175001
22389.600001
22416.000001
22442.375001
22468.775001
22495.150001
22521.525001
22547.900001
22574.300001
22600.700001
22627.075001
22653.500001
22679.875001
22706.275001
22732.625001
22759.050001
22785.400001
22811.825001
22838.175001
22864.575001
22891.000001
22917.375001
22943.775001
22970.125001
22996.525001
23022.925001
23049.300001
23075.675001
23102.075001
23128.500001
23154.875001
23181.275001
23207.625001
23234.050001
23260.400001
23286.800001
23313.175001
23339.600001
23366.000001
23392.375001
23418.775001
23445.150001
23471.525001
23497.900001
23524.300001
23550.700001
23577.075001
23603.500001
23629.875001
23656.275001
23682.625001
23709.050001
23735.400001
23761.825001
23788.175001
23814.575001
23841.000001
23867.375001
23893.775001
23920.125001
23946.525001
23972.925001
23999.300001
24025.675001
24052.075001
24078.500001
24104.875001
24131.275001
24157.625001
24184.050001
24210.400001
24236.800001
24263.175001
24289.600001
24316.000001
24342.375001
24368.775001
24395.150001
24421.525001
24447.900001
24474.300001
24500.700001
24527.075001
24553.500001
24579.875001
24606.275001
24632.625001
24659.050001
24685.400001
24711.825001
24738.175001
24764.575001
24791.000001
24817.375001
24843.775001
24870.125001
24896.525001
24922.925001
24949.300001
24975.675001
25002.075001
25028.500001
25054.875001
25081.275001
25107.625001
25134.050001
25160.400001
25186.800001
25213.175001
25239.600001
25266.000001
25292.375001
25318.775001
25345.150001
25371.525001
25397.900001
25424.300001
25450.700001
25477.075001
25503.500001
25529.875001
25556.275001
25582.625001
25609.050001
25635.400001
25661.825001
25688.175001
25714.575001
25741.000001
25767.375001
25793.775001
25820.125001
25846.525001
25872.925001
25899.300001
25925.675001
25952.075001
25978.500001
26004.875001
26031.275001
26057.625001
26084.050001
26110.400001
26136.800001
26163.175001
26189.600001
26216.000001
26242.375001
26268.775001
26295.150001
26321.525001
26347.900001
26374.300001
26400.700001
26427.075001
26453.500001
26479.875001
26506.275001
26532.625001
26559.050001
26585.400001
26611.825001
26638.175001
26664.575001
26691.000001
26717.375001
26743.775001
26770.125001
26796.525001
26822.925001
26849.300001
26875.675001
26902.075001
26928.500001
26954.875001
26981.275001
27007.625001
27034.050001
27060.400001
27086.800001
27113.175001
27139.600001
27166.000001
27192.375001
27218.775001
27245.150001
27271.525001
27297.900001
27324.300001
27350.700001
27377.075001
27403.500001
27429.875001
27456.275001
27482.625001
27509.050001
27535.400001
27561.825001
27588.175001
27614.575001
27641.000001
27667.375001
27693.775001
27720.125001
27746.525001
27772.925001
27799.300001
27825.675001
27852.075001
27878.500001
27904.875001
27931.275001
27957.625001
27984.050001
28010.400001
28036.800001
28063.175001
28089.600001
28116.000001
28142.375001
28168.775001
28195.150001
28221.525001
28247.900001
28274.300001
28300.700001
28327.075001
28353.500001
28379.875001
28406.275001
28432.625001
28459.050001
28485.400001
28511.825001
28538.175001
28564.575001
28591.000001
28617.375001
28643.775001
28670.125001
28696.525001
28722.925001
28749.300001
28775.675001
28802.075001
28828.500001
28854.875001
28881.275001
28907.625001
28934.050001
28960.400001
28986.800001
29013.175001
29039.600001
29066.000001
29092.375001
29118.775001
29145.150001
29171.525001
29197.900001
29224.300001
29250.700001
29277.075001
29303.500001
29329.875001
29356.275001
29382.625001
29409.050001
29435.400001
29461.825001
29488.175001
29514.575001
29541.000001
29567.375001
29593.775001
29620.125001
29646.525001
29672.925001
29699.300001
29725.675001
29752.275001
29779.475001
29806.775001
29834.525001
29863.000001
29892.025001
29921.525001
29951.800001
29982.700001
30014.525001
30047.350001
30081.350001
30116.350001
30151.725001
30187.550001
30223.775001
30260.425001
30297.450001
30334.850001
30372.625001
30410.725001
30449.175001
30487.950001
30527.075001
30566.500001
30606.250001
30646.325001
30686.725001
30727.450001
30768.500001
30809.875001
30851.575001
30893.625001
30936.050001
30978.825001
31021.975001
31065.475001
31109.325001
31153.475001
31197.875001
31242.525001
31287.350001
31332.350001
31377.475001
31422.700001
31468.050001
31513.475001
31559.000001
31604.600001
31650.250001
31696.000001
31741.800001
31787.675001
31833.600001
31879.600001
31925.625001
31971.725001
32017.850001
32064.000001
32110.200001
32156.450001
32202.725001
32249.075001
32295.450001
32341.900001
32388.400001
32434.950001
32481.575001
32528.225001
32574.925001
32621.650001
32668.425001
32715.225001
32762.050001
32808.950001
32855.875001
32902.850001
32949.850001
32996.900001
33043.950001
33091.025001
33138.125001
33185.225001
33232.350001
33279.475001
33326.625001
33373.800001
33421.000001
33468.200001
33515.450001
33562.725001
33610.075001
33657.475001
33704.950001
33752.475001
33800.050001
33847.650001
33895.275001
33942.900001
33990.525001
34038.175001
34085.825001
34133.475001
34181.125001
34228.775001
34276.450001
34324.100001
34371.750001
34419.400001
34467.075001
34514.725001
34562.375001
34610.050001
34657.700001
34705.350001
34753.025001
34800.675001
34848.350001
34896.000001
34943.675001
34991.325001
