200.000000
12.000000
1043.025000
1089.725000
1131.750000
1171.575000
1209.275000
1245.300000
1280.125000
1313.525000
1345.425000
1377.225000
1407.825000
1437.300000
1467.275000
1495.325000
1523.050000
1550.725000
1578.450000
1605.050000
1631.275000
1656.500000
1681.450000
1706.350000
1731.275000
1756.200000
1780.025000
1803.625000
1827.350000
1850.675000
1873.125000
1895.375000
1917.550000
1939.825000
1962.025000
1984.225000
2006.425000
2028.650000
2050.800000
2073.025000
2095.250000
2117.475000
2139.750000
2161.950000
2184.175000
2206.400000
2228.625000
2250.800000
2273.025000
2295.250000
2317.475000
2339.725000
2361.950000
2384.175000
2406.400000
2428.625000
2450.775000
2473.025000
2495.250000
2517.475000
2539.725000
2561.950000
2584.175000
2606.400000
2628.625000
2650.775000
2673.025000
2695.250000
2717.475000
2739.725000
2761.950000
2784.175000
2806.400000
2828.625000
2850.775000
2873.025000
2895.250000
2917.475000
2939.725000
2961.950000
2984.175000
3006.400000
3028.625000
3050.775000
3073.025000
3095.250000
3117.475000
3139.725000
3161.950000
3184.175000
3206.400000
3228.625000
3250.775000
3273.025000
3295.250000
3317.475000
3339.725000
3361.950000
3384.175000
3406.400000
3428.625000
3450.775000
3473.025000
3495.250000
3517.475000
3539.725000
3561.950000
3584.175000
3606.400000
3628.625000
3650.775000
3673.025000
3695.250000
3717.475000
3739.725000
3761.950000
3784.175000
3806.400000
3828.625000
3850.775000
3873.025000
3895.250000
3917.475000
3939.725000
3961.950000
3984.175000
4006.400000
4028.625000
4050.775000
4073.025000
4095.250000
4117.475000
4139.725000
4161.950000
4184.175000
4206.400000
4228.625000
4250.775000
4273.025000
4295.250000
4317.475000
4339.725000
4361.950000
4384.175000
4406.400000
4428.625000
4450.775000
4473.025000
4495.250000
4517.475000
4539.725000
4561.950000
4584.175000
4606.400000
4628.625000
4650.775000
4673.025000
4695.250000
4717.475000
4739.725000
4761.950000
4784.175000
4806.400000
4828.625000
4850.775000
4873.025000
4895.250000
4917.475000
4939.725000
4961.950000
4984.175000
5006.400000
5028.625000
5050.775000
5073.025000
5095.250000
5117.475000
5139.725000
5161.950000
5184.175000
5206.400000
5228.625000
5250.775000
5273.025000
5295.250000
5317.475000
5339.725000
5361.950000
5384.175000
5406.400000
5428.625000
5450.775000
5473.025000
5495.250000
5517.475000
5539.725000
5561.950000
5584.175000
5606.400000
5628.625000
5650.775000
5673.025000
5695.250000
5717.475000
5739.725000
5761.950000
5784.175000
5806.400000
5828.625000
5850.775000
5873.025000
5895.250000
5917.475000
5939.725000
5961.950000
5984.175000
6006.400000
6028.625000
6050.775000
6073.025000
6095.250000
6117.475000
6139.725000
6161.950000
6184.175000
6206.400000
6228.625000
6250.775000
6273.025000
6295.250000
6317.475000
6339.725000
6361.950000
6384.175000
6406.400000
6428.625000
6450.775000
6473.025000
6495.250000
6517.475000
6539.725000
6561.950000
6584.175000
6606.400000
6628.625000
6650.775000
6673.025000
6695.250000
6717.475000
6739.725000
6761.950000
6784.175000
6806.400000
6828.625000
6850.775000
6873.025000
6895.250000
6917.475000
6939.725000
6961.950000
6984.175000
7006.400000
7028.625000
7050.775000
7073.025000
7095.250000
7117.475000
7139.725000
7161.950000
7184.175000
7206.400000
7228.625000
7250.775000
7273.025000
7295.250000
7317.475000
7339.725000
7361.950000
7384.175000
7406.400000
7428.625000
7450.775000
7473.025000
7495.250000
7517.475000
7539.725000
7561.950000
7584.175000
7606.400000
7628.625000
7650.775000
7673.025000
7695.250000
7717.475000
7739.725000
7761.950000
7784.175000
7806.400000
7828.625000
7850.775000
7873.025000
7895.250000
7917.475000
7939.725000
7961.950000
7984.175000
8006.400000
8028.625000
8050.775000
8073.025000
8095.250000
8117.475000
8139.725000
8161.950000
8184.175000
8206.400000
8228.625000
8250.775000
8273.025000
8295.250000
8317.475000
8339.725000
8361.950000
8384.175000
8406.400000
8428.625000
8450.775000
8473.025000
8495.250000
8517.475000
8539.725000
8561.950000
8584.175000
8606.400000
8628.625000
8650.775000
8673.025000
8695.250000
8717.475000
8739.725000
8761.950000
8784.175000
8806.400000
8828.625000
8850.775000
8873.025000
8895.250000
8917.475000
8939.725000
8961.950000
8984.175000
9006.400000
9028.625000
9050.775000
9073.025000
9095.250000
9117.475000
9139.725000
9161.950000
9184.175000
9206.400000
9228.625000
9250.775000
9273.025000
9295.250000
9317.475000
9339.725000
9361.950000
9384.175000
9406.400000
9428.625000
9450.775000
9473.025000
9495.250000
9517.475000
9539.725000
9561.950000
9584.175000
9606.400000
9628.625000
9650.775000
9673.025000
9695.250000
9717.475000
9739.725000
9761.950000
9784.175000
9806.400000
9828.625000
9850.775000
9873.025000
9895.250000
9917.475000
9939.725000
9961.950000
9984.175000
10006.400000
10028.625000
10050.775000
10073.025000
10095.250000
10117.475000
10139.725000
10161.950000
10184.175000
10206.400000
10228.625000
10250.775000
10273.025000
10295.250000
10317.475000
10339.725000
10361.950000
10384.175000
10406.400000
10428.625000
10450.775000
10473.025000
10495.250000
10517.475000
10539.725000
10561.950000
10584.175000
10606.400000
10628.625000
10650.775000
10673.025000
10695.250000
10717.475000
10739.725000
10761.950000
10784.175000
10806.400000
10828.625000
10850.775000
10873.025000
10895.250000
10917.475000
10939.725000
10961.950000
10984.175000
11006.400000
11028.625000
11050.775000
11073.025000
11095.250000
11117.475000
11139.725000
11161.950000
11184.175000
11206.400000
11228.625000
11250.775000
11273.025000
11295.250000
11317.475000
11339.725000
11361.950000
11384.175000
11406.400000
11428.625000
11450.775000
11473.025000
11495.250000
11517.475000
11539.725000
11561.950000
11584.175000
11606.400000
11628.625000
11650.775000
11673.025000
11695.250000
11717.475000
11739.725000
11761.950000
11784.175000
11806.400000
11828.625000
11850.775000
11873.025000
11895.250000
11917.475000
11939.725000
11961.950000
11984.175000
12006.400000
12028.625000
12050.775000
12073.025000
12095.250000
12117.475000
12139.725000
12161.950000
12184.175000
12206.400000
12228.625000
12250.775000
12273.025000
12295.250000
12317.475000
12339.725000
12361.950000
12384.175000
12406.400000
12428.625000
12450.775000
12473.025000
12495.250000
12517.475000
12539.725000
12561.950000
12584.175000
12606.400000
12628.625000
12650.775000
12673.025000
12695.250000
12717.475000
12739.725000
12761.950000
12784.175000
12806.400000
12828.625000
12850.775000
12873.025000
12895.250000
12917.475000
12939.725000
12961.950000
12984.175000
13006.400000
13028.625000
13050.775000
13073.025000
13095.250000
13117.475000
13139.725000
13161.950000
13184.175000
13206.400000
13228.625000
13250.775000
13273.025000
13295.250000
13317.475000
13339.725000
13361.950000
13384.175000
13406.400000
13428.625000
13450.775000
13473.025000
13495.250000
13517.475000
13539.725000
13561.950000
13584.175000
13606.400000
13628.625000
13650.775000
13673.025000
13695.250000
13717.475000
13739.725000
13761.950000
13784.175000
13806.400000
13828.625000
13850.775000
13873.025000
13895.250000
13917.475000
13939.725000
13961.950000
13984.175000
14006.400000
14028.625000
14050.775000
14073.025000
14095.250000
14117.475000
14139.725000
14161.950000
14184.175000
14206.400000
14228.625000
14250.775000
14273.025000
14295.250000
14317.475000
14339.725000
14361.950000
14384.175000
14406.400000
14428.625000
14450.775000
14473.025000
14495.250000
14517.475000
14539.725000
14561.950000
14584.175000
14606.400000
14628.625000
14650.775000
14673.025000
14695.250000
14717.475000
14739.725000
14761.950000
14784.175000
14806.400000
14828.625000
14850.775000
14873.025000
14895.250000
14917.475000
14939.725000
14961.950000
14984.175000
15006.400000
15028.625000
15050.775000
15073.025000
15095.250000
15117.475000
15139.725000
15161.950000
15184.175000
15206.400000
15228.625000
15250.775000
15273.025000
15295.250000
15317.475000
15339.725000
15361.950000
15384.175000
15406.400000
15428.625000
15450.775000
15473.025000
15495.250000
15517.475000
15539.725000
15561.950000
15584.175000
15606.400000
15628.625000
15650.775000
15673.025000
15695.250000
15717.475000
15739.725000
15761.950000
15784.175000
15806.400000
15828.625000
15850.775000
15873.025000
15895.250000
15917.475000
15939.725000
15961.950000
15984.175000
16006.400000
16028.625000
16050.775000
16073.025000
16095.250000
16117.475000
16139.725000
16161.950000
16184.175000
16206.400000
16228.625000
16250.775000
16273.025000
16295.250000
16317.475000
16339.725000
16361.950000
16384.175000
16406.400000
16428.625000
16450.775000
16473.025000
16495.250000
16517.475000
16539.725000
16561.950000
16584.175000
16606.400000
16628.625000
16650.775000
16673.025000
16695.250000
16717.475000
16739.725000
16761.950000
16784.175000
16806.400000
16828.625000
16850.775000
16873.025000
16895.250000
16917.475000
16939.725000
16961.950000
16984.175000
17006.400000
17028.625000
17050.775000
17073.025000
17095.250000
17117.475000
17139.725000
17161.950000
17184.175000
17206.400000
17228.625000
17250.775000
17273.025000
17295.250000
17317.475000
17339.725000
17361.950000
17384.175000
17406.400000
17428.625000
17450.775000
17473.025000
17495.250000
17517.475000
17539.725000
17561.950000
17584.175000
17606.400000
17628.625000
17650.775000
17673.025000
17695.250000
17717.475000
17739.725000
17761.950000
17784.175000
17806.400000
17828.625000
17850.775000
17873.025000
17895.250000
17917.475000
17939.725000
17961.950000
17984.175000
18006.400000
18028.625000
18050.775000
18073.025000
18095.250000
18117.475000
18139.725000
18161.950000
18184.175000
18206.400000
18228.625001
18250.775001
18273.025001
18295.250001
18317.475001
18339.725001
18361.950001
18384.175001
18406.400001
18428.625001
18450.775001
18473.025001
18495.250001
18517.475001
18539.725001
18561.950001
18584.175001
18606.400001
18628.625001
18650.775001
18673.025001
18695.250001
18717.475001
18739.725001
18761.950001
18784.175001
18806.400001
18828.625001
18850.775001
18873.025001
18895.250001
18917.475001
18939.725001
18961.950001
18984.175001
19006.400001
19028.625001
19050.775001
19073.025001
19095.250001
19117.475001
19139.725001
19161.950001
19184.175001
19206.400001
19228.625001
19250.775001
19273.025001
19295.250001
19317.475001
19339.725001
19361.950001
19384.175001
19406.400001
19428.625001
19450.775001
19473.025001
19495.250001
19517.475001
19539.725001
19561.950001
19584.175001
19606.400001
19628.625001
19650.775001
19673.025001
19695.250001
19717.475001
19739.725001
19761.950001
19784.175001
19806.400001
19828.625001
19850.775001
19873.025001
19895.250001
19917.475001
19939.725001
19961.950001
19984.175001
20006.400001
20028.625001
20050.775001
20073.025001
20095.250001
20117.475001
20139.725001
20161.950001
20184.175001
20206.400001
20228.625001
20250.775001
20273.025001
20295.250001
20317.475001
20339.725001
20361.950001
20384.175001
20406.400001
20428.625001
20450.775001
20473.025001
20495.250001
20517.475001
20539.725001
20561.950001
20584.175001
20606.400001
20628.625001
20650.775001
20673.025001
20695.250001
20717.475001
20739.725001
20761.950001
20784.175001
20806.400001
20828.625001
20850.775001
20873.025001
20895.250001
20917.475001
20939.725001
20961.950001
20984.175001
21006.400001
21028.625001
21050.775001
21073.025001
21095.250001
21117.475001
21139.725001
21161.950001
21184.175001
21206.400001
21228.625001
21250.775001
21273.025001
21295.250001
21317.475001
21339.725001
21361.950001
21384.175001
21406.400001
21428.625001
21450.775001
21473.025001
21495.250001
21517.475001
21539.725001
21561.950001
21584.175001
21606.400001
21628.625001
21650.775001
21673.025001
21695.250001
21717.475001
21739.725001
21761.950001
21784.175001
21806.400001
21828.625001
21850.775001
21873.025001
21895.250001
21917.475001
21939.725001
21961.950001
21984.175001
22006.400001
22028.625001
22050.775001
22073.025001
22095.250001
22117.475001
22139.725001
22161.950001
22184.175001
22206.400001
22228.625001
22250.775001
22273.025001
22295.250001
22317.475001
22339.725001
22361.950001
22384.175001
22406.400001
22428.625001
22450.775001
22473.025001
22495.250001
22517.475001
22539.725001
22561.950001
22584.175001
22606.400001
22628.625001
22650.775001
22673.025001
22695.250001
22717.475001
22739.725001
22761.950001
22784.175001
22806.400001
22828.625001
22850.775001
22873.025001
22895.250001
22917.475001
22939.725001
22961.950001
22984.175001
23006.400001
23028.625001
23050.775001
23073.025001
23095.250001
23117.475001
23139.725001
23161.950001
23184.175001
23206.400001
23228.625001
23250.775001
23273.025001
23295.250001
23317.475001
23339.725001
23361.950001
23384.175001
23406.400001
23428.625001
23450.775001
23473.025001
23495.250001
23517.475001
23539.725001
23561.950001
23584.175001
23606.400001
23628.625001
23650.775001
23673.025001
23695.250001
23717.475001
23739.725001
23761.950001
23784.175001
23806.400001
23828.625001
23850.775001
23873.025001
23895.250001
23917.475001
23939.725001
23961.950001
23984.175001
24006.400001
24028.625001
24050.775001
24073.025001
24095.250001
24117.475001
24139.725001
24161.950001
24184.175001
24206.400001
24228.625001
24250.775001
24273.025001
24295.250001
24317.475001
24339.725001
24361.950001
24384.175001
24406.400001
24428.625001
24450.775001
24473.025001
24495.250001
24517.475001
24539.725001
24561.950001
24584.175001
24606.400001
24628.625001
24650.775001
24673.025001
24695.250001
24717.475001
24739.725001
24761.950001
24784.175001
24806.400001
24828.625001
24850.775001
24873.025001
24895.250001
24917.475001
24939.725001
24961.950001
24984.175001
25006.400001
25028.625001
25050.775001
25073.025001
25095.250001
25117.475001
25139.725001
25161.950001
25184.175001
25206.400001
25228.625001
25250.775001
25273.025001
25295.250001
25317.475001
25339.725001
25361.950001
25384.175001
25406.400001
25428.625001
25450.775001
25473.025001
25495.250001
25517.475001
25539.725001
25561.950001
25584.175001
25606.400001
25628.625001
25650.775001
25673.025001
25695.250001
25717.475001
25739.725001
25761.950001
25784.175001
25806.400001
25828.625001
25850.775001
25873.025001
25895.250001
25917.475001
25939.725001
25961.950001
25984.175001
26006.400001
26028.625001
26050.775001
26073.025001
26095.250001
26117.475001
26139.725001
26161.950001
26184.175001
26206.400001
26228.625001
26250.775001
26273.025001
26295.250001
26317.475001
26339.725001
26361.950001
26384.175001
26406.400001
26428.625001
26450.775001
26473.025001
26495.250001
26517.475001
26539.725001
26561.950001
26584.175001
26606.400001
26628.625001
26650.775001
26673.025001
26695.250001
26717.475001
26739.725001
26761.950001
26784.175001
26806.400001
26828.625001
26850.775001
26873.025001
26895.250001
26917.475001
26939.725001
26961.950001
26984.175001
27006.400001
27028.625001
27050.775001
27073.025001
27095.250001
27117.475001
27139.725001
27161.950001
27184.175001
27206.400001
27228.625001
27250.775001
27273.025001
27295.250001
27317.475001
27339.725001
27361.950001
27384.175001
27406.400001
27428.625001
27450.775001
27473.025001
27495.250001
27517.475001
27539.725001
27561.950001
27584.175001
27606.400001
27628.625001
27650.775001
27673.025001
27695.250001
27717.475001
27739.725001
27761.950001
27784.175001
27806.400001
27828.625001
27850.775001
27873.025001
27895.250001
27917.475001
27939.725001
27961.950001
27984.175001
28006.400001
28028.625001
28050.775001
28073.025001
28095.250001
28117.475001
28139.725001
28161.950001
28184.175001
28206.400001
28228.625001
28250.775001
28273.025001
28295.250001
28317.525001
28339.925001
28362.450001
28385.500001
28409.075001
28432.800001
28456.375001
28480.175001
28503.850001
28528.525001
28553.525001
28578.575001
28603.675001
28628.925001
28655.000001
28681.350001
28707.875001
28734.575001
28761.925001
28789.750001
28817.750001
28846.750001
28875.900001
28906.375001
28937.075001
28969.000001
29001.575001
29035.550001
29070.400001
29107.700001
29146.925001
29189.700001
29237.175001
