200.000000
8.000000
653.950000
698.025000
736.925000
772.700000
805.250000
835.775000
864.800000
892.625000
920.100000
946.625000
972.825000
997.975000
1022.925000
1047.750000
1071.750000
1095.250000
1118.825000
1142.300000
1164.850000
1187.200000
1209.325000
1231.425000
1253.650000
1275.800000
1298.000000
1320.225000
1342.450000
1364.700000
1386.900000
1409.125000
1431.350000
1453.575000
1475.750000
1497.975000
1520.200000
1542.425000
1564.675000
1586.900000
1609.125000
1631.350000
1653.575000
1675.750000
1697.975000
1720.200000
1742.425000
1764.675000
1786.900000
1809.125000
1831.350000
1853.575000
1875.750000
1897.975000
1920.200000
1942.425000
1964.675000
1986.900000
2009.125000
2031.350000
2053.575000
2075.750000
2097.975000
2120.200000
2142.425000
2164.675000
2186.900000
2209.125000
2231.350000
2253.575000
2275.750000
2297.975000
2320.200000
2342.425000
2364.675000
2386.900000
2409.125000
2431.350000
2453.575000
2475.750000
2497.975000
2520.200000
2542.425000
2564.675000
2586.900000
2609.125000
2631.350000
2653.575000
2675.750000
2697.975000
2720.200000
2742.425000
2764.675000
2786.900000
2809.125000
2831.350000
2853.575000
2875.750000
2897.975000
2920.200000
2942.425000
2964.675000
2986.900000
3009.125000
3031.350000
3053.575000
3075.750000
3097.975000
3120.200000
3142.425000
3164.675000
3186.900000
3209.125000
3231.350000
3253.575000
3275.750000
3297.975000
3320.200000
3342.425000
3364.675000
3386.900000
3409.125000
3431.350000
3453.575000
3475.750000
3497.975000
3520.200000
3542.425000
3564.675000
3586.900000
3609.125000
3631.350000
3653.575000
3675.750000
3697.975000
3720.200000
3742.425000
3764.675000
3786.900000
3809.125000
3831.350000
3853.575000
3875.750000
3897.975000
3920.200000
3942.425000
3964.675000
3986.900000
4009.125000
4031.350000
4053.575000
4075.750000
4097.975000
4120.200000
4142.425000
4164.675000
4186.900000
4209.125000
4231.350000
4253.575000
4275.750000
4297.975000
4320.200000
4342.425000
4364.675000
4386.900000
4409.125000
4431.350000
4453.575000
4475.750000
4497.975000
4520.200000
4542.425000
4564.675000
4586.900000
4609.125000
4631.350000
4653.575000
4675.750000
4697.975000
4720.200000
4742.425000
4764.675000
4786.900000
4809.125000
4831.350000
4853.575000
4875.750000
4897.975000
4920.200000
4942.425000
4964.675000
4986.900000
5009.125000
5031.350000
5053.575000
5075.750000
5097.975000
5120.200000
5142.425000
5164.675000
5186.900000
5209.125000
5231.350000
5253.575000
5275.750000
5297.975000
5320.200000
5342.425000
5364.675000
5386.900000
5409.125000
5431.350000
5453.575000
5475.750000
5497.975000
5520.200000
5542.425000
5564.675000
5586.900000
5609.125000
5631.350000
5653.575000
5675.750000
5697.975000
5720.200000
5742.425000
5764.675000
5786.900000
5809.125000
5831.350000
5853.575000
5875.750000
5897.975000
5920.200000
5942.425000
5964.675000
5986.900000
6009.125000
6031.350000
6053.575000
6075.750000
6097.975000
6120.200000
6142.425000
6164.675000
6186.900000
6209.125000
6231.350000
6253.575000
6275.750000
6297.975000
6320.200000
6342.425000
6364.675000
6386.900000
6409.125000
6431.350000
6453.575000
6475.750000
6497.975000
6520.200000
6542.425000
6564.675000
6586.900000
6609.125000
6631.350000
6653.575000
6675.750000
6697.975000
6720.200000
6742.425000
6764.675000
6786.900000
6809.125000
6831.350000
6853.575000
6875.750000
6897.975000
6920.200000
6942.425000
6964.675000
6986.900000
7009.125000
7031.350000
7053.575000
7075.750000
7097.975000
7120.200000
7142.425000
7164.675000
7186.900000
7209.125000
7231.350000
7253.575000
7275.750000
7297.975000
7320.200000
7342.425000
7364.675000
7386.900000
7409.125000
7431.350000
7453.575000
7475.750000
7497.975000
7520.200000
7542.425000
7564.675000
7586.900000
7609.125000
7631.350000
7653.575000
7675.750000
7697.975000
7720.200000
7742.425000
7764.675000
7786.900000
7809.125000
7831.350000
7853.575000
7875.750000
7897.975000
7920.200000
7942.425000
7964.675000
7986.900000
8009.125000
8031.350000
8053.575000
8075.750000
8097.975000
8120.200000
8142.425000
8164.675000
8186.900000
8209.125000
8231.350000
8253.575000
8275.750000
8297.975000
8320.200000
8342.425000
8364.675000
8386.900000
8409.125000
8431.350000
8453.575000
8475.750000
8497.975000
8520.200000
8542.425000
8564.675000
8586.900000
8609.125000
8631.350000
8653.575000
8675.750000
8697.975000
8720.200000
8742.425000
8764.675000
8786.900000
8809.125000
8831.350000
8853.575000
8875.750000
8897.975000
8920.200000
8942.425000
8964.675000
8986.900000
9009.125000
9031.350000
9053.575000
9075.750000
9097.975000
9120.200000
9142.425000
9164.675000
9186.900000
9209.125000
9231.350000
9253.575000
9275.750000
9297.975000
9320.200000
9342.425000
9364.675000
9386.900000
9409.125000
9431.350000
9453.575000
9475.750000
9497.975000
9520.200000
9542.425000
9564.675000
9586.900000
9609.125000
9631.350000
9653.575000
9675.750000
9697.975000
9720.200000
9742.425000
9764.675000
9786.900000
9809.125000
9831.350000
9853.575000
9875.750000
9897.975000
9920.200000
9942.425000
9964.675000
9986.900000
10009.125000
10031.350000
10053.575000
10075.750000
10097.975000
10120.200000
10142.425000
10164.675000
10186.900000
10209.125000
10231.350000
10253.575000
10275.750000
10297.975000
10320.200000
10342.425000
10364.675000
10386.900000
10409.125000
10431.350000
10453.575000
10475.750000
10497.975000
10520.200000
10542.425000
10564.675000
10586.900000
10609.125000
10631.350000
10653.575000
10675.750000
10697.975000
10720.200000
10742.425000
10764.675000
10786.900000
10809.125000
10831.350000
10853.575000
10875.750000
10897.975000
10920.200000
10942.425000
10964.675000
10986.900000
11009.125000
11031.350000
11053.575000
11075.750000
11097.975000
11120.200000
11142.425000
11164.675000
11186.900000
11209.125000
11231.350000
11253.575000
11275.750000
11297.975000
11320.200000
11342.425000
11364.675000
11386.900000
11409.125000
11431.350000
11453.575000
11475.750000
11497.975000
11520.200000
11542.425000
11564.675000
11586.900000
11609.125000
11631.350000
11653.575000
11675.750000
11697.975000
11720.200000
11742.425000
11764.675000
11786.900000
11809.125000
11831.350000
11853.575000
11875.750000
11897.975000
11920.200000
11942.425000
11964.675000
11986.900000
12009.125000
12031.350000
12053.575000
12075.750000
12097.975000
12120.200000
12142.425000
12164.675000
12186.900000
12209.125000
12231.350000
12253.575000
12275.750000
12297.975000
12320.200000
12342.425000
12364.675000
12386.900000
12409.125000
12431.350000
12453.575000
12475.750000
12497.975000
12520.200000
12542.425000
12564.675000
12586.900000
12609.125000
12631.350000
12653.575000
12675.750000
12697.975000
12720.200000
12742.425000
12764.675000
12786.900000
12809.125000
12831.350000
12853.575000
12875.750000
12897.975000
12920.200000
12942.425000
12964.675000
12986.900000
13009.125000
13031.350000
13053.575000
13075.750000
13097.975000
13120.200000
13142.425000
13164.675000
13186.900000
13209.125000
13231.350000
13253.575000
13275.750000
13297.975000
13320.200000
13342.425000
13364.675000
13386.900000
13409.125000
13431.350000
13453.575000
13475.750000
13497.975000
13520.200000
13542.425000
13564.675000
13586.900000
13609.125000
13631.350000
13653.575000
13675.750000
13697.975000
13720.200000
13742.425000
13764.675000
13786.900000
13809.125000
13831.350000
13853.575000
13875.750000
13897.975000
13920.200000
13942.425000
13964.675000
13986.900000
14009.125000
14031.350000
14053.575000
14075.750000
14097.975000
14120.200000
14142.425000
14164.675000
14186.900000
14209.125000
14231.350000
14253.575000
14275.750000
14297.975000
14320.200000
14342.425000
14364.675000
14386.900000
14409.125000
14431.350000
14453.575000
14475.750000
14497.975000
14520.200000
14542.425000
14564.675000
14586.900000
14609.125000
14631.350000
14653.575000
14675.750000
14697.975000
14720.200000
14742.425000
14764.675000
14786.900000
14809.125000
14831.350000
14853.575000
14875.750000
14897.975000
14920.200000
14942.425000
14964.675000
14986.900000
15009.125000
15031.350000
15053.575000
15075.750000
15097.975000
15120.200000
15142.425000
15164.675000
15186.900000
15209.125000
15231.350000
15253.575000
15275.750000
15297.975000
15320.200000
15342.425000
15364.675000
15386.900000
15409.125000
15431.350000
15453.575000
15475.750000
15497.975000
15520.200000
15542.425000
15564.675000
15586.900000
15609.125000
15631.350000
15653.575000
15675.750000
15697.975000
15720.200000
15742.425000
15764.675000
15786.900000
15809.125000
15831.350000
15853.575000
15875.750000
15897.975000
15920.200000
15942.425000
15964.675000
15986.900000
16009.125000
16031.350000
16053.575000
16075.750000
16097.975000
16120.200000
16142.425000
16164.675000
16186.900000
16209.125000
16231.350000
16253.575000
16275.750000
16297.975000
16320.200000
16342.425000
16364.675000
16386.900000
16409.125000
16431.350000
16453.575000
16475.750000
16497.975000
16520.200000
16542.425000
16564.675000
16586.900000
16609.125000
16631.350000
16653.575000
16675.750000
16697.975000
16720.200000
16742.425000
16764.675000
16786.900000
16809.125000
16831.350000
16853.575000
16875.750000
16897.975000
16920.200000
16942.425000
16964.675000
16986.900000
17009.125000
17031.350000
17053.575000
17075.750000
17097.975000
17120.200000
17142.425000
17164.675000
17186.900000
17209.125000
17231.350000
17253.575000
17275.750000
17297.975000
17320.200000
17342.425000
17364.675000
17386.900000
17409.125000
17431.350000
17453.575000
17475.750000
17497.975000
17520.200000
17542.425000
17564.675000
17586.900000
17609.125000
17631.350000
17653.575000
17675.750000
17697.975000
17720.200000
17742.425000
17764.675000
17786.900000
17809.125000
17831.350000
17853.575000
17875.750000
17897.975000
17920.200000
17942.425000
17964.675000
17986.900000
18009.125000
18031.350000
18053.575000
18075.750000
18097.975000
18120.200000
18142.425000
18164.675000
18186.900000
18209.125000
18231.350001
18253.575001
18275.750001
18297.975001
18320.200001
18342.425001
18364.675001
18386.900001
18409.125001
18431.350001
18453.575001
18475.750001
18497.975001
18520.200001
18542.425001
18564.675001
18586.900001
18609.125001
18631.350001
18653.575001
18675.750001
18697.975001
18720.200001
18742.425001
18764.675001
18786.900001
18809.125001
18831.350001
18853.575001
18875.750001
18897.975001
18920.200001
18942.425001
18964.675001
18986.900001
19009.125001
19031.350001
19053.575001
19075.750001
19097.975001
19120.200001
19142.425001
19164.675001
19186.900001
19209.125001
19231.350001
19253.575001
19275.750001
19297.975001
19320.200001
19342.425001
19364.675001
19386.900001
19409.125001
19431.350001
19453.575001
19475.750001
19497.975001
19520.200001
19542.425001
19564.675001
19586.900001
19609.125001
19631.350001
19653.575001
19675.750001
19697.975001
19720.200001
19742.425001
19764.675001
19786.900001
19809.125001
19831.350001
19853.575001
19875.750001
19897.975001
19920.200001
19942.425001
19964.675001
19986.900001
20009.125001
20031.350001
20053.575001
20075.750001
20097.975001
20120.200001
20142.425001
20164.675001
20186.900001
20209.125001
20231.350001
20253.575001
20275.750001
20297.975001
20320.200001
20342.425001
20364.675001
20386.900001
20409.125001
20431.350001
20453.575001
20475.750001
20497.975001
20520.200001
20542.425001
20564.675001
20586.900001
20609.125001
20631.350001
20653.575001
20675.750001
20697.975001
20720.200001
20742.425001
20764.675001
20786.900001
20809.125001
20831.350001
20853.575001
20875.750001
20897.975001
20920.200001
20942.425001
20964.675001
20986.900001
21009.125001
21031.350001
21053.575001
21075.750001
21097.975001
21120.200001
21142.425001
21164.675001
21186.900001
21209.125001
21231.350001
21253.575001
21275.750001
21297.975001
21320.200001
21342.425001
21364.675001
21386.900001
21409.125001
21431.350001
21453.575001
21475.750001
21497.975001
21520.200001
21542.425001
21564.675001
21586.900001
21609.125001
21631.350001
21653.575001
21675.750001
21697.975001
21720.200001
21742.425001
21764.675001
21786.900001
21809.125001
21831.350001
21853.575001
21875.750001
21897.975001
21920.200001
21942.425001
21964.675001
21986.900001
22009.125001
22031.350001
22053.575001
22075.750001
22097.975001
22120.200001
22142.425001
22164.675001
22186.900001
22209.125001
22231.350001
22253.575001
22275.750001
22297.975001
22320.200001
22342.425001
22364.675001
22386.900001
22409.125001
22431.350001
22453.575001
22475.750001
22497.975001
22520.200001
22542.425001
22564.675001
22586.900001
22609.125001
22631.350001
22653.575001
22675.750001
22697.975001
22720.200001
22742.425001
22764.675001
22786.900001
22809.125001
22831.350001
22853.575001
22875.750001
22897.975001
22920.200001
22942.425001
22964.675001
22986.900001
23009.125001
23031.350001
23053.575001
23075.750001
23097.975001
23120.200001
23142.425001
23164.675001
23186.900001
23209.125001
23231.350001
23253.575001
23275.750001
23297.975001
23320.200001
23342.425001
23364.675001
23386.900001
23409.125001
23431.350001
23453.575001
23475.750001
23497.975001
23520.200001
23542.425001
23564.675001
23586.900001
23609.125001
23631.350001
23653.575001
23675.750001
23697.975001
23720.200001
23742.425001
23764.675001
23786.900001
23809.125001
23831.350001
23853.575001
23875.750001
23897.975001
23920.200001
23942.425001
23964.675001
23986.900001
24009.125001
24031.350001
24053.575001
24075.750001
24097.975001
24120.200001
24142.425001
24164.675001
24186.900001
24209.125001
24231.350001
24253.575001
24275.750001
24297.975001
24320.200001
24342.425001
24364.675001
24386.900001
24409.125001
24431.350001
24453.575001
24475.750001
24497.975001
24520.200001
24542.425001
24564.675001
24586.900001
24609.125001
24631.350001
24653.575001
24675.750001
24697.975001
24720.200001
24742.425001
24764.675001
24786.900001
24809.125001
24831.350001
24853.575001
24875.750001
24897.975001
24920.200001
24942.425001
24964.675001
24986.900001
25009.125001
25031.350001
25053.575001
25075.750001
25097.975001
25120.200001
25142.425001
25164.675001
25186.900001
25209.125001
25231.350001
25253.575001
25275.750001
25297.975001
25320.200001
25342.425001
25364.675001
25386.900001
25409.125001
25431.350001
25453.575001
25475.750001
25497.975001
25520.200001
25542.425001
25564.675001
25586.900001
25609.125001
25631.350001
25653.575001
25675.750001
25697.975001
25720.200001
25742.425001
25764.675001
25786.900001
25809.125001
25831.350001
25853.575001
25875.750001
25897.975001
25920.200001
25942.425001
25964.675001
25986.900001
26009.125001
26031.350001
26053.575001
26075.750001
26097.975001
26120.200001
26142.425001
26164.675001
26186.900001
26209.125001
26231.350001
26253.575001
26275.750001
26297.975001
26320.200001
26342.425001
26364.675001
26386.900001
26409.125001
26431.350001
26453.575001
26475.750001
26497.975001
26520.200001
26542.425001
26564.675001
26586.900001
26609.125001
26631.350001
26653.575001
26675.750001
26697.975001
26720.200001
26742.425001
26764.675001
26786.900001
26809.125001
26831.350001
26853.575001
26875.750001
26897.975001
26920.200001
26942.425001
26964.675001
26986.900001
27009.125001
27031.350001
27053.575001
27075.750001
27097.975001
27120.200001
27142.425001
27164.675001
27186.900001
27209.125001
27231.350001
27253.575001
27275.750001
27297.975001
27320.200001
27342.425001
27364.675001
27386.900001
27409.125001
27431.350001
27453.575001
27475.750001
27497.975001
27520.200001
27542.425001
27564.675001
27586.900001
27609.125001
27631.350001
27653.575001
27675.750001
27697.975001
27720.200001
27742.425001
27764.675001
27786.900001
27809.125001
27831.350001
27853.575001
27875.750001
27897.975001
27920.200001
27942.425001
27964.675001
27986.900001
28009.125001
28031.350001
28053.575001
28075.750001
28097.975001
28120.200001
28142.425001
28164.675001
28186.900001
28209.125001
28231.350001
28253.575001
28275.750001
28297.975001
28320.200001
28342.425001
28364.675001
28386.900001
28409.125001
28431.350001
28453.575001
28475.750001
28497.975001
28520.200001
28542.425001
28564.675001
28586.900001
28609.125001
28631.350001
28653.575001
28675.750001
28697.975001
28720.200001
28742.425001
28764.675001
28786.900001
28809.125001
28831.350001
28853.575001
28875.750001
28897.975001
28920.200001
28942.425001
28964.675001
28986.925001
29009.225001
29031.600001
29054.700001
29078.350001
29101.125001
29124.475001
29148.000001
29171.900001
29195.475001
29220.075001
29245.025001
29270.050001
29295.175001
29320.300001
29345.800001
29371.700001
29397.950001
29424.525001
29451.250001
29478.600001
29506.400001
29534.450001
29563.225001
29592.475001
29622.750001
29653.500001
29684.950001
29717.375001
29750.825001
29785.625001
29822.325001
29861.650001
29905.100001
29962.400001
