3.000000
4.000000
4480.700000
4530.525000
4575.150000
4619.450000
4663.800000
4708.200000
4752.650000
4791.725000
4830.525000
4869.400000
4908.200000
4947.100000
4985.925000
5024.800000
5063.650000
5102.550000
5136.150000
5174.750000
5208.300000
5241.675000
5274.975000
5308.250000
5341.575000
5374.875000
5408.150000
5441.500000
5474.800000
5508.075000
5541.450000
5574.750000
5608.025000
5641.400000
5674.700000
5707.975000
5736.200000
5769.150000
5797.300000
5830.200000
5858.350000
5886.150000
5913.925000
5941.700000
5969.475000
5997.225000
6024.975000
6052.750000
6080.475000
6108.225000
6135.975000
6163.725000
6191.525000
6219.275000
6247.050000
6274.800000
6302.575000
6330.300000
6358.075000
6385.825000
6413.600000
6441.400000
6469.175000
6496.925000
6524.700000
6552.475000
6580.200000
6607.950000
6630.775000
6658.025000
6680.750000
6707.975000
6730.750000
6757.950000
6780.725000
6803.025000
6830.175000
6852.950000
6875.175000
6897.400000
6919.625000
6941.850000
6964.075000
6986.275000
7008.475000
7030.700000
7052.925000
7075.100000
7097.300000
7119.525000
7141.725000
7163.925000
7186.125000
7208.325000
7230.550000
7252.800000
7274.975000
7297.175000
7319.400000
7341.625000
7363.800000
7386.000000
7408.225000
7430.425000
7452.675000
7474.875000
7497.100000
7519.300000
7541.525000
7563.700000
7585.925000
7608.125000
7630.350000
7652.600000
7674.800000
7697.000000
7719.225000
7741.450000
7763.625000
7785.850000
7808.075000
7830.275000
7852.525000
7874.750000
7896.975000
7914.250000
7935.875000
7953.150000
7974.800000
7992.000000
8013.625000
8030.975000
8052.525000
8069.825000
8086.525000
8103.175000
8119.800000
8136.550000
8153.200000
8169.825000
8186.575000
8203.225000
8219.850000
8236.550000
8253.225000
8269.800000
8286.500000
8303.150000
8319.750000
8336.450000
8353.125000
8369.725000
8386.450000
8403.125000
8419.725000
8436.450000
8453.125000
8469.725000
8486.450000
8503.125000
8519.725000
8536.450000
8553.125000
8569.725000
8586.450000
8603.125000
8619.725000
8636.450000
8653.125000
8669.725000
8686.450000
8703.125000
8719.725000
8736.450000
8753.125000
8769.725000
8786.450000
8803.125000
8819.725000
8836.450000
8853.125000
8869.725000
8886.450000
8903.125000
8919.725000
8936.450000
8953.125000
8969.725000
8986.450000
9003.125000
9019.725000
9036.450000
9053.125000
9069.725000
9086.450000
9103.125000
9119.725000
9136.450000
9153.125000
9169.725000
9186.450000
9203.125000
9219.725000
9236.450000
9253.125000
9269.725000
9286.450000
9303.125000
9319.725000
9336.450000
9353.125000
9369.725000
9386.450000
9403.125000
9419.725000
9436.450000
9453.125000
9469.725000
9486.450000
9503.125000
9519.725000
9536.450000
9553.125000
9569.725000
9586.450000
9603.125000
9619.725000
9636.450000
9653.125000
9669.725000
9686.450000
9703.125000
9719.725000
9736.450000
9753.125000
9769.725000
9786.450000
9803.125000
9819.725000
9836.450000
9853.125000
9869.725000
9886.450000
9903.125000
9919.725000
9936.450000
9953.125000
9969.725000
9986.450000
10003.125000
10019.725000
10036.450000
10053.125000
10069.725000
10086.450000
10103.125000
10119.725000
10136.450000
10153.125000
10169.725000
10186.450000
10203.125000
10219.725000
10236.450000
10253.125000
10269.725000
10286.450000
10303.125000
10319.725000
10336.450000
10353.125000
10369.725000
10386.450000
10403.125000
10419.725000
10436.450000
10453.125000
10469.725000
10486.450000
10503.125000
10519.725000
10536.450000
10553.125000
10569.725000
10586.450000
10603.125000
10619.725000
10636.450000
10653.125000
10669.725000
10686.450000
10703.125000
10719.725000
10736.450000
10753.125000
10769.725000
10786.450000
10803.125000
10819.725000
10836.450000
10853.125000
10869.725000
10886.450000
10903.125000
10919.725000
10936.450000
10953.125000
10969.725000
10986.450000
11003.125000
11019.725000
11036.450000
11053.125000
11069.725000
11086.450000
11103.125000
11119.725000
11136.450000
11153.125000
11169.725000
11186.450000
11203.125000
11219.725000
11236.450000
11253.125000
11269.725000
11286.450000
11303.125000
11319.725000
11336.450000
11353.125000
11369.725000
11386.450000
11403.125000
11419.725000
11436.450000
11453.125000
11469.725000
11486.450000
11503.125000
11519.725000
11536.450000
11553.125000
11569.725000
11586.450000
11603.125000
11619.725000
11636.450000
11653.125000
11669.725000
11686.450000
11703.125000
11719.725000
11736.450000
11753.125000
11769.725000
11786.450000
11803.125000
11819.725000
11836.450000
11853.125000
11869.725000
11886.450000
11903.125000
11919.725000
11936.450000
11953.125000
11969.725000
11986.450000
12003.125000
12019.725000
12036.450000
12053.125000
12069.725000
12086.450000
12103.125000
12119.725000
12136.450000
12153.125000
12169.725000
12186.450000
12203.125000
12219.725000
12236.450000
12253.125000
12269.725000
12286.450000
12303.125000
12319.725000
12336.450000
12353.125000
12369.725000
12386.450000
12403.125000
12419.725000
12436.450000
12453.125000
12469.725000
12486.450000
12503.125000
12519.725000
12536.450000
12553.125000
12569.725000
12586.450000
12603.125000
12619.725000
12636.450000
12653.125000
12669.725000
12686.450000
12703.125000
12719.725000
12736.450000
12753.125000
12769.725000
12786.450000
12803.125000
12819.725000
12836.450000
12853.125000
12869.725000
12886.450000
12903.125000
12919.725000
12936.450000
12953.125000
12969.725000
12986.450000
13003.125000
13019.725000
13036.450000
13053.125000
13069.725000
13086.450000
13103.125000
13119.725000
13136.450000
13153.125000
13169.725000
13186.450000
13203.125000
13219.725000
13236.450000
13253.125000
13269.725000
13286.450000
13303.125000
13319.725000
13336.450000
13353.125000
13369.725000
13386.450000
13403.125000
13419.725000
13436.450000
13453.125000
13469.725000
13486.450000
13503.125000
13519.725000
13536.450000
13553.125000
13569.725000
13586.450000
13603.125000
13619.725000
13636.450000
13653.125000
13669.725000
13686.450000
13703.125000
13719.725000
13736.450000
13753.125000
13769.725000
13786.450000
13803.125000
13819.725000
13836.450000
13853.125000
13869.725000
13886.450000
13903.125000
13919.725000
13936.450000
13953.125000
13969.725000
13986.450000
14003.125000
14019.725000
14036.450000
14053.125000
14069.725000
14086.450000
14103.125000
14119.725000
14136.450000
14153.125000
14169.725000
14186.450000
14203.125000
14219.725000
14236.450000
14253.125000
14269.725000
14286.450000
14303.125000
14319.725000
14336.450000
14353.125000
14369.725000
14386.450000
14403.125000
14419.725000
14436.450000
14453.125000
14469.725000
14486.450000
14503.125000
14519.725000
14536.450000
14553.125000
14569.725000
14586.450000
14603.125000
14619.725000
14636.450000
14653.125000
14669.725000
14686.450000
14703.125000
14719.725000
14736.450000
14753.125000
14769.725000
14786.450000
14803.125000
14819.725000
14836.450000
14853.125000
14869.725000
14886.450000
14903.125000
14919.725000
14936.450000
14953.125000
14969.725000
14986.450000
15003.125000
15019.725000
15036.450000
15053.125000
15069.725000
15086.450000
15103.125000
15119.725000
15136.450000
15153.125000
15169.725000
15186.450000
15203.125000
15219.725000
15236.450000
15253.125000
15269.725000
15286.450000
15303.125000
15319.725000
15336.450000
15353.125000
15369.725000
15386.450000
15403.125000
15419.725000
15436.450000
15453.125000
15469.725000
15486.450000
15503.125000
15519.725000
15536.450000
15553.125000
15569.725000
15586.450000
15603.125000
15619.725000
15636.450000
15653.125000
15669.725000
15686.450000
15703.125000
15719.725000
15736.450000
15753.125000
15769.725000
15786.450000
15803.125000
15819.725000
15836.450000
15853.125000
15869.725000
15886.450000
15903.125000
15919.725000
15936.450000
15953.125000
15969.725000
15986.450000
16003.125000
16019.725000
16036.450000
16053.125000
16069.725000
16086.450000
16103.125000
16119.725000
16136.450000
16153.125000
16169.725000
16186.450000
16203.125000
16219.725000
16236.450000
16253.125000
16269.725000
16286.450000
16303.125000
16319.725000
16336.450000
16353.125000
16369.725000
16386.450000
16403.125000
16419.725000
16436.450000
16453.125000
16469.725000
16486.450000
16503.125000
16519.725000
16536.450000
16553.125000
16569.725000
16586.450000
16603.125000
16619.725000
16636.450000
16653.125000
16669.725000
16686.450000
16703.125000
16719.725000
16736.450000
16753.125000
16769.725000
16786.450000
16803.125000
16819.725000
16836.450000
16853.125000
16869.725000
16886.450000
16903.125000
16919.725000
16936.450000
16953.125000
16969.725000
16986.450000
17003.125000
17019.725000
17036.450000
17053.125000
17069.725000
17086.450000
17103.125000
17119.725000
17136.450000
17153.125000
17169.725000
17186.450000
17203.125000
17219.725000
17236.450000
17253.125000
17269.725000
17286.450000
17303.125000
17319.725000
17336.450000
17353.125000
17369.725000
17386.450000
17403.125000
17419.725000
17436.450000
17453.125000
17469.725000
17486.450000
17503.125000
17519.725000
17536.450000
17553.125000
17569.725000
17586.450000
17603.125000
17619.725000
17636.450000
17653.125000
17669.725000
17686.450000
17703.125000
17719.725000
17736.450000
17753.125000
17769.725000
17786.450000
17803.125000
17819.725000
17836.450000
17853.125000
17869.725000
17886.450000
17903.125000
17919.725000
17936.450000
17953.125000
17969.725000
17986.450000
18003.125000
18019.725000
18036.450000
18053.125000
18069.725000
18086.450000
18103.125000
18119.725000
18136.450000
18153.125000
18169.725000
18186.450000
18203.125000
18219.725000
18236.450001
18253.125001
18269.725001
18286.450001
18303.125001
18319.725001
18336.450001
18353.125001
18369.725001
18386.450001
18403.125001
18419.725001
18436.450001
18453.125001
18469.725001
18486.450001
18503.125001
18519.725001
18536.450001
18553.125001
18569.725001
18586.450001
18603.125001
18619.725001
18636.450001
18653.125001
18669.725001
18686.450001
18703.125001
18719.725001
18736.450001
18753.125001
18769.725001
18786.450001
18803.125001
18819.725001
18836.450001
18853.125001
18869.725001
18886.450001
18903.125001
18919.725001
18936.450001
18953.125001
18969.725001
18986.450001
19003.125001
19019.725001
19036.450001
19053.125001
19069.725001
19086.450001
19103.125001
19119.725001
19136.450001
19153.125001
19169.725001
19186.450001
19203.125001
19219.725001
19236.450001
19253.125001
19269.725001
19286.450001
19303.125001
19319.725001
19336.450001
19353.125001
19369.725001
19386.450001
19403.125001
19419.725001
19436.450001
19453.125001
19469.725001
19486.450001
19503.125001
19519.725001
19536.450001
19553.125001
19569.725001
19586.450001
19603.125001
19619.725001
19636.450001
19653.125001
19669.725001
19686.450001
19703.125001
19719.725001
19736.450001
19753.125001
19769.725001
19786.450001
19803.125001
19819.725001
19836.450001
19853.125001
19869.725001
19886.450001
19903.125001
19919.725001
19936.450001
19953.125001
19969.725001
19986.450001
20003.125001
20019.725001
20036.450001
20053.125001
20069.725001
20086.450001
20103.125001
20119.725001
20136.450001
20153.125001
20169.725001
20186.450001
20203.125001
20219.725001
20236.450001
20253.125001
20269.725001
20286.450001
20303.125001
20319.725001
20336.450001
20353.125001
20369.725001
20386.450001
20403.125001
20419.725001
20436.450001
20453.125001
20469.725001
20486.450001
20503.125001
20519.725001
20536.450001
20553.125001
20569.725001
20586.450001
20603.125001
20619.725001
20636.450001
20653.125001
20669.725001
20686.450001
20703.125001
20719.725001
20736.450001
20753.125001
20769.725001
20786.450001
20803.125001
20819.725001
20836.450001
20853.125001
20869.725001
20886.450001
20903.125001
20919.725001
20936.450001
20953.125001
20969.725001
20986.450001
21003.125001
21019.725001
21036.450001
21053.125001
21069.725001
21086.450001
21103.125001
21119.725001
21136.450001
21153.125001
21169.725001
21186.450001
21203.125001
21219.725001
21236.450001
21253.125001
21269.725001
21286.450001
21303.125001
21319.725001
21336.450001
21353.125001
21369.725001
21386.450001
21403.125001
21419.725001
21436.450001
21453.125001
21469.725001
21486.450001
21503.125001
21519.725001
21536.450001
21553.125001
21569.725001
21586.450001
21603.125001
21619.725001
21636.450001
21653.125001
21669.725001
21686.450001
21703.125001
21719.725001
21736.450001
21753.125001
21769.725001
21786.450001
21803.125001
21819.725001
21836.450001
21853.125001
21869.725001
21886.450001
21903.125001
21919.725001
21936.450001
21953.125001
21969.750001
21986.475001
22003.150001
22019.775001
22036.500001
22053.175001
22069.800001
22086.525001
22103.200001
22119.825001
22136.550001
22153.225001
22169.825001
22186.550001
22203.175001
22224.750001
22242.025001
22263.625001
22280.950001
22302.575001
22324.750001
22346.975001
22369.200001
22391.425001
22413.625001
22435.850001
22458.075001
22480.325001
22502.575001
22524.800001
22547.025001
22569.275001
22591.500001
22613.700001
22635.925001
22658.175001
22680.400001
22702.675001
22724.875001
22747.125001
22769.350001
22791.600001
22813.800001
22836.025001
22858.250001
22880.500001
22902.775001
22924.975001
22947.225001
22969.450001
22991.700001
23013.925001
23036.150001
23058.375001
23080.625001
23102.900001
23125.100001
23147.325001
23169.575001
23191.800001
23214.050001
23236.275001
23258.500001
23280.750001
23303.000001
23325.200001
23352.450001
23375.150001
23402.450001
23425.175001
23452.450001
23475.175001
23502.475001
23530.200001
23557.975001
23585.775001
23613.550001
23641.375001
23669.150001
23696.950001
23724.725001
23752.525001
23780.275001
23808.075001
23835.875001
23863.650001
23891.475001
23919.275001
23947.075001
23974.850001
24002.675001
24030.425001
24058.225001
24086.025001
24113.825001
24141.650001
24169.450001
24197.250001
24225.050001
24252.875001
24280.650001
24308.450001
24341.375001
24369.550001
24402.475001
24430.700001
24463.600001
24496.950001
24530.250001
24563.600001
24597.000001
24630.300001
24663.650001
24697.050001
24730.375001
24763.725001
24797.125001
24830.475001
24863.825001
24897.225001
24930.575001
24963.975001
25002.550001
25041.475001
25080.325001
25119.275001
25158.150001
25197.125001
25236.000001
25274.975001
25313.875001
25358.175001
25402.700001
25447.175001
25491.700001
25536.150001
25586.100001
25636.175001
