30.000000
3.000000
948.600000
991.325000
1030.700000
1069.350000
1107.925000
1146.600000
1184.400000
1219.275000
1254.075000
1289.900000
1324.475000
1357.900000
1391.225000
1424.450000
1457.675000
1490.350000
1521.925000
1552.400000
1584.350000
1613.575000
1643.200000
1673.700000
1702.425000
1730.350000
1758.100000
1785.800000
1813.500000
1841.275000
1869.000000
1896.725000
1924.475000
1952.200000
1979.950000
2007.675000
2035.350000
2062.475000
2089.600000
2113.825000
2140.975000
2167.800000
2191.800000
2218.800000
2245.600000
2269.525000
2296.550000
2323.350000
2347.275000
2374.325000
2401.125000
2425.050000
2452.100000
2478.975000
2503.000000
2529.925000
2556.750000
2580.550000
2607.625000
2634.500000
2658.300000
2685.375000
2712.275000
2736.050000
2763.150000
2790.050000
2813.850000
2840.975000
2867.800000
2891.775000
2918.800000
2945.600000
2969.500000
2996.550000
3023.350000
3047.275000
3074.300000
3101.125000
3125.050000
3152.100000
3178.975000
3203.000000
3229.925000
3256.750000
3280.550000
3307.625000
3334.500000
3358.300000
3385.375000
3412.275000
3436.050000
3463.150000
3490.050000
3513.850000
3540.975000
3567.800000
3591.775000
3618.800000
3645.600000
3669.500000
3696.550000
3723.350000
3747.275000
3774.300000
3801.125000
3825.050000
3852.100000
3878.975000
3903.000000
3929.925000
3956.750000
3980.550000
4007.625000
4034.500000
4058.300000
4085.375000
4112.275000
4136.050000
4163.150000
4190.050000
4213.850000
4240.975000
4267.800000
4291.775000
4318.800000
4345.600000
4369.500000
4396.550000
4423.350000
4447.275000
4474.300000
4501.125000
4525.050000
4552.100000
4578.975000
4603.000000
4629.925000
4656.750000
4680.550000
4707.625000
4734.500000
4758.300000
4785.375000
4812.275000
4836.050000
4863.150000
4890.050000
4913.850000
4940.975000
4967.800000
4991.775000
5018.800000
5045.600000
5069.500000
5096.550000
5123.350000
5147.275000
5174.300000
5201.125000
5225.050000
5252.100000
5278.975000
5303.000000
5329.925000
5356.750000
5380.550000
5407.625000
5434.500000
5458.300000
5485.375000
5512.275000
5536.050000
5563.150000
5590.050000
5613.850000
5640.975000
5667.800000
5691.775000
5718.800000
5745.600000
5769.500000
5796.550000
5823.350000
5847.275000
5874.300000
5901.125000
5925.050000
5952.100000
5978.975000
6003.000000
6029.925000
6056.750000
6080.550000
6107.625000
6134.500000
6158.300000
6185.375000
6212.275000
6236.050000
6263.150000
6290.050000
6313.850000
6340.975000
6367.800000
6391.775000
6418.800000
6445.600000
6469.500000
6496.550000
6523.350000
6547.275000
6574.300000
6601.125000
6625.050000
6652.100000
6678.975000
6703.000000
6729.925000
6756.750000
6780.550000
6807.625000
6834.500000
6858.300000
6885.375000
6912.275000
6936.050000
6963.150000
6990.050000
7013.850000
7040.975000
7067.800000
7091.775000
7118.800000
7145.600000
7169.500000
7196.550000
7223.350000
7247.275000
7274.300000
7301.125000
7325.050000
7352.100000
7378.975000
7403.000000
7429.925000
7456.750000
7480.550000
7507.625000
7534.500000
7558.300000
7585.375000
7612.275000
7636.050000
7663.150000
7690.050000
7713.850000
7740.975000
7767.800000
7791.775000
7818.800000
7845.600000
7869.500000
7896.550000
7923.350000
7947.275000
7974.300000
8001.125000
8025.050000
8052.100000
8078.975000
8103.000000
8129.925000
8156.750000
8180.550000
8207.625000
8234.500000
8258.300000
8285.375000
8312.275000
8336.050000
8363.150000
8390.050000
8413.850000
8440.975000
8467.800000
8491.775000
8518.800000
8545.600000
8569.500000
8596.550000
8623.350000
8647.275000
8674.300000
8701.125000
8725.050000
8752.100000
8778.975000
8803.000000
8829.925000
8856.750000
8880.550000
8907.625000
8934.500000
8958.300000
8985.375000
9012.275000
9036.050000
9063.150000
9090.050000
9113.850000
9140.975000
9167.800000
9191.775000
9218.800000
9245.600000
9269.500000
9296.550000
9323.350000
9347.275000
9374.300000
9401.125000
9425.050000
9452.100000
9478.975000
9503.000000
9529.925000
9556.750000
9580.550000
9607.625000
9634.500000
9658.300000
9685.375000
9712.275000
9736.050000
9763.150000
9790.050000
9813.850000
9840.975000
9867.800000
9891.775000
9918.800000
9945.600000
9969.500000
9996.550000
10023.350000
10047.275000
10074.300000
10101.125000
10125.050000
10152.100000
10178.975000
10203.000000
10229.925000
10256.750000
10280.550000
10307.625000
10334.500000
10358.300000
10385.375000
10412.275000
10436.050000
10463.150000
10490.050000
10513.850000
10540.975000
10567.800000
10591.775000
10618.800000
10645.600000
10669.500000
10696.550000
10723.350000
10747.275000
10774.300000
10801.125000
10825.050000
10852.100000
10878.975000
10903.000000
10929.925000
10956.750000
10980.550000
11007.625000
11034.500000
11058.300000
11085.375000
11112.275000
11136.050000
11163.150000
11190.050000
11213.850000
11240.975000
11267.800000
11291.775000
11318.800000
11345.600000
11369.500000
11396.550000
11423.350000
11447.275000
11474.300000
11501.125000
11525.050000
11552.100000
11578.975000
11603.000000
11629.925000
11656.750000
11680.550000
11707.625000
11734.500000
11758.300000
11785.375000
11812.275000
11836.050000
11863.150000
11890.050000
11913.850000
11940.975000
11967.800000
11991.775000
12018.800000
12045.600000
12069.500000
12096.550000
12123.350000
12147.275000
12174.300000
12201.125000
12225.050000
12252.100000
12278.975000
12303.000000
12329.925000
12356.750000
12380.550000
12407.625000
12434.500000
12458.300000
12485.375000
12512.275000
12536.050000
12563.150000
12590.050000
12613.850000
12640.975000
12667.800000
12691.775000
12718.800000
12745.600000
12769.500000
12796.550000
12823.350000
12847.275000
12874.300000
12901.125000
12925.050000
12952.100000
12978.975000
13003.000000
13029.925000
13056.750000
13080.550000
13107.625000
13134.500000
13158.300000
13185.375000
13212.275000
13236.050000
13263.150000
13290.050000
13313.850000
13340.975000
13367.800000
13391.775000
13418.800000
13445.600000
13469.500000
13496.550000
13523.350000
13547.275000
13574.300000
13601.125000
13625.050000
13652.100000
13678.975000
13703.000000
13729.925000
13756.750000
13780.550000
13807.625000
13834.500000
13858.300000
13885.375000
13912.275000
13936.050000
13963.150000
13990.050000
14013.850000
14040.975000
14067.800000
14091.775000
14118.800000
14145.600000
14169.500000
14196.550000
14223.350000
14247.275000
14274.300000
14301.125000
14325.050000
14352.100000
14378.975000
14403.000000
14429.925000
14456.750000
14480.550000
14507.625000
14534.500000
14558.300000
14585.375000
14612.275000
14636.050000
14663.150000
14690.050000
14713.850000
14740.975000
14767.800000
14791.775000
14818.800000
14845.600000
14869.500000
14896.550000
14923.350000
14947.275000
14974.300000
15001.125000
15025.050000
15052.100000
15078.975000
15103.000000
15129.925000
15156.750000
15180.550000
15207.625000
15234.500000
15258.300000
15285.375000
15312.275000
15336.050000
15363.150000
15390.050000
15413.850000
15440.975000
15467.800000
15491.775000
15518.800000
15545.600000
15569.500000
15596.550000
15623.350000
15647.275000
15674.300000
15701.125000
15725.050000
15752.100000
15778.975000
15803.000000
15829.925000
15856.750000
15880.550000
15907.625000
15934.500000
15958.300000
15985.375000
16012.275000
16036.050000
16063.150000
16090.050000
16113.850000
16140.975000
16167.800000
16191.775000
16218.800000
16245.600000
16269.500000
16296.550000
16323.350000
16347.275000
16374.300000
16401.125000
16425.050000
16452.100000
16478.975000
16503.000000
16529.925000
16556.750000
16580.550000
16607.625000
16634.500000
16658.300000
16685.375000
16712.275000
16736.050000
16763.150000
16790.050000
16813.850000
16840.975000
16867.800000
16891.775000
16918.800000
16945.600000
16969.500000
16996.550000
17023.350000
17047.275000
17074.300000
17101.125000
17125.050000
17152.100000
17178.975000
17203.000000
17229.925000
17256.750000
17280.550000
17307.625000
17334.500000
17358.300000
17385.375000
17412.275000
17436.050000
17463.150000
17490.050000
17513.850000
17540.975000
17567.800000
17591.775000
17618.800000
17645.600000
17669.500000
17696.550000
17723.350000
17747.275000
17774.300000
17801.125000
17825.050000
17852.100000
17878.975000
17903.000000
17929.925000
17956.750000
17980.550000
18007.625000
18034.500000
18058.300000
18085.375000
18112.275000
18136.050000
18163.150000
18190.050000
18213.850000
18240.975001
18267.800001
18291.775001
18318.800001
18345.600001
18369.500001
18396.550001
18423.350001
18447.275001
18474.300001
18501.125001
18525.050001
18552.100001
18578.975001
18603.000001
18629.925001
18656.750001
18680.550001
18707.625001
18734.500001
18758.300001
18785.375001
18812.275001
18836.050001
18863.150001
18890.050001
18913.850001
18940.975001
18967.800001
18991.775001
19018.800001
19045.600001
19069.500001
19096.550001
19123.350001
19147.275001
19174.300001
19201.125001
19225.050001
19252.100001
19278.975001
19303.000001
19329.925001
19356.750001
19380.550001
19407.625001
19434.500001
19458.300001
19485.375001
19512.275001
19536.050001
19563.150001
19590.050001
19613.850001
19640.975001
19667.800001
19691.775001
19718.800001
19745.600001
19769.500001
19796.550001
19823.350001
19847.275001
19874.300001
19901.125001
19925.050001
19952.100001
19978.975001
20003.000001
20029.925001
20056.750001
20080.550001
20107.625001
20134.500001
20158.300001
20185.375001
20212.275001
20236.050001
20263.150001
20290.050001
20313.850001
20340.975001
20367.800001
20391.775001
20418.800001
20445.600001
20469.500001
20496.550001
20523.350001
20547.275001
20574.300001
20601.125001
20625.050001
20652.100001
20678.975001
20703.000001
20729.925001
20756.750001
20780.550001
20807.625001
20834.500001
20858.300001
20885.375001
20912.275001
20936.050001
20963.150001
20990.050001
21013.850001
21040.975001
21067.800001
21091.775001
21118.800001
21145.600001
21169.500001
21196.550001
21223.350001
21247.275001
21274.300001
21301.125001
21325.050001
21352.100001
21378.975001
21403.000001
21429.925001
21456.750001
21480.550001
21507.625001
21534.500001
21558.300001
21585.375001
21612.275001
21636.050001
21663.150001
21690.050001
21713.850001
21740.975001
21767.800001
21791.775001
21818.800001
21845.600001
21869.500001
21896.550001
21923.350001
21947.275001
21974.300001
22001.125001
22025.050001
22052.100001
22078.975001
22103.000001
22129.925001
22156.750001
22180.550001
22207.625001
22234.500001
22258.300001
22285.375001
22312.275001
22336.050001
22363.150001
22390.050001
22413.850001
22440.975001
22467.800001
22491.775001
22518.800001
22545.600001
22569.500001
22596.550001
22623.350001
22647.275001
22674.300001
22701.125001
22725.050001
22752.100001
22778.975001
22803.000001
22829.925001
22856.750001
22880.550001
22907.625001
22934.500001
22958.300001
22985.375001
23012.275001
23036.050001
23063.150001
23090.050001
23113.850001
23140.975001
23167.800001
23191.775001
23218.800001
23245.600001
23269.500001
23296.550001
23323.350001
23347.275001
23374.300001
23401.125001
23425.050001
23452.100001
23478.975001
23503.000001
23529.925001
23556.750001
23580.550001
23607.625001
23634.500001
23658.300001
23685.375001
23712.275001
23736.050001
23763.150001
23790.050001
23813.850001
23840.975001
23867.800001
23891.775001
23918.800001
23945.600001
23969.500001
23996.550001
24023.350001
24047.275001
24074.300001
24101.125001
24125.050001
24152.100001
24178.975001
24203.000001
24229.925001
24256.750001
24280.550001
24307.625001
24334.500001
24358.300001
24385.375001
24412.275001
24436.050001
24463.150001
24490.050001
24513.850001
24540.975001
24567.800001
24591.775001
24618.800001
24645.600001
24669.500001
24696.550001
24723.350001
24747.275001
24774.300001
24801.125001
24825.050001
24852.100001
24878.975001
24903.000001
24929.925001
24956.750001
24980.550001
25007.625001
25034.500001
25058.300001
25085.375001
25112.275001
25136.050001
25163.150001
25190.050001
25213.850001
25240.975001
25267.800001
25291.775001
25318.800001
25345.600001
25369.500001
25396.550001
25423.350001
25447.275001
25474.300001
25501.125001
25525.050001
25552.100001
25578.975001
25603.000001
25629.925001
25656.750001
25680.550001
25707.625001
25734.500001
25758.300001
25785.375001
25812.275001
25836.050001
25863.150001
25890.050001
25913.850001
25940.975001
25967.800001
25991.775001
26018.800001
26045.600001
26069.500001
26096.550001
26123.350001
26147.275001
26174.300001
26201.125001
26225.050001
26252.100001
26278.975001
26303.000001
26329.925001
26356.750001
26380.550001
26407.625001
26434.500001
26458.300001
26485.375001
26512.275001
26536.050001
26563.150001
26590.050001
26613.850001
26640.975001
26667.800001
26691.775001
26718.800001
26745.600001
26769.500001
26796.550001
26823.350001
26847.275001
26874.300001
26901.125001
26925.050001
26952.100001
26978.975001
27003.000001
27029.925001
27056.750001
27080.550001
27107.625001
27134.500001
27158.300001
27185.375001
27212.275001
27236.050001
27263.150001
27290.050001
27313.850001
27340.975001
27367.800001
27391.775001
27418.800001
27445.600001
27469.500001
27496.550001
27523.350001
27547.275001
27574.300001
27601.125001
27625.050001
27652.100001
27678.975001
27703.000001
27729.925001
27756.750001
27780.550001
27807.625001
27834.500001
27858.300001
27885.375001
27912.275001
27936.050001
27963.150001
27990.050001
28013.850001
28040.975001
28067.825001
28092.950001
28118.975001
28146.525001
28174.225001
28202.125001
28229.950001
28257.750001
28285.550001
28313.375001
28341.225001
28369.050001
28396.875001
28424.725001
28452.625001
28480.550001
28509.825001
28540.975001
28570.600001
28602.125001
28634.275001
28664.000001
28696.625001
28729.850001
28763.250001
28796.700001
28830.100001
28863.525001
28897.050001
28931.050001
28967.950001
29003.025001
29041.175001
29080.025001
29119.075001
29158.150001
29198.475001
29241.425001
29285.925001
29332.750001
29387.250001
