1.000000
35.000000
569.550000
631.775000
685.275000
732.000000
775.300000
817.525000
857.975000
897.225000
935.975000
974.550000
1012.775000
1050.925000
1088.625000
1126.075000
1163.625000
1201.275000
1238.600000
1275.850000
1313.450000
1351.100000
1388.275000
1425.525000
1463.200000
1500.875000
1538.000000
1575.125000
1612.625000
1649.850000
1686.900000
1724.500000
1762.125000
1799.075000
1836.175000
1873.650000
1910.875000
1948.000000
1985.600000
2023.225000
2060.300000
2097.450000
2134.900000
2172.125000
2209.200000
2246.750000
2284.350000
2321.300000
2358.400000
2395.875000
2433.100000
2470.225000
2507.825000
2545.450000
2582.550000
2619.700000
2657.175000
2694.400000
2731.500000
2769.000000
2806.625000
2843.600000
2880.700000
2918.175000
2955.425000
2992.575000
3030.125000
3067.750000
3104.900000
3142.125000
3179.775000
3217.400000
3254.550000
3291.700000
3329.225000
3366.475000
3403.600000
3441.225000
3478.850000
3515.875000
3553.025000
3590.500000
3627.725000
3664.800000
3702.325000
3739.925000
3776.900000
3814.000000
3851.450000
3888.675000
3925.775000
3963.375000
4001.000000
4038.075000
4075.200000
4112.675000
4149.900000
4186.950000
4224.525000
4262.125000
4299.075000
4336.175000
4373.625000
4410.850000
4447.975000
4485.575000
4523.225000
4560.275000
4597.425000
4634.900000
4672.125000
4709.175000
4746.750000
4784.350000
4821.300000
4858.400000
4895.875000
4933.100000
4970.225000
5007.825000
5045.450000
5082.550000
5119.700000
5157.175000
5194.400000
5231.500000
5269.000000
5306.625000
5343.600000
5380.700000
5418.175000
5455.425000
5492.575000
5530.125000
5567.750000
5604.900000
5642.125000
5679.775000
5717.400000
5754.525000
5791.700000
5829.225000
5866.475000
5903.575000
5941.200000
5978.850000
6015.875000
6053.025000
6090.500000
6127.725000
6164.800000
6202.325000
6239.925000
6276.900000
6313.975000
6351.450000
6388.675000
6425.775000
6463.375000
6501.000000
6538.075000
6575.200000
6612.675000
6649.900000
6686.950000
6724.525000
6762.125000
6799.075000
6836.175000
6873.625000
6910.850000
6947.975000
6985.575000
7023.225000
7060.275000
7097.425000
7134.900000
7172.125000
7209.175000
7246.750000
7284.350000
7321.300000
7358.400000
7395.875000
7433.100000
7470.225000
7507.825000
7545.450000
7582.550000
7619.700000
7657.175000
7694.400000
7731.500000
7769.000000
7806.625000
7843.600000
7880.700000
7918.175000
7955.425000
7992.575000
8030.125000
8067.750000
8104.900000
8142.125000
8179.775000
8217.400000
8254.525000
8291.700000
8329.225000
8366.475000
8403.575000
8441.200000
8478.850000
8515.875000
8553.025000
8590.500000
8627.725000
8664.800000
8702.325000
8739.925000
8776.900000
8813.975000
8851.450000
8888.675000
8925.775000
8963.375000
9001.000000
9038.075000
9075.200000
9112.675000
9149.900000
9186.950000
9224.525000
9262.125000
9299.075000
9336.175000
9373.625000
9410.850000
9447.975000
9485.575000
9523.225000
9560.275000
9597.425000
9634.900000
9672.125000
9709.175000
9746.750000
9784.350000
9821.300000
9858.400000
9895.875000
9933.100000
9970.225000
10007.825000
10045.450000
10082.550000
10119.700000
10157.175000
10194.400000
10231.500000
10269.000000
10306.625000
10343.600000
10380.700000
10418.175000
10455.425000
10492.575000
10530.125000
10567.750000
10604.900000
10642.125000
10679.775000
10717.400000
10754.525000
10791.700000
10829.225000
10866.475000
10903.575000
10941.200000
10978.850000
11015.875000
11053.025000
11090.500000
11127.725000
11164.800000
11202.325000
11239.925000
11276.900000
11313.975000
11351.450000
11388.675000
11425.775000
11463.375000
11501.000000
11538.075000
11575.200000
11612.675000
11649.900000
11686.950000
11724.525000
11762.125000
11799.075000
11836.175000
11873.625000
11910.850000
11947.975000
11985.575000
12023.225000
12060.275000
12097.425000
12134.900000
12172.125000
12209.175000
12246.750000
12284.350000
12321.300000
12358.400000
12395.875000
12433.100000
12470.225000
12507.825000
12545.450000
12582.550000
12619.700000
12657.175000
12694.400000
12731.500000
12769.000000
12806.625000
12843.600000
12880.700000
12918.175000
12955.425000
12992.575000
13030.125000
13067.750000
13104.900000
13142.125000
13179.775000
13217.400000
13254.525000
13291.700000
13329.225000
13366.475000
13403.575000
13441.200000
13478.850000
13515.875000
13553.025000
13590.500000
13627.725000
13664.800000
13702.325000
13739.925000
13776.900000
13813.975000
13851.450000
13888.675000
13925.775000
13963.375000
14001.000000
14038.075000
14075.200000
14112.675000
14149.900000
14186.950000
14224.525000
14262.125000
14299.075000
14336.175000
14373.625000
14410.850000
14447.975000
14485.575000
14523.225000
14560.275000
14597.425000
14634.900000
14672.125000
14709.175000
14746.750000
14784.350000
14821.300000
14858.400000
14895.875000
14933.100000
14970.225000
15007.825000
15045.450000
15082.550000
15119.700000
15157.175000
15194.400000
15231.500000
15269.000000
15306.625000
15343.600000
15380.700000
15418.175000
15455.425000
15492.575000
15530.125000
15567.750000
15604.900000
15642.125000
15679.775000
15717.400000
15754.525000
15791.700000
15829.225000
15866.475000
15903.575000
15941.200000
15978.850000
16015.875000
16053.025000
16090.500000
16127.725000
16164.800000
16202.325000
16239.925000
16276.900000
16313.975000
16351.450000
16388.675000
16425.775000
16463.375000
16501.000000
16538.075000
16575.200000
16612.675000
16649.900000
16686.950000
16724.525000
16762.125000
16799.075000
16836.175000
16873.625000
16910.850000
16947.975000
16985.575000
17023.225000
17060.275000
17097.425000
17134.900000
17172.125000
17209.175000
17246.750000
17284.350000
17321.300000
17358.400000
17395.875000
17433.100000
17470.225000
17507.825000
17545.450000
17582.550000
17619.700000
17657.175000
17694.400000
17731.500000
17769.000000
17806.625000
17843.600000
17880.700000
17918.175000
17955.425000
17992.575000
18030.125000
18067.750000
18104.900000
18142.125000
18179.775000
18217.400000
18254.525001
18291.700001
18329.225001
18366.475001
18403.575001
18441.200001
18478.850001
18515.875001
18553.025001
18590.500001
18627.725001
18664.800001
18702.325001
18739.925001
18776.900001
18813.975001
18851.450001
18888.675001
18925.775001
18963.375001
19001.000001
19038.075001
19075.200001
19112.675001
19149.900001
19186.950001
19224.525001
19262.125001
19299.075001
19336.175001
19373.625001
19410.850001
19447.975001
19485.575001
19523.225001
19560.275001
19597.425001
19634.900001
19672.125001
19709.175001
19746.750001
19784.350001
19821.300001
19858.400001
19895.875001
19933.100001
19970.225001
20007.825001
20045.450001
20082.550001
20119.700001
20157.175001
20194.400001
20231.500001
20269.000001
20306.625001
20343.600001
20380.700001
20418.175001
20455.425001
20492.575001
20530.125001
20567.750001
20604.900001
20642.125001
20679.775001
20717.400001
20754.525001
20791.700001
20829.225001
20866.475001
20903.575001
20941.200001
20978.850001
21015.875001
21053.025001
21090.500001
21127.725001
21164.800001
21202.325001
21239.925001
21276.900001
21313.975001
21351.450001
21388.675001
21425.775001
21463.375001
21501.000001
21538.075001
21575.200001
21612.675001
21649.900001
21686.950001
21724.525001
21762.125001
21799.075001
21836.175001
21873.625001
21910.850001
21947.975001
21985.575001
22023.225001
22060.275001
22097.425001
22134.900001
22172.125001
22209.175001
22246.750001
22284.350001
22321.300001
22358.400001
22395.875001
22433.100001
22470.225001
22507.825001
22545.450001
22582.550001
22619.700001
22657.175001
22694.400001
22731.500001
22769.000001
22806.625001
22843.600001
22880.700001
22918.175001
22955.425001
22992.575001
23030.125001
23067.750001
23104.900001
23142.125001
23179.775001
23217.400001
23254.525001
23291.700001
23329.225001
23366.475001
23403.575001
23441.200001
23478.850001
23515.875001
23553.025001
23590.500001
23627.725001
23664.800001
23702.325001
23739.925001
23776.900001
23813.975001
23851.450001
23888.675001
23925.775001
23963.375001
24001.000001
24038.075001
24075.200001
24112.675001
24149.900001
24186.950001
24224.525001
24262.125001
24299.075001
24336.175001
24373.625001
24410.850001
24447.975001
24485.575001
24523.225001
24560.275001
24597.425001
24634.900001
24672.125001
24709.175001
24746.750001
24784.350001
24821.300001
24858.400001
24895.875001
24933.100001
24970.225001
25007.825001
25045.450001
25082.550001
25119.700001
25157.175001
25194.400001
25231.500001
25269.000001
25306.625001
25343.600001
25380.700001
25418.175001
25455.425001
25492.575001
25530.125001
25567.750001
25604.900001
25642.125001
25679.775001
25717.400001
25754.525001
25791.700001
25829.225001
25866.475001
25903.575001
25941.200001
25978.850001
26015.875001
26053.025001
26090.500001
26127.725001
26164.800001
26202.325001
26239.925001
26276.900001
26313.975001
26351.450001
26388.675001
26425.775001
26463.375001
26501.000001
26538.075001
26575.200001
26612.675001
26649.900001
26686.950001
26724.525001
26762.125001
26799.075001
26836.175001
26873.625001
26910.850001
26947.975001
26985.575001
27023.225001
27060.275001
27097.425001
27134.900001
27172.125001
27209.175001
27246.750001
27284.350001
27321.300001
27358.400001
27395.875001
27433.100001
27470.225001
27507.825001
27545.450001
27582.550001
27619.700001
27657.175001
27694.400001
27731.500001
27769.000001
27806.625001
27843.600001
27880.700001
27918.175001
27955.425001
27992.575001
28030.125001
28067.750001
28104.900001
28142.125001
28179.775001
28217.400001
28254.525001
28291.700001
28329.225001
28366.475001
28403.575001
28441.200001
28478.850001
28515.875001
28553.025001
28590.500001
28627.725001
28664.800001
28702.325001
28739.925001
28776.900001
28813.975001
28851.450001
28888.675001
28925.775001
28963.375001
29001.000001
29038.075001
29075.200001
29112.675001
29149.900001
29186.950001
29224.525001
29262.125001
29299.075001
29336.175001
29373.625001
29410.850001
29447.975001
29486.050001
29524.750001
29563.825001
29603.875001
29644.775001
29686.300001
29729.325001
29773.450001
29818.975001
29866.275001
29915.675001
29968.200001
30025.050001
30089.950001
30163.225001
