10.000000
34.000000
512.725000
579.575000
636.350000
686.025000
730.500000
772.125000
812.225000
850.950000
888.550000
925.200000
962.050000
998.000000
1034.375000
1069.650000
1105.400000
1140.975000
1176.250000
1211.775000
1247.050000
1282.075000
1317.725000
1352.675000
1387.650000
1423.200000
1458.175000
1493.100000
1528.700000
1563.675000
1598.600000
1633.975000
1669.200000
1704.200000
1739.475000
1774.725000
1809.650000
1845.000000
1880.250000
1915.200000
1950.500000
1985.750000
2020.700000
2055.925000
2091.250000
2126.200000
2161.325000
2196.600000
2231.725000
2266.975000
2302.175000
2337.275000
2372.450000
2407.725000
2442.825000
2478.000000
2513.250000
2548.350000
2583.475000
2618.700000
2653.925000
2689.000000
2724.175000
2759.325000
2794.550000
2829.850000
2864.950000
2900.150000
2935.400000
2970.525000
3005.675000
3040.975000
3076.075000
3111.200000
3146.400000
3181.550000
3216.850000
3252.000000
3287.150000
3322.350000
3357.600000
3392.750000
3427.925000
3463.150000
3498.275000
3533.425000
3568.650000
3603.850000
3638.950000
3674.125000
3709.225000
3744.525000
3779.825000
3814.900000
3850.125000
3885.375000
3920.500000
3955.675000
3990.975000
4026.075000
4061.200000
4096.400000
4131.550000
4166.825000
4202.000000
4237.125000
4272.325000
4307.575000
4342.750000
4377.925000
4413.150000
4448.275000
4483.425000
4518.650000
4553.850000
4588.950000
4624.125000
4659.225000
4694.525000
4729.825000
4764.900000
4800.125000
4835.375000
4870.500000
4905.675000
4940.975000
4976.075000
5011.200000
5046.400000
5081.550000
5116.825000
5152.000000
5187.125000
5222.325000
5257.575000
5292.750000
5327.925000
5363.150000
5398.275000
5433.425000
5468.650000
5503.850000
5538.950000
5574.125000
5609.225000
5644.525000
5679.825000
5714.900000
5750.125000
5785.375000
5820.500000
5855.675000
5890.975000
5926.075000
5961.200000
5996.400000
6031.550000
6066.825000
6102.000000
6137.125000
6172.325000
6207.575000
6242.750000
6277.925000
6313.150000
6348.275000
6383.425000
6418.650000
6453.850000
6488.950000
6524.125000
6559.225000
6594.525000
6629.825000
6664.900000
6700.125000
6735.375000
6770.500000
6805.675000
6840.975000
6876.075000
6911.200000
6946.400000
6981.550000
7016.825000
7052.000000
7087.125000
7122.325000
7157.575000
7192.750000
7227.925000
7263.150000
7298.275000
7333.425000
7368.650000
7403.850000
7438.950000
7474.125000
7509.225000
7544.525000
7579.825000
7614.900000
7650.125000
7685.375000
7720.500000
7755.675000
7790.975000
7826.075000
7861.200000
7896.400000
7931.550000
7966.825000
8002.000000
8037.125000
8072.325000
8107.575000
8142.750000
8177.925000
8213.150000
8248.275000
8283.425000
8318.650000
8353.850000
8388.950000
8424.125000
8459.225000
8494.525000
8529.825000
8564.900000
8600.125000
8635.375000
8670.500000
8705.675000
8740.975000
8776.075000
8811.200000
8846.400000
8881.550000
8916.825000
8952.000000
8987.125000
9022.325000
9057.575000
9092.750000
9127.925000
9163.150000
9198.275000
9233.425000
9268.650000
9303.850000
9338.950000
9374.125000
9409.225000
9444.525000
9479.825000
9514.900000
9550.125000
9585.375000
9620.500000
9655.675000
9690.975000
9726.075000
9761.200000
9796.400000
9831.550000
9866.825000
9902.000000
9937.125000
9972.325000
10007.575000
10042.750000
10077.925000
10113.150000
10148.275000
10183.425000
10218.650000
10253.850000
10288.950000
10324.125000
10359.225000
10394.525000
10429.825000
10464.900000
10500.125000
10535.375000
10570.500000
10605.675000
10640.975000
10676.075000
10711.200000
10746.400000
10781.550000
10816.825000
10852.000000
10887.125000
10922.325000
10957.575000
10992.750000
11027.925000
11063.150000
11098.275000
11133.425000
11168.650000
11203.850000
11238.950000
11274.125000
11309.225000
11344.525000
11379.825000
11414.900000
11450.125000
11485.375000
11520.500000
11555.675000
11590.975000
11626.075000
11661.200000
11696.400000
11731.550000
11766.825000
11802.000000
11837.125000
11872.325000
11907.575000
11942.750000
11977.925000
12013.150000
12048.275000
12083.425000
12118.650000
12153.850000
12188.950000
12224.125000
12259.225000
12294.525000
12329.825000
12364.900000
12400.125000
12435.375000
12470.500000
12505.675000
12540.975000
12576.075000
12611.200000
12646.400000
12681.550000
12716.825000
12752.000000
12787.125000
12822.325000
12857.575000
12892.750000
12927.925000
12963.150000
12998.275000
13033.425000
13068.650000
13103.850000
13138.950000
13174.125000
13209.225000
13244.525000
13279.825000
13314.900000
13350.125000
13385.375000
13420.500000
13455.675000
13490.975000
13526.075000
13561.200000
13596.400000
13631.550000
13666.825000
13702.000000
13737.125000
13772.325000
13807.575000
13842.750000
13877.925000
13913.150000
13948.275000
13983.425000
14018.650000
14053.850000
14088.950000
14124.125000
14159.225000
14194.525000
14229.825000
14264.900000
14300.125000
14335.375000
14370.500000
14405.675000
14440.975000
14476.075000
14511.200000
14546.400000
14581.550000
14616.825000
14652.000000
14687.125000
14722.325000
14757.575000
14792.750000
14827.925000
14863.150000
14898.275000
14933.425000
14968.650000
15003.850000
15038.950000
15074.125000
15109.225000
15144.525000
15179.825000
15214.900000
15250.125000
15285.375000
15320.500000
15355.675000
15390.975000
15426.075000
15461.200000
15496.400000
15531.550000
15566.825000
15602.000000
15637.125000
15672.325000
15707.575000
15742.750000
15777.925000
15813.150000
15848.275000
15883.425000
15918.650000
15953.850000
15988.950000
16024.125000
16059.225000
16094.525000
16129.825000
16164.900000
16200.125000
16235.375000
16270.500000
16305.675000
16340.975000
16376.075000
16411.200000
16446.400000
16481.550000
16516.825000
16552.000000
16587.125000
16622.325000
16657.575000
16692.750000
16727.925000
16763.150000
16798.275000
16833.425000
16868.650000
16903.850000
16938.950000
16974.125000
17009.225000
17044.525000
17079.825000
17114.900000
17150.125000
17185.375000
17220.500000
17255.675000
17290.975000
17326.075000
17361.200000
17396.400000
17431.550000
17466.825000
17502.000000
17537.125000
17572.325000
17607.575000
17642.750000
17677.925000
17713.150000
17748.275000
17783.425000
17818.650000
17853.850000
17888.950000
17924.125000
17959.225000
17994.525000
18029.825000
18064.900000
18100.125000
18135.375000
18170.500000
18205.675000
18240.975001
18276.075001
18311.200001
18346.400001
18381.550001
18416.825001
18452.000001
18487.125001
18522.325001
18557.575001
18592.750001
18627.925001
18663.150001
18698.275001
18733.425001
18768.650001
18803.850001
18838.950001
18874.125001
18909.225001
18944.525001
18979.825001
19014.900001
19050.125001
19085.375001
19120.500001
19155.675001
19190.975001
19226.075001
19261.200001
19296.400001
19331.550001
19366.825001
19402.000001
19437.125001
19472.325001
19507.575001
19542.750001
19577.925001
19613.150001
19648.275001
19683.425001
19718.650001
19753.850001
19788.950001
19824.125001
19859.225001
19894.525001
19929.825001
19964.900001
20000.125001
20035.375001
20070.500001
20105.675001
20140.975001
20176.075001
20211.200001
20246.400001
20281.550001
20316.825001
20352.000001
20387.125001
20422.325001
20457.575001
20492.750001
20527.925001
20563.150001
20598.275001
20633.425001
20668.650001
20703.850001
20738.950001
20774.125001
20809.225001
20844.525001
20879.825001
20914.900001
20950.125001
20985.375001
21020.500001
21055.675001
21090.975001
21126.075001
21161.200001
21196.400001
21231.550001
21266.825001
21302.000001
21337.125001
21372.325001
21407.575001
21442.750001
21477.925001
21513.150001
21548.275001
21583.425001
21618.650001
21653.850001
21688.950001
21724.125001
21759.225001
21794.525001
21829.825001
21864.900001
21900.125001
21935.375001
21970.500001
22005.675001
22040.975001
22076.075001
22111.200001
22146.400001
22181.550001
22216.825001
22252.000001
22287.125001
22322.325001
22357.575001
22392.750001
22427.925001
22463.150001
22498.275001
22533.425001
22568.650001
22603.850001
22638.950001
22674.125001
22709.225001
22744.525001
22779.825001
22814.900001
22850.125001
22885.375001
22920.500001
22955.675001
22990.975001
23026.075001
23061.200001
23096.400001
23131.550001
23166.825001
23202.000001
23237.125001
23272.325001
23307.575001
23342.750001
23377.925001
23413.150001
23448.275001
23483.425001
23518.650001
23553.850001
23588.950001
23624.125001
23659.225001
23694.525001
23729.825001
23764.900001
23800.125001
23835.375001
23870.500001
23905.675001
23940.975001
23976.075001
24011.200001
24046.400001
24081.550001
24116.825001
24152.000001
24187.125001
24222.325001
24257.575001
24292.750001
24327.925001
24363.150001
24398.275001
24433.425001
24468.650001
24503.850001
24538.950001
24574.125001
24609.225001
24644.525001
24679.825001
24714.900001
24750.125001
24785.375001
24820.500001
24855.675001
24890.975001
24926.075001
24961.200001
24996.400001
25031.550001
25066.825001
25102.000001
25137.125001
25172.325001
25207.575001
25242.750001
25277.925001
25313.150001
25348.275001
25383.425001
25418.650001
25453.850001
25488.950001
25524.125001
25559.225001
25594.525001
25629.825001
25664.900001
25700.125001
25735.375001
25770.500001
25805.675001
25840.975001
25876.075001
25911.200001
25946.400001
25981.550001
26016.825001
26052.000001
26087.125001
26122.325001
26157.575001
26192.750001
26227.925001
26263.150001
26298.275001
26333.425001
26368.650001
26403.850001
26438.950001
26474.125001
26509.225001
26544.525001
26579.825001
26614.900001
26650.125001
26685.375001
26720.500001
26755.675001
26790.975001
26826.075001
26861.200001
26896.400001
26931.550001
26966.825001
27002.000001
27037.125001
27072.325001
27107.575001
27142.750001
27177.925001
27213.150001
27248.275001
27283.425001
27318.650001
27353.850001
27388.950001
27424.125001
27459.225001
27494.525001
27529.825001
27564.900001
27600.125001
27635.375001
27670.500001
27705.675001
27740.975001
27776.075001
27811.200001
27846.400001
27881.550001
27916.825001
27952.000001
27987.125001
28022.325001
28057.575001
28092.750001
28127.925001
28163.150001
28198.275001
28233.425001
28268.650001
28303.850001
28338.950001
28374.125001
28409.225001
28444.525001
28479.825001
28514.900001
28550.125001
28585.375001
28620.500001
28655.675001
28690.975001
28726.075001
28761.200001
28796.400001
28831.550001
28866.825001
28902.000001
28937.125001
28972.325001
29007.575001
29042.750001
29077.925001
29113.150001
29148.275001
29183.425001
29218.650001
29253.850001
29288.950001
29324.125001
29359.225001
29394.525001
29429.825001
29465.200001
29501.400001
29537.675001
29574.850001
29612.700001
29651.275001
29690.550001
29730.550001
29771.700001
29813.925001
29857.675001
29902.875001
29950.125001
29999.975001
30053.650001
30112.775001
30175.550001
30244.325001
30323.400001
