100.000000
29.000000
560.675000
616.725000
666.075000
712.250000
755.825000
797.750000
838.925000
879.325000
919.175000
958.750000
998.475000
1038.325000
1078.700000
1118.575000
1158.150000
1197.700000
1237.350000
1276.850000
1316.850000
1356.800000
1396.550000
1436.050000
1475.700000
1515.325000
1555.225000
1595.300000
1635.225000
1674.825000
1714.150000
1753.925000
1793.300000
1833.150000
1873.175000
1913.075000
1952.650000
1992.300000
2031.925000
2071.650000
2111.775000
2151.625000
2191.400000
2230.675000
2270.400000
2309.925000
2349.750000
2389.775000
2429.800000
2469.350000
2508.775000
2548.425000
2588.075000
2628.000000
2667.950000
2707.750000
2747.250000
2786.825000
2826.425000
2866.350000
2906.375000
2946.225000
2985.850000
3025.250000
3064.925000
3104.600000
3144.425000
3184.425000
3224.175000
3263.725000
3303.325000
3342.950000
3382.700000
3422.875000
3462.800000
3502.475000
3541.950000
3581.625000
3621.000000
3660.850000
3700.900000
3740.875000
3780.425000
3819.975000
3859.625000
3899.200000
3939.125000
3979.125000
4018.900000
4058.300000
4098.025000
4137.600000
4177.425000
4217.625000
4257.500000
4297.075000
4336.425000
4376.100000
4415.650000
4455.475000
4495.500000
4535.350000
4574.900000
4614.300000
4654.050000
4693.575000
4733.425000
4773.400000
4813.225000
4852.750000
4892.500000
4932.075000
4971.875000
5011.900000
5051.775000
5091.475000
5130.750000
5170.475000
5209.975000
5249.800000
5289.800000
5329.825000
5369.375000
5408.800000
5448.450000
5488.125000
5528.150000
5568.025000
5607.825000
5647.275000
5686.925000
5726.450000
5766.400000
5806.400000
5846.250000
5885.850000
5925.275000
5964.950000
6004.625000
6044.450000
6084.450000
6124.200000
6163.750000
6203.375000
6243.000000
6282.775000
6322.975000
6362.925000
6402.550000
6442.100000
6481.725000
6521.125000
6560.950000
6601.000000
6640.900000
6680.450000
6720.050000
6759.675000
6799.350000
6839.450000
6879.475000
6919.150000
6958.425000
6998.150000
7037.700000
7077.525000
7117.650000
7157.500000
7197.100000
7236.450000
7276.125000
7315.675000
7355.500000
7395.525000
7435.350000
7474.925000
7514.350000
7554.075000
7593.675000
7633.575000
7673.475000
7713.300000
7752.800000
7792.550000
7832.100000
7871.925000
7911.925000
7951.800000
7991.475000
8030.775000
8070.500000
8110.000000
8149.800000
8189.825000
8229.825000
8269.375000
8308.825000
8348.450000
8388.150000
8428.200000
8468.075000
8507.875000
8547.300000
8586.950000
8626.475000
8666.425000
8706.425000
8746.250000
8785.875000
8825.300000
8864.950000
8904.650000
8944.475000
8984.475000
9024.225000
9063.750000
9103.400000
9143.025000
9182.800000
9223.000000
9262.950000
9302.575000
9342.125000
9381.750000
9421.175000
9461.000000
9501.025000
9540.925000
9580.450000
9620.075000
9659.700000
9699.425000
9739.550000
9779.625000
9819.225000
9858.500000
9898.225000
9937.750000
9977.575000
10017.675000
10057.525000
10097.100000
10136.450000
10176.125000
10215.700000
10255.550000
10295.550000
10335.375000
10374.925000
10414.375000
10454.125000
10493.775000
10533.800000
10573.650000
10613.450000
10652.875000
10692.625000
10732.150000
10771.975000
10811.975000
10851.825000
10891.500000
10930.800000
10970.500000
11010.000000
11049.825000
11089.825000
11129.850000
11169.375000
11208.825000
11248.475000
11288.150000
11328.275000
11368.125000
11407.900000
11447.325000
11486.975000
11526.500000
11566.425000
11606.450000
11646.250000
11685.875000
11725.300000
11764.975000
11804.650000
11844.475000
11884.475000
11924.225000
11963.775000
12003.400000
12043.025000
12082.825000
12123.000000
12162.950000
12202.575000
12242.150000
12281.775000
12321.250000
12361.050000
12401.075000
12440.975000
12480.475000
12520.125000
12559.725000
12599.475000
12639.600000
12679.700000
12719.275000
12758.600000
12798.300000
12837.800000
12877.625000
12917.725000
12957.550000
12997.125000
13036.500000
13076.175000
13115.775000
13155.625000
13195.600000
13235.425000
13274.950000
13314.475000
13354.200000
13393.975000
13434.050000
13473.925000
13513.575000
13553.000000
13592.725000
13632.225000
13672.025000
13712.050000
13751.850000
13791.525000
13830.850000
13870.525000
13910.050000
13949.850000
13989.875000
14029.850000
14069.375000
14108.850000
14148.475000
14188.200000
14228.350000
14268.225000
14307.950000
14347.350000
14387.025000
14426.500000
14466.450000
14506.450000
14546.275000
14585.875000
14625.325000
14664.975000
14704.675000
14744.500000
14784.500000
14824.250000
14863.775000
14903.425000
14943.050000
14982.850000
15023.025000
15062.975000
15102.575000
15142.150000
15181.800000
15221.275000
15261.100000
15301.125000
15341.000000
15380.500000
15420.150000
15459.775000
15499.550000
15539.625000
15579.725000
15619.300000
15658.650000
15698.325000
15737.850000
15777.650000
15817.750000
15857.575000
15897.125000
15936.525000
15976.200000
16015.850000
16055.725000
16095.675000
16135.500000
16175.000000
16214.575000
16254.300000
16294.100000
16334.125000
16373.975000
16413.625000
16453.050000
16492.750000
16532.250000
16572.075000
16612.075000
16651.875000
16691.525000
16730.875000
16770.550000
16810.075000
16849.875000
16889.900000
16929.850000
16969.375000
17008.850000
17048.500000
17088.225000
17128.425000
17168.275000
17207.975000
17247.375000
17287.050000
17326.500000
17366.450000
17406.475000
17446.275000
17485.875000
17525.325000
17564.975000
17604.675000
17644.500000
17684.500000
17724.250000
17763.775000
17803.450000
17843.050000
17882.875000
17923.025000
17962.975000
18002.600000
18042.175000
18081.800000
18121.300000
18161.125000
18201.125000
18241.025001
18280.500001
18320.175001
18359.775001
18399.550001
18439.650001
18479.725001
18519.300001
18558.650001
18598.325001
18637.850001
18677.675001
18717.750001
18757.575001
18797.125001
18836.550001
18876.200001
18915.875001
18955.775001
18995.700001
19035.525001
19075.000001
19114.600001
19154.350001
19194.150001
19234.150001
19274.000001
19313.625001
19353.075001
19392.775001
19432.275001
19472.075001
19512.100001
19551.875001
19591.550001
19630.875001
19670.550001
19710.075001
19749.900001
19789.900001
19829.850001
19869.400001
19908.850001
19948.500001
19988.225001
20028.450001
20068.325001
20108.000001
20147.400001
20187.075001
20226.525001
20266.475001
20306.475001
20346.275001
20385.875001
20425.325001
20464.975001
20504.675001
20544.525001
20584.500001
20624.250001
20663.775001
20703.450001
20743.050001
20782.875001
20823.025001
20862.975001
20902.600001
20942.175001
20981.800001
21021.325001
21061.150001
21101.150001
21141.025001
21180.500001
21220.175001
21259.775001
21299.575001
21339.650001
21379.725001
21419.325001
21458.650001
21498.325001
21537.875001
21577.675001
21617.750001
21657.575001
21697.125001
21736.550001
21776.200001
21815.875001
21855.825001
21895.725001
21935.550001
21975.025001
22014.625001
22054.375001
22094.175001
22134.175001
22174.025001
22213.650001
22253.075001
22292.775001
22332.300001
22372.100001
22412.125001
22451.875001
22491.550001
22530.900001
22570.575001
22610.100001
22649.900001
22689.925001
22729.875001
22769.400001
22808.875001
22848.500001
22888.250001
22928.500001
22968.375001
23008.025001
23047.425001
23087.100001
23126.525001
23166.475001
23206.475001
23246.275001
23285.875001
23325.325001
23364.975001
23404.675001
23444.525001
23484.500001
23524.250001
23563.775001
23603.450001
23643.050001
23682.875001
23723.050001
23762.975001
23802.600001
23842.175001
23881.825001
23921.325001
23961.175001
24001.150001
24041.050001
24080.500001
24120.175001
24159.800001
24199.575001
24239.650001
24279.750001
24319.325001
24358.650001
24398.350001
24437.875001
24477.700001
24517.750001
24557.575001
24597.125001
24636.550001
24676.200001
24715.900001
24755.850001
24795.750001
24835.550001
24875.025001
24914.650001
24954.400001
24994.200001
25034.200001
25074.050001
25113.650001
25153.100001
25192.800001
25232.325001
25272.125001
25312.125001
25351.900001
25391.550001
25430.925001
25470.575001
25510.125001
25549.950001
25589.950001
25629.875001
25669.400001
25708.900001
25748.525001
25788.300001
25828.550001
25868.425001
25908.050001
25947.475001
25987.125001
26026.550001
26066.475001
26106.500001
26146.275001
26185.900001
26225.325001
26265.000001
26304.700001
26344.550001
26384.525001
26424.275001
26463.800001
26503.475001
26543.075001
26582.900001
26623.050001
26663.000001
26702.600001
26742.200001
26781.825001
26821.350001
26861.200001
26901.175001
26941.075001
26980.525001
27020.200001
27059.800001
27099.600001
27139.650001
27179.750001
27219.325001
27258.675001
27298.350001
27337.875001
27377.700001
27417.775001
27457.600001
27497.150001
27536.575001
27576.225001
27615.925001
27655.925001
27695.800001
27735.600001
27775.050001
27814.700001
27854.425001
27894.250001
27934.250001
27974.050001
28013.675001
28053.125001
28092.825001
28132.350001
28172.175001
28212.175001
28251.925001
28291.575001
28330.975001
28370.625001
28410.250001
28450.100001
28490.075001
28529.975001
28569.450001
28609.025001
28648.625001
28688.450001
28728.675001
28768.500001
28808.100001
28847.550001
28887.200001
28926.600001
28966.525001
29006.550001
29046.300001
29085.900001
29125.350001
29165.025001
29204.725001
29244.600001
29284.550001
29324.675001
29365.300001
29407.100001
29449.125001
29492.350001
29536.200001
29581.125001
29627.375001
29674.775001
29723.650001
29774.225001
29826.675001
29881.750001
29940.325001
30003.875001
30077.325001
30160.250001
30430.050001
30509.375001
30824.675001
30904.625001
31254.550001
31334.700001
31684.400001
31764.500001
32114.050001
32194.150001
32543.675001
32623.750001
32973.275001
33053.375001
33402.875001
33482.975001
33832.475001
33912.575001
34262.075001
34342.175001
34691.675001
34771.775001
