20.000000
0.000000
367.950000
414.725000
455.025000
492.550000
527.850000
560.875000
592.525000
623.150000
653.350000
682.650000
711.700000
740.000000
768.125000
796.025000
823.700000
851.075000
878.600000
906.175000
933.750000
960.875000
988.125000
1015.200000
1042.375000
1069.625000
1096.625000
1123.775000
1150.750000
1178.050000
1204.975000
1231.950000
1259.000000
1285.900000
1313.025000
1339.900000
1367.150000
1394.050000
1421.000000
1447.950000
1474.925000
1501.975000
1528.850000
1556.050000
1582.900000
1609.875000
1636.825000
1663.725000
1690.825000
1717.650000
1744.875000
1771.750000
1798.600000
1825.625000
1852.500000
1879.625000
1906.500000
1933.700000
1960.550000
1987.425000
2014.500000
2041.375000
2068.500000
2095.325000
2122.550000
2149.425000
2176.225000
2203.375000
2230.200000
2257.325000
2284.200000
2311.350000
2338.225000
2365.050000
2392.200000
2419.075000
2446.150000
2473.025000
2500.150000
2527.075000
2553.900000
2581.075000
2607.900000
2635.000000
2661.925000
2688.925000
2715.925000
2742.700000
2769.900000
2796.750000
2823.775000
2850.700000
2877.675000
2904.700000
2931.525000
2958.725000
2985.575000
3012.550000
3039.575000
3066.500000
3093.550000
3120.350000
3147.550000
3174.425000
3201.325000
3228.425000
3255.275000
3282.325000
3309.175000
3336.250000
3363.175000
3390.025000
3417.200000
3444.075000
3471.000000
3497.950000
3524.875000
3551.950000
3578.800000
3606.025000
3632.850000
3659.775000
3686.775000
3713.625000
3740.775000
3767.600000
3794.825000
3821.700000
3848.500000
3875.600000
3902.450000
3929.575000
3956.450000
3983.625000
4010.500000
4037.350000
4064.450000
4091.325000
4118.425000
4145.300000
4172.475000
4199.375000
4226.150000
4253.350000
4280.150000
4307.275000
4334.175000
4361.275000
4388.175000
4415.000000
4442.175000
4469.025000
4496.075000
4523.000000
4550.050000
4577.025000
4603.850000
4631.025000
4657.850000
4684.925000
4711.875000
4738.800000
4765.850000
4792.650000
4819.850000
4846.725000
4873.675000
4900.650000
4927.575000
4954.625000
4981.475000
5008.625000
5035.500000
5062.425000
5089.500000
5116.400000
5143.425000
5170.275000
5197.400000
5224.350000
5251.150000
5278.350000
5305.175000
5332.200000
5359.125000
5386.050000
5413.075000
5439.925000
5467.150000
5494.000000
5520.875000
5547.875000
5574.750000
5601.850000
5628.725000
5655.950000
5682.800000
5709.675000
5736.725000
5763.550000
5790.725000
5817.550000
5844.775000
5871.650000
5898.450000
5925.550000
5952.425000
5979.550000
6006.425000
6033.600000
6060.475000
6087.300000
6114.425000
6141.300000
6168.400000
6195.275000
6222.425000
6249.350000
6276.125000
6303.325000
6330.125000
6357.250000
6384.150000
6411.200000
6438.150000
6464.950000
6492.150000
6519.000000
6546.050000
6572.975000
6599.975000
6626.975000
6653.800000
6681.000000
6707.825000
6734.875000
6761.825000
6788.725000
6815.800000
6842.600000
6869.825000
6896.700000
6923.600000
6950.625000
6977.525000
7004.600000
7031.450000
7058.575000
7085.450000
7112.350000
7139.475000
7166.375000
7193.375000
7220.225000
7247.275000
7274.275000
7301.075000
7328.300000
7355.125000
7382.125000
7409.075000
7435.950000
7463.025000
7489.875000
7517.100000
7543.975000
7570.800000
7597.850000
7624.725000
7651.825000
7678.700000
7705.900000
7732.775000
7759.625000
7786.700000
7813.525000
7840.700000
7867.550000
7894.750000
7921.650000
7948.425000
7975.550000
8002.400000
8029.550000
8056.425000
8083.550000
8110.450000
8137.275000
8164.425000
8191.300000
8218.375000
8245.250000
8272.400000
8299.325000
8326.100000
8353.300000
8380.125000
8407.225000
8434.150000
8461.175000
8488.125000
8514.925000
8542.125000
8569.000000
8596.025000
8622.950000
8649.925000
8676.950000
8703.775000
8730.975000
8757.800000
8784.825000
8811.825000
8838.700000
8865.775000
8892.575000
8919.800000
8946.675000
8973.550000
9000.625000
9027.500000
9054.575000
9081.425000
9108.525000
9135.425000
9162.300000
9189.450000
9216.325000
9243.300000
9270.200000
9297.200000
9324.225000
9351.025000
9378.275000
9405.100000
9432.075000
9459.050000
9485.900000
9513.000000
9539.850000
9567.075000
9593.950000
9620.775000
9647.825000
9674.700000
9701.800000
9728.700000
9755.875000
9782.750000
9809.600000
9836.700000
9863.525000
9890.675000
9917.525000
9944.725000
9971.625000
9998.400000
10025.550000
10052.400000
10079.525000
10106.425000
10133.550000
10160.450000
10187.250000
10214.425000
10241.275000
10268.375000
10295.250000
10322.375000
10349.300000
10376.075000
10403.300000
10430.125000
10457.225000
10484.125000
10511.150000
10538.100000
10564.925000
10592.125000
10618.975000
10646.000000
10672.925000
10699.900000
10726.925000
10753.775000
10780.950000
10807.800000
10834.800000
10861.800000
10888.675000
10915.750000
10942.575000
10969.775000
10996.650000
11023.525000
11050.600000
11077.500000
11104.550000
11131.425000
11158.475000
11185.400000
11212.275000
11239.425000
11266.325000
11293.275000
11320.175000
11347.150000
11374.200000
11401.000000
11428.250000
11455.100000
11482.025000
11509.025000
11535.875000
11562.975000
11589.825000
11617.075000
11643.950000
11670.750000
11697.825000
11724.700000
11751.800000
11778.675000
11805.875000
11832.725000
11859.575000
11886.700000
11913.500000
11940.675000
11967.525000
11994.725000
12021.625000
12048.400000
12075.525000
12102.400000
12129.525000
12156.400000
12183.525000
12210.425000
12237.250000
12264.400000
12291.275000
12318.350000
12345.250000
12372.350000
12399.300000
12426.050000
12453.275000
12480.100000
12507.200000
12534.125000
12561.125000
12588.100000
12614.900000
12642.125000
12668.975000
12695.975000
12722.925000
12749.900000
12776.900000
12803.750000
12830.950000
12857.800000
12884.775000
12911.800000
12938.650000
12965.750000
12992.550000
13019.750000
13046.650000
13073.500000
13100.600000
13127.475000
13154.525000
13181.400000
13208.450000
13235.400000
13262.250000
13289.425000
13316.300000
13343.250000
13370.175000
13397.125000
13424.175000
13450.975000
13478.250000
13505.075000
13532.025000
13559.025000
13585.850000
13612.975000
13639.825000
13667.075000
13693.925000
13720.750000
13747.825000
13774.675000
13801.800000
13828.675000
13855.850000
13882.725000
13909.575000
13936.675000
13963.500000
13990.650000
14017.525000
14044.725000
14071.600000
14098.400000
14125.525000
14152.375000
14179.525000
14206.400000
14233.525000
14260.425000
14287.250000
14314.400000
14341.275000
14368.350000
14395.250000
14422.350000
14449.275000
14476.050000
14503.275000
14530.100000
14557.200000
14584.125000
14611.100000
14638.075000
14664.900000
14692.125000
14718.975000
14745.975000
14772.925000
14799.875000
14826.900000
14853.750000
14880.925000
14907.775000
14934.775000
14961.775000
14988.650000
15015.725000
15042.550000
15069.750000
15096.625000
15123.500000
15150.600000
15177.475000
15204.525000
15231.400000
15258.425000
15285.375000
15312.225000
15339.425000
15366.300000
15393.225000
15420.150000
15447.100000
15474.150000
15500.975000
15528.250000
15555.075000
15582.000000
15609.000000
15635.850000
15662.950000
15689.825000
15717.050000
15743.925000
15770.750000
15797.825000
15824.675000
15851.775000
15878.675000
15905.850000
15932.725000
15959.550000
15986.675000
16013.500000
16040.650000
16067.525000
16094.700000
16121.600000
16148.375000
16175.525000
16202.375000
16229.525000
16256.400000
16283.525000
16310.425000
16337.250000
16364.400000
16391.275000
16418.350000
16445.225000
16472.325000
16499.275000
16526.050000
16553.275000
16580.100000
16607.200000
16634.125000
16661.100000
16688.075000
16714.900000
16742.100000
16768.975000
16795.950000
16822.925000
16849.875000
16876.900000
16903.750000
16930.925000
16957.775000
16984.750000
17011.775000
17038.650000
17065.725000
17092.550000
17119.725000
17146.625000
17173.475000
17200.575000
17227.450000
17254.500000
17281.400000
17308.400000
17335.375000
17362.225000
17389.400000
17416.275000
17443.225000
17470.150000
17497.075000
17524.150000
17550.975000
17578.225000
17605.075000
17632.000000
17659.000000
17685.850000
17712.950000
17739.800000
17767.050000
17793.925000
17820.750000
17847.825000
17874.675000
17901.775000
17928.675000
17955.850000
17982.725000
18009.550000
18036.675000
18063.500000
18090.650000
18117.525000
18144.700000
18171.600000
18198.375000
18225.525000
18252.375001
18279.525001
18306.400001
18333.500001
18360.425001
18387.225001
18414.400001
18441.275001
18468.350001
18495.225001
18522.325001
18549.275001
18576.050001
18603.275001
18630.100001
18657.200001
18684.125001
18711.100001
18738.075001
18764.900001
18792.100001
18818.975001
18845.950001
18872.925001
18899.875001
18926.900001
18953.750001
18980.925001
19007.775001
19034.750001
19061.775001
19088.625001
19115.725001
19142.550001
19169.725001
19196.625001
19223.475001
19250.575001
19277.450001
19304.500001
19331.400001
19358.400001
19385.375001
19412.225001
19439.400001
19466.275001
19493.200001
19520.150001
19547.075001
19574.150001
19600.950001
19628.225001
19655.075001
19681.975001
19709.000001
19735.850001
19762.950001
19789.800001
19817.050001
19843.925001
19870.725001
19897.825001
19924.675001
19951.775001
19978.675001
20005.850001
20032.725001
20059.550001
20086.675001
20113.500001
20140.650001
20167.525001
20194.700001
20221.600001
20248.375001
20275.525001
20302.375001
20329.525001
20356.400001
20383.500001
20410.425001
20437.225001
20464.400001
20491.275001
20518.350001
20545.225001
20572.325001
20599.275001
20626.050001
20653.275001
20680.100001
20707.200001
20734.125001
20761.075001
20788.075001
20814.900001
20842.100001
20868.975001
20895.950001
20922.925001
20949.850001
20976.900001
21003.725001
21030.925001
21057.775001
21084.750001
21111.775001
21138.625001
21165.725001
21192.550001
21219.725001
21246.625001
21273.475001
21300.575001
21327.450001
21354.500001
21381.375001
21408.400001
21435.350001
21462.225001
21489.400001
21516.275001
21543.200001
21570.150001
21597.075001
21624.150001
21650.950001
21678.225001
21705.075001
21731.975001
21759.000001
21785.825001
21812.950001
21839.800001
21867.050001
21893.925001
21920.725001
21947.800001
21974.675001
22001.775001
22028.675001
22055.850001
22082.725001
22109.550001
22136.675001
22163.500001
22190.650001
22217.500001
22244.700001
22271.600001
22298.375001
22325.525001
22352.375001
22379.500001
22406.400001
22433.500001
22460.425001
22487.225001
22514.400001
22541.275001
22568.325001
22595.225001
22622.325001
22649.275001
22676.050001
22703.275001
22730.100001
22757.175001
22784.100001
22811.075001
22838.075001
22864.900001
22892.100001
22918.975001
22945.950001
22972.925001
22999.850001
23026.875001
23053.725001
23080.925001
23107.775001
23134.750001
23161.775001
23188.625001
23215.700001
23242.550001
23269.725001
23296.625001
23323.475001
23350.575001
23377.450001
23404.500001
23431.375001
23458.375001
23485.350001
23512.200001
23539.400001
23566.275001
23593.200001
23620.150001
23647.050001
23674.150001
23700.950001
23728.225001
23755.075001
23781.975001
23809.000001
23835.825001
23862.950001
23889.800001
23917.050001
23943.925001
23970.725001
23997.800001
24024.675001
24051.775001
24078.675001
24105.850001
24132.725001
24159.550001
24186.675001
24213.500001
24240.650001
24267.500001
24294.700001
24321.600001
24348.375001
24375.525001
24402.375001
24429.500001
24456.400001
24483.500001
24510.400001
24537.225001
24564.400001
24591.275001
24618.325001
24645.225001
24672.300001
24699.275001
24726.025001
24753.275001
24780.100001
24807.175001
24834.100001
24861.075001
24888.075001
24914.900001
24942.100001
24968.975001
24995.950001
25022.900001
25049.850001
25076.875001
25103.725001
25130.925001
25157.775001
25184.725001
25211.775001
25238.625001
25265.700001
25292.550001
25319.700001
25346.625001
25373.450001
25400.575001
25427.450001
25454.500001
25481.375001
25508.375001
25535.350001
25562.200001
25589.400001
25616.275001
25643.200001
25670.150001
25697.050001
25724.150001
25750.950001
25778.225001
25805.050001
25831.975001
25859.000001
25885.825001
25912.950001
25939.800001
25967.050001
25993.925001
26020.725001
26047.800001
26074.675001
26101.775001
26128.675001
26155.850001
26182.725001
26209.550001
26236.675001
26263.500001
26290.650001
26317.500001
26344.700001
26371.600001
26398.375001
26425.525001
26452.375001
26479.500001
26506.400001
26533.500001
26560.400001
26587.225001
26614.400001
26641.250001
26668.325001
26695.225001
26722.300001
26749.275001
26776.025001
26803.275001
26830.100001
26857.175001
26884.100001
26911.075001
26938.075001
26964.875001
26992.100001
27018.975001
27045.950001
27072.900001
27099.850001
27126.875001
27153.725001
27180.925001
27207.775001
27234.725001
27261.775001
27288.625001
27315.700001
27342.525001
27369.700001
27396.600001
27423.450001
27450.575001
27477.450001
27504.500001
27531.375001
27558.375001
27585.350001
27612.200001
27639.400001
27666.275001
27693.175001
27720.150001
27747.050001
27774.125001
27800.950001
27828.225001
27855.050001
27881.975001
27909.000001
27935.825001
27962.950001
27989.800001
28017.050001
28043.925001
28070.725001
28097.800001
28124.675001
28151.775001
28178.675001
28205.825001
28232.725001
28259.550001
28286.675001
28313.500001
28340.650001
28367.500001
28394.700001
28421.600001
28448.375001
28475.525001
28502.375001
28529.500001
28556.400001
28583.500001
28610.400001
28637.225001
28664.400001
28691.250001
28718.325001
28745.225001
28772.300001
28799.275001
28826.025001
28853.275001
28880.100001
28907.175001
28934.100001
28961.075001
28988.075001
29014.875001
29042.100001
29068.950001
29095.950001
29122.900001
29149.850001
29176.875001
29203.725001
29230.900001
29257.775001
29284.725001
29311.775001
29338.625001
29365.700001
29392.525001
29419.700001
29446.600001
29473.450001
29500.575001
29527.450001
29554.500001
29581.375001
29608.375001
29635.350001
29662.200001
29689.400001
29716.275001
29743.175001
29770.375001
29798.100001
29826.275001
29855.000001
29884.300001
29914.375001
29945.100001
29976.550001
30008.975001
30042.450001
30077.250001
30113.300001
30149.700001
30186.575001
30223.875001
30261.575001
30299.675001
30338.100001
30376.900001
30416.000001
30455.425001
30495.200001
30535.325001
30575.775001
30616.600001
30657.775001
30699.275001
30741.150001
30783.350001
30825.875001
30868.725001
30911.875001
30955.300001
30998.975001
31042.900001
31087.025001
31131.325001
31175.775001
31220.375001
31265.100001
31309.950001
31354.850001
31399.875001
31444.950001
31490.075001
31535.275001
31580.525001
31625.850001
31671.175001
31716.575001
31761.975001
31807.425001
31852.900001
31898.375001
31943.875001
31989.400001
32034.950001
32080.500001
32126.050001
32171.650001
32217.250001
32262.850001
32308.475001
32354.125001
32399.775001
32445.450001
32491.150001
32536.850001
32582.575001
32628.325001
32674.100001
32719.900001
32765.725001
32811.575001
32857.500001
32903.450001
32949.475001
32995.575001
33041.775001
33088.025001
33134.375001
33180.750001
33227.150001
33273.600001
33320.050001
33366.525001
33413.000001
33459.475001
33505.975001
33552.475001
33598.975001
33645.475001
33691.975001
33738.500001
33785.000001
33831.500001
33878.025001
33924.550001
33971.075001
34017.575001
34064.100001
34110.625001
34157.150001
34203.675001
34250.200001
34296.725001
34343.250001
34389.775001
34436.300001
34482.850001
34529.375001
34575.900001
34622.425001
34668.950001
34715.500001
34762.025001
34808.550001
34855.075001
34901.625001
34948.150001
34994.675001
