10.000000
24.000000
385.125000
456.100000
516.425000
568.725000
615.150000
659.400000
701.700000
742.575000
782.425000
821.625000
860.200000
898.325000
935.975000
973.625000
1010.925000
1048.025000
1085.375000
1122.450000
1159.275000
1196.275000
1233.175000
1269.700000
1306.775000
1343.175000
1380.100000
1416.900000
1453.525000
1490.400000
1526.900000
1563.650000
1600.425000
1637.050000
1673.800000
1710.450000
1747.125000
1783.900000
1820.550000
1857.300000
1894.000000
1930.525000
1967.500000
2004.075000
2040.825000
2077.550000
2113.925000
2150.875000
2187.375000
2224.075000
2260.825000
2297.250000
2334.175000
2370.675000
2407.475000
2444.200000
2480.575000
2517.600000
2554.100000
2590.875000
2627.600000
2663.950000
2700.925000
2737.400000
2774.100000
2810.850000
2847.275000
2884.175000
2920.675000
2957.450000
2994.200000
3030.575000
3067.575000
3104.100000
3140.875000
3177.600000
3213.925000
3250.900000
3287.375000
3324.100000
3360.825000
3397.250000
3434.175000
3470.675000
3507.450000
3544.200000
3580.575000
3617.575000
3654.100000
3690.875000
3727.600000
3763.925000
3800.900000
3837.375000
3874.100000
3910.825000
3947.250000
3984.175000
4020.675000
4057.450000
4094.200000
4130.575000
4167.575000
4204.100000
4240.875000
4277.600000
4313.925000
4350.900000
4387.375000
4424.100000
4460.825000
4497.250000
4534.175000
4570.675000
4607.450000
4644.200000
4680.575000
4717.575000
4754.100000
4790.875000
4827.600000
4863.925000
4900.900000
4937.375000
4974.100000
5010.825000
5047.250000
5084.175000
5120.675000
5157.450000
5194.200000
5230.575000
5267.575000
5304.100000
5340.875000
5377.600000
5413.925000
5450.900000
5487.375000
5524.100000
5560.825000
5597.250000
5634.175000
5670.675000
5707.450000
5744.200000
5780.575000
5817.575000
5854.100000
5890.875000
5927.600000
5963.925000
6000.900000
6037.375000
6074.100000
6110.825000
6147.250000
6184.175000
6220.675000
6257.450000
6294.200000
6330.575000
6367.575000
6404.100000
6440.875000
6477.600000
6513.925000
6550.900000
6587.375000
6624.100000
6660.825000
6697.250000
6734.175000
6770.675000
6807.450000
6844.200000
6880.575000
6917.575000
6954.100000
6990.875000
7027.600000
7063.925000
7100.900000
7137.375000
7174.100000
7210.825000
7247.250000
7284.175000
7320.675000
7357.450000
7394.200000
7430.575000
7467.575000
7504.100000
7540.875000
7577.600000
7613.925000
7650.900000
7687.375000
7724.100000
7760.825000
7797.250000
7834.175000
7870.675000
7907.450000
7944.200000
7980.575000
8017.575000
8054.100000
8090.875000
8127.600000
8163.925000
8200.900000
8237.375000
8274.100000
8310.825000
8347.250000
8384.175000
8420.675000
8457.450000
8494.200000
8530.575000
8567.575000
8604.100000
8640.875000
8677.600000
8713.925000
8750.900000
8787.375000
8824.100000
8860.825000
8897.250000
8934.175000
8970.675000
9007.450000
9044.200000
9080.575000
9117.575000
9154.100000
9190.875000
9227.600000
9263.925000
9300.900000
9337.375000
9374.100000
9410.825000
9447.250000
9484.175000
9520.675000
9557.450000
9594.200000
9630.575000
9667.575000
9704.100000
9740.875000
9777.600000
9813.925000
9850.900000
9887.375000
9924.100000
9960.825000
9997.250000
10034.175000
10070.675000
10107.450000
10144.200000
10180.575000
10217.575000
10254.100000
10290.875000
10327.600000
10363.925000
10400.900000
10437.375000
10474.100000
10510.825000
10547.250000
10584.175000
10620.675000
10657.450000
10694.200000
10730.575000
10767.575000
10804.100000
10840.875000
10877.600000
10913.925000
10950.900000
10987.375000
11024.100000
11060.825000
11097.250000
11134.175000
11170.675000
11207.450000
11244.200000
11280.575000
11317.575000
11354.100000
11390.875000
11427.600000
11463.925000
11500.900000
11537.375000
11574.100000
11610.825000
11647.250000
11684.175000
11720.675000
11757.450000
11794.200000
11830.575000
11867.575000
11904.100000
11940.875000
11977.600000
12013.925000
12050.900000
12087.375000
12124.100000
12160.825000
12197.250000
12234.175000
12270.675000
12307.450000
12344.200000
12380.575000
12417.575000
12454.100000
12490.875000
12527.600000
12563.925000
12600.900000
12637.375000
12674.100000
12710.825000
12747.250000
12784.175000
12820.675000
12857.450000
12894.200000
12930.575000
12967.575000
13004.100000
13040.875000
13077.600000
13113.925000
13150.900000
13187.375000
13224.100000
13260.825000
13297.250000
13334.175000
13370.675000
13407.450000
13444.200000
13480.575000
13517.575000
13554.100000
13590.875000
13627.600000
13663.925000
13700.900000
13737.375000
13774.100000
13810.825000
13847.250000
13884.175000
13920.675000
13957.450000
13994.200000
14030.575000
14067.575000
14104.100000
14140.875000
14177.600000
14213.925000
14250.900000
14287.375000
14324.100000
14360.825000
14397.250000
14434.175000
14470.675000
14507.450000
14544.200000
14580.575000
14617.575000
14654.100000
14690.875000
14727.600000
14763.925000
14800.900000
14837.375000
14874.100000
14910.825000
14947.250000
14984.175000
15020.675000
15057.450000
15094.200000
15130.575000
15167.575000
15204.100000
15240.875000
15277.600000
15313.925000
15350.900000
15387.375000
15424.100000
15460.825000
15497.250000
15534.175000
15570.675000
15607.450000
15644.200000
15680.575000
15717.575000
15754.100000
15790.875000
15827.600000
15863.925000
15900.900000
15937.375000
15974.100000
16010.825000
16047.250000
16084.175000
16120.675000
16157.450000
16194.200000
16230.575000
16267.575000
16304.100000
16340.875000
16377.600000
16413.925000
16450.900000
16487.375000
16524.100000
16560.825000
16597.250000
16634.175000
16670.675000
16707.450000
16744.200000
16780.575000
16817.575000
16854.100000
16890.875000
16927.600000
16963.925000
17000.900000
17037.375000
17074.100000
17110.825000
17147.250000
17184.175000
17220.675000
17257.450000
17294.200000
17330.575000
17367.575000
17404.100000
17440.875000
17477.600000
17513.925000
17550.900000
17587.375000
17624.100000
17660.825000
17697.250000
17734.175000
17770.675000
17807.450000
17844.200000
17880.575000
17917.575000
17954.100000
17990.875000
18027.600000
18063.925000
18100.900000
18137.375000
18174.100000
18210.825000
18247.250001
18284.175001
18320.675001
18357.450001
18394.200001
18430.575001
18467.575001
18504.100001
18540.875001
18577.600001
18613.925001
18650.900001
18687.375001
18724.100001
18760.825001
18797.250001
18834.175001
18870.675001
18907.450001
18944.200001
18980.575001
19017.575001
19054.100001
19090.875001
19127.600001
19163.925001
19200.900001
19237.375001
19274.100001
19310.825001
19347.250001
19384.175001
19420.675001
19457.450001
19494.200001
19530.575001
19567.575001
19604.100001
19640.875001
19677.600001
19713.925001
19750.900001
19787.375001
19824.100001
19860.825001
19897.250001
19934.175001
19970.675001
20007.450001
20044.200001
20080.575001
20117.575001
20154.100001
20190.875001
20227.600001
20263.925001
20300.900001
20337.375001
20374.100001
20410.825001
20447.250001
20484.175001
20520.675001
20557.450001
20594.200001
20630.575001
20667.575001
20704.100001
20740.875001
20777.600001
20813.925001
20850.900001
20887.375001
20924.100001
20960.825001
20997.250001
21034.175001
21070.675001
21107.450001
21144.200001
21180.575001
21217.575001
21254.100001
21290.875001
21327.600001
21363.925001
21400.900001
21437.375001
21474.100001
21510.825001
21547.250001
21584.175001
21620.675001
21657.450001
21694.200001
21730.575001
21767.575001
21804.100001
21840.875001
21877.600001
21913.925001
21950.900001
21987.375001
22024.100001
22060.825001
22097.250001
22134.175001
22170.675001
22207.450001
22244.200001
22280.575001
22317.575001
22354.100001
22390.875001
22427.600001
22463.925001
22500.900001
22537.375001
22574.100001
22610.825001
22647.250001
22684.175001
22720.675001
22757.450001
22794.200001
22830.575001
22867.575001
22904.100001
22940.875001
22977.600001
23013.925001
23050.900001
23087.375001
23124.100001
23160.825001
23197.250001
23234.175001
23270.675001
23307.450001
23344.200001
23380.575001
23417.575001
23454.100001
23490.875001
23527.600001
23563.925001
23600.900001
23637.375001
23674.100001
23710.825001
23747.250001
23784.175001
23820.675001
23857.450001
23894.200001
23930.575001
23967.575001
24004.100001
24040.875001
24077.600001
24113.925001
24150.900001
24187.375001
24224.100001
24260.825001
24297.250001
24334.175001
24370.675001
24407.450001
24444.200001
24480.575001
24517.575001
24554.100001
24590.875001
24627.600001
24663.925001
24700.900001
24737.375001
24774.100001
24810.825001
24847.250001
24884.175001
24920.675001
24957.450001
24994.200001
25030.575001
25067.575001
25104.100001
25140.875001
25177.600001
25213.925001
25250.900001
25287.375001
25324.100001
25360.825001
25397.250001
25434.175001
25470.675001
25507.450001
25544.200001
25580.575001
25617.575001
25654.100001
25690.875001
25727.600001
25763.925001
25800.900001
25837.375001
25874.100001
25910.825001
25947.250001
25984.175001
26020.675001
26057.450001
26094.200001
26130.575001
26167.575001
26204.100001
26240.875001
26277.600001
26313.925001
26350.900001
26387.375001
26424.100001
26460.825001
26497.250001
26534.175001
26570.675001
26607.450001
26644.200001
26680.575001
26717.575001
26754.100001
26790.875001
26827.600001
26863.925001
26900.900001
26937.375001
26974.100001
27010.825001
27047.250001
27084.175001
27120.675001
27157.450001
27194.200001
27230.575001
27267.575001
27304.100001
27340.875001
27377.600001
27413.925001
27450.900001
27487.375001
27524.100001
27560.825001
27597.250001
27634.175001
27670.675001
27707.450001
27744.200001
27780.575001
27817.575001
27854.100001
27890.875001
27927.600001
27963.925001
28000.900001
28037.375001
28074.100001
28110.825001
28147.250001
28184.175001
28220.675001
28257.450001
28294.200001
28330.575001
28367.575001
28404.100001
28440.875001
28477.600001
28513.925001
28550.900001
28587.375001
28624.100001
28660.825001
28697.250001
28734.175001
28770.675001
28807.450001
28844.200001
28880.575001
28917.575001
28954.100001
28990.875001
29027.600001
29063.925001
29100.900001
29137.375001
29174.100001
29210.825001
29247.250001
29284.175001
29320.675001
29357.450001
29394.200001
29430.575001
29467.575001
29504.100001
29540.875001
29577.600001
29614.675001
29652.675001
29691.400001
29730.650001
29770.900001
29812.400001
29854.925001
29898.825001
29944.475001
29992.175001
30042.700001
30097.075001
30153.050001
30211.175001
30271.500001
30333.800001
30397.725001
30463.025001
30529.575001
30597.275001
30666.125001
30736.075001
30807.075001
30879.000001
30951.850001
31025.625001
31100.350001
31176.125001
31253.075001
31331.200001
31410.275001
31490.150001
31570.675001
31651.625001
31732.775001
31814.050001
31895.375001
31976.750001
32058.150001
32139.575001
32221.025001
32302.475001
32383.975001
32465.450001
32546.975001
32628.500001
32710.025001
32791.575001
32873.125001
32954.700001
33036.275001
33117.850001
33199.450001
33281.050001
33362.650001
33444.250001
33525.875001
33607.475001
33689.100001
33770.750001
33852.375001
33934.000001
34015.650001
34097.300001
34178.950001
34260.600001
34342.275001
34423.925001
34505.600001
34587.250001
34668.925001
34750.600001
34832.275001
34913.950001
34995.625001
