200.000000
14.000000
1492.800000
1538.225000
1581.475000
1623.025000
1662.100000
1700.750000
1737.075000
1772.975000
1807.825000
1842.350000
1875.725000
1907.950000
1939.675000
1970.300000
2000.750000
2031.275000
2061.775000
2091.075000
2120.125000
2148.025000
2175.750000
2203.525000
2231.175000
2257.825000
2284.125000
2310.625000
2336.775000
2361.950000
2386.950000
2411.875000
2436.850000
2461.800000
2485.775000
2509.200000
2533.950000
2556.850000
2579.975000
2603.500000
2625.875000
2648.100000
2670.275000
2692.475000
2714.700000
2736.875000
2759.075000
2781.250000
2803.475000
2824.700000
2845.225000
2867.275000
2888.650000
2909.100000
2929.900000
2950.675000
2970.475000
2989.950000
3009.400000
3028.700000
3048.100000
3067.475000
3087.025000
3106.400000
3125.825000
3145.250000
3164.775000
3184.175000
3203.675000
3223.000000
3242.500000
3261.950000
3281.425000
3300.775000
3320.275000
3339.725000
3359.225000
3378.625000
3398.050000
3417.475000
3437.000000
3456.400000
3475.825000
3495.250000
3514.775000
3534.175000
3553.675000
3573.000000
3592.500000
3611.950000
3631.425000
3650.775000
3670.275000
3689.725000
3709.225000
3728.625000
3748.050000
3767.475000
3787.000000
3806.400000
3825.825000
3845.250000
3864.775000
3884.175000
3903.675000
3923.000000
3942.500000
3961.950000
3981.425000
4000.775000
4020.275000
4039.725000
4059.225000
4078.625000
4098.050000
4117.475000
4137.000000
4156.400000
4175.825000
4195.250000
4214.775000
4234.175000
4253.675000
4273.000000
4292.500000
4311.950000
4331.425000
4350.775000
4370.275000
4389.725000
4409.225000
4428.625000
4448.050000
4467.475000
4487.000000
4506.400000
4525.825000
4545.250000
4564.775000
4584.175000
4603.675000
4623.000000
4642.500000
4661.950000
4681.425000
4700.775000
4720.275000
4739.725000
4759.225000
4778.625000
4798.050000
4817.475000
4837.000000
4856.400000
4875.825000
4895.250000
4914.775000
4934.175000
4953.675000
4973.000000
4992.500000
5011.950000
5031.425000
5050.775000
5070.275000
5089.725000
5109.225000
5128.625000
5148.050000
5167.475000
5187.000000
5206.400000
5225.825000
5245.250000
5264.775000
5284.175000
5303.675000
5323.000000
5342.500000
5361.950000
5381.425000
5400.775000
5420.275000
5439.725000
5459.225000
5478.625000
5498.050000
5517.475000
5537.000000
5556.400000
5575.825000
5595.250000
5614.775000
5634.175000
5653.675000
5673.000000
5692.500000
5711.950000
5731.425000
5750.775000
5770.275000
5789.725000
5809.225000
5828.625000
5848.050000
5867.475000
5887.000000
5906.400000
5925.825000
5945.250000
5964.775000
5984.175000
6003.675000
6023.000000
6042.500000
6061.950000
6081.425000
6100.775000
6120.275000
6139.725000
6159.225000
6178.625000
6198.050000
6217.475000
6237.000000
6256.400000
6275.825000
6295.250000
6314.775000
6334.175000
6353.675000
6373.000000
6392.500000
6411.950000
6431.425000
6450.775000
6470.275000
6489.725000
6509.225000
6528.625000
6548.050000
6567.475000
6587.000000
6606.400000
6625.825000
6645.250000
6664.775000
6684.175000
6703.675000
6723.000000
6742.500000
6761.950000
6781.425000
6800.775000
6820.275000
6839.725000
6859.225000
6878.625000
6898.050000
6917.475000
6937.000000
6956.400000
6975.825000
6995.250000
7014.775000
7034.175000
7053.675000
7073.000000
7092.500000
7111.950000
7131.425000
7150.775000
7170.275000
7189.725000
7209.225000
7228.625000
7248.050000
7267.475000
7287.000000
7306.400000
7325.825000
7345.250000
7364.775000
7384.175000
7403.675000
7423.000000
7442.500000
7461.950000
7481.425000
7500.775000
7520.275000
7539.725000
7559.225000
7578.625000
7598.050000
7617.475000
7637.000000
7656.400000
7675.825000
7695.250000
7714.775000
7734.175000
7753.675000
7773.000000
7792.500000
7811.950000
7831.425000
7850.775000
7870.275000
7889.725000
7909.225000
7928.625000
7948.050000
7967.475000
7987.000000
8006.400000
8025.825000
8045.250000
8064.775000
8084.175000
8103.675000
8123.000000
8142.500000
8161.950000
8181.425000
8200.775000
8220.275000
8239.725000
8259.225000
8278.625000
8298.050000
8317.475000
8337.000000
8356.400000
8375.825000
8395.250000
8414.775000
8434.175000
8453.675000
8473.000000
8492.500000
8511.950000
8531.425000
8550.775000
8570.275000
8589.725000
8609.225000
8628.625000
8648.050000
8667.475000
8687.000000
8706.400000
8725.825000
8745.250000
8764.775000
8784.175000
8803.675000
8823.000000
8842.500000
8861.950000
8881.425000
8900.775000
8920.275000
8939.725000
8959.225000
8978.625000
8998.050000
9017.475000
9037.000000
9056.400000
9075.825000
9095.250000
9114.775000
9134.175000
9153.675000
9173.000000
9192.500000
9211.950000
9231.425000
9250.775000
9270.275000
9289.725000
9309.225000
9328.625000
9348.050000
9367.475000
9387.000000
9406.400000
9425.825000
9445.250000
9464.775000
9484.175000
9503.675000
9523.000000
9542.500000
9561.950000
9581.425000
9600.775000
9620.275000
9639.725000
9659.225000
9678.625000
9698.050000
9717.475000
9737.000000
9756.400000
9775.825000
9795.250000
9814.775000
9834.175000
9853.675000
9873.000000
9892.500000
9911.950000
9931.425000
9950.775000
9970.275000
9989.725000
10009.225000
10028.625000
10048.050000
10067.475000
10087.000000
10106.400000
10125.825000
10145.250000
10164.775000
10184.175000
10203.675000
10223.000000
10242.500000
10261.950000
10281.425000
10300.775000
10320.275000
10339.725000
10359.225000
10378.625000
10398.050000
10417.475000
10437.000000
10456.400000
10475.825000
10495.250000
10514.775000
10534.175000
10553.675000
10573.000000
10592.500000
10611.950000
10631.425000
10650.775000
10670.275000
10689.725000
10709.225000
10728.625000
10748.050000
10767.475000
10787.000000
10806.400000
10825.825000
10845.250000
10864.775000
10884.175000
10903.675000
10923.000000
10942.500000
10961.950000
10981.425000
11000.775000
11020.275000
11039.725000
11059.225000
11078.625000
11098.050000
11117.475000
11137.000000
11156.400000
11175.825000
11195.250000
11214.775000
11234.175000
11253.675000
11273.000000
11292.500000
11311.950000
11331.425000
11350.775000
11370.275000
11389.725000
11409.225000
11428.625000
11448.050000
11467.475000
11487.000000
11506.400000
11525.825000
11545.250000
11564.775000
11584.175000
11603.675000
11623.000000
11642.500000
11661.950000
11681.425000
11700.775000
11720.275000
11739.725000
11759.225000
11778.625000
11798.050000
11817.475000
11837.000000
11856.400000
11875.825000
11895.250000
11914.775000
11934.175000
11953.675000
11973.000000
11992.500000
12011.950000
12031.425000
12050.775000
12070.275000
12089.725000
12109.225000
12128.625000
12148.050000
12167.475000
12187.000000
12206.400000
12225.825000
12245.250000
12264.775000
12284.175000
12303.675000
12323.000000
12342.500000
12361.950000
12381.425000
12400.775000
12420.275000
12439.725000
12459.225000
12478.625000
12498.050000
12517.475000
12537.000000
12556.400000
12575.825000
12595.250000
12614.775000
12634.175000
12653.675000
12673.000000
12692.500000
12711.950000
12731.425000
12750.775000
12770.275000
12789.725000
12809.225000
12828.625000
12848.050000
12867.475000
12887.000000
12906.400000
12925.825000
12945.250000
12964.775000
12984.175000
13003.675000
13023.000000
13042.500000
13061.950000
13081.425000
13100.775000
13120.275000
13139.725000
13159.225000
13178.625000
13198.050000
13217.475000
13237.000000
13256.400000
13275.825000
13295.250000
13314.775000
13334.175000
13353.675000
13373.000000
13392.500000
13411.950000
13431.425000
13450.775000
13470.275000
13489.725000
13509.225000
13528.625000
13548.050000
13567.475000
13587.000000
13606.400000
13625.825000
13645.250000
13664.775000
13684.175000
13703.675000
13723.000000
13742.500000
13761.950000
13781.425000
13800.775000
13820.275000
13839.725000
13859.225000
13878.625000
13898.050000
13917.475000
13937.000000
13956.400000
13975.825000
13995.250000
14014.775000
14034.175000
14053.675000
14073.000000
14092.500000
14111.950000
14131.425000
14150.775000
14170.275000
14189.725000
14209.225000
14228.625000
14248.050000
14267.475000
14287.000000
14306.400000
14325.825000
14345.250000
14364.775000
14384.175000
14403.675000
14423.000000
14442.500000
14461.950000
14481.425000
14500.775000
14520.275000
14539.725000
14559.225000
14578.625000
14598.050000
14617.475000
14637.000000
14656.400000
14675.825000
14695.250000
14714.775000
14734.175000
14753.675000
14773.000000
14792.500000
14811.950000
14831.425000
14850.775000
14870.275000
14889.725000
14909.225000
14928.625000
14948.050000
14967.475000
14987.000000
15006.400000
15025.825000
15045.250000
15064.775000
15084.175000
15103.675000
15123.000000
15142.500000
15161.950000
15181.425000
15200.775000
15220.275000
15239.725000
15259.225000
15278.625000
15298.050000
15317.475000
15337.000000
15356.400000
15375.825000
15395.250000
15414.775000
15434.175000
15453.675000
15473.000000
15492.500000
15511.950000
15531.425000
15550.775000
15570.275000
15589.725000
15609.225000
15628.625000
15648.050000
15667.475000
15687.000000
15706.400000
15725.825000
15745.250000
15764.775000
15784.175000
15803.675000
15823.000000
15842.500000
15861.950000
15881.425000
15900.775000
15920.275000
15939.725000
15959.225000
15978.625000
15998.050000
16017.475000
16037.000000
16056.400000
16075.825000
16095.250000
16114.775000
16134.175000
16153.675000
16173.000000
16192.500000
16211.950000
16231.425000
16250.775000
16270.275000
16289.725000
16309.225000
16328.625000
16348.050000
16367.475000
16387.000000
16406.400000
16425.825000
16445.250000
16464.775000
16484.175000
16503.675000
16523.000000
16542.500000
16561.950000
16581.425000
16600.775000
16620.275000
16639.725000
16659.225000
16678.625000
16698.050000
16717.475000
16737.000000
16756.400000
16775.825000
16795.250000
16814.775000
16834.175000
16853.675000
16873.000000
16892.500000
16911.950000
16931.425000
16950.775000
16970.275000
16989.725000
17009.225000
17028.625000
17048.050000
17067.475000
17087.000000
17106.400000
17125.825000
17145.250000
17164.775000
17184.175000
17203.675000
17223.000000
17242.500000
17261.950000
17281.425000
17300.775000
17320.275000
17339.725000
17359.225000
17378.625000
17398.050000
17417.475000
17437.000000
17456.400000
17475.825000
17495.250000
17514.775000
17534.175000
17553.675000
17573.000000
17592.500000
17611.950000
17631.425000
17650.775000
17670.275000
17689.725000
17709.225000
17728.625000
17748.050000
17767.475000
17787.000000
17806.400000
17825.825000
17845.250000
17864.775000
17884.175000
17903.675000
17923.000000
17942.500000
17961.950000
17981.425000
18000.775000
18020.275000
18039.725000
18059.225000
18078.625000
18098.050000
18117.475000
18137.000000
18156.400000
18175.825000
18195.250000
18214.775000
18234.175001
18253.675001
18273.000001
18292.500001
18311.950001
18331.425001
18350.775001
18370.275001
18389.725001
18409.225001
18428.625001
18448.050001
18467.475001
18487.000001
18506.400001
18525.825001
18545.250001
18564.775001
18584.175001
18603.675001
18623.000001
18642.500001
18661.950001
18681.425001
18700.775001
18720.275001
18739.725001
18759.225001
18778.625001
18798.050001
18817.475001
18837.000001
18856.400001
18875.825001
18895.250001
18914.775001
18934.175001
18953.675001
18973.000001
18992.500001
19011.950001
19031.425001
19050.775001
19070.275001
19089.725001
19109.225001
19128.625001
19148.050001
19167.475001
19187.000001
19206.400001
19225.825001
19245.250001
19264.775001
19284.175001
19303.675001
19323.000001
19342.500001
19361.950001
19381.425001
19400.775001
19420.275001
19439.725001
19459.225001
19478.625001
19498.050001
19517.475001
19537.000001
19556.400001
19575.825001
19595.250001
19614.775001
19634.175001
19653.675001
19673.000001
19692.500001
19711.950001
19731.425001
19750.775001
19770.275001
19789.725001
19809.225001
19828.625001
19848.050001
19867.475001
19887.000001
19906.400001
19925.825001
19945.250001
19964.775001
19984.175001
20003.675001
20023.000001
20042.500001
20061.950001
20081.425001
20100.775001
20120.275001
20139.725001
20159.225001
20178.625001
20198.050001
20217.475001
20237.000001
20256.400001
20275.825001
20295.250001
20314.775001
20334.175001
20353.675001
20373.000001
20392.500001
20411.950001
20431.425001
20450.775001
20470.275001
20489.725001
20509.225001
20528.625001
20548.050001
20567.475001
20587.000001
20606.400001
20625.825001
20645.250001
20664.775001
20684.175001
20703.675001
20723.000001
20742.500001
20761.950001
20781.425001
20800.775001
20820.275001
20839.725001
20859.225001
20878.625001
20898.050001
20917.475001
20937.000001
20956.400001
20975.825001
20995.250001
21014.775001
21034.175001
21053.675001
21073.000001
21092.500001
21111.950001
21131.425001
21150.775001
21170.275001
21189.725001
21209.225001
21228.625001
21248.050001
21267.475001
21287.000001
21306.400001
21325.825001
21345.250001
21364.775001
21384.175001
21403.675001
21423.000001
21442.500001
21461.950001
21481.425001
21500.775001
21520.275001
21539.725001
21559.225001
21578.625001
21598.050001
21617.475001
21637.000001
21656.400001
21675.825001
21695.250001
21714.775001
21734.175001
21753.675001
21773.000001
21792.500001
21811.950001
21831.425001
21850.775001
21870.275001
21889.725001
21909.225001
21928.625001
21948.050001
21967.475001
21987.000001
22006.400001
22025.825001
22045.250001
22064.775001
22084.175001
22103.675001
22123.000001
22142.500001
22161.950001
22181.425001
22200.775001
22220.275001
22239.725001
22259.225001
22278.625001
22298.050001
22317.475001
22337.000001
22356.400001
22375.825001
22395.250001
22414.775001
22434.175001
22453.675001
22473.000001
22492.500001
22511.950001
22531.425001
22550.775001
22570.275001
22589.725001
22609.225001
22628.625001
22648.050001
22667.475001
22687.000001
22706.400001
22725.825001
22745.250001
22764.775001
22784.175001
22803.675001
22823.000001
22842.500001
22861.950001
22881.425001
22900.775001
22920.275001
22939.725001
22959.225001
22978.625001
22998.050001
23017.475001
23037.000001
23056.400001
23075.825001
23095.250001
23114.775001
23134.175001
23153.675001
23173.000001
23192.500001
23211.950001
23231.425001
23250.775001
23270.275001
23289.725001
23309.225001
23328.625001
23348.050001
23367.475001
23387.000001
23406.400001
23425.825001
23445.250001
23464.775001
23484.175001
23503.675001
23523.000001
23542.500001
23561.950001
23581.425001
23600.775001
23620.275001
23639.725001
23659.225001
23678.625001
23698.050001
23717.475001
23737.000001
23756.400001
23775.825001
23795.250001
23814.775001
23834.175001
23853.675001
23873.000001
23892.500001
23911.950001
23931.425001
23950.775001
23970.275001
23989.725001
24009.225001
24028.625001
24048.050001
24067.475001
24087.000001
24106.400001
24125.825001
24145.250001
24164.775001
24184.175001
24203.675001
24223.000001
24242.500001
24261.950001
24281.425001
24300.775001
24320.275001
24339.725001
24359.225001
24378.625001
24398.050001
24417.475001
24437.000001
24456.400001
24475.825001
24495.250001
24514.775001
24534.175001
24553.675001
24573.000001
24592.500001
24611.950001
24631.425001
24650.775001
24670.275001
24689.725001
24709.225001
24728.625001
24748.050001
24767.475001
24787.000001
24806.400001
24825.825001
24845.250001
24864.775001
24884.175001
24903.675001
24923.000001
24942.500001
24961.950001
24981.425001
25000.775001
25020.275001
25039.725001
25059.225001
25078.625001
25098.050001
25117.475001
25137.000001
25156.400001
25175.825001
25195.250001
25214.775001
25234.175001
25253.675001
25273.000001
25292.500001
25311.950001
25331.425001
25350.775001
25370.275001
25389.725001
25409.225001
25428.625001
25448.050001
25467.475001
25487.000001
25506.400001
25525.825001
25545.250001
25564.775001
25584.175001
25603.675001
25623.000001
25642.500001
25661.950001
25681.425001
25700.775001
25720.275001
25739.725001
25759.225001
25778.625001
25798.050001
25817.475001
25837.000001
25856.400001
25875.825001
25895.250001
25914.775001
25934.175001
25953.675001
25973.000001
25992.500001
26011.950001
26031.425001
26050.775001
26070.275001
26089.725001
26109.225001
26128.625001
26148.050001
26167.475001
26187.000001
26206.400001
26225.825001
26245.250001
26264.775001
26284.175001
26303.675001
26323.000001
26342.500001
26361.950001
26381.425001
26400.775001
26420.275001
26439.725001
26459.225001
26478.625001
26498.050001
26517.475001
26537.000001
26556.400001
26575.825001
26595.250001
26614.775001
26634.175001
26653.675001
26673.000001
26692.500001
26711.950001
26731.425001
26750.775001
26770.275001
26789.725001
26809.225001
26828.625001
26848.050001
26867.475001
26887.000001
26906.400001
26925.825001
26945.250001
26964.775001
26984.175001
27003.675001
27023.000001
27042.500001
27061.950001
27081.425001
27100.775001
27120.275001
27139.750001
27159.275001
27178.700001
27198.175001
27217.600001
27238.425001
27259.050001
27278.900001
27300.575001
27320.600001
27341.325001
27361.925001
27384.000001
27406.200001
27428.450001
27450.650001
27472.900001
27495.150001
27517.400001
27539.700001
27561.975001
27584.250001
27606.550001
27628.975001
27652.200001
27675.725001
27700.600001
27724.550001
27748.075001
27772.900001
27797.925001
27822.925001
27848.000001
27873.050001
27898.150001
27923.300001
27950.600001
27978.400001
28006.200001
28034.025001
28061.850001
28089.700001
28117.550001
28145.600001
28174.700001
28203.725001
28234.100001
28264.725001
28295.375001
28328.475001
28361.850001
28395.250001
28429.950001
28464.850001
28500.875001
28539.650001
28578.775001
28620.250001
28664.750001
28713.275001
28770.725001
