10.000000
2.000000
231.250000
308.825000
374.750000
433.675000
487.425000
537.200000
586.125000
633.825000
680.250000
725.725000
770.675000
815.100000
859.375000
903.575000
947.550000
991.500000
1035.475000
1079.525000
1123.400000
1167.300000
1211.025000
1254.675000
1298.350000
1341.925000
1385.650000
1429.475000
1473.250000
1516.900000
1560.475000
1604.100000
1647.525000
1691.275000
1734.900000
1778.700000
1822.225000
1865.625000
1909.200000
1952.725000
1996.350000
2040.125000
2083.550000
2127.050000
2170.625000
2213.925000
2257.650000
2301.325000
2344.925000
2388.525000
2431.950000
2475.325000
2519.025000
2562.625000
2606.300000
2649.875000
2693.175000
2736.575000
2780.250000
2823.800000
2867.550000
2911.025000
2954.450000
2997.975000
3041.550000
3085.150000
3128.950000
3172.350000
3215.775000
3259.375000
3302.750000
3346.400000
3390.125000
3433.550000
3476.975000
3520.575000
3563.875000
3607.600000
3651.275000
3694.800000
3738.375000
3781.875000
3825.200000
3868.900000
3912.525000
3956.150000
3999.750000
4043.075000
4086.400000
4130.125000
4173.675000
4217.425000
4260.950000
4304.350000
4347.800000
4391.475000
4435.025000
4478.800000
4522.250000
4565.575000
4609.125000
4652.650000
4696.225000
4739.975000
4783.375000
4826.700000
4870.275000
4913.750000
4957.425000
5001.125000
5044.600000
5088.000000
5131.625000
5175.000000
5218.650000
5262.375000
5305.825000
5349.350000
5392.900000
5436.175000
5479.925000
5523.575000
5567.225000
5610.800000
5654.225000
5697.600000
5741.300000
5784.875000
5828.600000
5872.150000
5915.425000
5958.875000
6002.500000
6046.050000
6089.750000
6133.275000
6176.525000
6220.075000
6263.650000
6307.275000
6350.975000
6394.500000
6437.825000
6481.400000
6524.900000
6568.525000
6612.250000
6655.675000
6699.025000
6742.675000
6786.050000
6829.775000
6873.450000
6917.025000
6960.550000
7004.100000
7047.425000
7091.150000
7134.775000
7178.425000
7222.025000
7265.325000
7308.675000
7352.350000
7395.950000
7439.575000
7483.175000
7526.425000
7569.900000
7613.525000
7657.150000
7700.850000
7744.400000
7787.700000
7831.225000
7874.800000
7918.375000
7962.100000
8005.575000
8048.850000
8092.475000
8135.950000
8179.650000
8223.375000
8266.875000
8310.325000
8353.975000
8397.275000
8441.000000
8484.675000
8528.225000
8571.825000
8615.225000
8658.525000
8702.200000
8745.850000
8789.375000
8833.000000
8876.350000
8919.750000
8963.400000
9007.050000
9050.700000
9094.325000
9137.600000
9181.050000
9224.700000
9268.250000
9311.925000
9355.500000
9398.750000
9442.325000
9485.875000
9529.550000
9573.275000
9616.800000
9660.175000
9703.800000
9747.200000
9790.875000
9834.600000
9878.050000
9921.550000
9965.100000
10008.400000
10052.050000
10095.750000
10139.200000
10182.775000
10226.250000
10269.625000
10313.275000
10356.975000
10400.550000
10444.200000
10487.525000
10530.875000
10574.550000
10618.150000
10661.775000
10705.400000
10748.650000
10792.200000
10835.800000
10879.475000
10923.150000
10966.725000
11010.050000
11053.650000
11097.125000
11140.775000
11184.525000
11227.925000
11271.325000
11314.925000
11358.300000
11401.925000
11445.650000
11489.050000
11532.525000
11576.100000
11619.475000
11663.150000
11706.875000
11750.375000
11793.975000
11837.425000
11880.750000
11924.400000
11968.075000
12011.600000
12055.275000
12098.575000
12142.050000
12185.675000
12229.350000
12273.025000
12316.625000
12359.925000
12403.475000
12447.050000
12490.650000
12534.375000
12577.825000
12621.125000
12664.675000
12708.200000
12751.750000
12795.500000
12838.900000
12882.300000
12925.850000
12969.375000
13013.000000
13056.750000
13100.175000
13143.625000
13187.225000
13230.550000
13274.200000
13317.950000
13361.350000
13404.950000
13448.425000
13491.850000
13535.500000
13579.225000
13622.800000
13666.475000
13709.775000
13753.175000
13796.850000
13840.425000
13884.100000
13927.675000
13970.925000
14014.325000
14057.975000
14101.525000
14145.250000
14188.775000
14232.100000
14275.575000
14319.225000
14362.775000
14406.525000
14450.000000
14493.325000
14536.825000
14580.400000
14623.950000
14667.725000
14711.125000
14754.575000
14798.150000
14841.650000
14885.275000
14929.050000
14972.500000
15016.050000
15059.575000
15102.900000
15146.575000
15190.250000
15233.750000
15277.375000
15320.775000
15364.075000
15407.775000
15451.375000
15495.025000
15538.625000
15581.975000
15625.375000
15669.050000
15712.650000
15756.325000
15799.900000
15843.175000
15886.575000
15930.250000
15973.775000
16017.550000
16061.025000
16104.425000
16147.950000
16191.550000
16235.125000
16278.925000
16322.325000
16365.725000
16409.325000
16452.725000
16496.350000
16540.100000
16583.500000
16626.900000
16670.500000
16713.850000
16757.550000
16801.250000
16844.750000
16888.275000
16931.825000
16975.125000
17018.825000
17062.500000
17106.075000
17149.700000
17193.050000
17236.350000
17280.075000
17323.650000
17367.375000
17410.925000
17454.300000
17497.750000
17541.425000
17584.975000
17628.750000
17672.200000
17715.525000
17759.050000
17802.625000
17846.175000
17889.900000
17933.350000
17976.650000
18020.225000
18063.725000
18107.375000
18151.100000
18194.550000
18237.950001
18281.575001
18324.950001
18368.625001
18412.350001
18455.800001
18499.250001
18542.850001
18586.125001
18629.875001
18673.525001
18717.150001
18760.750001
18804.200001
18847.550001
18891.275001
18934.850001
18978.550001
19022.125001
19065.400001
19108.825001
19152.475001
19196.025001
19239.700001
19283.250001
19326.500001
19370.025001
19413.625001
19457.250001
19500.950001
19544.475001
19587.800001
19631.350001
19674.875001
19718.475001
19762.225001
19805.650001
19848.975001
19892.625001
19936.025001
19979.750001
20023.425001
20066.975001
20110.500001
20154.075001
20197.375001
20241.100001
20284.750001
20328.375001
20371.975001
20415.300001
20458.625001
20502.300001
20545.900001
20589.525001
20633.125001
20676.400001
20719.850001
20763.500001
20807.125001
20850.800001
20894.375001
20937.675001
20981.175001
21024.775001
21068.350001
21112.050001
21155.550001
21198.825001
21242.425001
21285.925001
21329.625001
21373.350001
21416.850001
21460.275001
21503.925001
21547.250001
21590.950001
21634.650001
21678.150001
21721.750001
21765.200001
21808.500001
21852.175001
21895.825001
21939.325001
21982.950001
22026.325001
22069.725001
22113.375001
22157.050001
22200.675001
22244.300001
22287.575001
22331.000001
22374.650001
22418.225001
22461.900001
22505.475001
22548.725001
22592.300001
22635.875001
22679.525001
22723.250001
22766.775001
22810.125001
22853.775001
22897.175001
22940.850001
22984.575001
23028.025001
23071.500001
23115.075001
23158.375001
23202.025001
23245.725001
23289.150001
23332.725001
23376.225001
23419.575001
23463.250001
23506.950001
23550.525001
23594.150001
23637.500001
23680.850001
23724.525001
23768.150001
23811.750001
23855.375001
23898.650001
23942.150001
23985.775001
24029.450001
24073.125001
24116.700001
24160.025001
24203.600001
24247.100001
24290.750001
24334.475001
24377.900001
24421.275001
24464.850001
24508.275001
24551.875001
24595.625001
24639.000001
24682.475001
24726.050001
24769.450001
24813.125001
24856.850001
24900.325001
24943.900001
24987.375001
25030.700001
25074.375001
25118.050001
25161.550001
25205.225001
25248.550001
25292.000001
25335.650001
25379.325001
25423.000001
25466.600001
25509.900001
25553.425001
25597.025001
25640.600001
25684.325001
25727.800001
25771.075001
25814.600001
25858.150001
25901.700001
25945.450001
25988.875001
26032.250001
26075.800001
26119.350001
26162.950001
26206.725001
26250.125001
26293.550001
26337.125001
26380.525001
26424.150001
26467.900001
26511.275001
26554.850001
26598.375001
26641.800001
26685.450001
26729.175001
26772.750001
26816.400001
26859.725001
26903.100001
26946.775001
26990.375001
27034.025001
27077.625001
27120.900001
27164.250001
27207.925001
27251.475001
27295.200001
27338.725001
27382.075001
27425.525001
27469.175001
27512.750001
27556.475001
27599.975001
27643.275001
27686.750001
27730.375001
27773.900001
27817.675001
27861.100001
27904.525001
27948.075001
27991.625001
28035.250001
28079.025001
28122.450001
28165.950001
28209.525001
28252.850001
28296.500001
28340.225001
28383.675001
28427.250001
28470.725001
28514.000001
28557.725001
28601.350001
28644.975001
28688.575001
28731.950001
28775.325001
28819.000001
28862.600001
28906.275001
28949.850001
28993.150001
29036.525001
29080.225001
29123.750001
29167.525001
29211.000001
29254.400001
29297.900001
29341.525001
29385.100001
29428.875001
29472.300001
29515.675001
29559.250001
29602.700001
29646.325001
29691.300001
29738.025001
29786.950001
29838.500001
29893.325001
29952.950001
30020.300001
30106.175001
30195.150001
30290.925001
30396.325001
