2.000000
3.000000
449.000000
493.700000
531.625000
565.850000
596.950000
626.650000
655.125000
682.875000
710.275000
736.975000
763.400000
789.675000
815.925000
842.150000
867.700000
893.625000
919.200000
945.025000
970.375000
996.100000
1021.625000
1047.100000
1072.800000
1098.100000
1123.500000
1149.100000
1174.525000
1200.275000
1225.700000
1251.000000
1276.300000
1301.950000
1327.350000
1353.025000
1378.525000
1403.800000
1429.425000
1454.875000
1480.225000
1506.025000
1531.375000
1556.725000
1582.250000
1607.700000
1633.100000
1658.800000
1684.175000
1709.450000
1735.100000
1760.525000
1785.875000
1811.625000
1836.950000
1862.325000
1887.875000
1913.275000
1938.725000
1964.400000
1989.750000
2015.050000
2040.775000
2066.175000
2091.725000
2117.300000
2142.575000
2167.950000
2193.525000
2218.950000
2244.625000
2270.100000
2295.400000
2320.650000
2346.325000
2371.750000
2397.250000
2422.825000
2448.100000
2473.450000
2499.025000
2524.450000
2550.050000
2575.575000
2600.900000
2626.150000
2651.825000
2677.250000
2702.725000
2728.400000
2753.700000
2779.150000
2804.700000
2830.075000
2855.775000
2881.250000
2906.575000
2931.900000
2957.500000
2982.875000
3008.375000
3033.975000
3059.250000
3084.675000
3110.225000
3135.600000
3161.225000
3186.750000
3212.075000
3237.375000
3263.025000
3288.400000
3313.825000
3339.475000
3364.775000
3390.200000
3415.825000
3441.225000
3467.000000
3492.400000
3517.700000
3543.000000
3568.650000
3594.050000
3619.650000
3645.125000
3670.400000
3695.800000
3721.375000
3746.775000
3772.525000
3797.925000
3823.225000
3848.500000
3874.150000
3899.550000
3925.125000
3950.650000
3975.900000
4001.275000
4026.875000
4052.275000
4078.025000
4103.500000
4128.825000
4154.225000
4179.775000
4205.150000
4230.775000
4256.275000
4281.550000
4307.050000
4332.575000
4357.900000
4383.675000
4409.100000
4434.425000
4459.800000
4485.350000
4510.725000
4536.325000
4561.825000
4587.100000
4612.600000
4638.125000
4663.450000
4689.225000
4714.625000
4739.975000
4765.400000
4790.975000
4816.400000
4842.100000
4867.450000
4892.725000
4918.325000
4943.800000
4969.175000
4994.925000
5020.250000
5045.550000
5070.975000
5096.500000
5121.925000
5147.600000
5172.975000
5198.250000
5223.775000
5249.300000
5274.650000
5300.425000
5325.775000
5351.075000
5376.425000
5402.000000
5427.400000
5453.125000
5478.575000
5503.850000
5529.525000
5554.950000
5580.300000
5606.075000
5631.400000
5656.750000
5682.325000
5707.725000
5733.175000
5758.850000
5784.200000
5809.475000
5835.150000
5860.550000
5885.925000
5911.650000
5936.975000
5962.325000
5987.900000
6013.300000
6038.775000
6064.425000
6089.775000
6115.075000
6140.775000
6166.200000
6191.775000
6217.300000
6242.575000
6267.950000
6293.550000
6318.950000
6344.650000
6370.100000
6395.400000
6420.675000
6446.350000
6471.750000
6497.275000
6522.850000
6548.100000
6573.475000
6599.050000
6624.475000
6650.100000
6675.600000
6700.900000
6726.175000
6751.850000
6777.275000
6802.775000
6828.400000
6853.700000
6879.175000
6904.725000
6930.075000
6955.800000
6981.275000
7006.600000
7031.925000
7057.525000
7082.900000
7108.400000
7133.975000
7159.275000
7184.700000
7210.250000
7235.625000
7261.275000
7286.775000
7312.100000
7337.400000
7363.025000
7388.400000
7413.850000
7439.500000
7464.800000
7490.225000
7515.825000
7541.225000
7567.025000
7592.400000
7617.700000
7643.000000
7668.650000
7694.050000
7719.675000
7745.125000
7770.400000
7795.825000
7821.400000
7846.775000
7872.525000
7897.925000
7923.225000
7948.500000
7974.175000
7999.575000
8025.150000
8050.650000
8075.925000
8101.300000
8126.875000
8152.275000
8178.050000
8203.500000
8228.850000
8254.250000
8279.800000
8305.175000
8330.800000
8356.275000
8381.575000
8407.125000
8432.600000
8457.950000
8483.725000
8509.100000
8534.450000
8559.875000
8585.375000
8610.750000
8636.425000
8661.875000
8687.150000
8712.725000
8738.175000
8763.525000
8789.300000
8814.675000
8840.025000
8865.575000
8891.050000
8916.550000
8942.200000
8967.525000
8992.775000
9018.450000
9043.900000
9069.325000
9095.000000
9120.275000
9145.625000
9171.125000
9196.600000
9222.075000
9247.725000
9273.050000
9298.300000
9323.950000
9349.400000
9374.800000
9400.500000
9425.825000
9451.125000
9476.600000
9502.100000
9527.525000
9553.250000
9578.625000
9603.925000
9629.600000
9655.000000
9680.400000
9706.125000
9731.425000
9756.800000
9782.375000
9807.775000
9833.275000
9858.900000
9884.250000
9909.525000
9935.175000
9960.575000
9985.975000
10011.675000
10036.975000
10062.350000
10087.925000
10113.325000
10138.825000
10164.450000
10189.775000
10215.075000
10240.800000
10266.200000
10291.800000
10317.325000
10342.575000
10367.975000
10393.575000
10418.975000
10444.700000
10470.125000
10495.425000
10520.700000
10546.375000
10571.775000
10597.325000
10622.850000
10648.125000
10673.475000
10699.075000
10724.475000
10750.150000
10775.625000
10800.925000
10826.175000
10851.875000
10877.275000
10902.800000
10928.425000
10953.725000
10979.200000
11004.750000
11030.100000
11055.850000
11081.275000
11106.600000
11131.975000
11157.550000
11182.900000
11208.475000
11234.000000
11259.300000
11284.750000
11310.275000
11335.650000
11361.350000
11386.800000
11412.125000
11437.450000
11463.050000
11488.425000
11513.925000
11539.525000
11564.800000
11590.275000
11615.850000
11641.250000
11667.050000
11692.425000
11717.725000
11743.050000
11768.675000
11794.075000
11819.725000
11845.150000
11870.400000
11895.850000
11921.425000
11946.800000
11972.575000
11997.950000
12023.250000
12048.525000
12074.175000
12099.575000
12125.175000
12150.675000
12175.925000
12201.325000
12226.900000
12252.300000
12278.100000
12303.525000
12328.875000
12354.300000
12379.825000
12405.200000
12430.875000
12456.325000
12481.600000
12507.200000
12532.650000
12558.000000
12583.775000
12609.150000
12634.475000
12659.975000
12685.450000
12710.825000
12736.525000
12761.925000
12787.200000
12812.850000
12838.275000
12863.625000
12889.375000
12914.725000
12940.075000
12965.675000
12991.125000
13016.775000
13042.275000
13067.600000
13092.850000
13118.550000
13143.950000
13169.450000
13195.050000
13220.325000
13245.675000
13271.250000
13296.675000
13322.250000
13347.800000
13373.100000
13398.375000
13424.050000
13449.475000
13474.925000
13500.550000
13525.850000
13551.175000
13576.725000
13602.175000
13627.675000
13653.350000
13678.700000
13704.000000
13729.675000
13755.050000
13780.475000
13806.150000
13831.450000
13856.850000
13882.425000
13907.800000
13933.350000
13958.925000
13984.275000
14009.550000
14035.200000
14060.600000
14086.000000
14111.675000
14137.000000
14162.375000
14187.950000
14213.325000
14238.850000
14264.450000
14289.800000
14315.100000
14340.800000
14366.225000
14391.825000
14417.325000
14442.600000
14468.000000
14493.575000
14518.975000
14544.725000
14570.125000
14595.425000
14620.700000
14646.375000
14671.775000
14697.350000
14722.850000
14748.125000
14773.500000
14799.075000
14824.500000
14850.175000
14875.650000
14900.950000
14926.200000
14951.875000
14977.300000
15002.825000
15028.425000
15053.725000
15079.225000
15104.750000
15130.100000
15155.875000
15181.300000
15206.625000
15232.000000
15257.550000
15282.925000
15308.500000
15334.025000
15359.300000
15384.800000
15410.300000
15435.650000
15461.400000
15486.850000
15512.150000
15537.525000
15563.100000
15588.450000
15614.000000
15639.550000
15664.825000
15690.325000
15715.900000
15741.300000
15767.075000
15792.425000
15817.750000
15843.100000
15868.700000
15894.100000
15919.750000
15945.175000
15970.425000
15995.900000
16021.450000
16046.825000
16072.600000
16097.975000
16123.275000
16148.575000
16174.200000
16199.600000
16225.225000
16250.675000
16275.950000
16301.350000
16326.925000
16352.325000
16378.125000
16403.550000
16428.900000
16454.375000
16479.875000
16505.250000
16530.950000
16556.350000
16581.650000
16607.275000
16632.700000
16658.050000
16683.825000
16709.175000
16734.525000
16760.050000
16785.475000
16810.900000
16836.600000
16861.950000
16887.250000
16912.900000
16938.300000
16963.675000
16989.400000
17014.725000
17040.100000
17065.725000
17091.150000
17116.850000
17142.325000
17167.625000
17192.900000
17218.575000
17243.975000
17269.525000
17295.075000
17320.350000
17345.700000
17371.300000
17396.700000
17422.350000
17447.850000
17473.150000
17498.400000
17524.100000
17549.500000
17575.000000
17600.600000
17625.875000
17651.225000
17676.775000
17702.200000
17727.800000
17753.400000
17778.725000
17804.050000
17829.700000
17855.075000
17880.550000
17906.175000
17931.475000
17956.875000
17982.450000
18007.825000
18033.425000
18058.975000
18084.275000
18109.575000
18135.225000
18160.600000
18186.025000
18211.700000
18237.000001
18262.400001
18287.950001
18313.350001
18338.875001
18364.475001
18389.800001
18415.100001
18440.800001
18466.225001
18491.850001
18517.325001
18542.600001
18568.000001
18593.600001
18619.000001
18644.725001
18670.150001
18695.450001
18720.725001
18746.375001
18771.775001
18797.350001
18822.875001
18848.125001
18873.500001
18899.100001
18924.500001
18950.200001
18975.650001
19000.950001
19026.225001
19051.900001
19077.300001
19102.850001
19128.450001
19153.725001
19179.250001
19204.775001
19230.125001
19255.900001
19281.300001
19306.625001
19332.025001
19357.575001
19382.950001
19408.550001
19434.050001
19459.325001
19484.825001
19510.350001
19535.675001
19561.450001
19586.850001
19612.200001
19637.575001
19663.125001
19688.500001
19714.100001
19739.575001
19764.875001
19790.425001
19815.975001
19841.350001
19867.125001
19892.450001
19917.775001
19943.175001
19968.725001
19994.125001
20019.825001
20045.200001
20070.450001
20096.000001
20121.500001
20146.875001
20172.650001
20198.000001
20223.300001
20248.625001
20274.225001
20299.625001
20325.300001
20350.725001
20375.975001
20401.425001
20426.975001
20452.350001
20478.200001
20503.575001
20528.925001
20554.475001
20579.925001
20605.325001
20631.025001
20656.400001
20681.675001
20707.350001
20732.750001
20758.125001
20783.850001
20809.175001
20834.550001
20860.100001
20885.525001
20910.975001
20936.625001
20961.975001
20987.275001
21012.925001
21038.325001
21063.700001
21089.425001
21114.750001
21140.125001
21165.750001
21191.175001
21216.900001
21242.350001
21267.650001
21292.925001
21318.600001
21344.000001
21369.575001
21395.100001
21420.350001
21445.725001
21471.325001
21496.725001
21522.400001
21547.875001
21573.175001
21598.425001
21624.125001
21649.525001
21675.025001
21700.600001
21725.875001
21751.225001
21776.800001
21802.225001
21827.850001
21853.425001
21878.750001
21904.075001
21929.725001
21955.100001
21980.575001
22006.200001
22031.475001
22056.900001
22082.475001
22107.825001
22133.475001
22158.975001
22184.300001
22209.600001
22235.250001
22260.625001
22286.050001
22311.700001
22337.000001
22362.400001
22387.975001
22413.350001
22438.900001
22464.475001
22489.825001
22515.125001
22540.825001
22566.225001
22591.850001
22617.350001
22642.600001
22668.025001
22693.600001
22719.000001
22744.750001
22770.150001
22795.450001
22820.725001
22846.400001
22871.800001
22897.375001
22922.875001
22948.150001
22973.525001
22999.100001
23024.500001
23050.225001
23075.650001
23100.950001
23126.225001
23151.900001
23177.300001
23202.875001
23228.450001
23253.750001
23279.275001
23304.775001
23330.125001
23355.900001
23381.325001
23406.650001
23432.050001
23457.575001
23482.950001
23508.600001
23534.075001
23559.350001
23584.875001
23610.375001
23635.700001
23661.500001
23686.875001
23712.200001
23737.650001
23763.150001
23788.525001
23814.175001
23839.625001
23864.900001
23890.550001
23916.025001
23941.425001
23967.175001
23992.475001
24017.800001
24043.275001
24068.800001
24094.225001
24119.900001
24145.250001
24170.500001
24196.125001
24221.600001
24246.975001
24272.700001
24298.025001
24323.350001
24348.750001
24374.300001
24399.700001
24425.400001
24450.775001
24476.025001
24501.575001
24527.075001
24552.450001
24578.250001
24603.625001
24628.975001
24654.575001
24679.975001
24705.450001
24731.100001
24756.450001
24781.725001
24807.400001
24832.800001
24858.175001
24883.900001
24909.200001
24934.575001
24960.150001
24985.550001
25011.025001
25036.675001
25062.000001
25087.300001
25112.950001
25138.350001
25163.725001
25189.450001
25214.750001
25240.150001
25265.775001
25291.175001
25316.925001
25342.350001
25367.650001
25392.950001
25418.600001
25444.000001
25469.600001
25495.100001
25520.375001
25545.750001
25571.325001
25596.725001
25622.450001
25647.875001
25673.175001
25698.450001
25724.125001
25749.525001
25775.075001
25800.625001
25825.875001
25851.250001
25876.825001
25902.250001
25927.900001
25953.450001
25978.775001
26004.100001
26029.725001
26055.100001
26080.625001
26106.200001
26131.500001
26156.925001
26182.475001
26207.850001
26233.525001
26259.000001
26284.325001
26309.650001
26335.275001
26360.625001
26386.100001
26411.725001
26437.025001
26462.425001
26488.000001
26513.375001
26538.950001
26564.500001
26589.825001
26615.150001
26640.825001
26666.250001
26691.875001
26717.350001
26742.625001
26768.050001
26793.625001
26819.000001
26844.775001
26870.175001
26895.475001
26920.750001
26946.400001
26971.800001
26997.400001
27022.875001
27048.150001
27073.525001
27099.125001
27124.525001
27150.250001
27175.675001
27200.975001
27226.250001
27251.900001
27277.325001
27302.900001
27328.450001
27353.750001
27379.300001
27404.800001
27430.150001
27455.925001
27481.325001
27506.650001
27532.100001
27557.600001
27582.975001
27608.625001
27634.075001
27659.350001
27684.950001
27710.400001
27735.750001
27761.525001
27786.900001
27812.250001
27837.700001
27863.200001
27888.575001
27914.250001
27939.675001
27964.950001
27990.650001
28016.100001
28041.525001
28067.225001
28092.500001
28117.850001
28143.400001
28168.850001
28194.350001
28219.975001
28245.300001
28270.550001
28296.225001
28321.650001
28347.075001
28372.750001
28398.050001
28423.375001
28448.875001
28474.350001
28499.800001
28525.475001
28550.825001
28576.075001
28601.700001
28627.150001
28652.550001
28678.325001
28703.650001
28729.050001
28754.625001
28780.025001
28805.575001
28831.150001
28856.500001
28881.775001
28907.450001
28932.825001
28958.225001
28983.925001
29009.225001
29034.600001
29060.175001
29085.550001
29111.075001
29136.700001
29162.025001
29187.300001
29212.975001
29238.350001
29263.750001
29289.450001
29314.750001
29340.150001
29365.775001
29391.200001
29416.950001
29442.375001
29467.675001
29492.950001
29518.625001
29544.025001
29569.625001
29595.100001
29620.600001
29646.650001
29673.025001
29699.675001
29726.825001
29754.200001
29781.925001
29810.250001
29839.200001
29868.600001
29898.350001
29928.825001
29960.125001
29992.275001
30025.375001
30059.550001
30095.200001
30131.500001
30168.350001
30205.725001
30243.600001
30281.975001
30320.850001
30360.225001
30400.100001
30440.500001
30481.400001
30522.800001
30564.650001
30606.925001
30649.625001
30692.725001
30736.175001
30779.975001
30824.150001
30868.650001
30913.525001
30958.750001
31004.300001
31050.175001
31096.400001
31142.950001
31189.825001
31237.075001
31284.725001
31332.800001
31381.300001
31430.300001
31479.850001
31529.950001
31580.650001
31631.975001
31683.825001
31736.175001
31788.975001
31842.200001
31895.850001
31949.925001
32004.400001
32059.300001
32114.625001
32170.400001
32226.625001
32283.300001
32340.375001
32397.750001
32455.425001
32513.350001
32571.475001
32629.825001
32688.400001
32747.225001
32806.275001
32865.575001
32925.175001
32985.100001
33045.425001
33106.125001
33167.250001
33228.675001
33290.325001
33352.175001
33414.125001
33476.200001
33538.350001
33600.600001
33662.900001
33725.275001
33787.725001
33850.250001
33912.825001
33975.500001
34038.225001
34101.050001
34163.950001
34226.925001
34290.000001
34353.200001
34416.500001
34479.950001
34543.575001
34607.400001
34671.500001
34735.925001
34800.775001
34866.175001
34932.125001
34998.525001
