1.000000
10.000000
320.050000
394.450000
457.950000
513.625000
563.425000
608.875000
653.575000
697.075000
740.125000
782.375000
824.600000
866.600000
908.125000
949.775000
991.325000
1032.825000
1074.425000
1115.825000
1157.400000
1198.525000
1240.025000
1281.100000
1322.575000
1363.675000
1405.050000
1446.475000
1487.600000
1529.050000
1570.125000
1611.550000
1652.675000
1693.950000
1735.400000
1776.450000
1817.875000
1858.800000
1900.150000
1941.375000
1982.550000
2023.900000
2065.000000
2106.500000
2147.475000
2188.700000
2230.025000
2271.075000
2312.425000
2353.550000
2395.075000
2436.075000
2477.375000
2518.775000
2559.850000
2601.200000
2642.325000
2683.675000
2724.800000
2766.075000
2807.525000
2848.575000
2890.000000
2930.925000
2972.225000
3013.425000
3054.675000
3095.975000
3137.075000
3178.650000
3219.625000
3260.875000
3302.150000
3343.250000
3384.625000
3425.675000
3467.250000
3508.250000
3549.525000
3590.975000
3632.075000
3673.425000
3714.350000
3755.675000
3796.875000
3838.025000
3879.450000
3920.525000
3961.975000
4002.975000
4044.275000
4085.525000
4126.575000
4167.950000
4208.950000
4250.375000
4291.525000
4332.775000
4374.150000
4415.250000
4456.700000
4497.650000
4538.875000
4580.150000
4621.200000
4662.550000
4703.700000
4745.225000
4786.175000
4827.475000
4868.800000
4909.900000
4951.250000
4992.375000
5033.750000
5074.850000
5116.150000
5157.575000
5198.625000
5240.050000
5280.975000
5322.300000
5363.475000
5404.750000
5446.050000
5487.150000
5528.700000
5569.675000
5610.900000
5652.175000
5693.275000
5734.625000
5775.675000
5817.275000
5858.275000
5899.575000
5941.000000
5982.100000
6023.450000
6064.375000
6105.725000
6146.900000
6188.050000
6229.500000
6270.550000
6312.025000
6353.000000
6394.275000
6435.550000
6476.575000
6517.950000
6558.950000
6600.425000
6641.575000
6682.800000
6724.200000
6765.300000
6806.725000
6847.675000
6888.925000
6930.175000
6971.250000
7012.600000
7053.750000
7095.250000
7136.200000
7177.500000
7218.825000
7259.925000
7301.250000
7342.375000
7383.775000
7424.875000
7466.175000
7507.600000
7548.625000
7590.050000
7631.000000
7672.300000
7713.475000
7754.750000
7796.075000
7837.175000
7878.700000
7919.675000
7960.925000
8002.175000
8043.275000
8084.650000
8125.700000
8167.300000
8208.300000
8249.575000
8291.000000
8332.100000
8373.450000
8414.400000
8455.725000
8496.900000
8538.050000
8579.525000
8620.575000
8662.025000
8703.000000
8744.300000
8785.550000
8826.600000
8867.950000
8908.975000
8950.450000
8991.575000
9032.825000
9074.200000
9115.300000
9156.725000
9197.700000
9238.950000
9280.175000
9321.250000
9362.625000
9403.775000
9445.275000
9486.200000
9527.500000
9568.825000
9609.925000
9651.250000
9692.375000
9733.775000
9774.875000
9816.175000
9857.600000
9898.625000
9940.050000
9981.000000
10022.325000
10063.500000
10104.775000
10146.075000
10187.200000
10228.700000
10269.675000
10310.925000
10352.200000
10393.275000
10434.650000
10475.700000
10517.300000
10558.300000
10599.575000
10641.000000
10682.100000
10723.450000
10764.400000
10805.725000
10846.900000
10888.050000
10929.525000
10970.575000
11012.025000
11053.000000
11094.300000
11135.550000
11176.600000
11217.975000
11258.975000
11300.450000
11341.575000
11382.825000
11424.200000
11465.300000
11506.725000
11547.700000
11588.950000
11630.175000
11671.275000
11712.625000
11753.775000
11795.275000
11836.200000
11877.500000
11918.825000
11959.925000
12001.250000
12042.375000
12083.775000
12124.875000
12166.175000
12207.600000
12248.625000
12290.050000
12331.000000
12372.325000
12413.500000
12454.775000
12496.100000
12537.200000
12578.700000
12619.675000
12660.925000
12702.200000
12743.275000
12784.650000
12825.700000
12867.300000
12908.300000
12949.575000
12991.000000
13032.100000
13073.450000
13114.400000
13155.725000
13196.900000
13238.050000
13279.525000
13320.575000
13362.025000
13403.000000
13444.300000
13485.550000
13526.600000
13567.975000
13608.975000
13650.450000
13691.575000
13732.825000
13774.200000
13815.300000
13856.725000
13897.700000
13938.950000
13980.175000
14021.275000
14062.625000
14103.775000
14145.275000
14186.200000
14227.500000
14268.825000
14309.925000
14351.250000
14392.375000
14433.775000
14474.875000
14516.175000
14557.600000
14598.625000
14640.050000
14681.000000
14722.325000
14763.500000
14804.775000
14846.100000
14887.200000
14928.700000
14969.675000
15010.925000
15052.200000
15093.275000
15134.650000
15175.700000
15217.300000
15258.300000
15299.575000
15341.000000
15382.100000
15423.450000
15464.400000
15505.725000
15546.900000
15588.050000
15629.525000
15670.575000
15712.025000
15753.000000
15794.300000
15835.550000
15876.600000
15917.975000
15958.975000
16000.450000
16041.575000
16082.825000
16124.200000
16165.300000
16206.725000
16247.700000
16288.950000
16330.175000
16371.275000
16412.625000
16453.775000
16495.275000
16536.200000
16577.500000
16618.825000
16659.925000
16701.250000
16742.375000
16783.775000
16824.875000
16866.175000
16907.600000
16948.625000
16990.050000
17031.000000
17072.325000
17113.500000
17154.775000
17196.100000
17237.200000
17278.700000
17319.675000
17360.925000
17402.200000
17443.275000
17484.650000
17525.700000
17567.300000
17608.300000
17649.575000
17691.000000
17732.100000
17773.450000
17814.400000
17855.725000
17896.900000
17938.050000
17979.525000
18020.575000
18062.025000
18103.000000
18144.300000
18185.550000
18226.600001
18267.975001
18308.975001
18350.450001
18391.575001
18432.825001
18474.200001
18515.300001
18556.725001
18597.700001
18638.950001
18680.175001
18721.275001
18762.625001
18803.775001
18845.275001
18886.200001
18927.500001
18968.825001
19009.925001
19051.250001
19092.375001
19133.775001
19174.875001
19216.175001
19257.600001
19298.625001
19340.050001
19381.000001
19422.325001
19463.500001
19504.775001
19546.100001
19587.200001
19628.700001
19669.675001
19710.925001
19752.200001
19793.275001
19834.650001
19875.700001
19917.300001
19958.300001
19999.575001
20041.000001
20082.100001
20123.450001
20164.400001
20205.725001
20246.900001
20288.050001
20329.525001
20370.575001
20412.025001
20453.000001
20494.300001
20535.550001
20576.600001
20617.975001
20658.975001
20700.450001
20741.575001
20782.825001
20824.200001
20865.300001
20906.725001
20947.700001
20988.950001
21030.175001
21071.275001
21112.625001
21153.775001
21195.275001
21236.200001
21277.500001
21318.825001
21359.925001
21401.250001
21442.375001
21483.775001
21524.875001
21566.175001
21607.600001
21648.625001
21690.050001
21731.000001
21772.325001
21813.500001
21854.775001
21896.100001
21937.200001
21978.700001
22019.675001
22060.925001
22102.200001
22143.275001
22184.650001
22225.700001
22267.300001
22308.300001
22349.575001
22391.000001
22432.100001
22473.450001
22514.400001
22555.725001
22596.900001
22638.050001
22679.525001
22720.575001
22762.025001
22803.000001
22844.300001
22885.550001
22926.600001
22967.975001
23008.975001
23050.450001
23091.575001
23132.825001
23174.200001
23215.300001
23256.725001
23297.700001
23338.950001
23380.175001
23421.275001
23462.625001
23503.775001
23545.275001
23586.200001
23627.500001
23668.825001
23709.925001
23751.250001
23792.375001
23833.775001
23874.875001
23916.175001
23957.600001
23998.625001
24040.050001
24081.000001
24122.325001
24163.500001
24204.775001
24246.100001
24287.200001
24328.700001
24369.675001
24410.925001
24452.200001
24493.275001
24534.650001
24575.700001
24617.300001
24658.300001
24699.575001
24741.000001
24782.100001
24823.450001
24864.400001
24905.725001
24946.900001
24988.050001
25029.525001
25070.575001
25112.025001
25153.000001
25194.300001
25235.550001
25276.600001
25317.975001
25358.975001
25400.450001
25441.575001
25482.825001
25524.200001
25565.300001
25606.725001
25647.700001
25688.950001
25730.175001
25771.275001
25812.625001
25853.775001
25895.275001
25936.200001
25977.500001
26018.825001
26059.925001
26101.250001
26142.375001
26183.775001
26224.875001
26266.175001
26307.600001
26348.625001
26390.050001
26431.000001
26472.325001
26513.500001
26554.775001
26596.100001
26637.200001
26678.700001
26719.675001
26760.925001
26802.200001
26843.275001
26884.650001
26925.700001
26967.300001
27008.300001
27049.575001
27091.000001
27132.100001
27173.450001
27214.400001
27255.725001
27296.900001
27338.050001
27379.525001
27420.575001
27462.025001
27503.000001
27544.300001
27585.550001
27626.600001
27667.975001
27708.975001
27750.450001
27791.575001
27832.825001
27874.200001
27915.300001
27956.725001
27997.700001
28038.950001
28080.175001
28121.275001
28162.625001
28203.775001
28245.275001
28286.200001
28327.500001
28368.825001
28409.925001
28451.250001
28492.375001
28533.775001
28574.875001
28616.175001
28657.600001
28698.625001
28740.050001
28781.000001
28822.325001
28863.500001
28904.775001
28946.100001
28987.200001
29028.700001
29069.675001
29110.925001
29152.200001
29193.275001
29234.650001
29275.700001
29317.300001
29358.300001
29399.575001
29441.000001
29482.100001
29523.450001
29564.400001
29606.475001
29649.650001
29694.125001
29740.150001
29787.750001
29837.625001
29890.475001
29947.000001
30009.100001
30081.375001
30160.425001
30243.500001
30330.200001
30419.525001
30510.975001
30604.300001
30699.425001
30796.650001
30895.900001
30996.425001
31097.825001
31199.850001
31302.300001
31405.125001
31508.200001
31611.500001
31714.950001
31818.575001
31922.350001
32026.225001
32130.250001
32234.375001
32338.600001
32442.950001
32547.425001
32652.000001
32756.725001
32861.600001
32966.675001
33072.025001
33177.775001
33284.200001
33391.950001
33501.075001
33610.700001
33720.425001
33830.100001
33939.725001
34049.300001
34158.875001
34268.400001
34377.900001
34487.400001
34596.900001
34706.375001
34815.850001
34925.300001
