20.000000
7.000000
455.300000
502.350000
545.025000
585.525000
624.950000
663.325000
700.875000
737.350000
773.100000
808.050000
842.425000
875.900000
909.075000
941.400000
973.075000
1004.250000
1035.150000
1065.250000
1095.175000
1124.600000
1153.650000
1182.600000
1211.200000
1239.575000
1267.525000
1295.275000
1322.975000
1350.625000
1378.150000
1405.100000
1431.800000
1458.825000
1485.500000
1512.025000
1538.425000
1564.750000
1591.125000
1617.450000
1643.750000
1670.075000
1696.325000
1722.650000
1748.275000
1774.350000
1800.525000
1826.050000
1852.050000
1878.100000
1903.700000
1929.625000
1955.200000
1981.125000
2006.575000
2032.200000
2057.775000
2083.475000
2109.075000
2134.450000
2159.925000
2185.475000
2210.900000
2236.625000
2262.000000
2287.250000
2312.850000
2338.300000
2363.600000
2389.325000
2414.700000
2439.975000
2465.175000
2490.800000
2516.200000
2541.500000
2567.150000
2592.475000
2617.700000
2642.800000
2668.050000
2693.475000
2718.900000
2744.200000
2769.525000
2795.075000
2820.300000
2845.475000
2870.550000
2895.725000
2920.825000
2946.350000
2971.700000
2996.925000
3022.275000
3047.775000
3073.050000
3098.175000
3123.325000
3148.350000
3173.500000
3198.575000
3224.050000
3249.425000
3274.650000
3299.925000
3325.400000
3350.750000
3375.900000
3401.050000
3426.075000
3451.200000
3476.200000
3501.400000
3526.650000
3552.100000
3577.375000
3602.550000
3628.000000
3653.450000
3678.700000
3703.825000
3728.975000
3754.025000
3779.325000
3804.750000
3830.025000
3855.250000
3880.375000
3905.800000
3931.225000
3956.450000
3981.575000
4006.700000
4031.750000
4056.925000
4082.100000
4107.550000
4132.825000
4157.975000
4183.175000
4208.425000
4233.950000
4259.175000
4284.350000
4309.400000
4334.525000
4359.575000
4384.800000
4410.175000
4435.500000
4460.725000
4485.850000
4511.100000
4536.575000
4561.900000
4587.050000
4612.200000
4637.250000
4662.375000
4687.425000
4712.825000
4738.200000
4763.400000
4788.600000
4813.725000
4839.175000
4864.575000
4889.800000
4914.900000
4940.050000
4965.075000
4990.250000
5015.500000
5040.975000
5066.250000
5091.425000
5116.800000
5142.250000
5167.500000
5192.625000
5217.750000
5242.750000
5267.875000
5292.875000
5318.000000
5343.100000
5368.600000
5393.925000
5419.100000
5444.350000
5469.750000
5495.150000
5520.300000
5545.450000
5570.500000
5595.600000
5620.600000
5645.700000
5670.725000
5695.975000
5721.375000
5746.700000
5771.925000
5797.075000
5822.575000
5847.925000
5873.125000
5898.200000
5923.325000
5948.325000
5973.425000
5998.425000
6023.575000
6048.675000
6074.175000
6099.475000
6124.650000
6149.900000
6175.325000
6200.700000
6225.875000
6251.000000
6276.050000
6301.150000
6326.150000
6351.250000
6376.250000
6401.475000
6426.850000
6452.200000
6477.450000
6502.600000
6528.125000
6553.525000
6578.725000
6603.825000
6628.975000
6654.025000
6679.275000
6704.675000
6729.975000
6755.200000
6780.325000
6805.625000
6831.125000
6856.400000
6881.525000
6906.675000
6931.700000
6956.850000
6981.900000
7007.325000
7032.675000
7057.875000
7083.075000
7108.200000
7133.700000
7159.075000
7184.275000
7209.350000
7234.500000
7259.525000
7284.675000
7309.825000
7335.300000
7360.575000
7385.725000
7410.925000
7436.100000
7461.650000
7486.900000
7512.100000
7537.175000
7562.300000
7587.325000
7612.500000
7637.775000
7663.175000
7688.425000
7713.550000
7738.775000
7764.050000
7789.525000
7814.750000
7839.900000
7864.975000
7890.100000
7915.150000
7940.450000
7965.900000
7991.200000
8016.425000
8041.625000
8067.175000
8092.425000
8117.600000
8142.675000
8167.800000
8192.800000
8217.900000
8242.925000
8268.125000
8293.475000
8318.875000
8344.100000
8369.250000
8394.700000
8420.100000
8445.300000
8470.400000
8495.525000
8520.550000
8545.650000
8570.650000
8595.775000
8620.825000
8646.300000
8671.650000
8696.850000
8722.075000
8747.400000
8772.850000
8798.050000
8823.200000
8848.250000
8873.350000
8898.350000
8923.475000
8948.475000
8973.675000
8999.025000
9024.400000
9049.650000
9074.800000
9100.225000
9125.625000
9150.850000
9175.950000
9201.075000
9226.100000
9251.175000
9276.175000
9301.300000
9326.350000
9351.725000
9377.125000
9402.350000
9427.600000
9452.875000
9478.400000
9503.625000
9528.800000
9553.875000
9579.025000
9604.100000
9629.500000
9654.875000
9680.100000
9705.300000
9730.425000
9755.925000
9781.275000
9806.500000
9831.575000
9856.725000
9881.750000
9906.925000
9932.075000
9957.550000
9982.800000
10007.975000
10033.175000
10058.350000
10083.900000
10109.150000
10134.325000
10159.400000
10184.525000
10209.550000
10234.750000
10260.025000
10285.425000
10310.650000
10335.800000
10361.000000
10386.325000
10411.800000
10436.975000
10462.150000
10487.200000
10512.325000
10537.350000
10562.600000
10587.975000
10613.300000
10638.500000
10663.625000
10688.875000
10714.350000
10739.675000
10764.825000
10789.975000
10815.025000
10840.175000
10865.250000
10890.725000
10916.100000
10941.300000
10966.550000
10991.950000
11017.375000
11042.525000
11067.675000
11092.725000
11117.825000
11142.825000
11167.950000
11192.975000
11218.325000
11243.750000
11269.000000
11294.225000
11319.400000
11344.950000
11370.200000
11395.375000
11420.450000
11445.550000
11470.575000
11495.675000
11520.675000
11545.825000
11571.025000
11596.500000
11621.750000
11646.925000
11672.225000
11697.675000
11722.975000
11748.125000
11773.250000
11798.275000
11823.375000
11848.375000
11873.500000
11898.525000
11923.825000
11949.250000
11974.525000
11999.750000
12024.925000
12050.450000
12075.750000
12100.925000
12126.000000
12151.100000
12176.100000
12201.200000
12226.200000
12251.350000
12276.450000
12301.925000
12327.250000
12352.450000
12377.700000
12403.175000
12428.550000
12453.725000
12478.875000
12503.925000
12529.100000
12554.225000
12579.700000
12605.000000
12630.175000
12655.375000
12680.550000
12706.100000
12731.375000
12756.550000
12781.625000
12806.750000
12831.775000
12856.975000
12882.275000
12907.675000
12932.900000
12958.025000
12983.250000
13008.625000
13034.050000
13059.225000
13084.375000
13109.425000
13134.550000
13159.600000
13184.875000
13210.250000
13235.550000
13260.750000
13285.875000
13311.150000
13336.650000
13361.925000
13387.075000
13412.200000
13437.250000
13462.375000
13487.425000
13512.825000
13538.200000
13563.400000
13588.600000
13613.725000
13639.150000
13664.575000
13689.800000
13714.900000
13740.025000
13765.075000
13790.250000
13815.450000
13840.950000
13866.225000
13891.400000
13916.750000
13942.225000
13967.475000
13992.600000
14017.725000
14042.750000
14067.850000
14092.850000
14118.000000
14143.075000
14168.550000
14193.875000
14219.075000
14244.325000
14269.675000
14295.100000
14320.275000
14345.425000
14370.475000
14395.575000
14420.600000
14445.700000
14470.700000
14495.925000
14521.275000
14546.650000
14571.875000
14597.025000
14622.475000
14647.875000
14673.075000
14698.175000
14723.300000
14748.325000
14773.425000
14798.425000
14823.550000
14848.600000
14874.075000
14899.425000
14924.625000
14949.875000
14975.200000
15000.650000
15025.825000
15050.975000
15076.025000
15101.125000
15126.125000
15151.225000
15176.250000
15201.425000
15226.675000
15252.125000
15277.375000
15302.525000
15327.925000
15353.425000
15378.650000
15403.775000
15428.925000
15453.975000
15479.175000
15504.475000
15529.875000
15555.125000
15580.250000
15605.500000
15630.900000
15656.300000
15681.475000
15706.625000
15731.675000
15756.800000
15781.850000
15807.175000
15832.575000
15857.800000
15883.025000
15908.125000
15933.475000
15958.950000
15984.200000
16009.325000
16034.450000
16059.475000
16084.625000
16109.700000
16135.125000
16160.475000
16185.675000
16210.875000
16236.000000
16261.500000
16286.850000
16312.050000
16337.150000
16362.275000
16387.300000
16412.450000
16437.625000
16463.075000
16488.350000
16513.500000
16538.700000
16563.875000
16589.425000
16614.675000
16639.875000
16664.950000
16690.075000
16715.125000
16740.375000
16765.775000
16791.125000
16816.375000
16841.550000
16867.075000
16892.400000
16917.575000
16942.675000
16967.775000
16992.800000
17017.900000
17042.900000
17068.100000
17093.375000
17118.800000
17144.050000
17169.200000
17194.575000
17220.025000
17245.275000
17270.375000
17295.500000
17320.525000
17345.625000
17370.625000
17395.750000
17420.775000
17446.200000
17471.575000
17496.800000
17522.025000
17547.275000
17572.775000
17598.000000
17623.175000
17648.250000
17673.350000
17698.350000
17723.450000
17748.450000
17773.625000
17798.875000
17824.325000
17849.575000
17874.750000
17900.050000
17925.525000
17950.800000
17975.925000
18001.050000
18026.075000
18051.175000
18076.175000
18101.275000
18126.300000
18151.600000
18177.025000
18202.300000
18227.525001
18252.725001
18278.300001
18303.575001
18328.775001
18353.850001
18379.000001
18404.050001
18429.400001
18454.800001
18480.050001
18505.250001
18530.375001
18555.775001
18581.225001
18606.450001
18631.550001
18656.700001
18681.725001
18706.875001
18731.975001
18757.450001
18782.750001
18807.925001
18833.125001
18858.275001
18883.800001
18909.100001
18934.300001
18959.375001
18984.500001
19009.525001
19034.700001
19059.925001
19085.375001
19110.600001
19135.775001
19160.975001
19186.200001
19211.725001
19236.950001
19262.125001
19287.175001
19312.300001
19337.325001
19362.550001
19387.850001
19413.225001
19438.450001
19463.600001
19488.800001
19514.175001
19539.600001
19564.775001
19589.950001
19615.000001
19640.125001
19665.175001
19690.575001
19716.000001
19741.250001
19766.500001
19791.750001
19817.250001
19842.475001
19867.625001
19892.700001
19917.800001
19942.800001
19967.925001
19992.925001
20018.175001
20043.600001
20068.925001
20094.150001
20119.300001
20144.800001
20170.150001
20195.350001
20220.425001
20245.550001
20270.550001
20295.650001
20320.650001
20345.800001
20370.900001
20396.375001
20421.700001
20446.875001
20472.125001
20497.525001
20522.925001
20548.075001
20573.225001
20598.275001
20623.375001
20648.375001
20673.475001
20698.500001
20723.725001
20749.150001
20774.475001
20799.700001
20824.850001
20850.350001
20875.700001
20900.900001
20925.975001
20951.100001
20976.100001
21001.200001
21026.200001
21051.325001
21076.400001
21101.850001
21127.200001
21152.400001
21177.650001
21203.075001
21228.500001
21253.700001
21278.850001
21303.900001
21329.075001
21354.150001
21379.625001
21404.950001
21430.150001
21455.350001
21480.500001
21506.050001
21531.350001
21556.525001
21581.600001
21606.725001
21631.775001
21656.950001
21682.200001
21707.625001
21732.875001
21758.000001
21783.225001
21808.500001
21834.000001
21859.200001
21884.350001
21909.425001
21934.550001
21959.575001
21984.800001
22010.175001
22035.500001
22060.725001
22085.850001
22111.100001
22136.550001
22161.900001
22187.050001
22212.200001
22237.225001
22262.350001
22287.400001
22312.750001
22338.150001
22363.375001
22388.575001
22413.700001
22439.075001
22464.500001
22489.750001
22514.875001
22540.025001
22565.050001
22590.225001
22615.350001
22640.875001
22666.175001
22691.375001
22716.675001
22742.125001
22767.450001
22792.575001
22817.700001
22842.750001
22867.850001
22892.850001
22917.975001
22943.025001
22968.450001
22993.850001
23019.050001
23044.275001
23069.550001
23095.050001
23120.250001
23145.400001
23170.475001
23195.575001
23220.575001
23245.675001
23270.675001
23295.875001
23321.150001
23346.575001
23371.825001
23396.975001
23422.350001
23447.800001
23473.050001
23498.150001
23523.275001
23548.300001
23573.400001
23598.400001
23623.525001
23648.550001
23673.950001
23699.350001
23724.575001
23749.800001
23775.050001
23800.550001
23825.775001
23850.950001
23876.000001
23901.125001
23926.125001
23951.225001
23976.225001
24001.375001
24026.525001
24052.000001
24077.300001
24102.475001
24127.775001
24153.275001
24178.600001
24203.750001
24228.900001
24253.950001
24279.125001
24304.300001
24329.775001
24355.025001
24380.200001
24405.400001
24430.625001
24456.150001
24481.400001
24506.550001
24531.625001
24556.750001
24581.775001
24607.000001
24632.350001
24657.700001
24682.925001
24708.050001
24733.275001
24758.725001
24784.100001
24809.250001
24834.400001
24859.450001
24884.575001
24909.625001
24934.925001
24960.325001
24985.575001
25010.800001
25035.900001
25061.250001
25086.725001
25111.975001
25137.100001
25162.225001
25187.250001
25212.400001
25237.475001
25262.900001
25288.250001
25313.450001
25338.625001
25363.750001
25389.250001
25414.600001
25439.825001
25464.925001
25490.050001
25515.075001
25540.275001
25565.575001
25591.025001
25616.275001
25641.450001
25666.875001
25692.300001
25717.525001
25742.625001
25767.750001
25792.775001
25817.875001
25842.875001
25868.025001
25893.150001
25918.650001
25943.950001
25969.125001
25994.375001
26019.825001
26045.175001
26070.325001
26095.475001
26120.500001
26145.600001
26170.600001
26195.700001
26220.725001
26246.000001
26271.425001
26296.725001
26321.950001
26347.100001
26372.625001
26397.950001
26423.125001
26448.200001
26473.325001
26498.325001
26523.425001
26548.425001
26573.575001
26598.700001
26624.200001
26649.500001
26674.675001
26699.925001
26725.350001
26750.725001
26775.875001
26801.000001
26826.050001
26851.150001
26876.150001
26901.250001
26926.250001
26951.475001
26976.875001
27002.200001
27027.450001
27052.625001
27078.150001
27103.525001
27128.725001
27153.825001
27178.975001
27204.025001
27229.300001
27254.700001
27280.000001
27305.200001
27330.325001
27355.650001
27381.125001
27406.400001
27431.525001
27456.675001
27481.700001
27506.850001
27531.925001
27557.350001
27582.700001
27607.900001
27633.100001
27658.200001
27683.725001
27709.075001
27734.275001
27759.375001
27784.500001
27809.525001
27834.675001
27859.850001
27885.300001
27910.575001
27935.750001
27960.925001
27986.125001
28011.650001
28036.925001
28062.100001
28087.175001
28112.300001
28137.325001
28162.500001
28187.775001
28213.175001
28238.425001
28263.575001
28288.775001
28314.050001
28339.550001
28364.750001
28389.900001
28414.975001
28440.100001
28465.150001
28490.475001
28515.925001
28541.200001
28566.450001
28591.650001
28617.175001
28642.450001
28667.600001
28692.675001
28717.800001
28742.800001
28767.900001
28792.925001
28818.125001
28843.500001
28868.875001
28894.100001
28919.250001
28944.700001
28970.100001
28995.300001
29020.400001
29045.525001
29070.550001
29095.650001
29120.650001
29145.775001
29170.850001
29196.300001
29221.650001
29246.850001
29272.100001
29297.425001
29322.875001
29348.050001
29373.200001
29398.250001
29423.350001
29448.350001
29473.475001
29498.475001
29523.675001
29549.025001
29574.400001
29599.650001
29624.800001
29650.400001
29675.925001
29702.150001
29728.700001
29755.900001
29783.500001
29811.775001
29840.825001
29870.475001
29901.175001
29933.250001
29967.150001
30003.400001
30043.275001
30091.500001
