100.000000
3.000000
421.950000
488.625000
546.175000
598.450000
647.875000
695.525000
741.200000
786.400000
831.750000
876.900000
922.275000
967.750000
1013.050000
1058.125000
1103.200000
1148.300000
1193.275000
1238.500000
1283.875000
1329.250000
1374.450000
1419.500000
1464.550000
1509.675000
1554.950000
1600.275000
1645.575000
1690.900000
1735.925000
1780.900000
1826.025000
1870.950000
1916.250000
1961.525000
2006.850000
2052.050000
2097.125000
2142.300000
2187.400000
2232.550000
2277.800000
2323.175000
2368.475000
2413.550000
2458.450000
2503.675000
2548.625000
2593.875000
2639.150000
2684.500000
2729.825000
2774.875000
2819.950000
2865.050000
2910.050000
2955.300000
3000.675000
3045.925000
3091.225000
3136.100000
3181.275000
3226.325000
3271.400000
3316.775000
3362.125000
3407.425000
3452.525000
3497.475000
3542.650000
3587.625000
3632.875000
3678.350000
3723.600000
3768.900000
3813.825000
3858.900000
3904.100000
3949.025000
3994.300000
4039.625000
4084.975000
4130.150000
4175.100000
4220.275000
4265.325000
4310.550000
4355.975000
4401.225000
4446.475000
4491.600000
4536.525000
4581.675000
4626.525000
4671.750000
4717.350000
4762.625000
4807.850000
4852.825000
4898.000000
4943.075000
4988.250000
5033.550000
5078.950000
5124.100000
5169.225000
5214.050000
5259.225000
5304.375000
5349.525000
5395.050000
5440.325000
5485.550000
5530.550000
5575.700000
5620.775000
5665.975000
5711.225000
5756.625000
5801.775000
5846.900000
5891.950000
5937.025000
5982.100000
6027.275000
6072.775000
6118.050000
6163.300000
6208.275000
6253.475000
6298.525000
6343.650000
6388.875000
6434.275000
6479.700000
6524.775000
6569.750000
6614.850000
6659.900000
6705.175000
6750.575000
6795.825000
6841.150000
6886.075000
6931.200000
6976.275000
7021.300000
7066.625000
7111.950000
7157.325000
7202.425000
7247.400000
7292.600000
7337.600000
7382.850000
7428.325000
7473.550000
7518.850000
7563.825000
7608.850000
7654.050000
7698.950000
7744.200000
7789.475000
7834.800000
7880.050000
7925.025000
7970.225000
8015.275000
8060.475000
8105.850000
8151.150000
8196.350000
8241.525000
8286.325000
8331.525000
8376.450000
8421.650000
8467.275000
8512.525000
8557.775000
8602.800000
8647.950000
8693.025000
8738.200000
8783.475000
8828.900000
8874.025000
8919.175000
8963.975000
9009.150000
9054.325000
9099.475000
9145.000000
9190.275000
9235.525000
9280.525000
9325.650000
9370.725000
9415.925000
9461.150000
9506.575000
9551.725000
9596.875000
9641.900000
9687.000000
9732.075000
9777.250000
9822.750000
9868.025000
9913.275000
9958.275000
10003.450000
10048.500000
10093.625000
10138.825000
10184.250000
10229.675000
10274.750000
10319.725000
10364.825000
10409.875000
10455.150000
10500.550000
10545.825000
10591.125000
10636.050000
10681.200000
10726.275000
10771.275000
10816.600000
10861.925000
10907.300000
10952.425000
10997.375000
11042.575000
11087.600000
11132.825000
11178.300000
11223.550000
11268.850000
11313.800000
11358.850000
11404.050000
11448.925000
11494.200000
11539.450000
11584.775000
11630.050000
11675.025000
11720.200000
11765.275000
11810.475000
11855.825000
11901.125000
11946.350000
11991.500000
12036.300000
12081.500000
12126.425000
12171.650000
12217.250000
12262.525000
12307.775000
12352.775000
12397.925000
12443.025000
12488.175000
12533.450000
12578.875000
12624.000000
12669.150000
12713.975000
12759.125000
12804.300000
12849.450000
12894.975000
12940.250000
12985.500000
13030.525000
13075.650000
13120.725000
13165.900000
13211.100000
13256.550000
13301.700000
13346.850000
13391.900000
13437.000000
13482.075000
13527.250000
13572.725000
13618.025000
13663.275000
13708.250000
13753.425000
13798.500000
13843.600000
13888.825000
13934.225000
13979.650000
14024.750000
14069.700000
14114.825000
14159.875000
14205.150000
14250.550000
14295.800000
14341.125000
14386.050000
14431.200000
14476.250000
14521.275000
14566.600000
14611.925000
14657.300000
14702.400000
14747.375000
14792.575000
14837.600000
14882.825000
14928.300000
14973.550000
15018.850000
15063.800000
15108.850000
15154.050000
15198.925000
15244.175000
15289.450000
15334.750000
15380.050000
15425.025000
15470.200000
15515.275000
15560.450000
15605.825000
15651.125000
15696.325000
15741.500000
15786.300000
15831.500000
15876.425000
15921.625000
15967.250000
16012.500000
16057.775000
16102.775000
16147.925000
16193.025000
16238.175000
16283.425000
16328.875000
16374.000000
16419.150000
16463.975000
16509.125000
16554.300000
16599.450000
16644.975000
16690.250000
16735.500000
16780.525000
16825.650000
16870.725000
16915.875000
16961.100000
17006.525000
17051.700000
17096.850000
17141.900000
17186.975000
17232.075000
17277.250000
17322.725000
17368.025000
17413.275000
17458.250000
17503.425000
17548.500000
17593.600000
17638.800000
17684.225000
17729.650000
17774.725000
17819.700000
17864.800000
17909.850000
17955.150000
18000.550000
18045.800000
18091.125000
18136.050000
18181.200000
18226.250001
18271.275001
18316.575001
18361.925001
18407.300001
18452.400001
18497.375001
18542.575001
18587.600001
18632.825001
18678.300001
18723.550001
18768.850001
18813.800001
18858.850001
18904.025001
18948.925001
18994.175001
19039.450001
19084.750001
19130.025001
19175.025001
19220.200001
19265.275001
19310.450001
19355.825001
19401.100001
19446.325001
19491.475001
19536.300001
19581.500001
19626.425001
19671.625001
19717.225001
19762.500001
19807.775001
19852.775001
19897.925001
19943.025001
19988.175001
20033.425001
20078.875001
20124.000001
20169.150001
20213.975001
20259.125001
20304.300001
20349.450001
20394.975001
20440.250001
20485.500001
20530.525001
20575.650001
20620.725001
20665.875001
20711.100001
20756.525001
20801.700001
20846.850001
20891.900001
20936.975001
20982.075001
21027.250001
21072.725001
21118.025001
21163.275001
21208.250001
21253.425001
21298.500001
21343.600001
21388.800001
21434.200001
21479.650001
21524.725001
21569.700001
21614.800001
21659.850001
21705.150001
21750.550001
21795.800001
21841.125001
21886.050001
21931.175001
21976.250001
22021.275001
22066.575001
22111.900001
22157.275001
22202.400001
22247.375001
22292.575001
22337.600001
22382.825001
22428.300001
22473.550001
22518.850001
22563.800001
22608.850001
22654.025001
22698.900001
22744.175001
22789.450001
22834.750001
22880.025001
22925.025001
22970.200001
23015.275001
23060.450001
23105.800001
23151.100001
23196.325001
23241.475001
23286.275001
23331.475001
23376.425001
23421.625001
23467.225001
23512.500001
23557.750001
23602.775001
23647.925001
23693.000001
23738.175001
23783.425001
23828.875001
23874.000001
23919.150001
23963.975001
24009.125001
24054.300001
24099.450001
24144.950001
24190.250001
24235.500001
24280.500001
24325.625001
24370.725001
24415.875001
24461.075001
24506.525001
24551.700001
24596.850001
24641.900001
24686.975001
24732.075001
24777.225001
24822.725001
24868.000001
24913.275001
24958.250001
25003.425001
25048.500001
25093.600001
25138.800001
25184.200001
25229.650001
25274.725001
25319.700001
25364.800001
25409.850001
25455.150001
25500.550001
25545.800001
25591.125001
25636.050001
25681.175001
25726.250001
25771.275001
25816.575001
25861.900001
25907.275001
25952.400001
25997.375001
26042.575001
26087.575001
26132.825001
26178.300001
26223.550001
26268.850001
26313.800001
26358.850001
26404.025001
26448.900001
26494.175001
26539.425001
26584.750001
26630.025001
26675.025001
26720.200001
26765.275001
26810.450001
26855.800001
26901.100001
26946.325001
26991.475001
27036.275001
27081.475001
27126.425001
27171.625001
27217.225001
27262.500001
27307.750001
27352.775001
27397.925001
27443.000001
27488.175001
27533.425001
27578.875001
27624.000001
27669.150001
27713.975001
27759.125001
27804.300001
27849.450001
27894.950001
27940.225001
27985.500001
28030.500001
28075.625001
28120.725001
28165.875001
28211.075001
28256.525001
28301.700001
28346.850001
28391.875001
28436.975001
28482.075001
28527.225001
28572.725001
28618.000001
28663.250001
28708.250001
28753.425001
28798.500001
28843.600001
28888.800001
28934.200001
28979.650001
29024.725001
29069.700001
29114.800001
29159.850001
29205.125001
29250.550001
29295.800001
29341.125001
29386.050001
29431.175001
29477.700001
29525.650001
29575.625001
29627.750001
29682.450001
29741.050001
29804.500001
29876.250001
