1.000000
38.000000
2328.700000
2397.825000
2462.650000
2522.525000
2579.325000
2633.000000
2684.825000
2734.725000
2782.975000
2830.225000
2876.100000
2920.975000
2965.225000
3008.675000
3052.075000
3095.025000
3137.200000
3179.275000
3220.550000
3262.075000
3302.750000
3343.200000
3383.750000
3424.100000
3463.875000
3503.750000
3543.175000
3582.725000
3622.200000
3661.250000
3700.250000
3739.000000
3777.700000
3816.275000
3854.575000
3892.825000
3930.625000
3968.950000
4007.050000
4044.850000
4082.250000
4119.575000
4157.225000
4194.500000
4231.500000
4268.925000
4306.125000
4342.900000
4379.975000
4416.775000
4452.900000
4489.850000
4526.000000
4562.550000
4598.400000
4634.725000
4670.425000
4706.800000
4742.125000
4778.150000
4813.675000
4848.800000
4884.675000
4919.500000
4954.950000
4990.450000
5025.100000
5059.925000
5095.425000
5130.275000
5164.825000
5199.750000
5234.650000
5269.125000
5303.175000
5337.525000
5371.950000
5406.625000
5440.875000
5474.900000
5508.425000
5542.475000
5576.300000
5609.850000
5643.300000
5676.825000
5710.775000
5744.400000
5777.825000
5811.150000
5844.500000
5877.750000
5910.925000
5943.925000
5976.900000
6009.850000
6042.825000
6075.275000
6108.175000
6141.325000
6174.050000
6207.050000
6240.050000
6272.375000
6304.575000
6336.775000
6369.375000
6401.900000
6434.675000
6466.800000
6498.525000
6530.450000
6562.725000
6594.750000
6626.325000
6658.150000
6690.300000
6721.875000
6753.125000
6785.425000
6817.800000
6848.625000
6880.325000
6912.275000
6943.025000
6974.675000
7006.200000
7037.325000
7068.900000
7100.175000
7130.625000
7162.425000
7192.925000
7224.025000
7255.100000
7285.950000
7317.100000
7347.325000
7379.000000
7408.525000
7440.125000
7469.775000
7501.225000
7530.675000
7561.850000
7591.825000
7622.775000
7652.775000
7683.300000
7713.600000
7743.175000
7773.700000
7803.100000
7833.525000
7863.625000
7893.100000
7923.575000
7952.800000
7982.500000
8012.975000
8042.600000
8073.175000
8102.650000
8131.900000
8162.175000
8191.525000
8220.650000
8250.275000
8280.125000
8308.575000
8338.200000
8368.150000
8397.125000
8426.125000
8455.525000
8484.825000
8513.700000
8542.400000
8571.675000
8601.400000
8630.325000
8658.375000
8687.275000
8716.100000
8745.775000
8774.550000
8802.800000
8830.775000
8859.575000
8887.725000
8916.800000
8945.775000
8974.025000
9002.625000
9030.525000
9058.375000
9086.225000
9114.050000
9142.575000
9170.775000
9198.625000
9226.425000
9254.350000
9282.125000
9309.925000
9337.725000
9365.475000
9393.175000
9420.850000
9448.550000
9476.225000
9503.925000
9530.800000
9558.375000
9586.050000
9613.750000
9641.550000
9669.250000
9696.975000
9724.700000
9752.425000
9780.225000
9807.950000
9835.700000
9863.450000
9891.300000
9918.625000
9946.300000
9973.850000
10001.450000
10029.175000
10056.600000
10083.450000
10109.875000
10136.275000
10163.775000
10191.425000
10218.400000
10245.925000
10273.550000
10300.775000
10328.050000
10355.325000
10381.900000
10408.375000
10435.925000
10463.475000
10490.950000
10518.325000
10545.900000
10573.525000
10600.300000
10626.675000
10654.025000
10680.575000
10708.125000
10735.650000
10763.125000
10790.800000
10818.225000
10845.850000
10873.450000
10900.100000
10926.500000
10953.075000
10980.475000
11008.050000
11035.475000
11063.125000
11090.825000
11118.250000
11145.850000
11173.475000
11200.125000
11226.500000
11253.150000
11280.500000
11308.075000
11335.525000
11363.150000
11390.875000
11418.275000
11445.875000
11473.500000
11500.200000
11526.550000
11553.525000
11580.575000
11608.150000
11635.700000
11663.125000
11690.800000
11718.225000
11745.850000
11773.450000
11800.100000
11826.500000
11853.075000
11880.475000
11908.050000
11935.475000
11963.125000
11990.825000
12018.250000
12045.850000
12073.475000
12100.150000
12126.525000
12153.200000
12180.500000
12208.100000
12235.575000
12263.150000
12290.875000
12318.275000
12345.875000
12373.500000
12400.200000
12426.550000
12453.525000
12480.575000
12508.150000
12535.700000
12563.125000
12590.800000
12618.225000
12645.850000
12673.450000
12700.100000
12726.500000
12753.075000
12780.475000
12808.050000
12835.475000
12863.125000
12890.825000
12918.250000
12945.850000
12973.475000
13000.150000
13026.525000
13053.225000
13080.525000
13108.100000
13135.575000
13163.150000
13190.850000
13218.275000
13245.875000
13273.500000
13300.175000
13326.550000
13353.475000
13380.575000
13408.150000
13435.700000
13463.125000
13490.800000
13518.225000
13545.850000
13573.450000
13600.125000
13626.500000
13653.100000
13680.475000
13708.050000
13735.500000
13763.125000
13790.825000
13818.250000
13845.850000
13873.475000
13900.150000
13926.525000
13953.250000
13980.525000
14008.100000
14035.600000
14063.150000
14090.850000
14118.275000
14145.850000
14173.475000
14200.175000
14226.525000
14253.350000
14280.550000
14308.125000
14335.675000
14363.125000
14390.825000
14418.250000
14445.850000
14473.450000
14500.125000
14526.500000
14553.125000
14580.500000
14608.075000
14635.525000
14663.150000
14690.850000
14718.275000
14745.875000
14773.500000
14800.200000
14826.550000
14853.500000
14880.575000
14908.150000
14935.700000
14963.125000
14990.800000
15018.225000
15045.850000
15073.450000
15100.125000
15126.500000
15153.100000
15180.475000
15208.050000
15235.475000
15263.125000
15290.825000
15318.250000
15345.850000
15373.475000
15400.150000
15426.525000
15453.225000
15480.525000
15508.100000
15535.600000
15563.150000
15590.850000
15618.275000
15645.875000
15673.500000
15700.175000
15726.550000
15753.450000
15780.575000
15808.150000
15835.675000
15863.125000
15890.800000
15918.225000
15945.850000
15973.450000
16000.125000
16026.500000
16053.100000
16080.475000
16108.050000
16135.500000
16163.125000
16190.850000
16218.275000
16245.850000
16273.475000
16300.175000
16326.525000
16353.300000
16380.550000
16408.125000
16435.625000
16463.150000
16490.825000
16518.250000
16545.850000
16573.475000
16600.150000
16626.525000
16653.225000
16680.525000
16708.100000
16735.575000
16763.150000
16790.850000
16818.275000
16845.875000
16873.500000
16900.175000
16926.550000
16953.500000
16980.575000
17008.150000
17035.700000
17063.125000
17090.800000
17118.225000
17145.850000
17173.450000
17200.125000
17226.500000
17253.100000
17280.475000
17308.050000
17335.475000
17363.125000
17390.825000
17418.250000
17445.850000
17473.475000
17500.150000
17526.525000
17553.250000
17580.525000
17608.100000
17635.600000
17663.150000
17690.850000
17718.275000
17745.875000
17773.500000
17800.175000
17826.550000
17853.400000
17880.575000
17908.125000
17935.675000
17963.125000
17990.800000
18018.250000
18045.850000
18073.450000
18100.125000
18126.500000
18153.100000
18180.475000
18208.050000
18235.500001
18263.150001
18290.850001
18318.275001
18345.850001
18373.500001
18400.175001
18426.525001
18453.375001
18480.550001
18508.125001
18535.675001
18563.125001
18590.800001
18618.250001
18645.850001
18673.450001
18700.125001
18726.500001
18753.125001
18780.475001
18808.050001
18835.500001
18863.150001
18890.850001
18918.275001
18945.875001
18973.500001
19000.175001
19026.550001
19053.425001
19080.575001
19108.150001
19135.675001
19163.125001
19190.800001
19218.225001
19245.850001
19273.450001
19300.125001
19326.500001
19353.100001
19380.475001
19408.050001
19435.500001
19463.125001
19490.850001
19518.275001
19545.850001
19573.475001
19600.175001
19626.525001
19653.300001
19680.550001
19708.125001
19735.650001
19763.150001
19790.825001
19818.250001
19845.850001
19873.475001
19900.150001
19926.525001
19953.200001
19980.500001
20008.100001
20035.575001
20063.150001
20090.850001
20118.300001
20145.900001
20173.575001
20201.225001
20228.275001
20255.800001
20283.275001
20309.900001
20337.075001
20364.000001
20391.675001
20419.325001
20447.025001
20474.750001
20502.500001
20530.300001
20558.075001
20585.850001
20613.650001
20641.525001
20669.275001
20697.075001
20724.850001
20752.650001
20780.425001
20808.225001
20836.000001
20863.800001
20891.675001
20919.475001
20947.275001
20975.100001
21002.975001
21030.750001
21058.700001
21087.325001
21115.350001
21143.325001
21172.200001
21201.275001
21229.875001
21258.225001
21286.175001
21314.500001
21343.225001
21372.350001
21401.400001
21430.275001
21458.350001
21487.050001
21516.475001
21545.775001
21574.725001
21602.925001
21631.925001
21661.200001
21690.500001
21719.375001
21748.400001
21777.775001
21807.175001
21836.050001
21865.225001
21895.200001
21924.800001
21954.050001
21983.650001
22013.575001
22042.875001
22073.200001
22102.650001
22131.975001
22162.425001
22191.675001
22221.050001
22251.475001
22280.650001
22311.050001
22341.375001
22370.850001
22401.425001
22430.700001
22461.325001
22491.575001
22521.650001
22552.525001
22582.800001
22613.625001
22644.025001
22674.800001
22705.475001
22735.925001
22766.775001
22797.150001
22828.225001
22858.450001
22890.175001
22920.600001
22951.725001
22982.600001
23013.775001
23045.600001
23076.225001
23107.850001
23139.200001
23170.325001
23202.300001
23234.250001
23265.300001
23297.025001
23329.100001
23360.050001
23391.700001
23423.700001
23455.525001
23486.950001
23519.250001
23551.400001
23583.350001
23615.100001
23647.125001
23679.700001
23712.425001
23744.575001
23776.450001
23808.425001
23841.425001
23873.925001
23906.925001
23939.875001
23972.675001
24005.575001
24038.300001
24071.000001
24104.050001
24136.575001
24169.600001
24202.725001
24235.925001
24269.250001
24302.575001
24335.900001
24369.325001
24402.700001
24436.050001
24469.500001
24502.975001
24536.525001
24570.600001
24604.375001
24638.600001
24673.150001
24707.525001
24741.675001
24775.975001
24810.475001
24845.625001
24880.200001
24914.425001
24949.425001
24984.725001
25019.350001
25054.175001
25089.375001
25124.700001
25159.650001
25195.450001
25230.475001
25265.975001
25301.900001
25337.425001
25373.500001
25408.750001
25445.350001
25480.900001
25517.725001
25553.700001
25590.350001
25626.350001
25663.150001
25699.900001
25736.150001
25773.425001
25809.875001
25847.000001
25884.475001
25921.250001
25958.400001
25996.050001
26033.625001
26070.975001
26108.500001
26146.750001
26184.975001
26223.400001
26261.750001
26300.400001
26338.925001
26377.625001
26416.500001
26455.450001
26494.500001
26533.750001
26573.450001
26613.025001
26652.675001
26692.500001
26732.600001
26773.250001
26813.550001
26854.000001
26894.750001
26935.675001
26976.475001
27018.000001
27059.200001
27101.200001
27142.825001
27184.975001
27227.075001
27269.525001
27312.450001
27355.325001
27398.350001
27441.700001
27485.550001
27529.775001
27574.175001
27618.925001
27663.725001
27708.650001
27754.125001
27799.950001
27846.225001
27892.775001
27940.000001
27987.300001
28035.400001
28084.075001
28133.150001
28182.725001
28233.125001
28284.350001
28336.075001
28388.825001
28442.600001
28497.550001
28553.925001
28612.075001
28672.050001
28734.750001
28800.725001
28871.525001
28950.750001
