200.000000
8.000000
2348.275000
2396.900000
2442.100000
2484.200000
2524.325000
2562.700000
2599.550000
2635.500000
2670.325000
2704.675000
2738.225000
2771.025000
2803.500000
2835.450000
2867.275000
2898.100000
2928.750000
2959.150000
2989.550000
3019.350000
3048.750000
3078.425000
3107.675000
3136.825000
3165.875000
3194.950000
3223.175000
3251.600000
3279.875000
3307.875000
3335.700000
3363.425000
3391.175000
3418.875000
3446.575000
3474.250000
3501.800000
3528.850000
3556.225000
3583.375000
3610.375000
3637.075000
3663.825000
3690.725000
3717.425000
3744.025000
3770.300000
3796.750000
3823.025000
3849.450000
3875.725000
3902.100000
3928.475000
3954.750000
3981.100000
4006.725000
4032.650000
4058.800000
4084.275000
4110.025000
4135.525000
4161.575000
4186.925000
4212.150000
4237.200000
4262.250000
4287.175000
4312.125000
4337.050000
4362.025000
4386.975000
4411.950000
4436.900000
4461.900000
4486.850000
4511.850000
4536.800000
4561.775000
4586.750000
4611.725000
4636.625000
4661.550000
4685.725000
4710.350000
4734.475000
4759.000000
4783.525000
4807.675000
4831.575000
4856.175000
4880.075000
4903.875000
4928.375000
4952.250000
4975.900000
5000.300000
5024.250000
5047.975000
5071.825000
5095.275000
5118.975000
5142.475000
5166.225000
5189.700000
5213.275000
5236.875000
5260.475000
5284.075000
5307.625000
5331.225000
5354.800000
5378.450000
5401.900000
5425.525000
5448.200000
5471.575000
5495.050000
5517.700000
5540.975000
5564.225000
5586.925000
5609.550000
5632.600000
5655.525000
5678.475000
5700.900000
5723.325000
5745.700000
5768.500000
5791.150000
5813.525000
5835.825000
5858.075000
5880.275000
5902.525000
5924.700000
5946.850000
5969.025000
5991.250000
6013.375000
6035.575000
6057.775000
6080.000000
6102.225000
6124.425000
6146.625000
6168.850000
6191.050000
6213.225000
6235.425000
6257.625000
6279.825000
6302.050000
6324.225000
6346.250000
6367.675000
6389.625000
6411.775000
6433.950000
6456.150000
6478.375000
6500.525000
6522.475000
6543.950000
6565.050000
6586.775000
6608.025000
6629.750000
6650.900000
6672.825000
6694.275000
6715.025000
6736.725000
6757.825000
6778.850000
6800.575000
6821.800000
6842.550000
6863.575000
6884.350000
6906.075000
6927.225000
6948.025000
6969.050000
6989.775000
7010.800000
7031.400000
7052.325000
7073.025000
7094.075000
7114.700000
7135.525000
7156.350000
7177.300000
7197.950000
7218.850000
7239.650000
7260.525000
7281.300000
7302.125000
7322.925000
7343.825000
7364.575000
7385.375000
7406.250000
7426.825000
7447.800000
7467.775000
7488.300000
7509.000000
7529.550000
7550.550000
7570.350000
7591.025000
7611.750000
7631.575000
7652.075000
7672.825000
7692.575000
7713.150000
7733.925000
7753.675000
7773.425000
7793.750000
7813.525000
7833.975000
7853.675000
7873.275000
7892.750000
7912.900000
7932.875000
7952.625000
7972.825000
7992.450000
8012.075000
8031.525000
8050.950000
8070.375000
8089.875000
8109.275000
8128.750000
8148.100000
8167.550000
8187.000000
8206.450000
8225.825000
8245.275000
8264.750000
8284.200000
8303.625000
8323.025000
8342.450000
8361.925000
8381.350000
8400.750000
8420.200000
8439.675000
8459.100000
8478.550000
8497.950000
8517.400000
8536.850000
8556.300000
8575.675000
8595.125000
8614.600000
8634.050000
8653.475000
8672.875000
8692.325000
8711.800000
8731.225000
8750.625000
8770.075000
8789.550000
8808.950000
8828.425000
8847.800000
8867.275000
8885.875000
8904.925000
8923.275000
8942.350000
8961.750000
8980.250000
8998.525000
9017.375000
9036.600000
9055.375000
9073.350000
9092.325000
9111.700000
9130.075000
9148.225000
9167.325000
9185.675000
9203.850000
9222.850000
9241.275000
9259.325000
9278.425000
9296.750000
9314.825000
9333.975000
9352.275000
9370.325000
9389.500000
9407.750000
9425.850000
9445.025000
9463.275000
9481.425000
9500.550000
9518.850000
9536.950000
9555.350000
9573.050000
9591.275000
9609.175000
9627.700000
9645.275000
9663.375000
9681.400000
9699.750000
9717.450000
9735.550000
9753.600000
9771.875000
9789.675000
9807.750000
9825.750000
9844.025000
9861.875000
9879.925000
9897.950000
9916.200000
9934.075000
9952.150000
9970.150000
9988.300000
10006.275000
10024.350000
10042.350000
10060.475000
10078.500000
10096.525000
10114.575000
10132.675000
10150.675000
10168.725000
10186.800000
10204.875000
10222.900000
10241.000000
10259.025000
10276.275000
10294.150000
10311.825000
10329.850000
10347.900000
10366.050000
10384.025000
10402.025000
10420.100000
10438.200000
10456.250000
10474.250000
10492.325000
10510.425000
10528.500000
10546.500000
10564.575000
10582.650000
10600.675000
10618.700000
10636.800000
10654.875000
10672.900000
10691.000000
10709.025000
10726.275000
10744.150000
10761.825000
10779.850000
10797.900000
10816.050000
10834.025000
10852.025000
10870.100000
10888.200000
10906.250000
10924.250000
10942.325000
10960.425000
10978.500000
10996.500000
11014.575000
11032.650000
11050.675000
11068.700000
11086.800000
11104.875000
11122.900000
11141.000000
11159.025000
11176.275000
11194.150000
11211.825000
11229.850000
11247.900000
11266.050000
11284.025000
11302.025000
11320.100000
11338.200000
11356.250000
11374.250000
11392.325000
11410.425000
11428.500000
11446.500000
11464.575000
11482.650000
11500.675000
11518.700000
11536.800000
11554.875000
11572.900000
11591.000000
11609.025000
11626.275000
11644.150000
11661.825000
11679.850000
11697.900000
11716.050000
11734.025000
11752.025000
11770.100000
11788.200000
11806.250000
11824.250000
11842.325000
11860.425000
11878.500000
11896.500000
11914.575000
11932.650000
11950.675000
11968.700000
11986.800000
12004.875000
12022.900000
12041.000000
12059.025000
12076.275000
12094.150000
12111.825000
12129.850000
12147.900000
12166.050000
12184.025000
12202.025000
12220.100000
12238.200000
12256.250000
12274.250000
12292.325000
12310.425000
12328.500000
12346.500000
12364.575000
12382.650000
12400.675000
12418.700000
12436.800000
12454.875000
12472.900000
12491.000000
12509.025000
12526.275000
12544.150000
12561.825000
12579.850000
12597.900000
12616.050000
12634.025000
12652.025000
12670.100000
12688.200000
12706.250000
12724.250000
12742.325000
12760.425000
12778.500000
12796.500000
12814.575000
12832.650000
12850.675000
12868.700000
12886.800000
12904.875000
12922.900000
12941.000000
12959.025000
12976.275000
12994.150000
13011.825000
13029.850000
13047.900000
13066.050000
13084.025000
13102.025000
13120.100000
13138.200000
13156.250000
13174.250000
13192.325000
13210.425000
13228.500000
13246.500000
13264.575000
13282.650000
13300.675000
13318.700000
13336.800000
13354.875000
13372.900000
13391.000000
13409.025000
13426.275000
13444.150000
13461.825000
13479.850000
13497.900000
13516.050000
13534.025000
13552.025000
13570.100000
13588.200000
13606.250000
13624.250000
13642.325000
13660.425000
13678.500000
13696.500000
13714.575000
13732.650000
13750.675000
13768.700000
13786.800000
13804.875000
13822.900000
13841.000000
13859.025000
13876.275000
13894.150000
13911.825000
13929.850000
13947.900000
13966.050000
13984.025000
14002.025000
14020.100000
14038.200000
14056.250000
14074.250000
14092.325000
14110.425000
14128.500000
14146.500000
14164.575000
14182.650000
14200.675000
14218.700000
14236.800000
14254.875000
14272.900000
14291.000000
14309.025000
14326.275000
14344.150000
14361.825000
14379.850000
14397.900000
14416.050000
14434.025000
14452.025000
14470.100000
14488.200000
14506.250000
14524.250000
14542.325000
14560.425000
14578.500000
14596.500000
14614.575000
14632.650000
14650.675000
14668.700000
14686.800000
14704.875000
14722.900000
14741.000000
14759.025000
14776.275000
14794.150000
14811.825000
14829.850000
14847.900000
14866.050000
14884.025000
14902.025000
14920.100000
14938.200000
14956.250000
14974.250000
14992.325000
15010.425000
15028.500000
15046.500000
15064.575000
15082.650000
15100.675000
15118.700000
15136.800000
15154.875000
15172.900000
15191.000000
15209.025000
15226.275000
15244.150000
15261.825000
15279.850000
15297.900000
15316.050000
15334.025000
15352.025000
15370.100000
15388.200000
15406.250000
15424.250000
15442.325000
15460.425000
15478.500000
15496.500000
15514.575000
15532.650000
15550.675000
15568.700000
15586.800000
15604.875000
15622.900000
15641.000000
15659.025000
15676.275000
15694.150000
15711.825000
15729.850000
15747.900000
15766.050000
15784.025000
15802.025000
15820.100000
15838.200000
15856.250000
15874.250000
15892.325000
15910.425000
15928.500000
15946.500000
15964.575000
15982.650000
16000.675000
16018.700000
16036.800000
16054.875000
16072.900000
16091.000000
16109.025000
16126.275000
16144.150000
16161.825000
16179.850000
16197.900000
16216.050000
16234.025000
16252.025000
16270.100000
16288.200000
16306.250000
16324.250000
16342.325000
16360.425000
16378.500000
16396.500000
16414.575000
16432.650000
16450.675000
16468.700000
16486.800000
16504.875000
16522.900000
16541.000000
16559.025000
16576.275000
16594.150000
16611.825000
16629.850000
16647.900000
16666.050000
16684.025000
16702.025000
16720.100000
16738.200000
16756.250000
16774.250000
16792.325000
16810.425000
16828.500000
16846.500000
16864.575000
16882.650000
16900.675000
16918.700000
16936.800000
16954.875000
16972.900000
16991.000000
17009.025000
17026.275000
17044.150000
17061.825000
17079.850000
17097.900000
17116.050000
17134.025000
17152.025000
17170.100000
17188.200000
17206.250000
17224.250000
17242.325000
17260.425000
17278.500000
17296.500000
17314.575000
17332.650000
17350.675000
17368.700000
17386.800000
17404.875000
17422.900000
17441.000000
17459.025000
17476.275000
17494.150000
17511.825000
17529.850000
17547.900000
17566.050000
17584.025000
17602.025000
17620.100000
17638.200000
17656.250000
17674.250000
17692.325000
17710.425000
17728.500000
17746.500000
17764.575000
17782.650000
17800.675000
17818.700000
17836.800000
17854.875000
17872.900000
17891.000000
17909.025000
17926.275000
17944.150000
17961.825000
17979.850000
17997.900000
18016.050000
18034.025000
18052.025000
18070.100000
18088.200000
18106.250000
18124.250000
18142.325000
18160.425000
18178.500000
18196.500000
18214.575000
18232.650001
18250.675001
18268.700001
18286.800001
18304.875001
18322.900001
18341.000001
18359.025001
18376.275001
18394.150001
18411.825001
18429.850001
18447.900001
18466.050001
18484.025001
18502.025001
18520.100001
18538.200001
18556.250001
18574.250001
18592.325001
18610.425001
18628.500001
18646.500001
18664.575001
18682.650001
18700.675001
18718.700001
18736.800001
18754.875001
18772.900001
18791.000001
18809.025001
18826.275001
18844.150001
18861.825001
18879.850001
18897.900001
18916.050001
18934.025001
18952.025001
18970.100001
18988.200001
19006.250001
19024.250001
19042.325001
19060.425001
19078.500001
19096.500001
19114.575001
19132.650001
19150.675001
19168.700001
19186.800001
19204.875001
19222.900001
19241.000001
19259.025001
19276.275001
19294.150001
19311.825001
19329.850001
19347.900001
19366.050001
19384.025001
19402.025001
19420.100001
19438.200001
19456.250001
19474.250001
19492.325001
19510.425001
19528.500001
19546.500001
19564.575001
19582.650001
19600.675001
19618.700001
19636.800001
19654.875001
19672.900001
19691.000001
19709.025001
19726.275001
19744.150001
19761.825001
19779.850001
19797.900001
19816.050001
19834.025001
19852.025001
19870.100001
19888.200001
19906.250001
19924.250001
19942.325001
19960.425001
19978.500001
19996.500001
20014.575001
20032.650001
20050.675001
20068.700001
20086.800001
20104.875001
20122.900001
20141.025001
20159.050001
20177.175001
20195.150001
20213.225001
20231.300001
20249.475001
20267.375001
20285.475001
20303.550001
20321.750001
20339.650001
20357.725001
20375.750001
20394.050001
20411.900001
20429.975001
20447.975001
20466.375001
20484.150001
20502.275001
20520.225001
20538.550001
20556.400001
20574.550001
20592.475001
20610.900001
20628.675001
20646.825001
20664.750001
20683.875001
20702.175001
20720.250001
20739.475001
20757.725001
20775.850001
20795.025001
20813.325001
20831.475001
20850.600001
20868.950001
20887.050001
20906.200001
20924.550001
20942.600001
20961.775001
20980.100001
20998.200001
21017.300001
21035.700001
21053.925001
21072.875001
21091.475001
21109.750001
21128.525001
21147.800001
21167.250001
21185.675001
21204.825001
21223.175001
21242.350001
21261.750001
21280.350001
21299.400001
21317.750001
21336.825001
21356.225001
21375.600001
21395.075001
21414.500001
21433.975001
21453.425001
21472.850001
21492.300001
21511.800001
21531.225001
21550.650001
21570.100001
21589.600001
21609.050001
21628.500001
21647.900001
21667.375001
21686.850001
21706.300001
21725.725001
21745.175001
21764.650001
21784.125001
21803.575001
21822.975001
21842.425001
21861.925001
21881.375001
21900.800001
21920.250001
21939.750001
21959.200001
21978.675001
21998.050001
22017.525001
22037.025001
22056.500001
22075.875001
22095.350001
22114.850001
22134.350001
22153.775001
22173.200001
22192.625001
22212.225001
22231.650001
22251.075001
22270.500001
22290.800001
22310.775001
22331.000001
22350.800001
22370.450001
22390.950001
22411.675001
22431.425001
22451.325001
22471.625001
22492.250001
22512.075001
22532.625001
22553.400001
22573.175001
22593.825001
22614.525001
22634.475001
22654.975001
22675.625001
22695.675001
22716.200001
22736.800001
22757.575001
22778.475001
22799.275001
22820.100001
22841.000001
22861.825001
22882.700001
22903.500001
22924.375001
22945.175001
22966.150001
22986.875001
23007.725001
23028.575001
23049.575001
23070.200001
23091.175001
23111.950001
23132.925001
23153.650001
23174.575001
23195.300001
23217.125001
23238.250001
23259.175001
23280.150001
23300.950001
23322.800001
23344.000001
23364.825001
23386.125001
23407.550001
23428.700001
23450.600001
23471.975001
23492.725001
23514.525001
23535.725001
23557.525001
23578.775001
23600.650001
23622.800001
23644.950001
23667.125001
23688.625001
23710.425001
23731.800001
23753.550001
23775.625001
23797.825001
23820.025001
23842.275001
23864.525001
23886.750001
23909.000001
23931.225001
23953.475001
23975.675001
23997.900001
24020.150001
24042.400001
24064.650001
24086.900001
24109.125001
24131.375001
24153.625001
24175.800001
24198.050001
24220.300001
24242.550001
24264.825001
24287.075001
24309.325001
24331.575001
24353.875001
24376.050001
24398.325001
24420.625001
24443.200001
24466.100001
24489.450001
24512.025001
24535.250001
24557.950001
24581.200001
24603.850001
24627.100001
24650.600001
24673.300001
24696.575001
24720.075001
24742.900001
24766.200001
24789.600001
24813.175001
24836.800001
24860.400001
24884.050001
24907.675001
24931.300001
24954.975001
24978.600001
25002.250001
25025.800001
25049.625001
25073.075001
25096.850001
25120.350001
25144.750001
25168.750001
25192.525001
25217.175001
25241.150001
25264.950001
25289.525001
25313.475001
25337.800001
25361.950001
25386.700001
25411.250001
25435.500001
25460.250001
25484.575001
25509.100001
25534.025001
25558.975001
25584.000001
25609.000001
25634.025001
25659.050001
25684.075001
25709.100001
25734.150001
25759.150001
25784.200001
25809.225001
25834.300001
25859.325001
25884.425001
25909.475001
25935.125001
25960.575001
25986.125001
26011.825001
26037.175001
26063.125001
26089.375001
26114.875001
26141.000001
26167.300001
26193.275001
26219.200001
26245.225001
26271.600001
26297.950001
26324.400001
26350.800001
26377.325001
26403.700001
26430.175001
26456.650001
26483.800001
26510.550001
26537.200001
26564.475001
26591.425001
26618.700001
26645.700001
26672.975001
26700.625001
26728.425001
26756.225001
26784.025001
26811.850001
26839.700001
26867.500001
26895.350001
26923.225001
26951.150001
26979.625001
27007.850001
27036.625001
27064.900001
27093.725001
27122.800001
27151.875001
27181.125001
27210.350001
27239.650001
27268.950001
27298.175001
27328.050001
27357.700001
27387.325001
27417.400001
27447.775001
27478.375001
27508.975001
27539.650001
27570.275001
27601.000001
27631.900001
27663.200001
27694.950001
27726.325001
27757.950001
27789.875001
27822.125001
27854.650001
27887.200001
27920.200001
27953.575001
27987.025001
28020.625001
28054.850001
28089.600001
28124.500001
28159.575001
28195.275001
28231.425001
28267.975001
28305.075001
28342.725001
28381.325001
28420.425001
28460.525001
28501.750001
28544.000001
28587.525001
28632.850001
28680.575001
28731.500001
28787.550001
