1.000000
33.000000
1832.325000
1901.550000
1963.700000
2020.675000
2074.550000
2125.875000
2175.325000
2223.500000
2270.050000
2315.575000
2360.075000
2403.850000
2446.875000
2489.200000
2530.725000
2572.100000
2613.050000
2653.550000
2693.825000
2733.975000
2773.700000
2813.175000
2852.425000
2891.450000
2930.225000
2968.950000
3007.550000
3045.925000
3084.225000
3122.175000
3159.750000
3197.275000
3234.975000
3272.375000
3309.525000
3346.825000
3384.175000
3420.875000
3457.900000
3494.725000
3531.075000
3568.000000
3604.150000
3640.575000
3676.450000
3712.725000
3748.475000
3784.650000
3820.200000
3856.425000
3891.775000
3927.425000
3963.025000
3998.300000
4033.600000
4068.925000
4104.000000
4138.925000
4173.800000
4208.300000
4242.950000
4277.700000
4312.425000
4346.875000
4380.875000
4415.225000
4449.525000
4484.100000
4518.300000
4552.425000
4586.075000
4619.725000
4653.675000
4687.375000
4720.800000
4754.275000
4787.575000
4820.825000
4854.175000
4887.350000
4920.525000
4953.725000
4986.550000
5019.550000
5052.625000
5085.725000
5118.825000
5151.800000
5184.800000
5217.825000
5250.275000
5282.875000
5315.225000
5347.325000
5380.125000
5412.600000
5445.050000
5477.300000
5509.450000
5541.550000
5573.675000
5605.600000
5637.275000
5669.200000
5701.275000
5732.875000
5764.100000
5796.075000
5827.725000
5858.550000
5890.475000
5921.850000
5952.850000
5984.675000
6015.400000
6046.900000
6078.175000
6108.825000
6140.450000
6170.950000
6202.350000
6233.300000
6263.800000
6294.950000
6325.275000
6356.775000
6386.675000
6418.050000
6448.300000
6479.225000
6509.250000
6540.275000
6570.200000
6601.275000
6630.700000
6661.250000
6691.500000
6721.075000
6751.525000
6780.950000
6811.450000
6841.525000
6870.925000
6901.325000
6930.525000
6960.275000
6990.550000
7019.650000
7049.600000
7079.625000
7108.525000
7138.525000
7168.175000
7197.225000
7226.375000
7256.200000
7285.800000
7314.600000
7344.450000
7373.700000
7402.650000
7431.475000
7460.975000
7490.275000
7519.200000
7547.450000
7576.350000
7605.500000
7634.675000
7663.475000
7691.750000
7720.525000
7748.750000
7777.775000
7806.825000
7835.375000
7863.775000
7891.850000
7920.375000
7948.625000
7976.625000
8005.475000
8033.725000
8062.525000
8090.850000
8119.250000
8147.150000
8174.975000
8202.800000
8230.550000
8258.300000
8286.075000
8313.825000
8341.650000
8369.400000
8397.150000
8424.900000
8452.650000
8480.375000
8508.100000
8535.850000
8563.600000
8591.425000
8619.125000
8646.825000
8674.575000
8702.325000
8730.175000
8757.850000
8785.625000
8813.375000
8841.175000
8868.525000
8896.000000
8923.600000
8951.200000
8977.950000
9004.725000
9031.850000
9058.350000
9085.850000
9112.975000
9140.375000
9167.875000
9194.250000
9220.700000
9247.200000
9274.425000
9301.475000
9328.825000
9355.250000
9380.950000
9408.175000
9434.950000
9461.800000
9488.300000
9514.300000
9541.550000
9568.150000
9594.475000
9620.325000
9647.100000
9673.675000
9699.575000
9725.250000
9752.375000
9779.200000
9804.500000
9830.525000
9857.100000
9883.100000
9908.375000
9934.950000
9960.950000
9986.125000
10012.650000
10037.850000
10063.800000
10090.325000
10115.350000
10141.550000
10168.000000
10193.000000
10219.200000
10245.625000
10270.650000
10296.900000
10323.275000
10348.425000
10374.700000
10401.075000
10426.200000
10452.475000
10478.975000
10504.050000
10530.275000
10556.400000
10581.825000
10608.075000
10634.375000
10659.425000
10685.825000
10712.050000
10737.325000
10763.625000
10789.850000
10815.100000
10841.475000
10867.900000
10892.925000
10919.150000
10945.500000
10970.650000
10996.925000
11023.275000
11048.425000
11074.700000
11101.075000
11126.200000
11152.475000
11178.975000
11204.050000
11230.275000
11256.400000
11281.825000
11308.075000
11334.375000
11359.425000
11385.825000
11412.050000
11437.325000
11463.625000
11489.850000
11515.100000
11541.475000
11567.900000
11592.925000
11619.150000
11645.500000
11670.650000
11696.925000
11723.275000
11748.425000
11774.700000
11801.075000
11826.200000
11852.475000
11878.975000
11904.050000
11930.275000
11956.400000
11981.825000
12008.075000
12034.375000
12059.425000
12085.825000
12112.050000
12137.325000
12163.625000
12189.850000
12215.100000
12241.475000
12267.900000
12292.925000
12319.150000
12345.500000
12370.650000
12396.925000
12423.275000
12448.425000
12474.700000
12501.075000
12526.200000
12552.475000
12578.975000
12604.050000
12630.275000
12656.400000
12681.825000
12708.075000
12734.375000
12759.425000
12785.825000
12812.050000
12837.325000
12863.625000
12889.850000
12915.100000
12941.475000
12967.900000
12992.925000
13019.150000
13045.500000
13070.650000
13096.925000
13123.275000
13148.425000
13174.700000
13201.075000
13226.200000
13252.475000
13278.975000
13304.050000
13330.275000
13356.400000
13381.825000
13408.075000
13434.375000
13459.425000
13485.825000
13512.050000
13537.325000
13563.625000
13589.850000
13615.100000
13641.475000
13667.900000
13692.925000
13719.150000
13745.500000
13770.650000
13796.925000
13823.275000
13848.425000
13874.700000
13901.075000
13926.200000
13952.475000
13978.975000
14004.050000
14030.275000
14056.400000
14081.825000
14108.075000
14134.375000
14159.425000
14185.825000
14212.050000
14237.325000
14263.625000
14289.850000
14315.100000
14341.475000
14367.900000
14392.925000
14419.150000
14445.500000
14470.650000
14496.925000
14523.275000
14548.425000
14574.700000
14601.075000
14626.200000
14652.475000
14678.975000
14704.050000
14730.275000
14756.400000
14781.825000
14808.075000
14834.375000
14859.425000
14885.825000
14912.050000
14937.325000
14963.625000
14989.850000
15015.100000
15041.475000
15067.900000
15092.925000
15119.150000
15145.500000
15170.650000
15196.925000
15223.275000
15248.425000
15274.700000
15301.075000
15326.200000
15352.475000
15378.975000
15404.050000
15430.275000
15456.400000
15481.825000
15508.075000
15534.375000
15559.425000
15585.825000
15612.050000
15637.325000
15663.625000
15689.850000
15715.100000
15741.475000
15767.900000
15792.925000
15819.150000
15845.500000
15870.650000
15896.925000
15923.275000
15948.425000
15974.700000
16001.075000
16026.200000
16052.475000
16078.975000
16104.050000
16130.275000
16156.400000
16181.825000
16208.075000
16234.375000
16259.425000
16285.825000
16312.050000
16337.325000
16363.625000
16389.850000
16415.100000
16441.475000
16467.900000
16492.925000
16519.150000
16545.500000
16570.650000
16596.925000
16623.275000
16648.425000
16674.700000
16701.075000
16726.200000
16752.475000
16778.975000
16804.050000
16830.275000
16856.400000
16881.825000
16908.075000
16934.375000
16959.425000
16985.825000
17012.050000
17037.325000
17063.625000
17089.850000
17115.100000
17141.475000
17167.900000
17192.925000
17219.150000
17245.500000
17270.650000
17296.925000
17323.275000
17348.425000
17374.700000
17401.075000
17426.200000
17452.475000
17478.975000
17504.050000
17530.275000
17556.400000
17581.825000
17608.075000
17634.375000
17659.425000
17685.825000
17712.050000
17737.325000
17763.625000
17789.850000
17815.100000
17841.475000
17867.900000
17892.925000
17919.150000
17945.500000
17970.650000
17996.925000
18023.275000
18048.425000
18074.700000
18101.075000
18126.200000
18152.475000
18178.975000
18204.050000
18230.275001
18256.400001
18281.825001
18308.075001
18334.375001
18359.425001
18385.825001
18412.050001
18437.325001
18463.625001
18489.850001
18515.100001
18541.475001
18567.900001
18592.925001
18619.150001
18645.500001
18670.650001
18696.925001
18723.275001
18748.425001
18774.700001
18801.075001
18826.200001
18852.475001
18878.975001
18904.050001
18930.275001
18956.400001
18981.825001
19008.075001
19034.375001
19059.425001
19085.825001
19112.050001
19137.325001
19163.625001
19189.850001
19215.100001
19241.475001
19267.900001
19292.925001
19319.150001
19345.500001
19370.650001
19396.925001
19423.275001
19448.425001
19474.700001
19501.075001
19526.200001
19552.475001
19578.975001
19604.050001
19630.275001
19656.400001
19681.825001
19708.075001
19734.375001
19759.425001
19785.825001
19812.050001
19837.325001
19863.625001
19889.850001
19915.100001
19941.475001
19967.900001
19992.925001
20019.150001
20045.500001
20070.650001
20096.925001
20123.375001
20148.475001
20174.750001
20201.275001
20226.350001
20252.625001
20279.200001
20304.400001
20330.475001
20357.075001
20383.150001
20408.400001
20435.500001
20462.475001
20487.875001
20513.925001
20541.175001
20568.050001
20593.750001
20620.375001
20647.125001
20673.775001
20700.875001
20726.700001
20752.975001
20780.325001
20807.100001
20834.125001
20861.025001
20887.275001
20913.825001
20941.300001
20968.175001
20995.650001
21022.175001
21048.575001
21075.075001
21102.575001
21130.000001
21157.300001
21184.800001
21212.400001
21239.250001
21266.725001
21293.200001
21320.525001
21347.325001
21374.900001
21402.525001
21430.225001
21457.925001
21485.700001
21513.500001
21541.375001
21569.075001
21596.900001
21624.700001
21652.500001
21680.300001
21708.075001
21735.875001
21763.675001
21791.550001
21819.325001
21847.100001
21874.900001
21902.725001
21930.500001
21958.275001
21986.075001
22013.900001
22041.825001
22069.700001
22098.075001
22126.375001
22154.550001
22183.300001
22212.200001
22240.550001
22269.200001
22297.225001
22325.375001
22354.175001
22382.875001
22412.325001
22441.150001
22469.475001
22498.275001
22526.725001
22556.450001
22585.650001
22613.950001
22643.000001
22672.200001
22701.425001
22730.375001
22759.100001
22788.850001
22818.175001
22847.150001
22876.275001
22905.775001
22935.550001
22964.700001
22994.825001
23024.650001
23054.050001
23083.900001
23113.675001
23143.050001
23173.450001
23202.725001
23232.325001
23262.675001
23292.200001
23323.100001
23352.750001
23383.100001
23413.450001
23443.175001
23473.725001
23503.850001
23534.650001
23564.100001
23595.400001
23625.200001
23656.475001
23686.300001
23717.850001
23747.900001
23779.300001
23809.650001
23840.750001
23871.400001
23902.625001
23933.625001
23964.050001
23995.750001
24026.350001
24057.875001
24089.125001
24120.175001
24152.050001
24183.600001
24214.850001
24246.775001
24278.925001
24309.875001
24341.575001
24373.575001
24405.325001
24436.575001
24469.050001
24501.300001
24533.175001
24564.975001
24597.075001
24629.475001
24662.050001
24694.350001
24726.325001
24758.375001
24791.300001
24823.800001
24856.800001
24889.325001
24922.175001
24954.875001
24987.625001
25020.550001
25053.350001
25086.225001
25119.375001
25152.575001
25185.850001
25219.200001
25252.550001
25285.900001
25319.325001
25352.725001
25386.100001
25419.625001
25453.450001
25487.400001
25521.050001
25555.350001
25589.650001
25623.925001
25658.125001
25692.425001
25726.750001
25761.450001
25796.075001
25830.500001
25865.150001
25900.025001
25934.950001
25969.575001
26004.750001
26040.275001
26075.100001
26110.575001
26146.150001
26181.600001
26217.650001
26252.950001
26288.850001
26324.725001
26360.725001
26396.900001
26433.100001
26469.275001
26505.650001
26541.875001
26578.900001
26615.225001
26652.200001
26689.150001
26726.050001
26763.375001
26800.950001
26838.225001
26875.725001
26913.525001
26951.350001
26989.075001
27026.800001
27064.900001
27102.925001
27141.425001
27180.025001
27218.800001
27257.750001
27296.775001
27335.800001
27374.875001
27413.950001
27453.400001
27493.000001
27532.825001
27573.050001
27613.275001
27653.575001
27694.150001
27734.800001
27775.375001
27816.500001
27857.700001
27898.950001
27940.625001
27982.225001
28024.325001
28066.600001
28108.800001
28151.550001
28194.400001
28237.375001
28280.600001
28324.325001
28368.325001
28412.575001
28457.075001
28501.875001
28547.000001
28592.475001
28638.375001
28684.725001
28731.275001
28778.575001
28826.050001
28874.175001
28922.850001
28972.000001
29021.750001
29072.200001
29123.400001
29175.225001
29228.000001
29281.675001
29336.350001
29392.275001
29449.550001
29508.400001
29569.250001
29632.550001
29699.200001
29770.600001
29849.650001
