10.000000
4.000000
888.400000
981.700000
1069.425000
1151.725000
1229.850000
1304.375000
1375.925000
1445.300000
1512.350000
1577.075000
1640.075000
1700.800000
1759.125000
1815.000000
1868.800000
1920.625000
1970.750000
2019.625000
2067.775000
2114.775000
2161.175000
2207.000000
2252.275000
2297.075000
2341.450000
2385.550000
2429.350000
2472.625000
2515.450000
2558.075000
2600.625000
2642.725000
2684.650000
2726.025000
2767.650000
2808.375000
2849.100000
2890.025000
2930.275000
2970.425000
3010.425000
3050.400000
3090.125000
3129.525000
3168.825000
3207.950000
3246.850000
3285.625000
3324.250000
3362.725000
3401.050000
3438.850000
3476.350000
3513.800000
3551.375000
3588.650000
3625.750000
3663.150000
3700.125000
3736.500000
3773.475000
3809.625000
3845.975000
3881.925000
3918.100000
3953.925000
3990.000000
4025.225000
4060.925000
4096.375000
4131.725000
4167.125000
4202.350000
4237.250000
4272.125000
4306.950000
4341.450000
4375.875000
4410.425000
4445.325000
4479.725000
4513.700000
4547.400000
4581.250000
4615.150000
4648.550000
4681.975000
4715.250000
4748.475000
4781.725000
4814.825000
4848.025000
4880.850000
4913.775000
4946.825000
4979.900000
5012.725000
5045.625000
5077.900000
5109.950000
5142.300000
5174.775000
5207.050000
5238.950000
5270.700000
5302.575000
5334.675000
5366.375000
5397.600000
5429.775000
5461.300000
5492.725000
5524.275000
5555.750000
5586.350000
5618.025000
5648.550000
5680.000000
5710.975000
5741.600000
5772.400000
5802.750000
5833.425000
5863.725000
5894.350000
5924.725000
5955.175000
5985.675000
6015.550000
6045.925000
6075.750000
6106.625000
6136.000000
6165.750000
6195.925000
6225.125000
6255.225000
6284.900000
6313.900000
6343.175000
6373.300000
6402.500000
6431.625000
6461.025000
6490.325000
6519.275000
6548.125000
6577.300000
6606.875000
6635.725000
6663.925000
6692.875000
6721.050000
6750.025000
6779.075000
6807.450000
6835.950000
6863.875000
6892.100000
6920.625000
6948.575000
6976.425000
7004.450000
7032.475000
7061.000000
7088.875000
7116.875000
7144.775000
7173.200000
7201.250000
7229.175000
7256.925000
7284.675000
7312.400000
7340.125000
7367.875000
7395.475000
7423.000000
7450.775000
7478.400000
7505.775000
7533.000000
7559.750000
7586.225000
7613.650000
7640.850000
7668.125000
7695.500000
7722.050000
7748.475000
7774.975000
7801.750000
7829.125000
7855.475000
7881.475000
7908.200000
7934.875000
7961.175000
7987.025000
8013.700000
8040.325000
8066.400000
8091.925000
8118.575000
8145.550000
8170.825000
8197.050000
8223.500000
8248.600000
8274.775000
8301.100000
8326.250000
8352.350000
8378.150000
8403.475000
8430.150000
8455.675000
8480.575000
8506.900000
8531.525000
8557.575000
8583.175000
8608.225000
8633.500000
8658.300000
8683.625000
8708.350000
8733.775000
8758.375000
8784.100000
8808.425000
8834.325000
8858.400000
8883.550000
8908.250000
8933.125000
8958.075000
8982.100000
9007.200000
9030.875000
9056.800000
9080.550000
9105.325000
9130.200000
9154.200000
9179.225000
9202.825000
9226.575000
9251.475000
9275.075000
9298.800000
9323.675000
9347.250000
9370.925000
9395.825000
9419.400000
9443.025000
9467.900000
9491.550000
9514.150000
9538.525000
9562.725000
9586.075000
9609.475000
9633.425000
9657.225000
9680.525000
9704.025000
9727.125000
9751.500000
9774.925000
9797.450000
9820.875000
9844.525000
9868.150000
9891.550000
9913.950000
9936.375000
9959.800000
9983.325000
10006.975000
10030.250000
10052.800000
10075.150000
10098.025000
10121.000000
10144.475000
10168.100000
10191.300000
10213.850000
10236.200000
10258.550000
10281.825000
10304.550000
10328.050000
10351.500000
10374.725000
10397.250000
10419.625000
10442.900000
10465.425000
10488.775000
10512.425000
10535.225000
10558.275000
10580.650000
10603.175000
10626.425000
10648.900000
10672.550000
10695.975000
10719.250000
10741.725000
10764.000000
10786.425000
10809.750000
10832.575000
10856.925000
10880.175000
10902.775000
10925.150000
10947.975000
10971.000000
10994.475000
11018.100000
11041.300000
11063.850000
11086.200000
11108.550000
11131.825000
11154.550000
11178.050000
11201.500000
11224.725000
11247.250000
11269.625000
11292.875000
11315.425000
11338.775000
11362.425000
11385.225000
11408.275000
11430.650000
11453.175000
11476.425000
11498.900000
11522.525000
11545.950000
11569.225000
11591.725000
11614.000000
11636.400000
11659.725000
11682.450000
11706.850000
11730.050000
11752.775000
11775.150000
11798.075000
11821.000000
11844.450000
11868.075000
11891.250000
11913.850000
11936.200000
11958.550000
11981.825000
12004.575000
12028.125000
12051.550000
12074.800000
12097.250000
12119.625000
12142.925000
12165.450000
12188.825000
12212.450000
12235.300000
12258.275000
12280.650000
12303.350000
12326.500000
12349.700000
12373.575000
12396.200000
12419.400000
12441.800000
12464.100000
12487.275000
12509.925000
12533.400000
12556.975000
12580.200000
12602.775000
12625.150000
12647.950000
12671.000000
12694.475000
12718.100000
12741.275000
12763.850000
12786.200000
12808.550000
12831.825000
12854.550000
12878.075000
12901.500000
12924.750000
12947.250000
12969.625000
12992.900000
13015.425000
13038.775000
13062.425000
13085.225000
13108.275000
13130.650000
13153.200000
13176.425000
13198.925000
13222.625000
13246.000000
13269.300000
13291.750000
13314.025000
13336.475000
13359.825000
13383.175000
13406.875000
13430.000000
13452.775000
13475.150000
13498.075000
13521.000000
13544.450000
13568.075000
13591.250000
13613.850000
13636.200000
13658.550000
13681.825000
13704.575000
13728.150000
13751.550000
13774.800000
13797.250000
13819.650000
13842.925000
13865.450000
13888.825000
13912.450000
13935.300000
13958.300000
13980.650000
14003.375000
14026.525000
14049.850000
14073.575000
14096.150000
14119.375000
14141.800000
14164.075000
14187.125000
14209.975000
14233.475000
14257.025000
14280.275000
14302.800000
14325.150000
14348.000000
14371.000000
14394.475000
14418.100000
14441.300000
14463.850000
14486.200000
14508.550000
14531.825000
14554.550000
14578.050000
14601.500000
14624.725000
14647.250000
14669.625000
14692.900000
14715.425000
14738.775000
14762.425000
14785.225000
14808.275000
14830.650000
14853.175000
14876.425000
14898.900000
14922.550000
14945.975000
14969.250000
14991.725000
15014.025000
15036.425000
15059.750000
15082.675000
15106.950000
15130.225000
15152.775000
15175.150000
15197.975000
15221.000000
15244.475000
15268.100000
15291.300000
15313.850000
15336.200000
15358.550000
15381.825000
15404.550000
15428.050000
15451.500000
15474.725000
15497.250000
15519.625000
15542.875000
15565.425000
15588.775000
15612.425000
15635.225000
15658.275000
15680.650000
15703.175000
15726.425000
15748.900000
15772.525000
15795.950000
15819.225000
15841.725000
15864.000000
15886.400000
15909.725000
15932.475000
15956.875000
15980.050000
16002.775000
16025.150000
16048.075000
16071.000000
16094.450000
16118.075000
16141.275000
16163.850000
16186.200000
16208.550000
16231.825000
16254.550000
16278.125000
16301.525000
16324.800000
16347.250000
16369.625000
16392.925000
16415.450000
16438.800000
16462.425000
16485.275000
16508.275000
16530.650000
16553.300000
16576.500000
16599.425000
16623.625000
16646.525000
16669.475000
16691.950000
16714.900000
16737.750000
16761.250000
16784.800000
16808.000000
16830.550000
16852.950000
16875.900000
16898.750000
16922.100000
16945.800000
16968.450000
16991.650000
17013.950000
17036.300000
17059.300000
17082.225000
17105.775000
17129.350000
17152.525000
17175.025000
17197.400000
17220.550000
17243.200000
17266.725000
17290.300000
17313.300000
17336.075000
17358.425000
17380.825000
17404.250000
17426.650000
17450.175000
17473.675000
17496.800000
17519.475000
17541.900000
17564.575000
17587.825000
17611.400000
17634.900000
17658.125000
17680.575000
17702.975000
17726.125000
17748.725000
17771.525000
17795.850000
17818.875000
17841.725000
17864.025000
17886.450000
17909.775000
17933.025000
17956.900000
17980.075000
18002.775000
18025.150000
18048.050000
18071.000000
18094.475000
18118.100000
18141.275000
18163.850000
18186.200000
18208.550000
18231.825001
18254.550001
18278.075001
18301.500001
18324.750001
18347.250001
18369.625001
18392.900001
18415.425001
18438.775001
18462.425001
18485.225001
18508.275001
18530.650001
18553.200001
18576.450001
18598.925001
18622.850001
18646.150001
18669.400001
18691.800001
18714.100001
18737.325001
18759.925001
18783.400001
18807.000001
18830.225001
18852.775001
18875.150001
18897.950001
18921.000001
18944.475001
18968.100001
18991.300001
19013.850001
19036.200001
19058.550001
19081.825001
19104.550001
19128.075001
19151.500001
19174.725001
19197.250001
19219.625001
19242.900001
19265.425001
19288.775001
19312.425001
19335.225001
19358.275001
19380.650001
19403.200001
19426.425001
19448.925001
19472.600001
19496.000001
19519.275001
19541.750001
19564.025001
19586.450001
19609.775001
19632.950001
19656.925001
19680.125001
19702.775001
19725.150001
19748.000001
19771.000001
19794.475001
19818.100001
19841.300001
19863.850001
19886.200001
19908.550001
19931.825001
19954.550001
19978.050001
20001.500001
20024.725001
20047.250001
20069.625001
20092.900001
20115.450001
20138.925001
20162.550001
20185.800001
20208.350001
20230.775001
20254.275001
20277.800001
20301.450001
20324.825001
20347.350001
20370.800001
20394.400001
20418.175001
20441.625001
20464.075001
20487.675001
20512.375001
20535.900001
20558.500001
20582.175001
20606.975001
20630.450001
20654.050001
20678.000001
20702.225001
20725.950001
20751.000001
20774.900001
20798.550001
20823.475001
20847.150001
20870.850001
20895.825001
20919.450001
20943.225001
20968.175001
20991.825001
21016.775001
21041.500001
21065.300001
21090.375001
21113.975001
21139.000001
21163.700001
21187.725001
21213.125001
21237.600001
21262.850001
21287.425001
21312.675001
21336.900001
21362.725001
21387.375001
21412.725001
21437.425001
21462.875001
21487.625001
21513.500001
21538.750001
21563.775001
21589.125001
21613.925001
21640.250001
21664.975001
21691.200001
21716.875001
21741.850001
21768.125001
21793.150001
21819.250001
21845.600001
21870.725001
21896.925001
21923.375001
21948.575001
21974.800001
22001.300001
22026.475001
22052.700001
22079.300001
22105.475001
22130.750001
22157.925001
22184.700001
22210.875001
22236.450001
22263.650001
22290.400001
22317.300001
22343.675001
22370.675001
22397.200001
22424.325001
22451.500001
22479.025001
22505.625001
22532.075001
22558.525001
22585.950001
22613.475001
22641.000001
22668.450001
22695.975001
22723.600001
22751.275001
22779.050001
22806.750001
22834.500001
22862.325001
22890.150001
22918.000001
22945.800001
22973.625001
23001.450001
23029.550001
23057.900001
23085.900001
23113.775001
23141.700001
23169.550001
23197.525001
23226.100001
23254.275001
23282.875001
23311.875001
23340.750001
23369.350001
23397.575001
23426.350001
23455.425001
23484.600001
23513.475001
23542.100001
23571.000001
23600.800001
23630.225001
23658.950001
23688.825001
23718.175001
23747.200001
23776.400001
23806.650001
23835.900001
23865.300001
23895.625001
23924.925001
23954.875001
23985.350001
24015.225001
24045.725001
24075.175001
24105.650001
24135.875001
24166.400001
24196.900001
24227.350001
24258.075001
24288.775001
24319.300001
24350.125001
24380.550001
24412.050001
24442.875001
24474.025001
24505.425001
24536.100001
24567.950001
24598.700001
24630.350001
24662.300001
24693.325001
24724.975001
24757.025001
24788.800001
24820.575001
24852.600001
24884.850001
24917.450001
24949.800001
24981.900001
25013.950001
25046.875001
25079.825001
25112.750001
25145.775001
25179.000001
25212.175001
25245.550001
25279.000001
25312.375001
25345.775001
25379.325001
25412.975001
25446.875001
25480.450001
25514.000001
25548.150001
25582.150001
25616.600001
25651.125001
25685.600001
25720.150001
25755.225001
25790.175001
25824.825001
25859.650001
25895.075001
25930.325001
25965.450001
26001.225001
26036.275001
26072.200001
26108.000001
26144.100001
26180.250001
26216.600001
26252.675001
26289.275001
26325.950001
26362.975001
26400.000001
26436.900001
26474.475001
26512.200001
26549.650001
26587.250001
26624.925001
26663.100001
26701.400001
26739.925001
26778.700001
26817.650001
26856.700001
26895.725001
26934.875001
26974.325001
27013.800001
27053.625001
27093.650001
27134.225001
27174.625001
27215.100001
27255.975001
27296.975001
27338.225001
27380.000001
27421.775001
27463.650001
27505.850001
27548.200001
27591.100001
27634.275001
27677.450001
27720.750001
27764.325001
27808.275001
27852.550001
27897.075001
27941.900001
27987.125001
28032.800001
28078.975001
28125.025001
28171.725001
28218.925001
28266.475001
28314.100001
28362.500001
28411.150001
28460.350001
28510.150001
28560.525001
28611.475001
28663.025001
28715.100001
28767.950001
28821.300001
28875.525001
28930.500001
28986.150001
29042.750001
29100.300001
29158.775001
29218.500001
29279.375001
29341.525001
29405.225001
29470.675001
29538.200001
29608.275001
29681.225001
29757.775001
29838.775001
29926.575001
30027.200001
30598.725001
30712.450001
31206.325001
31320.325001
31814.100001
31928.125001
32421.400001
32535.350001
33028.400001
33142.375001
33635.350001
33749.325001
34242.300001
34356.275001
34849.225001
34963.175001
