10.000000
27.000000
1439.500000
1516.350000
1585.900000
1649.200000
1708.350000
1764.250000
1818.175000
1870.000000
1920.500000
1969.525000
2017.675000
2064.175000
2109.700000
2154.225000
2197.900000
2241.100000
2283.325000
2324.825000
2365.725000
2406.500000
2446.525000
2485.975000
2524.925000
2563.600000
2602.050000
2640.275000
2678.000000
2715.325000
2752.600000
2789.950000
2826.550000
2863.475000
2900.075000
2936.200000
2972.750000
3008.675000
3045.025000
3080.700000
3116.650000
3152.325000
3187.700000
3223.425000
3258.350000
3293.500000
3329.050000
3363.750000
3398.500000
3433.350000
3468.100000
3502.600000
3537.050000
3571.500000
3606.275000
3640.700000
3674.825000
3708.550000
3742.675000
3776.375000
3810.075000
3844.000000
3877.750000
3911.225000
3944.775000
3978.450000
4012.150000
4045.600000
4078.975000
4112.200000
4145.425000
4178.650000
4211.525000
4244.450000
4276.850000
4309.575000
4341.925000
4374.675000
4407.200000
4439.900000
4472.150000
4504.175000
4536.075000
4568.350000
4600.675000
4632.725000
4664.600000
4696.875000
4729.050000
4760.525000
4792.175000
4824.100000
4855.775000
4887.100000
4918.850000
4950.450000
4981.675000
5013.175000
5044.500000
5075.150000
5106.800000
5137.375000
5168.425000
5199.025000
5230.275000
5261.025000
5291.600000
5322.300000
5352.675000
5383.300000
5413.675000
5444.200000
5474.675000
5505.050000
5535.675000
5565.625000
5596.025000
5626.025000
5656.675000
5686.075000
5716.350000
5746.250000
5776.125000
5806.350000
5835.975000
5865.400000
5895.650000
5924.875000
5954.250000
5984.250000
6013.650000
6042.900000
6072.350000
6101.625000
6130.550000
6159.675000
6188.950000
6218.150000
6247.100000
6276.000000
6305.300000
6334.600000
6363.475000
6391.900000
6420.725000
6449.400000
6479.025000
6507.650000
6536.050000
6564.150000
6592.925000
6620.975000
6649.725000
6678.550000
6707.125000
6735.675000
6763.775000
6791.750000
6819.600000
6847.525000
6875.650000
6904.075000
6931.875000
6959.675000
6987.450000
7015.200000
7042.950000
7070.625000
7098.325000
7125.975000
7153.775000
7180.975000
7208.450000
7236.075000
7263.725000
7291.475000
7319.100000
7346.750000
7374.450000
7402.175000
7430.075000
7457.675000
7485.350000
7512.925000
7540.425000
7567.975000
7595.100000
7622.325000
7648.750000
7675.550000
7702.750000
7730.200000
7757.150000
7784.525000
7811.075000
7837.425000
7863.850000
7891.150000
7918.100000
7944.625000
7970.825000
7997.200000
8023.900000
8051.125000
8076.625000
8102.875000
8130.025000
8156.925000
8182.850000
8208.550000
8235.675000
8262.425000
8287.750000
8313.850000
8340.400000
8366.500000
8391.825000
8418.275000
8444.300000
8469.575000
8495.950000
8521.150000
8547.175000
8573.600000
8598.625000
8624.775000
8650.850000
8676.225000
8702.275000
8728.025000
8752.950000
8779.300000
8804.300000
8830.300000
8855.675000
8880.550000
8906.825000
8930.875000
8957.075000
8981.925000
9007.675000
9033.075000
9058.200000
9083.425000
9108.250000
9133.450000
9158.275000
9183.425000
9208.250000
9233.325000
9258.200000
9283.050000
9308.125000
9332.350000
9358.025000
9382.125000
9407.550000
9432.025000
9457.225000
9480.975000
9506.975000
9530.625000
9555.675000
9580.375000
9604.350000
9629.425000
9653.050000
9678.300000
9702.750000
9726.575000
9751.525000
9775.125000
9799.700000
9824.375000
9848.525000
9873.550000
9897.200000
9920.875000
9945.825000
9969.425000
9993.100000
10018.050000
10041.650000
10065.150000
10089.525000
10113.775000
10137.225000
10161.600000
10185.975000
10209.150000
10234.550000
10258.200000
10281.375000
10306.800000
10330.450000
10354.075000
10378.575000
10402.700000
10426.275000
10450.775000
10474.900000
10498.500000
10523.025000
10547.125000
10570.725000
10595.350000
10619.350000
10642.975000
10667.875000
10691.575000
10714.275000
10739.050000
10763.525000
10786.325000
10811.000000
10835.125000
10858.425000
10882.225000
10907.075000
10930.550000
10954.300000
10979.225000
11002.725000
11026.325000
11051.125000
11074.875000
11098.300000
11122.625000
11147.050000
11170.400000
11195.375000
11219.350000
11242.975000
11267.900000
11291.575000
11314.300000
11339.050000
11363.550000
11386.325000
11411.000000
11435.125000
11458.425000
11482.250000
11507.075000
11530.550000
11554.300000
11579.225000
11602.750000
11626.325000
11651.125000
11674.875000
11698.300000
11722.625000
11747.050000
11770.425000
11795.275000
11819.375000
11843.000000
11867.925000
11891.575000
11914.350000
11939.125000
11963.625000
11986.350000
12011.075000
12035.250000
12058.475000
12082.825000
12107.575000
12130.775000
12155.600000
12180.025000
12203.150000
12227.875000
12252.050000
12275.625000
12301.125000
12324.900000
12348.400000
12372.650000
12397.050000
12420.475000
12445.125000
12469.350000
12493.000000
12517.925000
12541.575000
12564.375000
12589.200000
12613.650000
12636.375000
12661.150000
12685.450000
12708.550000
12733.300000
12757.450000
12780.700000
12805.375000
12829.625000
12852.950000
12876.650000
12901.475000
12925.025000
12948.650000
12973.550000
12997.150000
13020.700000
13045.175000
13069.350000
13093.000000
13117.925000
13141.575000
13164.350000
13189.125000
13213.600000
13236.350000
13261.050000
13285.225000
13308.475000
13332.600000
13357.500000
13380.750000
13405.550000
13429.900000
13453.150000
13477.850000
13501.925000
13525.300000
13549.925000
13573.925000
13597.350000
13621.025000
13645.900000
13669.450000
13693.100000
13718.025000
13741.625000
13764.925000
13789.650000
13813.775000
13837.300000
13861.600000
13885.975000
13909.025000
13934.550000
13958.225000
13981.400000
14006.775000
14030.450000
14054.075000
14078.500000
14102.700000
14126.275000
14150.850000
14174.900000
14198.475000
14222.875000
14247.125000
14270.725000
14295.350000
14319.350000
14342.975000
14367.875000
14391.575000
14414.300000
14439.050000
14463.525000
14486.325000
14511.000000
14535.125000
14558.425000
14582.225000
14607.075000
14630.550000
14654.300000
14679.225000
14702.725000
14726.325000
14751.125000
14774.875000
14798.300000
14822.625000
14847.050000
14870.400000
14895.375000
14919.350000
14942.975000
14967.900000
14991.575000
15014.300000
15039.075000
15063.550000
15086.325000
15111.000000
15135.150000
15158.425000
15182.250000
15207.075000
15230.550000
15254.300000
15279.225000
15302.750000
15326.325000
15351.150000
15374.875000
15398.300000
15422.650000
15447.050000
15470.450000
15495.200000
15519.375000
15543.000000
15567.925000
15591.575000
15614.375000
15639.200000
15663.650000
15686.375000
15711.150000
15735.450000
15758.550000
15783.300000
15807.450000
15830.700000
15855.375000
15879.625000
15902.950000
15926.650000
15951.500000
15975.025000
15998.650000
16023.550000
16047.150000
16070.700000
16095.200000
16119.350000
16143.000000
16167.925000
16191.575000
16214.350000
16239.125000
16263.600000
16286.350000
16311.050000
16335.200000
16358.475000
16382.550000
16407.450000
16430.725000
16455.450000
16479.725000
16503.000000
16526.925000
16551.650000
16575.125000
16598.800000
16623.675000
16647.225000
16670.850000
16695.750000
16719.350000
16742.950000
16767.850000
16791.575000
16814.275000
16839.025000
16863.500000
16886.325000
16911.000000
16935.125000
16958.425000
16982.225000
17007.075000
17030.550000
17054.300000
17079.225000
17102.725000
17126.325000
17151.125000
17174.875000
17198.300000
17222.625000
17247.050000
17270.425000
17295.350000
17319.350000
17342.975000
17367.900000
17391.575000
17414.325000
17439.075000
17463.575000
17486.325000
17511.025000
17535.150000
17558.425000
17582.275000
17607.100000
17630.575000
17654.325000
17679.225000
17702.750000
17726.350000
17751.200000
17774.875000
17798.300000
17822.625000
17847.050000
17870.425000
17895.350000
17919.350000
17942.975000
17967.900000
17991.575000
18014.325000
18039.075000
18063.575000
18086.325000
18111.025000
18135.150000
18158.425000
18182.275000
18207.100000
18230.575001
18254.325001
18279.225001
18302.750001
18326.350001
18351.200001
18374.875001
18398.300001
18422.625001
18447.050001
18470.425001
18495.350001
18519.350001
18542.975001
18567.900001
18591.575001
18614.325001
18639.075001
18663.575001
18686.325001
18711.025001
18735.150001
18758.450001
18782.275001
18807.100001
18830.575001
18854.325001
18879.225001
18902.750001
18926.350001
18951.200001
18974.875001
18998.300001
19022.625001
19047.050001
19070.400001
19095.375001
19119.350001
19142.975001
19167.900001
19191.575001
19214.300001
19239.075001
19263.550001
19286.325001
19311.000001
19335.150001
19358.425001
19382.250001
19407.075001
19430.550001
19454.300001
19479.225001
19502.750001
19526.325001
19551.150001
19574.875001
19598.300001
19622.650001
19647.050001
19670.450001
19695.200001
19719.375001
19743.000001
19767.925001
19791.575001
19814.375001
19839.200001
19863.650001
19886.375001
19911.150001
19935.450001
19958.550001
19983.300001
20007.450001
20030.700001
20055.400001
20079.625001
20102.950001
20126.725001
20151.550001
20175.075001
20198.800001
20223.700001
20247.275001
20271.000001
20295.950001
20319.525001
20343.400001
20368.325001
20392.050001
20417.900001
20441.675001
20465.525001
20490.575001
20514.100001
20539.400001
20563.850001
20588.575001
20613.600001
20637.575001
20662.700001
20686.350001
20712.350001
20736.150001
20761.200001
20785.975001
20810.475001
20835.925001
20860.600001
20885.950001
20910.875001
20935.925001
20960.850001
20985.950001
21011.025001
21035.975001
21061.125001
21086.025001
21111.250001
21136.075001
21161.750001
21186.325001
21212.600001
21237.450001
21263.375001
21288.900001
21313.850001
21340.150001
21364.600001
21391.325001
21416.950001
21441.875001
21468.175001
21493.200001
21519.300001
21545.650001
21570.725001
21596.900001
21623.225001
21648.550001
21674.775001
21701.225001
21726.375001
21752.625001
21779.175001
21804.500001
21830.525001
21857.100001
21883.275001
21908.525001
21935.650001
21962.450001
21988.300001
22014.175001
22041.450001
22068.075001
22094.375001
22120.525001
22147.125001
22173.775001
22200.850001
22227.300001
22254.125001
22280.525001
22307.800001
22334.875001
22362.100001
22388.850001
22415.300001
22441.825001
22469.250001
22496.200001
22523.650001
22551.200001
22578.025001
22605.325001
22632.025001
22658.700001
22686.075001
22713.675001
22741.375001
22768.875001
22796.675001
22824.550001
22852.375001
22880.225001
22908.000001
22935.800001
22963.600001
22991.475001
23019.225001
23047.025001
23074.825001
23102.625001
23130.425001
23158.225001
23186.025001
23213.825001
23241.725001
23269.550001
23297.425001
23325.600001
23354.150001
23382.100001
23410.700001
23439.225001
23468.050001
23496.575001
23524.975001
23553.250001
23581.975001
23610.850001
23640.000001
23668.675001
23697.275001
23726.150001
23755.250001
23784.600001
23813.525001
23842.200001
23871.225001
23901.200001
23930.275001
23959.050001
23988.825001
24018.175001
24047.200001
24076.375001
24106.300001
24135.875001
24165.225001
24195.350001
24224.850001
24254.325001
24284.600001
24313.825001
24343.550001
24373.825001
24403.750001
24434.350001
24463.875001
24494.275001
24524.575001
24554.675001
24585.475001
24615.650001
24646.425001
24676.625001
24707.625001
24738.250001
24769.200001
24799.925001
24830.425001
24861.250001
24891.775001
24923.275001
24954.000001
24985.175001
25016.500001
25047.225001
25079.025001
25109.750001
25141.375001
25173.050001
25204.300001
25235.875001
25267.875001
25298.925001
25330.550001
25362.600001
25394.400001
25426.125001
25458.100001
25490.325001
25522.325001
25554.275001
25586.175001
25618.850001
25651.425001
25684.000001
25716.725001
25748.900001
25781.650001
25814.000001
25847.000001
25880.075001
25913.250001
25946.525001
25980.000001
26013.400001
26046.825001
26080.250001
26113.625001
26147.075001
26180.475001
26213.875001
26247.425001
26281.200001
26315.175001
26348.925001
26383.200001
26417.650001
26451.850001
26486.050001
26520.475001
26555.150001
26590.050001
26624.650001
26659.375001
26694.350001
26729.375001
26764.050001
26799.275001
26834.825001
26869.950001
26905.600001
26941.275001
26976.700001
27012.650001
27048.375001
27084.600001
27120.500001
27156.925001
27192.975001
27229.600001
27266.225001
27302.775001
27339.850001
27376.500001
27413.600001
27451.000001
27488.225001
27525.700001
27563.475001
27601.300001
27639.025001
27676.850001
27715.000001
27753.150001
27791.600001
27830.225001
27869.025001
27907.975001
27947.025001
27986.075001
28025.400001
28065.025001
28104.825001
28145.000001
28185.275001
28225.625001
28266.400001
28307.200001
28348.175001
28389.600001
28431.025001
28472.975001
28514.950001
28557.275001
28599.800001
28642.600001
28685.775001
28729.300001
28773.125001
28817.350001
28861.950001
28906.900001
28952.175001
28997.875001
29044.125001
29090.825001
29138.000001
29185.825001
29234.350001
29283.475001
29333.475001
29384.525001
29436.575001
29490.100001
29545.025001
29601.550001
29659.650001
29719.475001
29781.050001
29844.500001
29909.900001
29977.475001
30047.625001
30120.450001
30194.625001
30270.625001
30348.950001
30430.125001
30514.675001
30603.000001
30696.575001
30801.175001
31275.950001
31582.900001
31914.425001
32242.775001
32570.975001
32899.500001
33228.100001
33556.225001
33884.250001
34212.825001
34541.550001
34869.775001
