200.000000
0.000000
1702.275000
1750.750000
1794.175000
1834.625000
1873.100000
1910.350000
1946.525000
1981.575000
2016.050000
2049.825000
2082.900000
2115.875000
2148.125000
2180.100000
2211.900000
2243.525000
2274.650000
2305.900000
2336.750000
2367.400000
2397.925000
2428.450000
2458.850000
2488.800000
2518.725000
2548.250000
2578.250000
2607.675000
2637.000000
2666.275000
2695.300000
2724.425000
2753.500000
2782.525000
2811.600000
2840.100000
2868.750000
2897.500000
2925.725000
2953.875000
2982.100000
3010.275000
3038.300000
3066.275000
3094.075000
3121.800000
3149.475000
3177.175000
3204.875000
3232.550000
3260.225000
3287.375000
3314.625000
3342.200000
3369.225000
3396.450000
3423.225000
3450.525000
3477.300000
3503.950000
3531.000000
3557.650000
3584.200000
3610.700000
3637.000000
3663.375000
3689.725000
3716.125000
3742.375000
3768.750000
3795.100000
3821.400000
3847.750000
3873.500000
3899.375000
3925.550000
3951.050000
3977.000000
4002.775000
4028.450000
4053.800000
4079.675000
4105.025000
4130.425000
4156.100000
4181.325000
4206.500000
4231.500000
4256.550000
4281.475000
4306.450000
4331.400000
4356.375000
4381.325000
4406.325000
4431.275000
4456.250000
4481.225000
4506.200000
4531.150000
4556.150000
4581.075000
4606.025000
4630.200000
4654.825000
4679.600000
4703.675000
4728.400000
4752.600000
4776.975000
4800.900000
4825.525000
4849.550000
4873.325000
4897.725000
4921.675000
4945.375000
4969.575000
4993.000000
5017.200000
5041.025000
5064.700000
5088.425000
5111.975000
5135.550000
5159.125000
5182.775000
5206.325000
5229.900000
5253.500000
5277.125000
5300.650000
5324.275000
5347.825000
5371.375000
5395.000000
5418.375000
5441.325000
5464.550000
5487.925000
5510.925000
5534.000000
5557.300000
5580.025000
5603.400000
5625.900000
5649.150000
5672.025000
5695.025000
5717.525000
5740.775000
5763.300000
5786.025000
5808.900000
5831.325000
5853.725000
5875.925000
5898.150000
5920.375000
5942.575000
5964.825000
5987.000000
6009.200000
6031.400000
6053.625000
6075.775000
6097.975000
6120.175000
6142.400000
6164.625000
6186.825000
6209.050000
6231.250000
6253.475000
6275.625000
6297.825000
6320.050000
6342.250000
6364.475000
6386.675000
6408.875000
6431.050000
6453.200000
6474.650000
6496.500000
6518.525000
6539.850000
6561.775000
6583.900000
6605.475000
6627.050000
6648.150000
6670.050000
6691.425000
6713.050000
6734.225000
6756.150000
6777.475000
6798.200000
6820.000000
6841.150000
6862.175000
6883.900000
6905.000000
6925.850000
6947.625000
6968.750000
6989.725000
7010.975000
7031.475000
7052.475000
7073.075000
7094.450000
7114.775000
7135.625000
7156.400000
7177.400000
7197.975000
7218.900000
7239.675000
7260.550000
7281.300000
7302.150000
7322.925000
7343.850000
7364.575000
7385.400000
7406.250000
7427.100000
7447.850000
7468.700000
7489.525000
7510.350000
7531.175000
7551.900000
7572.775000
7592.650000
7613.200000
7633.975000
7654.000000
7674.350000
7695.050000
7714.900000
7735.375000
7756.150000
7775.875000
7796.475000
7817.225000
7836.975000
7857.525000
7878.325000
7897.975000
7917.900000
7938.125000
7957.900000
7978.400000
7998.000000
8017.750000
8037.350000
8057.500000
8077.425000
8097.100000
8117.225000
8136.875000
8156.500000
8175.900000
8195.400000
8214.850000
8234.325000
8253.700000
8273.100000
8292.525000
8312.025000
8331.425000
8350.825000
8370.250000
8389.750000
8409.150000
8428.625000
8447.975000
8467.450000
8486.900000
8506.350000
8525.725000
8545.175000
8564.625000
8584.075000
8603.500000
8622.925000
8642.350000
8661.825000
8681.250000
8700.650000
8720.075000
8739.550000
8758.975000
8778.450000
8797.825000
8817.275000
8836.725000
8856.175000
8875.575000
8895.025000
8914.450000
8933.925000
8953.350000
8972.775000
8992.125000
9011.050000
9029.825000
9048.250000
9067.325000
9086.675000
9106.100000
9124.600000
9142.875000
9161.800000
9180.700000
9199.400000
9217.625000
9236.725000
9256.075000
9274.500000
9292.650000
9311.750000
9330.100000
9348.225000
9367.275000
9385.600000
9403.825000
9422.800000
9441.175000
9459.275000
9478.375000
9496.675000
9514.800000
9533.925000
9552.200000
9570.275000
9589.450000
9607.675000
9625.800000
9644.975000
9663.200000
9681.350000
9700.500000
9718.750000
9736.875000
9755.200000
9773.000000
9791.225000
9809.125000
9827.550000
9845.200000
9863.325000
9881.350000
9899.650000
9917.400000
9935.500000
9953.550000
9971.775000
9989.625000
10007.700000
10025.700000
10043.925000
10061.825000
10079.900000
10097.900000
10116.125000
10134.050000
10152.125000
10170.125000
10188.275000
10206.275000
10224.350000
10242.350000
10260.500000
10278.500000
10296.575000
10314.600000
10332.725000
10350.675000
10368.800000
10386.825000
10404.950000
10422.900000
10441.050000
10459.025000
10477.225000
10495.125000
10513.200000
10531.250000
10549.450000
10567.350000
10585.425000
10603.500000
10621.675000
10639.600000
10657.650000
10675.675000
10693.875000
10711.825000
10729.875000
10747.900000
10766.125000
10784.050000
10802.125000
10820.125000
10838.275000
10856.275000
10874.350000
10892.350000
10910.500000
10928.500000
10946.575000
10964.600000
10982.725000
11000.675000
11018.800000
11036.800000
11054.950000
11072.900000
11091.050000
11109.025000
11127.225000
11145.125000
11163.200000
11181.250000
11199.450000
11217.350000
11235.425000
11253.500000
11271.675000
11289.600000
11307.650000
11325.675000
11343.875000
11361.825000
11379.875000
11397.900000
11416.125000
11434.050000
11452.125000
11470.125000
11488.275000
11506.275000
11524.350000
11542.350000
11560.500000
11578.500000
11596.575000
11614.600000
11632.725000
11650.675000
11668.800000
11686.800000
11704.950000
11722.900000
11741.050000
11759.025000
11777.225000
11795.125000
11813.200000
11831.250000
11849.450000
11867.350000
11885.425000
11903.500000
11921.675000
11939.600000
11957.650000
11975.675000
11993.875000
12011.825000
12029.875000
12047.900000
12066.125000
12084.050000
12102.125000
12120.125000
12138.275000
12156.275000
12174.350000
12192.350000
12210.500000
12228.500000
12246.575000
12264.600000
12282.725000
12300.675000
12318.800000
12336.800000
12354.950000
12372.900000
12391.050000
12409.025000
12427.225000
12445.125000
12463.200000
12481.250000
12499.450000
12517.350000
12535.425000
12553.500000
12571.675000
12589.600000
12607.650000
12625.675000
12643.875000
12661.825000
12679.875000
12697.900000
12716.125000
12734.050000
12752.125000
12770.125000
12788.275000
12806.275000
12824.350000
12842.350000
12860.500000
12878.500000
12896.575000
12914.600000
12932.725000
12950.675000
12968.800000
12986.800000
13004.950000
13022.900000
13041.050000
13059.025000
13077.225000
13095.125000
13113.200000
13131.250000
13149.450000
13167.350000
13185.425000
13203.500000
13221.675000
13239.600000
13257.650000
13275.675000
13293.875000
13311.825000
13329.875000
13347.900000
13366.125000
13384.050000
13402.125000
13420.125000
13438.275000
13456.275000
13474.350000
13492.350000
13510.500000
13528.500000
13546.575000
13564.600000
13582.725000
13600.675000
13618.800000
13636.800000
13654.950000
13672.900000
13691.050000
13709.025000
13727.225000
13745.125000
13763.200000
13781.250000
13799.450000
13817.350000
13835.425000
13853.500000
13871.675000
13889.600000
13907.650000
13925.675000
13943.875000
13961.825000
13979.875000
13997.900000
14016.125000
14034.050000
14052.125000
14070.125000
14088.275000
14106.275000
14124.350000
14142.350000
14160.500000
14178.500000
14196.575000
14214.600000
14232.725000
14250.675000
14268.800000
14286.800000
14304.950000
14322.900000
14341.050000
14359.025000
14377.225000
14395.125000
14413.200000
14431.250000
14449.450000
14467.350000
14485.425000
14503.500000
14521.675000
14539.600000
14557.650000
14575.675000
14593.875000
14611.825000
14629.875000
14647.900000
14666.125000
14684.050000
14702.125000
14720.125000
14738.275000
14756.275000
14774.350000
14792.350000
14810.500000
14828.500000
14846.575000
14864.600000
14882.725000
14900.675000
14918.800000
14936.800000
14954.950000
14972.900000
14991.050000
15009.025000
15027.225000
15045.125000
15063.200000
15081.250000
15099.450000
15117.350000
15135.425000
15153.500000
15171.675000
15189.600000
15207.650000
15225.675000
15243.875000
15261.825000
15279.875000
15297.900000
15316.125000
15334.050000
15352.125000
15370.125000
15388.275000
15406.275000
15424.350000
15442.350000
15460.500000
15478.500000
15496.575000
15514.600000
15532.725000
15550.675000
15568.800000
15586.800000
15604.950000
15622.900000
15641.050000
15659.025000
15677.225000
15695.125000
15713.200000
15731.250000
15749.450000
15767.350000
15785.425000
15803.500000
15821.675000
15839.600000
15857.650000
15875.675000
15893.875000
15911.825000
15929.875000
15947.900000
15966.125000
15984.050000
16002.125000
16020.125000
16038.275000
16056.275000
16074.350000
16092.350000
16110.500000
16128.500000
16146.575000
16164.600000
16182.725000
16200.675000
16218.800000
16236.800000
16254.950000
16272.900000
16291.050000
16309.025000
16327.225000
16345.125000
16363.200000
16381.250000
16399.450000
16417.350000
16435.425000
16453.500000
16471.675000
16489.600000
16507.650000
16525.675000
16543.875000
16561.825000
16579.875000
16597.900000
16616.125000
16634.050000
16652.125000
16670.125000
16688.275000
16706.275000
16724.350000
16742.350000
16760.500000
16778.500000
16796.575000
16814.600000
16832.725000
16850.675000
16868.800000
16886.800000
16904.950000
16922.900000
16941.050000
16959.025000
16977.225000
16995.125000
17013.200000
17031.250000
17049.450000
17067.350000
17085.425000
17103.500000
17121.675000
17139.600000
17157.650000
17175.675000
17193.875000
17211.825000
17229.875000
17247.900000
17266.125000
17284.050000
17302.125000
17320.125000
17338.275000
17356.275000
17374.350000
17392.350000
17410.500000
17428.500000
17446.575000
17464.600000
17482.725000
17500.675000
17518.800000
17536.800000
17554.950000
17572.900000
17591.050000
17609.025000
17627.225000
17645.125000
17663.200000
17681.250000
17699.450000
17717.350000
17735.425000
17753.500000
17771.675000
17789.600000
17807.650000
17825.675000
17843.875000
17861.825000
17879.875000
17897.900000
17916.125000
17934.050000
17952.125000
17970.125000
17988.275000
18006.275000
18024.350000
18042.350000
18060.500000
18078.500000
18096.575000
18114.600000
18132.725000
18150.675000
18168.800000
18186.800000
18204.950000
18222.900000
18241.050001
18259.025001
18277.225001
18295.125001
18313.200001
18331.250001
18349.450001
18367.350001
18385.425001
18403.500001
18421.675001
18439.600001
18457.650001
18475.675001
18493.875001
18511.825001
18529.875001
18547.900001
18566.125001
18584.050001
18602.125001
18620.125001
18638.275001
18656.275001
18674.350001
18692.350001
18710.500001
18728.500001
18746.575001
18764.600001
18782.725001
18800.675001
18818.800001
18836.800001
18854.950001
18872.900001
18891.050001
18909.025001
18927.225001
18945.125001
18963.200001
18981.250001
18999.450001
19017.350001
19035.425001
19053.500001
19071.675001
19089.600001
19107.650001
19125.675001
19143.875001
19161.825001
19179.875001
19197.900001
19216.125001
19234.050001
19252.125001
19270.125001
19288.275001
19306.275001
19324.350001
19342.350001
19360.500001
19378.500001
19396.575001
19414.600001
19432.725001
19450.675001
19468.800001
19486.800001
19504.950001
19522.900001
19541.050001
19559.025001
19577.225001
19595.125001
19613.200001
19631.250001
19649.450001
19667.350001
19685.425001
19703.500001
19721.675001
19739.600001
19757.650001
19775.675001
19793.875001
19811.825001
19829.875001
19847.900001
19866.125001
19884.050001
19902.125001
19920.125001
19938.275001
19956.275001
19974.350001
19992.350001
20010.500001
20028.500001
20046.575001
20064.600001
20082.725001
20100.675001
20118.825001
20136.825001
20154.975001
20172.925001
20191.100001
20209.075001
20227.325001
20245.175001
20263.275001
20281.325001
20299.650001
20317.400001
20335.525001
20353.600001
20372.050001
20389.700001
20407.825001
20425.775001
20444.950001
20463.175001
20481.325001
20500.475001
20518.775001
20536.900001
20556.075001
20574.350001
20592.450001
20611.675001
20629.925001
20648.050001
20667.225001
20685.500001
20703.725001
20722.800001
20741.150001
20759.275001
20778.400001
20796.750001
20814.900001
20833.950001
20852.350001
20870.425001
20889.525001
20907.900001
20926.100001
20945.075001
20963.550001
20982.525001
21000.875001
21020.050001
21039.450001
21057.900001
21077.050001
21095.425001
21114.550001
21133.950001
21153.325001
21172.750001
21191.575001
21210.450001
21229.775001
21248.250001
21267.350001
21286.750001
21306.175001
21325.575001
21345.050001
21364.500001
21383.975001
21403.425001
21422.850001
21442.275001
21461.775001
21481.225001
21500.650001
21520.100001
21539.575001
21559.025001
21578.500001
21597.900001
21617.375001
21636.850001
21656.300001
21675.700001
21695.175001
21714.650001
21734.125001
21753.575001
21773.000001
21792.450001
21811.975001
21831.400001
21850.825001
21870.275001
21889.800001
21909.225001
21928.750001
21948.075001
21967.600001
21987.075001
22006.600001
22025.900001
22045.450001
22064.950001
22084.575001
22104.150001
22124.225001
22144.250001
22164.400001
22184.125001
22203.850001
22224.175001
22244.700001
22264.575001
22284.375001
22304.775001
22324.825001
22345.075001
22364.850001
22385.350001
22406.125001
22425.875001
22446.500001
22467.250001
22487.125001
22507.625001
22528.425001
22548.275001
22568.800001
22589.550001
22610.300001
22631.150001
22651.925001
22672.800001
22693.000001
22713.325001
22734.050001
22754.900001
22775.650001
22796.550001
22817.350001
22838.250001
22859.050001
22879.900001
22900.725001
22921.700001
22942.400001
22963.275001
22984.150001
23005.100001
23025.775001
23046.750001
23067.500001
23088.625001
23109.200001
23130.150001
23150.900001
23172.725001
23193.850001
23214.750001
23235.900001
23256.750001
23278.375001
23299.575001
23320.375001
23342.225001
23363.350001
23385.075001
23406.325001
23428.375001
23449.800001
23470.775001
23492.325001
23514.300001
23535.550001
23557.550001
23578.975001
23600.650001
23622.800001
23644.975001
23667.200001
23689.400001
23711.625001
23733.875001
23756.125001
23778.375001
23800.575001
23822.825001
23845.050001
23867.300001
23889.550001
23911.800001
23934.050001
23956.275001
23978.525001
24000.725001
24022.975001
24045.200001
24067.450001
24089.725001
24111.975001
24134.225001
24156.475001
24178.750001
24200.925001
24223.200001
24245.450001
24267.750001
24290.475001
24313.125001
24335.625001
24358.825001
24381.325001
24403.900001
24426.900001
24449.700001
24472.800001
24495.350001
24518.675001
24542.100001
24564.725001
24588.100001
24611.650001
24634.450001
24657.625001
24681.175001
24704.625001
24728.350001
24751.825001
24775.500001
24798.425001
24821.750001
24845.150001
24868.800001
24892.350001
24916.075001
24939.650001
24963.275001
24986.900001
25010.600001
25034.200001
25057.875001
25081.475001
25105.400001
25128.975001
25153.300001
25177.200001
25200.975001
25225.475001
25249.475001
25273.375001
25297.800001
25321.975001
25346.400001
25370.350001
25395.050001
25419.850001
25444.100001
25468.700001
25493.300001
25517.550001
25542.325001
25567.275001
25592.250001
25617.275001
25642.275001
25667.300001
25692.325001
25717.350001
25742.375001
25767.425001
25792.450001
25817.500001
25842.525001
25867.600001
25892.625001
25917.775001
25942.825001
25968.550001
25993.950001
26019.875001
26045.225001
26070.675001
26096.500001
26122.675001
26148.100001
26174.250001
26200.525001
26226.100001
26252.150001
26278.475001
26304.775001
26331.175001
26357.575001
26384.025001
26410.450001
26436.875001
26463.325001
26489.800001
26516.450001
26542.700001
26569.775001
26596.525001
26623.200001
26650.500001
26677.350001
26704.625001
26731.500001
26758.950001
26786.475001
26813.500001
26841.025001
26868.700001
26896.450001
26924.225001
26952.050001
26979.875001
27007.725001
27035.575001
27063.475001
27091.575001
27119.900001
27147.975001
27176.075001
27204.675001
27233.000001
27261.750001
27290.600001
27319.150001
27347.925001
27377.025001
27406.225001
27435.400001
27464.625001
27493.925001
27523.175001
27552.675001
27582.325001
27611.925001
27642.050001
27671.800001
27701.975001
27732.150001
27762.175001
27792.450001
27822.975001
27853.575001
27884.250001
27914.925001
27945.850001
27976.975001
28008.125001
28039.550001
28071.150001
28102.750001
28134.325001
28166.225001
28198.150001
28230.350001
28262.875001
28295.325001
28328.325001
28361.400001
28394.475001
28427.650001
28461.025001
28494.850001
28528.675001
28562.925001
28597.275001
28631.650001
28666.400001
28701.400001
28736.775001
28772.525001
28808.375001
28844.650001
28881.200001
28918.050001
28955.175001
28992.700001
29030.825001
29069.175001
29107.975001
29147.425001
29187.175001
29227.575001
29268.675001
29310.400001
29352.875001
29396.150001
29440.300001
29485.500001
29531.950001
29579.925001
29629.825001
29682.150001
29738.175001
29801.450001
