100.000000
16.000000
1411.100000
1480.625000
1546.600000
1609.300000
1669.775000
1728.800000
1786.175000
1842.700000
1898.275000
1953.050000
2007.350000
2060.775000
2113.625000
2165.775000
2217.725000
2268.925000
2319.425000
2369.400000
2419.050000
2468.300000
2517.125000
2565.225000
2613.325000
2660.950000
2708.100000
2755.150000
2801.950000
2848.275000
2894.400000
2940.300000
2985.775000
3030.975000
3076.050000
3120.725000
3165.200000
3209.500000
3253.725000
3297.650000
3341.500000
3385.275000
3429.000000
3472.100000
3514.975000
3557.950000
3600.975000
3643.175000
3685.675000
3727.925000
3769.625000
3811.725000
3853.450000
3895.475000
3936.475000
3977.825000
4019.000000
4059.725000
4100.925000
4141.500000
4181.825000
4222.250000
4262.550000
4302.550000
4342.575000
4382.525000
4422.525000
4462.325000
4501.825000
4541.350000
4580.400000
4619.375000
4658.200000
4697.050000
4735.825000
4774.650000
4813.425000
4852.200000
4891.025000
4929.725000
4968.050000
5006.475000
5044.450000
5081.975000
5119.475000
5157.550000
5195.550000
5233.000000
5270.350000
5307.925000
5345.550000
5382.325000
5419.300000
5456.675000
5493.025000
5530.100000
5567.150000
5603.700000
5640.475000
5676.375000
5713.150000
5749.475000
5785.800000
5822.000000
5857.975000
5894.025000
5930.150000
5965.875000
6002.000000
6037.425000
6073.375000
6108.225000
6143.625000
6179.425000
6213.950000
6249.075000
6284.650000
6319.300000
6354.125000
6388.975000
6423.775000
6458.150000
6492.800000
6527.500000
6562.350000
6596.800000
6630.650000
6665.025000
6698.925000
6733.325000
6767.850000
6801.800000
6835.800000
6869.400000
6902.925000
6936.325000
6970.225000
7004.050000
7037.375000
7070.700000
7104.100000
7137.325000
7170.550000
7203.900000
7236.875000
7270.350000
7303.650000
7336.300000
7369.325000
7402.475000
7435.650000
7468.900000
7502.075000
7535.300000
7568.150000
7601.175000
7633.525000
7666.050000
7698.450000
7730.475000
7763.375000
7795.850000
7828.675000
7860.875000
7892.800000
7924.800000
7957.075000
7988.950000
8020.600000
8052.525000
8084.700000
8116.525000
8147.600000
8180.050000
8212.250000
8243.075000
8274.750000
8306.775000
8337.500000
8369.150000
8401.075000
8431.800000
8463.425000
8495.225000
8526.150000
8557.750000
8588.900000
8619.400000
8651.150000
8681.475000
8712.975000
8743.250000
8774.600000
8805.450000
8835.850000
8866.775000
8897.050000
8927.750000
8958.050000
8988.700000
9019.150000
9048.900000
9080.050000
9109.825000
9140.525000
9170.450000
9201.250000
9230.475000
9260.950000
9291.275000
9320.725000
9351.250000
9380.425000
9410.200000
9440.600000
9469.600000
9499.825000
9529.950000
9559.350000
9589.800000
9619.225000
9648.450000
9678.850000
9708.000000
9737.125000
9767.400000
9796.900000
9825.925000
9855.575000
9884.900000
9913.700000
9942.800000
9972.025000
10001.325000
10030.250000
10058.375000
10087.400000
10116.700000
10145.800000
10174.725000
10202.900000
10231.875000
10261.050000
10290.275000
10319.175000
10347.325000
10376.275000
10405.525000
10434.700000
10463.575000
10491.900000
10520.750000
10550.000000
10579.225000
10608.050000
10636.150000
10665.200000
10694.375000
10723.550000
10752.475000
10780.575000
10809.600000
10838.775000
10868.000000
10896.925000
10925.075000
10954.150000
10983.275000
11012.500000
11041.425000
11069.550000
11098.500000
11127.700000
11156.925000
11185.800000
11213.900000
11242.950000
11272.100000
11301.325000
11330.225000
11358.350000
11387.375000
11416.675000
11445.775000
11474.700000
11502.875000
11531.875000
11561.050000
11590.275000
11619.150000
11647.325000
11676.275000
11705.525000
11734.700000
11763.575000
11791.900000
11820.750000
11849.975000
11879.225000
11908.050000
11936.150000
11965.200000
11994.375000
12023.550000
12052.475000
12080.575000
12109.600000
12138.775000
12168.000000
12196.925000
12225.075000
12254.150000
12283.275000
12312.500000
12341.425000
12369.550000
12398.500000
12427.700000
12456.925000
12485.800000
12513.900000
12542.950000
12572.100000
12601.325000
12630.225000
12658.350000
12687.375000
12716.675000
12745.775000
12774.700000
12802.875000
12831.875000
12861.050000
12890.275000
12919.150000
12947.325000
12976.275000
13005.525000
13034.700000
13063.575000
13091.900000
13120.750000
13149.975000
13179.225000
13208.050000
13236.150000
13265.200000
13294.375000
13323.550000
13352.475000
13380.575000
13409.600000
13438.775000
13468.000000
13496.925000
13525.075000
13554.150000
13583.275000
13612.500000
13641.425000
13669.550000
13698.500000
13727.700000
13756.925000
13785.800000
13813.900000
13842.950000
13872.100000
13901.325000
13930.225000
13958.350000
13987.375000
14016.675000
14045.775000
14074.700000
14102.875000
14131.875000
14161.050000
14190.275000
14219.150000
14247.325000
14276.275000
14305.525000
14334.700000
14363.575000
14391.900000
14420.750000
14449.975000
14479.225000
14508.050000
14536.150000
14565.200000
14594.375000
14623.550000
14652.475000
14680.575000
14709.600000
14738.775000
14768.000000
14796.925000
14825.075000
14854.150000
14883.275000
14912.500000
14941.425000
14969.550000
14998.500000
15027.700000
15056.925000
15085.800000
15113.900000
15142.950000
15172.100000
15201.325000
15230.225000
15258.350000
15287.375000
15316.675000
15345.775000
15374.700000
15402.875000
15431.875000
15461.050000
15490.275000
15519.150000
15547.325000
15576.275000
15605.525000
15634.700000
15663.575000
15691.900000
15720.750000
15749.975000
15779.225000
15808.050000
15836.150000
15865.200000
15894.375000
15923.550000
15952.475000
15980.575000
16009.600000
16038.775000
16068.000000
16096.925000
16125.075000
16154.150000
16183.275000
16212.500000
16241.425000
16269.550000
16298.500000
16327.700000
16356.925000
16385.800000
16413.900000
16442.950000
16472.100000
16501.325000
16530.225000
16558.350000
16587.375000
16616.675000
16645.775000
16674.700000
16702.875000
16731.875000
16761.050000
16790.275000
16819.150000
16847.325000
16876.275000
16905.525000
16934.700000
16963.575000
16991.900000
17020.750000
17049.975000
17079.225000
17108.050000
17136.150000
17165.200000
17194.375000
17223.550000
17252.475000
17280.575000
17309.600000
17338.775000
17368.000000
17396.925000
17425.075000
17454.150000
17483.275000
17512.500000
17541.425000
17569.550000
17598.500000
17627.700000
17656.925000
17685.800000
17713.900000
17742.950000
17772.100000
17801.325000
17830.225000
17858.350000
17887.375000
17916.675000
17945.775000
17974.700000
18002.875000
18031.875000
18061.050000
18090.275000
18119.150000
18147.325000
18176.275000
18205.525000
18234.700001
18263.575001
18291.900001
18320.750001
18349.975001
18379.225001
18408.050001
18436.150001
18465.200001
18494.375001
18523.550001
18552.475001
18580.575001
18609.600001
18638.775001
18668.000001
18696.925001
18725.075001
18754.150001
18783.275001
18812.500001
18841.425001
18869.550001
18898.500001
18927.700001
18956.925001
18985.800001
19013.900001
19042.950001
19072.100001
19101.325001
19130.225001
19158.350001
19187.375001
19216.675001
19245.775001
19274.700001
19302.875001
19331.875001
19361.050001
19390.275001
19419.150001
19447.325001
19476.275001
19505.525001
19534.700001
19563.575001
19591.900001
19620.750001
19649.975001
19679.225001
19708.050001
19736.150001
19765.200001
19794.375001
19823.550001
19852.475001
19880.575001
19909.600001
19938.775001
19968.000001
19996.925001
20025.075001
20054.150001
20083.275001
20112.500001
20141.450001
20169.900001
20198.825001
20229.050001
20258.000001
20286.300001
20316.075001
20345.850001
20374.850001
20404.100001
20434.050001
20463.600001
20492.900001
20523.250001
20552.550001
20581.825001
20612.275001
20641.500001
20670.775001
20701.250001
20730.400001
20759.975001
20790.375001
20819.525001
20849.975001
20880.175001
20909.750001
20940.350001
20969.775001
21001.050001
21030.450001
21061.075001
21091.425001
21121.350001
21152.425001
21182.975001
21213.575001
21244.275001
21274.750001
21305.500001
21335.875001
21367.225001
21397.400001
21429.100001
21459.425001
21490.925001
21522.075001
21552.650001
21584.475001
21615.025001
21646.625001
21678.450001
21709.525001
21741.300001
21773.200001
21804.150001
21835.775001
21867.875001
21898.600001
21930.300001
21962.400001
21993.575001
22025.125001
22057.625001
22090.100001
22121.600001
22153.900001
22185.825001
22218.100001
22250.350001
22282.050001
22313.850001
22346.725001
22379.400001
22412.225001
22444.475001
22476.400001
22508.450001
22541.450001
22574.400001
22607.650001
22641.000001
22674.150001
22707.550001
22741.050001
22774.450001
22807.900001
22841.350001
22874.650001
22907.975001
22941.425001
22974.750001
23008.075001
23041.525001
23074.875001
23108.200001
23141.700001
23175.100001
23208.525001
23242.675001
23276.325001
23310.475001
23345.375001
23379.875001
23413.750001
23448.125001
23482.725001
23517.850001
23552.350001
23586.475001
23620.925001
23656.050001
23691.225001
23725.975001
23761.050001
23796.025001
23830.575001
23865.800001
23901.375001
23936.075001
23971.600001
24007.650001
24042.975001
24079.075001
24113.975001
24150.025001
24185.775001
24221.825001
24257.975001
24294.225001
24330.275001
24366.725001
24402.675001
24439.425001
24475.925001
24512.925001
24549.675001
24586.050001
24623.400001
24659.875001
24696.975001
24734.525001
24771.450001
24808.650001
24846.475001
24884.500001
24922.025001
24959.525001
24997.125001
25035.425001
25073.625001
25112.125001
25150.525001
25188.875001
25227.325001
25266.125001
25305.100001
25344.050001
25383.075001
25422.100001
25461.125001
25500.675001
25540.275001
25580.000001
25619.425001
25659.150001
25698.950001
25739.000001
25779.300001
25819.325001
25859.575001
25900.125001
25941.050001
25981.775001
26023.100001
26063.850001
26105.300001
26146.775001
26188.425001
26230.250001
26272.125001
26313.800001
26356.400001
26398.500001
26441.250001
26484.250001
26527.025001
26570.175001
26613.550001
26657.125001
26700.925001
26744.850001
26788.775001
26832.950001
26877.400001
26922.050001
26966.950001
27012.150001
27057.575001
27102.900001
27148.475001
27194.475001
27240.850001
27287.250001
27334.250001
27381.225001
27428.925001
27476.250001
27524.300001
27572.675001
27620.975001
27669.725001
27719.050001
27768.800001
27818.925001
27869.275001
27919.900001
27970.875001
28022.500001
28074.575001
28127.100001
28180.275001
28234.000001
28288.175001
28342.950001
28398.300001
28454.400001
28511.225001
28569.050001
28627.650001
28687.175001
28747.875001
28809.750001
28873.175001
28937.975001
29004.575001
29073.250001
29144.150001
29217.850001
29294.625001
29375.625001
29463.150001
