20.000000
6.000000
1702.450000
1756.825000
1809.150000
1859.200000
1907.125000
1953.375000
1997.875000
2040.650000
2081.575000
2121.275000
2159.450000
2196.700000
2232.800000
2267.725000
2302.050000
2335.450000
2367.675000
2399.350000
2430.125000
2460.375000
2489.825000
2518.850000
2547.175000
2574.850000
2602.175000
2629.000000
2655.425000
2681.425000
2707.525000
2732.950000
2758.050000
2782.925000
2807.725000
2832.500000
2856.750000
2881.175000
2905.125000
2928.875000
2952.525000
2975.925000
2999.525000
3023.000000
3046.550000
3070.050000
3092.950000
3116.125000
3139.475000
3162.200000
3185.300000
3207.975000
3231.050000
3253.650000
3276.025000
3298.350000
3320.600000
3342.775000
3364.975000
3387.150000
3409.300000
3431.475000
3453.675000
3475.825000
3498.000000
3520.200000
3542.400000
3564.600000
3586.800000
3608.975000
3631.175000
3653.350000
3675.400000
3696.975000
3718.800000
3740.725000
3762.150000
3784.025000
3805.650000
3827.200000
3848.325000
3870.075000
3891.350000
3912.675000
3934.100000
3955.275000
3976.100000
3997.700000
4018.875000
4039.850000
4060.900000
4081.600000
4102.525000
4123.200000
4144.175000
4164.800000
4185.625000
4206.450000
4227.325000
4248.025000
4268.900000
4289.700000
4310.500000
4331.300000
4352.125000
4372.925000
4393.700000
4414.550000
4435.275000
4456.175000
4476.150000
4496.650000
4517.325000
4537.300000
4557.700000
4578.450000
4598.225000
4618.750000
4639.375000
4659.250000
4679.700000
4699.775000
4720.050000
4739.850000
4759.550000
4779.800000
4799.700000
4819.725000
4839.675000
4859.275000
4878.900000
4898.275000
4917.750000
4937.175000
4956.650000
4975.975000
4995.425000
5014.850000
5034.300000
5053.725000
5073.100000
5092.525000
5112.000000
5131.400000
5150.825000
5170.250000
5189.725000
5209.125000
5228.600000
5247.975000
5267.425000
5286.850000
5306.300000
5325.700000
5345.150000
5364.575000
5384.025000
5403.450000
5422.875000
5442.275000
5461.750000
5480.475000
5499.500000
5518.525000
5537.175000
5556.300000
5575.575000
5594.700000
5613.375000
5631.850000
5650.750000
5669.550000
5688.300000
5706.675000
5725.650000
5744.300000
5763.000000
5781.450000
5800.600000
5819.000000
5837.150000
5856.200000
5874.550000
5892.625000
5911.700000
5930.000000
5948.125000
5967.200000
5985.525000
6003.700000
6022.075000
6039.900000
6057.950000
6075.900000
6094.225000
6112.050000
6130.100000
6148.075000
6166.350000
6184.225000
6202.300000
6220.250000
6238.400000
6256.400000
6274.475000
6292.450000
6310.550000
6328.600000
6346.650000
6364.650000
6382.725000
6400.725000
6418.800000
6436.850000
6454.850000
6472.925000
6490.975000
6509.025000
6526.150000
6544.000000
6561.850000
6579.550000
6597.125000
6614.675000
6631.900000
6649.575000
6667.350000
6684.475000
6702.150000
6720.050000
6737.100000
6754.850000
6772.850000
6789.875000
6807.550000
6824.775000
6842.350000
6859.300000
6876.125000
6893.025000
6910.525000
6928.400000
6945.300000
6962.225000
6979.150000
6996.550000
7013.475000
7030.350000
7047.825000
7064.750000
7081.550000
7098.200000
7114.925000
7131.600000
7148.200000
7164.900000
7181.550000
7198.150000
7214.850000
7231.525000
7248.125000
7264.825000
7281.500000
7298.100000
7314.800000
7331.450000
7348.075000
7364.775000
7381.425000
7398.050000
7414.750000
7431.400000
7448.025000
7464.725000
7481.400000
7498.000000
7514.700000
7531.375000
7548.000000
7564.675000
7581.350000
7597.975000
7614.650000
7631.325000
7647.950000
7664.650000
7681.300000
7697.925000
7714.625000
7731.275000
7747.900000
7764.575000
7781.250000
7797.875000
7814.525000
7830.675000
7846.825000
7863.225000
7879.075000
7895.250000
7911.850000
7928.500000
7945.100000
7961.750000
7978.450000
7995.050000
8011.025000
8027.125000
8042.675000
8059.075000
8074.900000
8091.075000
8106.625000
8122.950000
8139.500000
8155.300000
8170.500000
8186.825000
8202.475000
8217.775000
8234.075000
8250.175000
8266.175000
8281.525000
8297.675000
8313.375000
8328.825000
8345.125000
8360.750000
8375.925000
8391.600000
8406.750000
8422.900000
8438.500000
8453.750000
8469.200000
8484.350000
8500.625000
8516.250000
8531.450000
8546.875000
8562.075000
8578.075000
8592.900000
8608.150000
8623.175000
8638.700000
8653.725000
8669.050000
8684.250000
8699.750000
8714.775000
8730.075000
8745.300000
8760.725000
8775.825000
8791.200000
8806.425000
8821.850000
8836.950000
8852.250000
8867.475000
8882.875000
8898.000000
8913.300000
8928.600000
8943.975000
8959.125000
8974.400000
8989.675000
9005.000000
9020.200000
9035.475000
9050.750000
9066.075000
9081.300000
9095.700000
9110.775000
9125.750000
9140.925000
9156.300000
9170.575000
9185.575000
9200.750000
9215.100000
9230.025000
9245.175000
9259.500000
9274.475000
9289.650000
9303.900000
9318.875000
9334.075000
9348.225000
9363.275000
9378.525000
9392.650000
9407.675000
9422.925000
9437.125000
9451.250000
9466.225000
9480.350000
9495.200000
9509.350000
9523.400000
9538.275000
9552.600000
9567.400000
9581.550000
9595.550000
9609.600000
9624.125000
9639.175000
9653.650000
9667.650000
9681.675000
9695.575000
9709.525000
9723.375000
9737.300000
9751.125000
9765.025000
9778.950000
9792.725000
9806.675000
9820.475000
9834.425000
9848.225000
9862.175000
9875.975000
9889.925000
9903.825000
9917.650000
9931.575000
9945.400000
9959.325000
9973.175000
9987.100000
10000.925000
10014.850000
10028.775000
10042.575000
10056.525000
10070.350000
10084.275000
10098.125000
10112.050000
10125.875000
10139.825000
10153.725000
10167.575000
10181.500000
10195.350000
10209.275000
10223.125000
10237.050000
10250.900000
10264.825000
10278.725000
10292.550000
10306.500000
10320.325000
10334.275000
10348.100000
10362.050000
10375.875000
10389.825000
10403.725000
10417.575000
10431.500000
10445.350000
10459.275000
10473.125000
10487.050000
10500.900000
10514.825000
10528.725000
10542.550000
10556.500000
10570.325000
10584.275000
10598.100000
10612.050000
10625.875000
10639.825000
10653.725000
10667.575000
10681.500000
10695.350000
10709.275000
10723.125000
10737.050000
10750.900000
10764.825000
10778.725000
10792.550000
10806.500000
10820.325000
10834.275000
10848.100000
10862.050000
10875.875000
10889.825000
10903.725000
10917.575000
10931.500000
10945.350000
10959.275000
10973.125000
10987.050000
11000.900000
11014.825000
11028.725000
11042.550000
11056.500000
11070.325000
11084.275000
11098.100000
11112.050000
11125.875000
11139.825000
11153.725000
11167.575000
11181.500000
11195.350000
11209.275000
11223.125000
11237.050000
11250.900000
11264.825000
11278.725000
11292.550000
11306.500000
11320.325000
11334.275000
11348.100000
11362.050000
11375.875000
11389.825000
11403.725000
11417.575000
11431.500000
11445.350000
11459.275000
11473.125000
11487.050000
11500.900000
11514.825000
11528.725000
11542.550000
11556.500000
11570.325000
11584.275000
11598.100000
11612.050000
11625.875000
11639.825000
11653.725000
11667.575000
11681.500000
11695.350000
11709.275000
11723.125000
11737.050000
11750.900000
11764.825000
11778.725000
11792.550000
11806.500000
11820.325000
11834.275000
11848.100000
11862.050000
11875.875000
11889.825000
11903.725000
11917.575000
11931.500000
11945.350000
11959.275000
11973.125000
11987.050000
12000.900000
12014.825000
12028.725000
12042.550000
12056.500000
12070.325000
12084.275000
12098.100000
12112.050000
12125.875000
12139.825000
12153.725000
12167.575000
12181.500000
12195.350000
12209.275000
12223.125000
12237.050000
12250.900000
12264.825000
12278.725000
12292.550000
12306.500000
12320.325000
12334.275000
12348.100000
12362.050000
12375.875000
12389.825000
12403.725000
12417.575000
12431.500000
12445.350000
12459.275000
12473.125000
12487.050000
12500.900000
12514.825000
12528.725000
12542.550000
12556.500000
12570.325000
12584.275000
12598.100000
12612.050000
12625.875000
12639.825000
12653.725000
12667.575000
12681.500000
12695.350000
12709.275000
12723.125000
12737.050000
12750.900000
12764.825000
12778.725000
12792.550000
12806.500000
12820.325000
12834.275000
12848.100000
12862.050000
12875.875000
12889.825000
12903.725000
12917.575000
12931.500000
12945.350000
12959.275000
12973.125000
12987.050000
13000.900000
13014.825000
13028.725000
13042.550000
13056.500000
13070.325000
13084.275000
13098.100000
13112.050000
13125.875000
13139.825000
13153.725000
13167.575000
13181.500000
13195.350000
13209.275000
13223.125000
13237.050000
13250.900000
13264.825000
13278.725000
13292.550000
13306.500000
13320.325000
13334.275000
13348.100000
13362.050000
13375.875000
13389.825000
13403.725000
13417.575000
13431.500000
13445.350000
13459.275000
13473.125000
13487.050000
13500.900000
13514.825000
13528.725000
13542.550000
13556.500000
13570.325000
13584.275000
13598.100000
13612.050000
13625.875000
13639.825000
13653.725000
13667.575000
13681.500000
13695.350000
13709.275000
13723.125000
13737.050000
13750.900000
13764.825000
13778.725000
13792.550000
13806.500000
13820.325000
13834.275000
13848.100000
13862.050000
13875.875000
13889.825000
13903.725000
13917.575000
13931.500000
13945.350000
13959.275000
13973.125000
13987.050000
14000.900000
14014.825000
14028.725000
14042.550000
14056.500000
14070.325000
14084.275000
14098.100000
14112.050000
14125.875000
14139.825000
14153.725000
14167.575000
14181.500000
14195.350000
14209.275000
14223.125000
14237.050000
14250.900000
14264.825000
14278.725000
14292.550000
14306.500000
14320.325000
14334.275000
14348.100000
14362.050000
14375.875000
14389.825000
14403.725000
14417.575000
14431.500000
14445.350000
14459.275000
14473.125000
14487.050000
14500.900000
14514.825000
14528.725000
14542.550000
14556.500000
14570.325000
14584.275000
14598.100000
14612.050000
14625.875000
14639.825000
14653.725000
14667.575000
14681.500000
14695.350000
14709.275000
14723.125000
14737.050000
14750.900000
14764.825000
14778.725000
14792.550000
14806.500000
14820.325000
14834.275000
14848.100000
14862.050000
14875.875000
14889.825000
14903.725000
14917.575000
14931.500000
14945.350000
14959.275000
14973.125000
14987.050000
15000.900000
15014.825000
15028.725000
15042.550000
15056.500000
15070.325000
15084.275000
15098.100000
15112.050000
15125.875000
15139.825000
15153.725000
15167.575000
15181.500000
15195.350000
15209.275000
15223.125000
15237.050000
15250.900000
15264.825000
15278.725000
15292.550000
15306.500000
15320.325000
15334.275000
15348.100000
15362.050000
15375.875000
15389.825000
15403.725000
15417.575000
15431.500000
15445.350000
15459.275000
15473.125000
15487.050000
15500.900000
15514.825000
15528.725000
15542.550000
15556.500000
15570.325000
15584.275000
15598.100000
15612.050000
15625.875000
15639.825000
15653.725000
15667.575000
15681.500000
15695.350000
15709.275000
15723.125000
15737.050000
15750.900000
15764.825000
15778.725000
15792.550000
15806.500000
15820.325000
15834.275000
15848.100000
15862.050000
15875.875000
15889.825000
15903.725000
15917.575000
15931.500000
15945.350000
15959.275000
15973.125000
15987.050000
16000.900000
16014.825000
16028.725000
16042.550000
16056.500000
16070.325000
16084.275000
16098.100000
16112.050000
16125.875000
16139.825000
16153.725000
16167.575000
16181.500000
16195.350000
16209.275000
16223.125000
16237.050000
16250.900000
16264.825000
16278.725000
16292.550000
16306.500000
16320.325000
16334.275000
16348.100000
16362.050000
16375.875000
16389.825000
16403.725000
16417.575000
16431.500000
16445.350000
16459.275000
16473.125000
16487.050000
16500.900000
16514.825000
16528.725000
16542.550000
16556.500000
16570.325000
16584.275000
16598.100000
16612.050000
16625.875000
16639.825000
16653.725000
16667.575000
16681.500000
16695.350000
16709.275000
16723.125000
16737.050000
16750.900000
16764.825000
16778.725000
16792.550000
16806.500000
16820.325000
16834.275000
16848.100000
16862.050000
16875.875000
16889.825000
16903.725000
16917.575000
16931.500000
16945.350000
16959.275000
16973.125000
16987.050000
17000.900000
17014.825000
17028.725000
17042.550000
17056.500000
17070.325000
17084.275000
17098.100000
17112.050000
17125.875000
17139.825000
17153.725000
17167.575000
17181.500000
17195.350000
17209.275000
17223.125000
17237.050000
17250.900000
17264.825000
17278.725000
17292.550000
17306.500000
17320.325000
17334.275000
17348.100000
17362.050000
17375.875000
17389.825000
17403.725000
17417.575000
17431.500000
17445.350000
17459.275000
17473.125000
17487.050000
17500.900000
17514.825000
17528.725000
17542.550000
17556.500000
17570.325000
17584.275000
17598.100000
17612.050000
17625.875000
17639.825000
17653.725000
17667.575000
17681.500000
17695.350000
17709.275000
17723.125000
17737.050000
17750.900000
17764.825000
17778.725000
17792.550000
17806.500000
17820.325000
17834.275000
17848.100000
17862.050000
17875.875000
17889.825000
17903.725000
17917.575000
17931.500000
17945.350000
17959.275000
17973.125000
17987.050000
18000.900000
18014.825000
18028.725000
18042.550000
18056.500000
18070.325000
18084.275000
18098.100000
18112.050000
18125.875000
18139.825000
18153.725000
18167.575000
18181.500000
18195.350000
18209.275000
18223.125000
18237.050001
18250.900001
18264.825001
18278.725001
18292.550001
18306.500001
18320.325001
18334.275001
18348.100001
18362.050001
18375.875001
18389.825001
18403.725001
18417.575001
18431.500001
18445.350001
18459.275001
18473.125001
18487.050001
18500.900001
18514.825001
18528.725001
18542.550001
18556.500001
18570.325001
18584.275001
18598.100001
18612.050001
18625.875001
18639.825001
18653.725001
18667.575001
18681.500001
18695.350001
18709.275001
18723.125001
18737.050001
18750.900001
18764.825001
18778.725001
18792.550001
18806.500001
18820.325001
18834.275001
18848.100001
18862.050001
18875.875001
18889.825001
18903.725001
18917.575001
18931.500001
18945.350001
18959.275001
18973.125001
18987.050001
19000.900001
19014.825001
19028.725001
19042.550001
19056.500001
19070.325001
19084.275001
19098.100001
19112.050001
19125.875001
19139.825001
19153.725001
19167.575001
19181.500001
19195.350001
19209.275001
19223.125001
19237.050001
19250.900001
19264.825001
19278.725001
19292.550001
19306.500001
19320.325001
19334.275001
19348.100001
19362.050001
19375.875001
19389.825001
19403.725001
19417.575001
19431.500001
19445.350001
19459.275001
19473.125001
19487.050001
19500.900001
19514.825001
19528.725001
19542.550001
19556.500001
19570.325001
19584.275001
19598.100001
19612.050001
19625.875001
19639.825001
19653.725001
19667.575001
19681.500001
19695.350001
19709.275001
19723.125001
19737.050001
19750.900001
19764.825001
19778.725001
19792.550001
19806.500001
19820.325001
19834.275001
19848.100001
19862.050001
19875.875001
19889.825001
19903.725001
19917.575001
19931.500001
19945.350001
19959.275001
19973.125001
19987.050001
20000.900001
20014.825001
20028.725001
20042.550001
20056.500001
20070.325001
20084.275001
20098.100001
20112.050001
20125.900001
20139.850001
20153.750001
20167.600001
20181.525001
20195.375001
20209.300001
20223.175001
20237.100001
20250.950001
20264.900001
20278.825001
20292.625001
20306.600001
20320.425001
20334.400001
20348.225001
20362.175001
20376.000001
20389.975001
20403.875001
20417.725001
20431.675001
20445.525001
20459.475001
20473.350001
20487.275001
20501.175001
20515.150001
20529.875001
20545.075001
20559.250001
20573.275001
20587.325001
20601.375001
20616.250001
20630.275001
20645.175001
20659.325001
20673.375001
20688.275001
20702.675001
20717.425001
20731.625001
20745.775001
20760.650001
20775.650001
20789.925001
20804.900001
20820.050001
20834.375001
20848.625001
20863.425001
20878.550001
20892.725001
20907.750001
20922.950001
20937.250001
20952.250001
20967.400001
20981.750001
20996.725001
21011.900001
21026.150001
21041.200001
21056.350001
21070.650001
21085.625001
21100.775001
21116.125001
21131.325001
21145.800001
21160.925001
21175.800001
21191.125001
21206.350001
21221.650001
21236.900001
21252.200001
21267.450001
21282.825001
21298.000001
21313.325001
21328.625001
21344.025001
21359.150001
21374.500001
21389.725001
21405.150001
21420.250001
21435.600001
21450.850001
21466.400001
21481.450001
21496.775001
21512.000001
21527.550001
21542.525001
21557.900001
21573.125001
21588.675001
21603.725001
21619.100001
21634.300001
21650.550001
21666.225001
21681.450001
21696.900001
21712.100001
21728.450001
21744.050001
21759.275001
21774.775001
21789.950001
21806.250001
21821.925001
21837.100001
21852.750001
21867.925001
21884.075001
21899.925001
21915.050001
21931.250001
21946.875001
21962.250001
21978.525001
21995.000001
22010.775001
22026.025001
22042.375001
22058.025001
22073.450001
22089.675001
22106.250001
22122.825001
22138.700001
22154.750001
22170.425001
22186.875001
22203.425001
22219.275001
22235.500001
22251.125001
22267.450001
22284.075001
22300.675001
22317.350001
22334.025001
22350.675001
22367.350001
22384.050001
22400.700001
22417.375001
22434.075001
22450.700001
22467.400001
22484.075001
22500.725001
22517.400001
22534.100001
22550.750001
22567.425001
22584.125001
22600.775001
22617.450001
22634.150001
22650.775001
22667.475001
22684.175001
22700.800001
22717.475001
22734.200001
22750.825001
22767.500001
22784.225001
22800.850001
22817.525001
22834.250001
22850.875001
22867.550001
22884.275001
22900.900001
22917.600001
22934.300001
22950.925001
22967.625001
22984.350001
23000.975001
23017.650001
23034.400001
23051.025001
23067.700001
23084.450001
23101.100001
23117.775001
23134.575001
23151.300001
23168.700001
23185.700001
23203.400001
23220.300001
23237.225001
23254.225001
23271.700001
23289.500001
23306.500001
23323.425001
23341.050001
23358.125001
23375.700001
23392.675001
23410.425001
23428.450001
23445.450001
23463.225001
23481.125001
23498.200001
23516.125001
23534.050001
23551.125001
23568.900001
23586.825001
23604.050001
23621.825001
23639.650001
23657.600001
23675.675001
23692.975001
23710.750001
23728.600001
23746.600001
23764.625001
23782.725001
23800.750001
23818.850001
23836.900001
23855.000001
23873.000001
23891.150001
23909.150001
23927.325001
23945.275001
23963.350001
23981.425001
23999.650001
24017.525001
24035.650001
24053.700001
24072.000001
24089.850001
24107.950001
24125.925001
24144.725001
24163.200001
24181.450001
24200.150001
24218.725001
24237.000001
24255.625001
24274.275001
24292.550001
24311.725001
24330.075001
24348.250001
24367.350001
24385.725001
24404.050001
24422.950001
24441.525001
24460.400001
24478.875001
24497.900001
24517.250001
24535.750001
24554.850001
24573.350001
24592.400001
24611.775001
24630.575001
24649.550001
24668.750001
24687.450001
24706.425001
24725.700001
24745.125001
24764.575001
24784.050001
24803.500001
24822.925001
24842.375001
24861.850001
24881.300001
24900.750001
24920.200001
24939.675001
24959.125001
24978.625001
24998.025001
25017.500001
25036.975001
25056.450001
25075.850001
25095.350001
25114.825001
25134.325001
25153.775001
25173.225001
25192.650001
25212.225001
25231.675001
25251.175001
25270.625001
25290.850001
25310.675001
25330.450001
25350.675001
25370.350001
25390.625001
25410.675001
25431.125001
25450.950001
25471.025001
25491.225001
25511.800001
25531.650001
25552.125001
25572.850001
25592.750001
25613.250001
25634.025001
25654.325001
25674.675001
25695.200001
25716.025001
25736.800001
25757.600001
25778.525001
25799.350001
25820.150001
25841.075001
25861.900001
25882.775001
25903.600001
25924.500001
25945.300001
25966.300001
25987.025001
26007.925001
26028.800001
26049.900001
26070.550001
26091.975001
26113.225001
26134.300001
26155.950001
26177.250001
26198.250001
26220.025001
26241.300001
26262.925001
26284.300001
26306.200001
26327.850001
26349.425001
26370.775001
26392.450001
26414.525001
26436.500001
26458.100001
26479.950001
26502.075001
26524.250001
26546.475001
26568.725001
26591.000001
26613.200001
26635.475001
26657.725001
26680.000001
26702.275001
26724.550001
26746.825001
26769.100001
26791.450001
26813.725001
26836.400001
26859.075001
26881.525001
26904.025001
26926.900001
26949.650001
26972.800001
26995.425001
27018.650001
27041.550001
27064.625001
27087.700001
27110.725001
27134.075001
27157.525001
27181.125001
27204.550001
27228.375001
27252.000001
27275.675001
27299.350001
27323.000001
27346.700001
27370.325001
27394.125001
27417.750001
27441.725001
27465.825001
27489.800001
27513.900001
27538.150001
27562.250001
27586.750001
27611.075001
27635.500001
27660.150001
27684.625001
27709.200001
27734.075001
27759.025001
27784.050001
27809.075001
27834.150001
27859.200001
27884.300001
27909.400001
27934.625001
27960.125001
27985.600001
28011.425001
28037.000001
28063.000001
28088.850001
28114.725001
28140.975001
28167.325001
28193.725001
28220.175001
28246.700001
28273.200001
28299.950001
28326.850001
28353.750001
28381.075001
28408.250001
28435.575001
28463.200001
28491.025001
28518.925001
28546.900001
28575.200001
28603.600001
28632.300001
28661.125001
28690.025001
28719.250001
28748.700001
28778.575001
28808.850001
28839.425001
28870.200001
28901.200001
28932.650001
28964.600001
28996.850001
29029.675001
29063.000001
29096.750001
29131.175001
29166.150001
29201.900001
29238.325001
29275.725001
29314.150001
29353.700001
29394.675001
29437.200001
29481.800001
29529.250001
29581.025001
29642.775001
