200.000000
6.000000
2014.525000
2062.125000
2105.125000
2145.250000
2183.025000
2219.150000
2253.850000
2287.575000
2320.325000
2352.500000
2384.125000
2414.975000
2445.400000
2475.675000
2505.550000
2535.175000
2564.550000
2593.700000
2622.775000
2651.125000
2679.750000
2707.875000
2735.900000
2763.725000
2791.475000
2819.075000
2846.700000
2874.350000
2902.050000
2929.675000
2956.850000
2984.100000
3011.600000
3038.500000
3065.525000
3092.400000
3119.150000
3145.675000
3172.700000
3199.375000
3225.800000
3252.300000
3278.675000
3305.025000
3331.350000
3357.675000
3384.050000
3410.350000
3436.700000
3462.900000
3488.750000
3514.600000
3540.750000
3566.475000
3592.300000
3617.675000
3643.375000
3668.875000
3694.750000
3720.125000
3745.350000
3770.425000
3795.475000
3820.400000
3845.400000
3870.325000
3895.300000
3920.250000
3945.225000
3970.200000
3995.175000
4020.125000
4045.125000
4070.075000
4095.050000
4120.000000
4144.975000
4169.750000
4194.100000
4218.700000
4242.775000
4267.325000
4292.025000
4316.200000
4340.675000
4364.700000
4389.400000
4413.325000
4437.150000
4461.650000
4485.525000
4509.275000
4533.225000
4556.725000
4580.350000
4603.775000
4627.550000
4650.900000
4674.550000
4698.025000
4721.725000
4745.225000
4768.850000
4792.375000
4816.050000
4839.600000
4863.175000
4886.775000
4910.325000
4933.950000
4957.450000
4981.025000
5003.800000
5027.125000
5050.600000
5073.275000
5096.525000
5119.925000
5142.525000
5165.850000
5188.675000
5211.750000
5234.300000
5257.375000
5280.000000
5303.200000
5325.725000
5348.125000
5370.425000
5392.675000
5414.950000
5437.150000
5459.325000
5481.500000
5503.725000
5525.850000
5548.075000
5570.275000
5592.475000
5614.700000
5636.925000
5659.125000
5681.325000
5703.550000
5725.700000
5747.925000
5770.125000
5792.350000
5814.575000
5836.775000
5859.000000
5881.200000
5903.425000
5925.575000
5947.775000
5969.975000
5992.125000
6013.525000
6035.400000
6057.400000
6078.775000
6100.650000
6122.775000
6144.825000
6166.250000
6187.375000
6209.000000
6230.250000
6251.925000
6273.075000
6295.025000
6316.400000
6337.175000
6358.900000
6380.000000
6400.975000
6422.775000
6443.975000
6464.800000
6485.800000
6506.575000
6528.325000
6549.425000
6570.250000
6591.275000
6612.000000
6632.975000
6653.625000
6674.525000
6695.250000
6716.300000
6736.900000
6757.750000
6778.600000
6799.500000
6820.175000
6841.075000
6861.850000
6882.725000
6903.500000
6924.350000
6945.125000
6966.050000
6986.775000
7007.600000
7028.450000
7049.125000
7070.025000
7090.575000
7111.000000
7131.275000
7151.975000
7172.825000
7192.650000
7213.200000
7233.975000
7253.800000
7274.300000
7295.025000
7314.825000
7335.350000
7356.125000
7375.825000
7396.175000
7416.325000
7436.650000
7456.425000
7476.025000
7496.025000
7516.125000
7535.750000
7556.175000
7575.775000
7595.400000
7614.950000
7634.475000
7653.875000
7673.225000
7692.600000
7712.150000
7731.525000
7750.925000
7770.325000
7789.850000
7809.250000
7828.700000
7848.050000
7867.525000
7886.975000
7906.425000
7925.800000
7945.250000
7964.700000
7984.150000
8003.600000
8023.000000
8042.425000
8061.900000
8081.325000
8100.725000
8120.150000
8139.650000
8159.075000
8178.525000
8197.900000
8217.350000
8236.800000
8256.275000
8275.650000
8295.100000
8314.550000
8334.000000
8353.450000
8372.850000
8392.275000
8411.750000
8431.175000
8450.600000
8470.025000
8489.500000
8508.150000
8527.200000
8545.600000
8564.600000
8583.975000
8603.325000
8622.775000
8641.325000
8660.275000
8678.775000
8697.850000
8717.250000
8735.650000
8754.050000
8772.875000
8791.500000
8809.600000
8828.475000
8846.900000
8864.950000
8883.975000
8902.350000
8920.375000
8939.525000
8957.800000
8975.925000
8995.050000
9013.325000
9031.475000
9050.575000
9068.900000
9087.000000
9106.125000
9124.425000
9142.475000
9161.650000
9179.900000
9198.025000
9217.200000
9235.425000
9253.600000
9272.050000
9289.750000
9307.825000
9325.800000
9344.225000
9361.925000
9380.000000
9398.000000
9416.350000
9434.125000
9452.225000
9470.200000
9488.400000
9506.325000
9524.425000
9542.400000
9560.575000
9578.550000
9596.625000
9614.625000
9632.750000
9650.700000
9668.800000
9686.825000
9704.925000
9722.900000
9741.000000
9759.025000
9776.725000
9795.050000
9812.425000
9829.975000
9847.900000
9866.000000
9884.000000
9901.100000
9918.850000
9936.775000
9953.925000
9971.700000
9989.550000
10006.650000
10024.350000
10042.275000
10059.325000
10077.150000
10095.050000
10112.100000
10129.850000
10147.825000
10164.825000
10182.675000
10200.600000
10217.600000
10235.400000
10253.425000
10270.350000
10288.250000
10306.200000
10323.150000
10341.025000
10358.925000
10375.875000
10393.800000
10411.750000
10428.775000
10446.525000
10464.450000
10481.475000
10499.250000
10517.275000
10534.325000
10552.075000
10570.025000
10587.050000
10604.900000
10622.825000
10639.875000
10657.625000
10675.600000
10692.550000
10710.475000
10728.425000
10745.375000
10763.175000
10781.150000
10798.125000
10816.075000
10833.975000
10850.925000
10868.775000
10886.700000
10903.725000
10921.500000
10939.525000
10956.550000
10974.300000
10992.250000
11009.275000
11027.075000
11045.050000
11062.100000
11079.850000
11097.825000
11114.825000
11132.675000
11150.600000
11167.600000
11185.400000
11203.425000
11220.350000
11238.250000
11256.200000
11273.150000
11291.025000
11308.925000
11325.875000
11343.800000
11361.750000
11378.775000
11396.525000
11414.450000
11431.475000
11449.250000
11467.275000
11484.325000
11502.075000
11520.025000
11537.050000
11554.900000
11572.825000
11589.875000
11607.625000
11625.600000
11642.550000
11660.475000
11678.425000
11695.375000
11713.175000
11731.150000
11748.125000
11766.075000
11783.975000
11800.925000
11818.775000
11836.700000
11853.725000
11871.500000
11889.525000
11906.550000
11924.300000
11942.250000
11959.275000
11977.075000
11995.050000
12012.100000
12029.850000
12047.825000
12064.825000
12082.675000
12100.600000
12117.600000
12135.400000
12153.425000
12170.350000
12188.250000
12206.200000
12223.150000
12241.025000
12258.925000
12275.875000
12293.800000
12311.750000
12328.775000
12346.525000
12364.450000
12381.475000
12399.250000
12417.275000
12434.325000
12452.075000
12470.025000
12487.050000
12504.900000
12522.825000
12539.875000
12557.625000
12575.600000
12592.550000
12610.475000
12628.425000
12645.375000
12663.175000
12681.150000
12698.125000
12716.075000
12733.975000
12750.925000
12768.775000
12786.700000
12803.725000
12821.500000
12839.525000
12856.550000
12874.300000
12892.250000
12909.275000
12927.075000
12945.050000
12962.100000
12979.850000
12997.825000
13014.825000
13032.675000
13050.600000
13067.600000
13085.400000
13103.425000
13120.350000
13138.250000
13156.200000
13173.150000
13191.025000
13208.925000
13225.875000
13243.800000
13261.750000
13278.775000
13296.525000
13314.450000
13331.475000
13349.250000
13367.275000
13384.325000
13402.075000
13420.025000
13437.050000
13454.900000
13472.825000
13489.875000
13507.625000
13525.600000
13542.550000
13560.475000
13578.425000
13595.375000
13613.175000
13631.150000
13648.125000
13666.075000
13683.975000
13700.925000
13718.775000
13736.700000
13753.725000
13771.500000
13789.525000
13806.550000
13824.300000
13842.250000
13859.275000
13877.075000
13895.050000
13912.100000
13929.850000
13947.825000
13964.825000
13982.675000
14000.600000
14017.600000
14035.400000
14053.425000
14070.350000
14088.250000
14106.200000
14123.150000
14141.025000
14158.925000
14175.875000
14193.800000
14211.750000
14228.775000
14246.525000
14264.450000
14281.475000
14299.250000
14317.275000
14334.325000
14352.075000
14370.025000
14387.050000
14404.900000
14422.825000
14439.875000
14457.625000
14475.600000
14492.550000
14510.475000
14528.425000
14545.375000
14563.175000
14581.150000
14598.125000
14616.075000
14633.975000
14650.925000
14668.775000
14686.700000
14703.725000
14721.500000
14739.525000
14756.550000
14774.300000
14792.250000
14809.275000
14827.075000
14845.050000
14862.100000
14879.850000
14897.825000
14914.825000
14932.675000
14950.600000
14967.600000
14985.400000
15003.425000
15020.350000
15038.250000
15056.200000
15073.150000
15091.025000
15108.925000
15125.875000
15143.800000
15161.750000
15178.775000
15196.525000
15214.450000
15231.475000
15249.250000
15267.275000
15284.325000
15302.075000
15320.025000
15337.050000
15354.900000
15372.825000
15389.875000
15407.625000
15425.600000
15442.550000
15460.475000
15478.425000
15495.375000
15513.175000
15531.150000
15548.125000
15566.075000
15583.975000
15600.925000
15618.775000
15636.700000
15653.725000
15671.500000
15689.525000
15706.550000
15724.300000
15742.250000
15759.275000
15777.075000
15795.050000
15812.100000
15829.850000
15847.825000
15864.825000
15882.675000
15900.600000
15917.600000
15935.400000
15953.425000
15970.350000
15988.250000
16006.200000
16023.150000
16041.025000
16058.925000
16075.875000
16093.800000
16111.750000
16128.775000
16146.525000
16164.450000
16181.475000
16199.250000
16217.275000
16234.325000
16252.075000
16270.025000
16287.050000
16304.900000
16322.825000
16339.875000
16357.625000
16375.600000
16392.550000
16410.475000
16428.425000
16445.375000
16463.175000
16481.150000
16498.125000
16516.075000
16533.975000
16550.925000
16568.775000
16586.700000
16603.725000
16621.500000
16639.525000
16656.550000
16674.300000
16692.250000
16709.275000
16727.075000
16745.050000
16762.100000
16779.850000
16797.825000
16814.825000
16832.675000
16850.600000
16867.600000
16885.400000
16903.425000
16920.350000
16938.250000
16956.200000
16973.150000
16991.025000
17008.925000
17025.875000
17043.800000
17061.750000
17078.775000
17096.525000
17114.450000
17131.475000
17149.250000
17167.275000
17184.325000
17202.075000
17220.025000
17237.050000
17254.900000
17272.825000
17289.875000
17307.625000
17325.600000
17342.550000
17360.475000
17378.425000
17395.375000
17413.175000
17431.150000
17448.125000
17466.075000
17483.975000
17500.925000
17518.775000
17536.700000
17553.725000
17571.500000
17589.525000
17606.550000
17624.300000
17642.250000
17659.275000
17677.075000
17695.050000
17712.100000
17729.850000
17747.825000
17764.825000
17782.675000
17800.600000
17817.600000
17835.400000
17853.425000
17870.350000
17888.250000
17906.200000
17923.150000
17941.025000
17958.925000
17975.875000
17993.800000
18011.750000
18028.775000
18046.525000
18064.450000
18081.475000
18099.250000
18117.275000
18134.325000
18152.075000
18170.025000
18187.050000
18204.900000
18222.825000
18239.875001
18257.625001
18275.600001
18292.550001
18310.475001
18328.425001
18345.375001
18363.175001
18381.150001
18398.125001
18416.075001
18433.975001
18450.925001
18468.775001
18486.700001
18503.725001
18521.500001
18539.525001
18556.550001
18574.300001
18592.250001
18609.275001
18627.075001
18645.050001
18662.100001
18679.850001
18697.825001
18714.825001
18732.675001
18750.600001
18767.600001
18785.400001
18803.425001
18820.350001
18838.250001
18856.200001
18873.150001
18891.025001
18908.925001
18925.875001
18943.800001
18961.750001
18978.775001
18996.525001
19014.450001
19031.475001
19049.250001
19067.275001
19084.325001
19102.075001
19120.025001
19137.050001
19154.900001
19172.825001
19189.875001
19207.625001
19225.600001
19242.550001
19260.475001
19278.425001
19295.375001
19313.175001
19331.150001
19348.125001
19366.075001
19383.975001
19400.925001
19418.775001
19436.700001
19453.725001
19471.500001
19489.525001
19506.550001
19524.300001
19542.250001
19559.275001
19577.075001
19595.050001
19612.100001
19629.850001
19647.825001
19664.825001
19682.675001
19700.600001
19717.600001
19735.400001
19753.425001
19770.350001
19788.250001
19806.200001
19823.150001
19841.025001
19858.925001
19875.875001
19893.800001
19911.750001
19928.775001
19946.525001
19964.450001
19981.475001
19999.250001
20017.275001
20034.325001
20052.075001
20070.025001
20087.050001
20104.900001
20122.850001
20139.900001
20157.650001
20175.625001
20192.625001
20210.525001
20228.450001
20245.525001
20263.250001
20281.225001
20298.300001
20316.200001
20334.025001
20351.325001
20368.925001
20386.825001
20404.900001
20422.875001
20441.000001
20459.025001
20477.125001
20495.125001
20513.200001
20531.275001
20549.425001
20567.375001
20585.450001
20603.525001
20621.700001
20639.625001
20657.700001
20675.725001
20694.000001
20711.875001
20729.950001
20747.975001
20766.325001
20784.125001
20802.250001
20820.225001
20838.500001
20856.375001
20874.525001
20892.450001
20910.825001
20928.650001
20946.800001
20964.750001
20983.275001
21000.900001
21019.150001
21037.000001
21056.125001
21074.400001
21092.500001
21111.700001
21129.950001
21148.075001
21167.250001
21185.550001
21203.750001
21222.825001
21241.200001
21259.300001
21278.425001
21296.775001
21314.900001
21333.975001
21352.400001
21370.450001
21389.550001
21407.950001
21426.100001
21445.100001
21463.600001
21482.575001
21500.925001
21520.075001
21539.500001
21557.975001
21577.075001
21595.450001
21614.575001
21633.975001
21653.375001
21672.800001
21692.200001
21711.700001
21730.425001
21749.475001
21768.700001
21787.675001
21806.450001
21825.675001
21845.100001
21864.550001
21884.025001
21903.475001
21922.875001
21942.325001
21961.825001
21981.250001
22000.675001
22020.125001
22039.625001
22059.075001
22078.550001
22097.950001
22117.400001
22136.875001
22156.350001
22175.750001
22195.225001
22214.700001
22234.175001
22253.625001
22273.025001
22292.475001
22312.000001
22331.425001
22350.850001
22370.300001
22389.825001
22409.250001
22428.750001
22448.125001
22467.625001
22487.100001
22506.600001
22525.950001
22545.475001
22564.975001
22584.600001
22604.600001
22624.475001
22645.025001
22664.725001
22684.525001
22704.775001
22724.675001
22745.050001
22764.800001
22785.325001
22806.100001
22825.825001
22846.450001
22867.250001
22887.050001
22907.600001
22928.425001
22948.175001
22968.775001
22989.525001
23009.500001
23029.900001
23050.650001
23070.675001
23091.125001
23111.825001
23132.625001
23153.450001
23174.275001
23195.100001
23216.025001
23236.800001
23257.625001
23278.525001
23299.425001
23320.150001
23341.075001
23361.875001
23382.775001
23403.575001
23424.450001
23445.225001
23466.300001
23486.925001
23507.800001
23528.675001
23549.800001
23570.300001
23591.350001
23612.075001
23633.425001
23654.025001
23675.550001
23696.650001
23717.575001
23739.475001
23760.625001
23781.550001
23803.375001
23824.525001
23845.525001
23867.300001
23888.675001
23910.125001
23931.400001
23953.400001
23974.750001
23996.475001
24017.700001
24039.575001
24061.725001
24083.900001
24106.075001
24128.325001
24150.525001
24172.775001
24195.000001
24217.250001
24239.500001
24261.750001
24284.000001
24306.225001
24328.475001
24350.675001
24372.900001
24395.150001
24417.400001
24439.650001
24461.900001
24484.125001
24506.375001
24528.625001
24550.825001
24573.050001
24595.300001
24617.550001
24639.850001
24662.100001
24684.350001
24706.625001
24728.950001
24751.200001
24773.675001
24796.500001
24819.050001
24842.200001
24864.725001
24887.300001
24910.325001
24933.200001
24956.225001
24978.950001
25002.075001
25025.500001
25048.150001
25071.525001
25095.025001
25117.875001
25141.075001
25164.550001
25188.050001
25211.725001
25235.300001
25258.975001
25282.575001
25306.250001
25329.875001
25353.525001
25377.200001
25400.775001
25424.450001
25448.000001
25471.800001
25495.300001
25519.050001
25542.575001
25566.900001
25590.925001
25614.725001
25638.825001
25663.000001
25686.950001
25711.575001
25735.575001
25759.575001
25784.000001
25808.150001
25832.600001
25856.850001
25881.275001
25906.150001
25930.950001
25955.350001
25979.900001
26004.800001
26029.775001
26054.750001
26079.800001
26104.825001
26129.850001
26154.925001
26179.950001
26205.000001
26230.025001
26255.125001
26280.150001
26305.325001
26330.400001
26356.075001
26381.350001
26406.650001
26432.050001
26457.625001
26483.250001
26509.000001
26534.500001
26560.375001
26586.525001
26612.150001
26638.175001
26664.475001
26690.825001
26717.250001
26743.575001
26770.050001
26796.500001
26822.950001
26849.425001
26875.800001
26902.325001
26928.800001
26955.425001
26981.950001
27008.950001
27035.650001
27062.750001
27089.700001
27117.175001
27144.225001
27171.500001
27198.750001
27225.875001
27253.500001
27281.200001
27308.975001
27336.800001
27364.625001
27392.450001
27420.275001
27448.125001
27476.000001
27504.025001
27532.400001
27560.650001
27589.400001
27617.700001
27646.475001
27675.450001
27704.075001
27732.850001
27761.900001
27791.075001
27820.250001
27849.550001
27878.850001
27908.350001
27938.025001
27967.650001
27997.750001
28027.725001
28057.750001
28088.100001
28118.650001
28149.250001
28179.925001
28210.650001
28241.550001
28272.775001
28303.850001
28335.325001
28367.100001
28398.675001
28430.450001
28462.375001
28494.750001
28527.150001
28559.725001
28592.500001
28625.675001
28659.075001
28692.575001
28726.275001
28760.400001
28795.025001
28829.850001
28864.875001
28900.525001
28936.575001
28972.975001
29009.825001
29047.250001
29085.375001
29124.250001
29163.850001
29204.350001
29245.925001
29288.700001
29333.000001
29379.275001
29427.900001
29480.025001
29538.100001
