200.000000
11.000000
3448.300000
3498.475000
3548.250000
3597.525000
3645.375000
3692.450000
3737.400000
3781.550000
3825.000000
3867.550000
3909.250000
3950.725000
3991.175000
4031.200000
4070.250000
4109.025000
4146.850000
4184.200000
4220.525000
4256.650000
4292.500000
4328.575000
4363.575000
4398.100000
4432.775000
4467.375000
4500.950000
4534.325000
4567.525000
4600.750000
4634.025000
4667.250000
4699.550000
4731.425000
4763.300000
4795.175000
4826.075000
4857.550000
4888.550000
4919.175000
4949.750000
4980.025000
5010.500000
5041.000000
5070.500000
5100.675000
5130.175000
5159.325000
5188.750000
5217.575000
5246.750000
5275.750000
5304.925000
5334.050000
5362.675000
5391.175000
5420.050000
5448.075000
5475.925000
5503.775000
5531.500000
5559.225000
5586.950000
5614.675000
5642.400000
5670.150000
5697.900000
5725.650000
5753.425000
5780.350000
5807.600000
5834.325000
5861.750000
5888.525000
5914.850000
5941.500000
5967.575000
5994.325000
6020.300000
6046.725000
6073.000000
6099.475000
6125.725000
6152.100000
6178.500000
6204.775000
6231.175000
6256.625000
6282.625000
6308.225000
6334.050000
6359.275000
6384.450000
6409.450000
6434.425000
6459.325000
6484.300000
6509.250000
6534.225000
6559.200000
6584.175000
6609.150000
6634.150000
6659.125000
6684.100000
6709.075000
6734.075000
6759.050000
6784.025000
6809.000000
6834.000000
6858.950000
6883.950000
6908.050000
6932.575000
6956.550000
6981.225000
7005.875000
7029.950000
7053.775000
7078.425000
7102.325000
7125.875000
7150.575000
7174.450000
7198.050000
7222.150000
7245.300000
7269.000000
7292.450000
7316.325000
7339.675000
7363.300000
7386.875000
7410.550000
7434.075000
7457.675000
7481.275000
7504.900000
7528.500000
7551.275000
7574.425000
7597.875000
7620.475000
7643.850000
7667.300000
7689.900000
7713.150000
7735.850000
7759.000000
7781.475000
7803.900000
7826.050000
7848.250000
7870.425000
7892.650000
7914.900000
7937.100000
7959.275000
7981.500000
8003.700000
8025.850000
8048.050000
8070.275000
8092.500000
8114.725000
8136.950000
8159.150000
8181.350000
8203.575000
8225.750000
8247.950000
8270.175000
8292.400000
8314.625000
8336.850000
8359.050000
8381.275000
8403.500000
8425.650000
8447.875000
8470.075000
8492.300000
8514.500000
8536.025000
8557.675000
8578.950000
8600.675000
8622.850000
8645.050000
8667.250000
8689.000000
8710.475000
8731.500000
8753.450000
8774.625000
8795.375000
8817.300000
8838.600000
8859.275000
8880.250000
8900.900000
8922.825000
8944.075000
8964.750000
8985.675000
9006.450000
9028.375000
9049.500000
9070.225000
9091.200000
9111.925000
9132.950000
9153.600000
9174.475000
9195.200000
9216.300000
9236.875000
9257.725000
9278.550000
9299.525000
9320.150000
9341.050000
9361.850000
9382.725000
9403.500000
9424.200000
9445.125000
9466.025000
9486.800000
9506.725000
9527.300000
9547.875000
9567.675000
9588.300000
9609.000000
9628.800000
9649.225000
9670.050000
9689.825000
9710.375000
9730.300000
9750.650000
9770.350000
9790.075000
9810.250000
9830.125000
9850.625000
9870.275000
9889.900000
9909.400000
9928.825000
9948.175000
9967.600000
9987.125000
10006.525000
10025.900000
10045.325000
10064.825000
10084.250000
10103.700000
10123.075000
10142.550000
10162.025000
10181.475000
10200.850000
10220.325000
10239.800000
10259.250000
10278.700000
10298.075000
10317.525000
10337.025000
10356.450000
10375.850000
10395.300000
10414.800000
10434.250000
10453.700000
10473.075000
10492.550000
10512.025000
10531.475000
10550.850000
10570.325000
10589.800000
10609.250000
10628.700000
10648.075000
10667.525000
10687.025000
10706.450000
10725.850000
10745.300000
10764.800000
10784.250000
10803.700000
10823.075000
10842.550000
10862.025000
10881.475000
10900.850000
10920.325000
10939.800000
10959.250000
10978.700000
10998.075000
11017.525000
11037.025000
11056.450000
11075.850000
11095.300000
11114.800000
11134.250000
11153.700000
11173.075000
11192.550000
11212.025000
11231.475000
11250.850000
11270.325000
11289.800000
11309.250000
11328.700000
11348.075000
11367.525000
11387.025000
11406.450000
11425.850000
11445.300000
11464.800000
11484.250000
11503.700000
11523.075000
11542.550000
11562.025000
11581.475000
11600.850000
11620.325000
11639.800000
11659.250000
11678.700000
11698.075000
11717.525000
11737.025000
11756.450000
11775.850000
11795.300000
11814.800000
11834.250000
11853.700000
11873.075000
11892.550000
11912.025000
11931.475000
11950.850000
11970.325000
11989.800000
12009.250000
12028.700000
12048.075000
12067.525000
12087.025000
12106.450000
12125.850000
12145.300000
12164.800000
12184.250000
12203.700000
12223.075000
12242.550000
12262.025000
12281.475000
12300.850000
12320.325000
12339.800000
12359.250000
12378.700000
12398.075000
12417.525000
12437.025000
12456.450000
12475.850000
12495.300000
12514.800000
12534.250000
12553.700000
12573.075000
12592.550000
12612.025000
12631.475000
12650.850000
12670.325000
12689.800000
12709.250000
12728.700000
12748.075000
12767.525000
12787.025000
12806.450000
12825.850000
12845.300000
12864.800000
12884.250000
12903.700000
12923.075000
12942.550000
12962.025000
12981.475000
13000.850000
13020.325000
13039.800000
13059.250000
13078.700000
13098.075000
13117.525000
13137.025000
13156.450000
13175.850000
13195.300000
13214.800000
13234.250000
13253.700000
13273.075000
13292.550000
13312.025000
13331.475000
13350.850000
13370.325000
13389.800000
13409.250000
13428.700000
13448.075000
13467.525000
13487.025000
13506.450000
13525.850000
13545.300000
13564.800000
13584.250000
13603.700000
13623.075000
13642.550000
13662.025000
13681.475000
13700.850000
13720.325000
13739.800000
13759.250000
13778.700000
13798.075000
13817.525000
13837.025000
13856.450000
13875.850000
13895.300000
13914.800000
13934.250000
13953.700000
13973.075000
13992.550000
14012.025000
14031.475000
14050.850000
14070.325000
14089.800000
14109.250000
14128.700000
14148.075000
14167.525000
14187.025000
14206.450000
14225.850000
14245.300000
14264.800000
14284.250000
14303.700000
14323.075000
14342.550000
14362.025000
14381.475000
14400.850000
14420.325000
14439.800000
14459.250000
14478.700000
14498.075000
14517.525000
14537.025000
14556.450000
14575.850000
14595.300000
14614.800000
14634.250000
14653.700000
14673.075000
14692.550000
14712.025000
14731.475000
14750.850000
14770.325000
14789.800000
14809.250000
14828.700000
14848.075000
14867.525000
14887.025000
14906.450000
14925.850000
14945.300000
14964.800000
14984.250000
15003.700000
15023.075000
15042.550000
15062.025000
15081.475000
15100.850000
15120.325000
15139.800000
15159.250000
15178.700000
15198.075000
15217.525000
15237.025000
15256.450000
15275.850000
15295.300000
15314.800000
15334.250000
15353.700000
15373.075000
15392.550000
15412.025000
15431.475000
15450.850000
15470.325000
15489.800000
15509.250000
15528.700000
15548.075000
15567.525000
15587.025000
15606.450000
15625.850000
15645.300000
15664.800000
15684.250000
15703.700000
15723.075000
15742.550000
15762.025000
15781.475000
15800.850000
15820.325000
15839.800000
15859.250000
15878.700000
15898.075000
15917.525000
15937.025000
15956.450000
15975.850000
15995.300000
16014.800000
16034.250000
16053.700000
16073.075000
16092.550000
16112.025000
16131.475000
16150.850000
16170.325000
16189.800000
16209.250000
16228.700000
16248.075000
16267.525000
16287.025000
16306.450000
16325.850000
16345.300000
16364.800000
16384.250000
16403.700000
16423.075000
16442.550000
16462.025000
16481.475000
16500.850000
16520.325000
16539.800000
16559.250000
16578.700000
16598.075000
16617.525000
16637.025000
16656.450000
16675.850000
16695.300000
16714.800000
16734.250000
16753.700000
16773.075000
16792.550000
16812.025000
16831.475000
16850.850000
16870.325000
16889.800000
16909.250000
16928.700000
16948.075000
16967.525000
16987.025000
17006.450000
17025.850000
17045.300000
17064.800000
17084.250000
17103.700000
17123.075000
17142.550000
17162.025000
17181.475000
17200.850000
17220.325000
17239.800000
17259.250000
17278.700000
17298.075000
17317.525000
17337.025000
17356.450000
17375.850000
17395.300000
17414.800000
17434.250000
17453.700000
17473.075000
17492.550000
17512.025000
17531.475000
17550.850000
17570.325000
17589.800000
17609.250000
17628.700000
17648.075000
17667.525000
17687.025000
17706.450000
17725.850000
17745.300000
17764.800000
17784.250000
17803.700000
17823.075000
17842.550000
17862.025000
17881.475000
17900.850000
17920.325000
17939.800000
17959.250000
17978.700000
17998.075000
18017.525000
18037.025000
18056.450000
18075.850000
18095.300000
18114.800000
18134.250000
18153.700000
18173.075000
18192.550000
18212.025000
18231.475001
18250.850001
18270.325001
18289.800001
18309.250001
18328.700001
18348.075001
18367.525001
18387.025001
18406.450001
18425.850001
18445.300001
18464.800001
18484.250001
18503.700001
18523.075001
18542.550001
18562.025001
18581.475001
18600.850001
18620.325001
18639.800001
18659.250001
18678.700001
18698.075001
18717.525001
18737.025001
18756.450001
18775.850001
18795.300001
18814.800001
18834.250001
18853.700001
18873.075001
18892.550001
18912.025001
18931.475001
18950.850001
18970.325001
18989.800001
19009.250001
19028.700001
19048.075001
19067.525001
19087.025001
19106.450001
19125.850001
19145.300001
19164.800001
19184.250001
19203.700001
19223.075001
19242.550001
19262.025001
19281.475001
19300.850001
19320.325001
19339.800001
19359.250001
19378.700001
19398.075001
19417.525001
19437.025001
19456.450001
19475.850001
19495.300001
19514.800001
19534.250001
19553.700001
19573.075001
19592.550001
19612.025001
19631.475001
19650.850001
19670.325001
19689.800001
19709.250001
19728.700001
19748.075001
19767.525001
19787.025001
19806.450001
19825.850001
19845.300001
19864.800001
19884.250001
19903.700001
19923.075001
19942.550001
19962.025001
19981.475001
20000.850001
20020.325001
20039.800001
20059.250001
20078.700001
20098.075001
20117.525001
20137.050001
20156.475001
20175.900001
20195.350001
20214.875001
20234.325001
20253.800001
20273.150001
20292.650001
20312.175001
20331.650001
20351.000001
20370.500001
20390.100001
20410.425001
20430.250001
20450.650001
20470.350001
20490.950001
20511.750001
20531.525001
20551.250001
20571.700001
20592.300001
20612.150001
20632.750001
20653.475001
20673.250001
20693.950001
20714.575001
20734.875001
20755.425001
20775.725001
20796.525001
20817.350001
20838.275001
20859.075001
20879.900001
20900.700001
20921.725001
20942.400001
20963.275001
20984.100001
21005.075001
21025.750001
21046.700001
21067.450001
21088.525001
21109.150001
21130.025001
21150.800001
21172.775001
21193.950001
21214.725001
21235.675001
21256.475001
21278.400001
21299.650001
21320.300001
21341.900001
21363.225001
21384.225001
21406.200001
21428.350001
21449.800001
21470.400001
21492.300001
21513.500001
21534.500001
21556.275001
21578.425001
21600.600001
21622.825001
21645.050001
21667.275001
21689.525001
21711.775001
21734.000001
21756.225001
21778.475001
21800.650001
21822.900001
21845.125001
21867.350001
21889.625001
21911.850001
21934.075001
21956.325001
21978.550001
22000.750001
22022.975001
22045.200001
22067.450001
22089.725001
22111.950001
22134.200001
22156.425001
22178.675001
22200.850001
22223.100001
22245.350001
22267.575001
22289.900001
22312.150001
22334.375001
22356.650001
22378.975001
22401.150001
22423.450001
22446.475001
22469.800001
22492.475001
22515.200001
22538.300001
22561.775001
22584.425001
22607.675001
22631.250001
22654.325001
22677.875001
22700.775001
22724.375001
22747.925001
22771.625001
22795.150001
22818.850001
22842.400001
22866.225001
22889.675001
22913.325001
22936.950001
22960.725001
22984.200001
23007.875001
23031.475001
23056.100001
23079.975001
23103.725001
23128.425001
23152.350001
23175.975001
23200.650001
23224.750001
23248.350001
23272.900001
23297.825001
23322.825001
23347.775001
23372.825001
23397.825001
23422.875001
23447.875001
23472.900001
23497.900001
23522.925001
23547.950001
23572.975001
23597.975001
23623.000001
23648.025001
23673.050001
23698.075001
23723.100001
23748.125001
23773.175001
23798.225001
23823.300001
23848.350001
23874.200001
23900.575001
23925.900001
23952.075001
23978.475001
24004.175001
24030.025001
24056.300001
24082.700001
24109.075001
24135.475001
24161.900001
24188.400001
24214.725001
24241.300001
24267.550001
24295.000001
24321.825001
24348.150001
24375.600001
24402.500001
24429.800001
24456.675001
24484.075001
24511.825001
24539.600001
24567.375001
24595.175001
24622.975001
24650.775001
24678.650001
24706.475001
24734.300001
24762.175001
24790.100001
24818.625001
24847.250001
24875.725001
24904.725001
24934.025001
24963.175001
24992.400001
25021.725001
25050.825001
25080.125001
25109.325001
25139.525001
25169.200001
25199.025001
25228.875001
25259.125001
25289.675001
25320.225001
25350.825001
25381.475001
25412.200001
25442.825001
25474.350001
25506.275001
25538.200001
25570.200001
25602.325001
25634.375001
25667.350001
25700.650001
25734.050001
25767.450001
25800.850001
25834.400001
25868.600001
25903.475001
25938.275001
25973.125001
26008.875001
26045.125001
26081.375001
26117.625001
26154.800001
26192.450001
26230.250001
26268.850001
26307.875001
26347.925001
26388.375001
26429.900001
26471.950001
26514.825001
26559.175001
26604.750001
26651.475001
26700.700001
26752.150001
26807.725001
26870.850001
