1.000000
4.000000
1050.875000
1141.325000
1226.675000
1307.550000
1384.225000
1456.925000
1525.325000
1590.225000
1652.000000
1711.175000
1768.100000
1823.200000
1876.400000
1928.575000
1979.525000
2029.450000
2078.700000
2127.075000
2174.900000
2222.150000
2269.000000
2315.250000
2361.125000
2406.800000
2452.000000
2496.925000
2541.425000
2585.650000
2629.750000
2673.475000
2716.700000
2759.525000
2802.325000
2845.100000
2887.275000
2929.400000
2970.850000
3012.500000
3053.775000
3095.225000
3135.975000
3176.450000
3217.300000
3257.825000
3298.000000
3338.050000
3377.950000
3417.775000
3457.150000
3496.450000
3535.700000
3574.675000
3613.475000
3652.250000
3690.975000
3729.475000
3767.800000
3805.600000
3843.100000
3880.525000
3918.150000
3955.475000
3992.650000
4030.050000
4067.475000
4104.150000
4141.125000
4177.750000
4213.800000
4250.325000
4286.125000
4322.350000
4358.125000
4394.125000
4430.075000
4465.500000
4501.275000
4536.125000
4571.525000
4607.075000
4641.800000
4676.525000
4711.725000
4746.800000
4781.450000
4816.375000
4851.125000
4885.550000
4919.575000
4953.900000
4987.650000
5021.825000
5055.825000
5090.000000
5123.600000
5157.325000
5191.175000
5224.700000
5258.050000
5291.450000
5324.675000
5357.925000
5391.275000
5424.375000
5457.650000
5490.725000
5523.600000
5556.575000
5588.900000
5620.900000
5653.025000
5685.700000
5718.075000
5750.125000
5781.900000
5813.725000
5845.825000
5877.625000
5909.000000
5941.350000
5973.350000
6004.425000
6035.900000
6067.850000
6098.550000
6130.175000
6161.325000
6192.325000
6223.725000
6254.450000
6285.725000
6316.725000
6347.150000
6378.025000
6408.250000
6438.975000
6469.325000
6499.900000
6530.275000
6560.650000
6591.350000
6620.975000
6651.425000
6680.850000
6711.225000
6741.400000
6770.800000
6801.225000
6830.450000
6859.900000
6890.175000
6919.325000
6948.575000
6978.850000
7008.050000
7037.250000
7066.800000
7095.975000
7124.900000
7154.050000
7183.225000
7212.475000
7241.450000
7269.725000
7298.575000
7327.600000
7356.800000
7385.550000
7413.825000
7442.600000
7470.875000
7499.525000
7528.925000
7557.100000
7585.700000
7613.750000
7641.725000
7669.550000
7697.400000
7725.225000
7753.100000
7780.775000
7808.425000
7836.125000
7863.825000
7891.625000
7919.325000
7947.050000
7974.775000
8002.525000
8030.275000
8057.975000
8085.725000
8113.475000
8141.300000
8168.775000
8196.425000
8223.975000
8251.450000
8279.125000
8306.050000
8333.350000
8359.825000
8386.225000
8413.650000
8440.725000
8468.050000
8494.700000
8520.900000
8547.300000
8574.575000
8601.425000
8627.875000
8654.125000
8680.450000
8707.150000
8733.450000
8759.475000
8785.925000
8812.525000
8838.575000
8863.975000
8890.975000
8917.925000
8943.100000
8969.300000
8995.775000
9020.875000
9047.050000
9073.475000
9098.525000
9124.700000
9150.825000
9176.250000
9202.325000
9228.050000
9252.950000
9279.300000
9304.250000
9330.250000
9355.625000
9380.500000
9406.750000
9430.725000
9456.975000
9481.375000
9507.475000
9532.325000
9558.100000
9583.200000
9608.150000
9633.200000
9658.150000
9682.950000
9708.125000
9732.575000
9758.125000
9782.275000
9807.925000
9832.050000
9857.200000
9880.850000
9906.850000
9930.550000
9955.475000
9980.250000
10004.225000
10029.275000
10052.850000
10076.700000
10101.600000
10125.200000
10150.100000
10174.725000
10198.550000
10223.600000
10247.225000
10271.000000
10295.950000
10319.550000
10344.225000
10368.975000
10393.025000
10418.075000
10441.700000
10465.675000
10490.950000
10515.075000
10540.275000
10563.850000
10587.725000
10612.700000
10636.175000
10661.050000
10685.750000
10709.550000
10734.700000
10758.275000
10782.175000
10807.150000
10830.650000
10855.575000
10880.275000
10904.175000
10929.225000
10952.800000
10976.575000
11001.500000
11025.100000
11049.675000
11074.550000
11098.550000
11123.600000
11147.225000
11171.000000
11195.950000
11219.550000
11244.250000
11268.975000
11293.025000
11318.075000
11341.700000
11365.650000
11390.925000
11415.050000
11440.275000
11463.850000
11487.725000
11512.700000
11536.175000
11561.050000
11585.750000
11609.550000
11634.700000
11658.275000
11682.175000
11707.150000
11730.650000
11755.575000
11780.275000
11804.175000
11829.225000
11852.800000
11876.575000
11901.500000
11925.100000
11949.675000
11974.550000
11998.550000
12023.600000
12047.225000
12071.000000
12095.950000
12119.550000
12144.250000
12168.975000
12193.025000
12218.075000
12241.700000
12265.650000
12290.925000
12315.050000
12340.275000
12363.850000
12387.725000
12412.700000
12436.175000
12461.050000
12485.750000
12509.550000
12534.700000
12558.275000
12582.175000
12607.150000
12630.650000
12655.575000
12680.275000
12704.175000
12729.225000
12752.800000
12776.575000
12801.500000
12825.100000
12849.675000
12874.550000
12898.550000
12923.600000
12947.225000
12971.000000
12995.950000
13019.550000
13044.250000
13068.975000
13093.025000
13118.075000
13141.700000
13165.650000
13190.925000
13215.050000
13240.275000
13263.850000
13287.725000
13312.700000
13336.175000
13361.050000
13385.750000
13409.550000
13434.700000
13458.275000
13482.175000
13507.150000
13530.650000
13555.575000
13580.275000
13604.175000
13629.225000
13652.800000
13676.575000
13701.500000
13725.100000
13749.675000
13774.550000
13798.550000
13823.600000
13847.225000
13871.000000
13895.950000
13919.550000
13944.250000
13968.975000
13993.025000
14018.075000
14041.700000
14065.650000
14090.925000
14115.050000
14140.275000
14163.850000
14187.725000
14212.700000
14236.175000
14261.050000
14285.750000
14309.550000
14334.700000
14358.275000
14382.175000
14407.150000
14430.650000
14455.575000
14480.275000
14504.175000
14529.225000
14552.800000
14576.575000
14601.500000
14625.100000
14649.675000
14674.550000
14698.550000
14723.600000
14747.225000
14771.000000
14795.950000
14819.550000
14844.250000
14868.975000
14893.025000
14918.075000
14941.700000
14965.650000
14990.925000
15015.050000
15040.275000
15063.850000
15087.725000
15112.700000
15136.175000
15161.050000
15185.750000
15209.550000
15234.700000
15258.275000
15282.175000
15307.150000
15330.650000
15355.575000
15380.275000
15404.175000
15429.225000
15452.800000
15476.575000
15501.500000
15525.100000
15549.675000
15574.550000
15598.550000
15623.600000
15647.225000
15671.000000
15695.950000
15719.550000
15744.250000
15768.975000
15793.025000
15818.075000
15841.700000
15865.650000
15890.925000
15915.050000
15940.275000
15963.850000
15987.725000
16012.700000
16036.175000
16061.050000
16085.750000
16109.550000
16134.700000
16158.275000
16182.175000
16207.150000
16230.650000
16255.575000
16280.275000
16304.175000
16329.225000
16352.800000
16376.575000
16401.500000
16425.100000
16449.675000
16474.550000
16498.550000
16523.600000
16547.225000
16571.000000
16595.950000
16619.550000
16644.250000
16668.975000
16693.025000
16718.075000
16741.700000
16765.650000
16790.925000
16815.050000
16840.275000
16863.850000
16887.725000
16912.700000
16936.175000
16961.050000
16985.750000
17009.550000
17034.700000
17058.275000
17082.175000
17107.150000
17130.650000
17155.575000
17180.275000
17204.175000
17229.225000
17252.800000
17276.575000
17301.500000
17325.100000
17349.675000
17374.550000
17398.550000
17423.600000
17447.225000
17471.000000
17495.950000
17519.550000
17544.250000
17568.975000
17593.025000
17618.075000
17641.700000
17665.650000
17690.925000
17715.050000
17740.275000
17763.850000
17787.725000
17812.700000
17836.175000
17861.050000
17885.750000
17909.550000
17934.700000
17958.275000
17982.175000
18007.150000
18030.650000
18055.575000
18080.275000
18104.175000
18129.225000
18152.800000
18176.575000
18201.500000
18225.100000
18249.675001
18274.550001
18298.550001
18323.600001
18347.225001
18371.000001
18395.950001
18419.550001
18444.250001
18468.975001
18493.025001
18518.075001
18541.700001
18565.650001
18590.925001
18615.050001
18640.275001
18663.850001
18687.725001
18712.700001
18736.175001
18761.050001
18785.750001
18809.550001
18834.700001
18858.275001
18882.175001
18907.150001
18930.650001
18955.575001
18980.275001
19004.175001
19029.225001
19052.800001
19076.575001
19101.500001
19125.100001
19149.675001
19174.550001
19198.550001
19223.600001
19247.225001
19271.000001
19295.950001
19319.550001
19344.250001
19368.975001
19393.025001
19418.075001
19441.700001
19465.650001
19490.925001
19515.050001
19540.275001
19563.850001
19587.725001
19612.700001
19636.175001
19661.050001
19685.750001
19709.550001
19734.700001
19758.275001
19782.175001
19807.150001
19830.650001
19855.575001
19880.275001
19904.175001
19929.225001
19952.800001
19976.575001
20001.500001
20025.100001
20049.675001
20074.550001
20098.550001
20123.600001
20147.250001
20171.300001
20196.875001
20220.850001
20245.925001
20269.625001
20295.375001
20319.475001
20344.525001
20369.300001
20393.300001
20418.975001
20443.225001
20468.875001
20493.275001
20519.125001
20543.325001
20569.175001
20593.675001
20619.350001
20644.650001
20669.450001
20695.625001
20719.700001
20745.875001
20770.725001
20796.275001
20821.575001
20847.225001
20873.550001
20898.450001
20924.425001
20950.325001
20975.400001
21001.725001
21027.625001
21052.825001
21079.300001
21104.875001
21130.575001
21157.125001
21183.125001
21208.375001
21235.000001
21261.150001
21286.325001
21313.475001
21340.225001
21365.825001
21392.325001
21419.300001
21445.900001
21472.275001
21498.450001
21524.900001
21551.550001
21578.975001
21605.375001
21631.675001
21658.250001
21685.600001
21712.675001
21740.125001
21766.875001
21793.200001
21820.275001
21847.275001
21874.775001
21902.150001
21930.075001
21957.725001
21985.575001
22013.400001
22041.300001
22068.975001
22096.825001
22124.650001
22152.450001
22180.275001
22208.050001
22235.850001
22263.650001
22291.525001
22319.300001
22347.100001
22374.925001
22402.750001
22430.525001
22458.325001
22486.150001
22514.000001
22542.650001
22570.800001
22598.800001
22627.650001
22656.675001
22685.100001
22713.700001
22742.000001
22770.750001
22799.650001
22829.100001
22857.950001
22886.200001
22915.275001
22944.525001
22973.650001
23002.650001
23031.750001
23061.100001
23090.525001
23119.475001
23148.675001
23179.025001
23208.150001
23237.500001
23267.875001
23297.125001
23326.525001
23356.950001
23386.150001
23416.650001
23446.800001
23476.475001
23507.075001
23537.050001
23567.975001
23598.000001
23629.175001
23659.325001
23690.325001
23720.650001
23751.475001
23781.950001
23813.225001
23844.400001
23874.975001
23906.700001
23937.350001
23968.925001
24000.575001
24031.850001
24063.500001
24095.550001
24126.450001
24158.150001
24190.225001
24221.900001
24253.800001
24285.825001
24318.050001
24350.075001
24381.950001
24413.850001
24446.625001
24479.375001
24512.225001
24544.725001
24577.450001
24609.925001
24642.825001
24675.525001
24708.375001
24741.575001
24774.775001
24808.050001
24841.475001
24874.800001
24908.175001
24941.675001
24975.100001
25008.600001
25042.750001
25076.425001
25110.750001
25145.425001
25179.950001
25213.975001
25248.450001
25283.175001
25318.000001
25352.575001
25387.350001
25422.450001
25457.800001
25492.925001
25528.800001
25563.800001
25599.525001
25635.550001
25671.150001
25707.450001
25743.275001
25779.850001
25816.375001
25852.600001
25889.150001
25925.725001
25962.850001
25999.825001
26036.475001
26073.850001
26111.125001
26148.375001
26185.900001
26223.675001
26261.675001
26299.850001
26337.725001
26376.050001
26414.350001
26452.925001
26491.650001
26530.450001
26569.425001
26608.425001
26647.950001
26687.550001
26727.450001
26767.750001
26807.925001
26848.275001
26888.850001
26929.800001
26970.675001
27012.125001
27053.400001
27095.450001
27137.150001
27179.350001
27221.500001
27263.925001
27306.850001
27349.775001
27392.875001
27436.125001
27480.075001
27524.250001
27568.825001
27613.500001
27658.250001
27703.475001
27748.900001
27794.850001
27841.150001
27887.525001
27934.500001
27981.600001
28029.275001
28077.150001
28125.575001
28174.500001
28223.775001
28273.475001
28323.600001
28374.275001
28425.450001
28477.250001
28529.800001
28582.825001
28636.400001
28690.850001
28746.025001
28801.975001
28858.750001
28916.500001
28975.075001
29034.850001
29095.700001
29157.800001
29221.175001
29286.025001
29352.575001
29421.025001
29491.850001
29565.450001
29642.800001
29725.000001
29814.050001
29915.450001
