10.000000
33.000000
1779.600000
1853.800000
1920.975000
1982.175000
2039.000000
2092.575000
2143.700000
2192.950000
2240.850000
2287.300000
2332.725000
2377.250000
2420.725000
2463.500000
2505.475000
2546.775000
2587.300000
2627.400000
2667.150000
2706.550000
2745.475000
2783.950000
2822.150000
2859.750000
2897.225000
2934.775000
2971.925000
3008.600000
3045.725000
3082.100000
3118.825000
3155.350000
3191.525000
3227.625000
3263.575000
3299.425000
3335.450000
3370.900000
3406.775000
3441.825000
3477.150000
3512.625000
3547.375000
3582.300000
3617.675000
3652.425000
3687.050000
3721.800000
3756.700000
3791.175000
3825.225000
3859.475000
3893.400000
3927.675000
3961.775000
3995.875000
4029.850000
4063.625000
4097.125000
4130.500000
4163.825000
4197.150000
4230.425000
4263.650000
4296.925000
4330.175000
4363.400000
4396.550000
4429.825000
4462.825000
4495.775000
4528.775000
4561.200000
4593.425000
4626.000000
4658.250000
4690.925000
4723.525000
4755.600000
4787.475000
4819.400000
4851.525000
4883.425000
4915.125000
4947.000000
4979.125000
5010.600000
5042.125000
5074.000000
5105.650000
5136.700000
5168.625000
5200.150000
5230.950000
5262.650000
5293.400000
5324.775000
5355.850000
5386.325000
5417.950000
5448.425000
5479.525000
5509.925000
5541.150000
5571.825000
5602.575000
5633.175000
5663.625000
5694.125000
5724.675000
5755.075000
5785.700000
5815.675000
5846.150000
5876.175000
5906.800000
5936.125000
5966.525000
5996.475000
6026.300000
6056.750000
6086.025000
6115.500000
6145.750000
6174.950000
6204.375000
6234.575000
6263.725000
6292.975000
6322.625000
6352.325000
6381.400000
6411.100000
6440.450000
6469.400000
6498.425000
6527.675000
6556.975000
6585.875000
6614.150000
6643.100000
6672.225000
6701.350000
6730.225000
6758.375000
6787.100000
6815.650000
6844.675000
6873.575000
6902.175000
6930.500000
6958.475000
6986.850000
7015.375000
7043.475000
7072.250000
7101.025000
7129.325000
7157.725000
7185.925000
7213.800000
7241.700000
7269.475000
7297.250000
7325.025000
7352.800000
7380.525000
7408.250000
7436.000000
7463.750000
7491.550000
7519.275000
7547.000000
7574.725000
7602.450000
7630.250000
7657.950000
7685.700000
7713.450000
7741.275000
7768.750000
7796.425000
7824.075000
7851.600000
7879.275000
7906.825000
7933.625000
7960.900000
7987.525000
8014.000000
8041.525000
8068.500000
8095.900000
8123.300000
8149.900000
8176.325000
8202.800000
8230.175000
8257.075000
8283.725000
8310.075000
8336.275000
8363.600000
8390.400000
8417.000000
8443.075000
8469.425000
8496.050000
8522.625000
8548.650000
8574.950000
8601.525000
8627.775000
8653.300000
8680.325000
8706.950000
8732.225000
8758.300000
8784.850000
8810.700000
8836.175000
8862.750000
8888.775000
8913.925000
8940.425000
8965.700000
8991.675000
9018.100000
9043.125000
9069.250000
9095.450000
9120.600000
9146.600000
9172.450000
9197.375000
9223.675000
9248.600000
9274.575000
9300.050000
9325.025000
9351.275000
9375.525000
9401.600000
9426.450000
9452.325000
9477.475000
9502.725000
9527.975000
9552.800000
9578.350000
9602.925000
9629.175000
9653.025000
9679.225000
9703.050000
9729.225000
9753.000000
9779.175000
9802.925000
9828.975000
9852.850000
9877.900000
9902.675000
9926.600000
9951.775000
9976.300000
10001.475000
10025.150000
10050.200000
10074.900000
10098.725000
10123.775000
10147.450000
10173.075000
10197.250000
10221.600000
10247.025000
10270.925000
10295.975000
10319.625000
10344.800000
10369.400000
10393.275000
10418.350000
10442.700000
10468.100000
10491.800000
10516.875000
10541.575000
10565.425000
10590.500000
10614.050000
10639.225000
10663.800000
10687.775000
10713.075000
10737.425000
10762.600000
10786.200000
10811.200000
10835.925000
10859.800000
10884.900000
10908.475000
10933.550000
10958.200000
10982.100000
11007.225000
11030.775000
11056.600000
11080.550000
11105.400000
11130.275000
11154.250000
11179.350000
11202.975000
11228.100000
11252.725000
11276.575000
11301.600000
11325.350000
11351.300000
11375.025000
11399.100000
11424.700000
11448.650000
11473.725000
11497.375000
11522.400000
11547.100000
11570.950000
11596.000000
11619.675000
11645.225000
11669.475000
11694.125000
11719.200000
11743.100000
11768.175000
11791.875000
11817.575000
11841.700000
11866.550000
11891.450000
11915.275000
11940.400000
11963.975000
11988.975000
12013.700000
12037.575000
12062.675000
12086.225000
12111.300000
12135.975000
12159.875000
12184.975000
12208.525000
12233.775000
12258.300000
12282.575000
12308.075000
12332.025000
12357.125000
12380.700000
12405.800000
12430.450000
12454.450000
12479.850000
12504.225000
12529.375000
12552.975000
12578.250000
12602.775000
12626.700000
12651.925000
12676.375000
12701.475000
12725.150000
12750.150000
12774.875000
12798.700000
12823.750000
12847.425000
12872.650000
12897.200000
12921.100000
12946.225000
12970.675000
12995.875000
13019.550000
13044.450000
13069.250000
13093.125000
13118.175000
13141.875000
13167.600000
13191.700000
13216.500000
13241.450000
13265.275000
13290.400000
13313.975000
13338.975000
13363.700000
13387.575000
13412.675000
13436.225000
13461.300000
13485.975000
13509.875000
13534.975000
13558.500000
13583.750000
13608.275000
13632.450000
13658.025000
13681.975000
13707.100000
13730.675000
13755.775000
13780.425000
13804.400000
13829.650000
13854.100000
13879.300000
13902.900000
13927.875000
13952.625000
13976.450000
14001.500000
14025.175000
14050.250000
14074.900000
14098.750000
14123.775000
14147.475000
14173.300000
14197.225000
14221.175000
14246.475000
14270.875000
14295.950000
14319.625000
14344.725000
14369.375000
14393.225000
14418.275000
14442.175000
14468.075000
14491.775000
14516.825000
14541.550000
14565.400000
14590.475000
14614.025000
14639.150000
14663.775000
14687.675000
14712.825000
14736.375000
14762.325000
14786.100000
14810.525000
14835.875000
14859.800000
14884.900000
14908.450000
14933.525000
14958.200000
14982.100000
15007.200000
15030.750000
15056.475000
15080.575000
15105.500000
15130.325000
15154.275000
15179.375000
15202.975000
15228.200000
15252.775000
15276.650000
15301.750000
15326.125000
15351.425000
15375.100000
15399.925000
15424.750000
15448.650000
15473.700000
15497.375000
15522.350000
15547.075000
15570.925000
15595.975000
15619.650000
15644.850000
15669.425000
15693.325000
15718.425000
15742.925000
15768.100000
15791.800000
15816.850000
15841.575000
15865.425000
15890.500000
15914.050000
15939.200000
15963.800000
15987.725000
16012.950000
16037.000000
16062.625000
16086.200000
16111.250000
16135.950000
16159.825000
16184.925000
16208.475000
16233.600000
16258.225000
16282.150000
16307.325000
16330.925000
16356.950000
16380.600000
16405.575000
16430.350000
16454.300000
16479.400000
16503.025000
16528.800000
16552.800000
16576.725000
16602.050000
16626.425000
16651.500000
16675.175000
16700.250000
16724.925000
16748.750000
16773.800000
16797.500000
16823.400000
16847.225000
16871.150000
16896.400000
16920.850000
16945.925000
16969.600000
16994.650000
17019.350000
17043.200000
17068.225000
17091.975000
17117.975000
17141.725000
17166.500000
17191.450000
17215.275000
17240.400000
17263.975000
17288.975000
17313.700000
17337.575000
17362.675000
17386.225000
17411.300000
17435.975000
17459.875000
17484.950000
17508.500000
17533.750000
17558.275000
17582.450000
17608.025000
17631.975000
17657.100000
17680.675000
17705.750000
17730.425000
17754.400000
17779.650000
17804.100000
17829.275000
17852.900000
17877.850000
17902.600000
17926.450000
17951.500000
17975.175000
18000.225000
18024.900000
18048.750000
18073.775000
18097.450000
18123.225000
18147.250000
18171.250000
18196.800000
18220.875000
18245.950001
18269.600001
18294.700001
18319.350001
18343.200001
18368.250001
18392.050001
18418.025001
18441.750001
18466.675001
18491.500001
18515.325001
18540.425001
18563.975001
18589.000001
18613.725001
18637.600001
18662.700001
18686.250001
18711.350001
18736.000001
18759.900001
18785.025001
18808.575001
18834.450001
18858.325001
18882.750001
18908.100001
18932.025001
18957.125001
18980.700001
19005.825001
19030.450001
19054.475001
19079.900001
19104.250001
19129.375001
19153.000001
19178.425001
19202.825001
19227.250001
19252.600001
19276.475001
19301.525001
19325.175001
19350.300001
19374.925001
19398.775001
19423.825001
19447.550001
19473.500001
19497.250001
19521.225001
19546.725001
19570.875001
19595.950001
19619.625001
19644.725001
19669.375001
19693.225001
19718.275001
19742.250001
19768.100001
19791.800001
19816.875001
19841.575001
19865.425001
19890.525001
19914.075001
19939.400001
19963.850001
19988.425001
20013.650001
20037.550001
20062.650001
20086.225001
20111.300001
20135.975001
20159.950001
20185.300001
20209.750001
20234.950001
20258.600001
20284.725001
20308.425001
20333.725001
20358.325001
20383.500001
20408.250001
20433.325001
20458.200001
20483.175001
20508.175001
20533.200001
20558.200001
20583.300001
20608.225001
20633.425001
20658.275001
20683.625001
20708.375001
20734.650001
20758.575001
20784.850001
20809.700001
20835.700001
20861.125001
20886.100001
20912.425001
20936.850001
20963.525001
20989.050001
21013.950001
21040.375001
21065.375001
21091.550001
21117.925001
21142.950001
21169.125001
21195.450001
21220.750001
21247.000001
21273.450001
21298.600001
21324.825001
21351.325001
21376.475001
21402.700001
21429.275001
21455.350001
21480.675001
21507.625001
21534.650001
21560.075001
21586.150001
21613.200001
21640.275001
21666.575001
21692.550001
21719.350001
21746.000001
21772.775001
21798.900001
21825.250001
21852.575001
21879.450001
21906.750001
21933.225001
21959.550001
21986.075001
22013.475001
22040.525001
22068.000001
22094.675001
22121.050001
22148.125001
22175.075001
22202.575001
22230.100001
22257.500001
22285.050001
22312.625001
22340.275001
22367.950001
22395.525001
22423.150001
22451.075001
22478.950001
22506.625001
22534.450001
22562.300001
22590.150001
22617.975001
22645.775001
22673.600001
22701.425001
22729.350001
22757.250001
22785.475001
22813.650001
22841.575001
22869.375001
22897.200001
22925.025001
22952.875001
22980.675001
23008.525001
23036.550001
23065.150001
23093.150001
23121.275001
23150.150001
23179.150001
23207.650001
23236.025001
23264.075001
23292.925001
23321.125001
23350.225001
23379.300001
23408.075001
23436.250001
23465.225001
23494.300001
23523.550001
23552.500001
23580.875001
23610.025001
23639.925001
23669.150001
23698.125001
23727.775001
23757.175001
23786.100001
23815.375001
23845.550001
23874.825001
23904.175001
23934.300001
23963.725001
23993.125001
24023.475001
24052.775001
24082.600001
24113.075001
24142.975001
24173.475001
24202.875001
24233.275001
24263.525001
24293.300001
24323.850001
24354.100001
24384.750001
24414.775001
24445.800001
24476.050001
24507.000001
24537.325001
24568.175001
24598.575001
24629.775001
24660.800001
24691.600001
24722.950001
24753.975001
24785.250001
24816.675001
24847.350001
24879.175001
24909.975001
24941.550001
24973.375001
25004.425001
25035.975001
25067.975001
25099.300001
25130.900001
25163.250001
25195.625001
25227.375001
25259.325001
25291.525001
25323.700001
25355.925001
25388.175001
25420.625001
25452.800001
25485.575001
25518.250001
25551.175001
25583.700001
25616.650001
25649.100001
25682.000001
25714.925001
25747.875001
25780.850001
25813.925001
25847.150001
25880.425001
25913.725001
25947.125001
25980.500001
26013.900001
26047.450001
26081.175001
26115.175001
26148.875001
26183.150001
26217.625001
26251.800001
26286.000001
26320.375001
26355.075001
26390.025001
26424.650001
26459.300001
26494.325001
26529.350001
26563.975001
26599.025001
26634.625001
26669.575001
26705.225001
26740.925001
26776.400001
26812.400001
26848.050001
26884.450001
26920.300001
26956.850001
26992.900001
27029.450001
27065.825001
27102.575001
27139.425001
27176.225001
27213.375001
27250.775001
27287.925001
27325.200001
27362.900001
27400.775001
27438.625001
27476.350001
27514.225001
27552.550001
27591.075001
27629.800001
27668.600001
27707.650001
27746.775001
27785.900001
27825.100001
27864.525001
27904.275001
27944.200001
27984.400001
28024.625001
28065.025001
28105.700001
28146.625001
28187.625001
28229.125001
28270.550001
28312.475001
28354.375001
28396.775001
28439.500001
28482.375001
28525.575001
28569.200001
28613.150001
28657.500001
28702.225001
28747.200001
28792.650001
28838.575001
28885.025001
28931.850001
28979.375001
29027.375001
29076.025001
29125.350001
29175.400001
29226.275001
29278.125001
29330.950001
29385.100001
29440.650001
29497.875001
29557.350001
29619.425001
29684.925001
29754.825001
29831.000001
29918.125001
