2.000000
7.000000
2026.525000
2077.375000
2124.875000
2169.875000
2212.225000
2252.825000
2292.025000
2329.775000
2366.150000
2401.100000
2435.425000
2468.850000
2501.125000
2532.825000
2564.125000
2594.950000
2624.850000
2654.150000
2683.075000
2711.875000
2740.075000
2767.875000
2795.400000
2822.975000
2850.575000
2877.500000
2904.050000
2930.725000
2957.150000
2983.525000
3009.350000
3035.450000
3061.700000
3087.150000
3113.025000
3138.475000
3163.800000
3189.425000
3214.650000
3239.775000
3264.750000
3289.750000
3314.700000
3339.675000
3364.600000
3389.575000
3414.500000
3439.450000
3463.950000
3488.300000
3512.975000
3537.100000
3561.750000
3585.750000
3609.825000
3634.075000
3657.950000
3681.675000
3706.075000
3729.950000
3753.700000
3777.500000
3800.950000
3824.600000
3848.075000
3871.750000
3895.250000
3918.875000
3942.400000
3966.050000
3989.600000
4013.150000
4036.750000
4059.925000
4082.975000
4106.275000
4129.650000
4152.625000
4175.675000
4198.300000
4221.475000
4244.700000
4267.450000
4290.050000
4313.075000
4335.650000
4358.275000
4381.175000
4403.650000
4425.925000
4448.200000
4470.425000
4492.625000
4514.850000
4537.050000
4559.225000
4581.425000
4603.650000
4625.800000
4648.000000
4670.200000
4692.400000
4714.625000
4736.850000
4759.050000
4781.250000
4803.475000
4825.625000
4847.825000
4870.025000
4892.225000
4913.875000
4935.500000
4957.550000
4979.025000
5000.725000
5022.825000
5044.700000
5066.200000
5087.325000
5109.025000
5130.225000
5151.800000
5173.050000
5195.000000
5216.300000
5237.150000
5258.650000
5279.925000
5300.900000
5322.700000
5343.875000
5364.775000
5385.700000
5406.525000
5427.625000
5448.125000
5469.050000
5489.800000
5510.700000
5531.400000
5552.275000
5573.025000
5593.975000
5614.675000
5635.500000
5656.325000
5677.200000
5697.925000
5718.800000
5739.600000
5760.425000
5781.250000
5802.025000
5822.875000
5842.875000
5863.300000
5884.050000
5904.150000
5924.450000
5945.100000
5965.025000
5985.450000
6006.200000
6025.950000
6046.500000
6067.250000
6087.025000
6107.500000
6127.850000
6147.900000
6167.625000
6187.350000
6207.575000
6227.625000
6247.800000
6267.500000
6287.125000
6306.700000
6326.025000
6345.500000
6364.950000
6384.425000
6403.800000
6423.175000
6442.575000
6462.100000
6481.475000
6500.900000
6520.300000
6539.800000
6559.200000
6578.675000
6598.025000
6617.500000
6636.950000
6656.400000
6675.775000
6695.225000
6714.675000
6734.125000
6753.550000
6772.950000
6792.400000
6811.850000
6831.275000
6850.700000
6870.125000
6889.600000
6909.025000
6928.500000
6947.875000
6967.325000
6986.750000
7006.225000
7025.600000
7045.075000
7063.775000
7082.750000
7101.275000
7120.175000
7139.550000
7158.150000
7177.150000
7195.500000
7214.600000
7233.950000
7252.450000
7270.600000
7289.600000
7308.025000
7326.150000
7345.125000
7363.500000
7381.675000
7400.650000
7419.050000
7437.150000
7456.225000
7474.550000
7492.600000
7511.750000
7530.025000
7548.125000
7567.275000
7585.550000
7603.700000
7622.775000
7641.100000
7659.200000
7678.125000
7696.525000
7714.700000
7732.975000
7750.850000
7769.025000
7786.975000
7805.175000
7823.050000
7841.200000
7859.175000
7877.400000
7895.225000
7913.325000
7931.375000
7949.550000
7967.425000
7985.500000
8003.575000
8021.725000
8039.650000
8057.700000
8075.725000
8093.875000
8111.850000
8129.900000
8147.925000
8166.075000
8184.050000
8202.050000
8220.125000
8237.500000
8255.175000
8272.925000
8290.950000
8309.000000
8326.025000
8343.925000
8361.800000
8378.950000
8396.625000
8414.550000
8431.575000
8449.375000
8467.325000
8484.350000
8502.075000
8519.975000
8537.025000
8554.150000
8571.700000
8589.525000
8606.500000
8623.350000
8641.000000
8657.975000
8675.625000
8692.525000
8709.425000
8726.100000
8742.775000
8759.550000
8776.125000
8792.750000
8809.450000
8826.025000
8842.675000
8859.400000
8875.975000
8892.625000
8909.350000
8925.950000
8942.600000
8959.325000
8975.900000
8992.575000
9009.275000
9025.900000
9042.550000
9059.250000
9075.875000
9092.525000
9109.225000
9125.850000
9142.500000
9159.225000
9175.825000
9192.500000
9209.200000
9225.800000
9242.475000
9259.175000
9275.800000
9292.450000
9309.150000
9325.775000
9342.450000
9359.125000
9375.750000
9392.425000
9409.125000
9425.750000
9442.400000
9459.100000
9475.725000
9492.400000
9509.075000
9525.700000
9542.375000
9559.075000
9575.700000
9592.375000
9609.050000
9625.675000
9642.350000
9659.025000
9675.675000
9692.325000
9709.000000
9725.650000
9742.300000
9758.450000
9774.550000
9791.000000
9806.700000
9822.975000
9839.600000
9856.250000
9872.875000
9889.550000
9906.200000
9922.850000
9939.525000
9956.175000
9972.825000
9989.025000
10005.025000
10020.400000
10036.825000
10052.575000
10067.825000
10084.075000
10100.625000
10117.250000
10133.075000
10148.225000
10164.575000
10180.200000
10195.525000
10211.850000
10228.450000
10245.025000
10260.850000
10276.000000
10292.350000
10307.975000
10323.300000
10339.625000
10356.200000
10372.800000
10388.625000
10403.850000
10420.125000
10435.750000
10451.075000
10467.375000
10483.975000
10500.575000
10516.625000
10531.750000
10547.925000
10563.550000
10579.000000
10595.150000
10611.775000
10628.400000
10644.350000
10659.475000
10675.675000
10691.425000
10706.750000
10722.925000
10739.525000
10755.450000
10770.525000
10786.825000
10802.525000
10817.750000
10834.075000
10850.625000
10867.250000
10883.075000
10898.225000
10914.575000
10930.200000
10945.525000
10961.850000
10978.450000
10995.025000
11010.850000
11026.000000
11042.350000
11057.975000
11073.300000
11089.625000
11106.200000
11122.800000
11138.625000
11153.850000
11170.125000
11185.750000
11201.075000
11217.375000
11233.975000
11250.575000
11266.625000
11281.750000
11297.925000
11313.550000
11329.000000
11345.150000
11361.775000
11378.400000
11394.350000
11409.475000
11425.675000
11441.425000
11456.750000
11472.925000
11489.525000
11505.450000
11520.525000
11536.825000
11552.525000
11567.750000
11584.075000
11600.625000
11617.250000
11633.075000
11648.225000
11664.575000
11680.200000
11695.525000
11711.850000
11728.450000
11745.025000
11760.850000
11776.000000
11792.350000
11807.975000
11823.300000
11839.625000
11856.200000
11872.800000
11888.625000
11903.850000
11920.125000
11935.750000
11951.075000
11967.375000
11983.975000
12000.575000
12016.625000
12031.750000
12047.925000
12063.550000
12079.000000
12095.150000
12111.775000
12128.400000
12144.350000
12159.475000
12175.675000
12191.425000
12206.750000
12222.925000
12239.525000
12255.450000
12270.525000
12286.825000
12302.525000
12317.750000
12334.075000
12350.625000
12367.250000
12383.075000
12398.225000
12414.575000
12430.200000
12445.525000
12461.850000
12478.450000
12495.025000
12510.850000
12526.000000
12542.350000
12557.975000
12573.300000
12589.625000
12606.200000
12622.800000
12638.625000
12653.850000
12670.125000
12685.750000
12701.075000
12717.375000
12733.975000
12750.575000
12766.625000
12781.750000
12797.925000
12813.550000
12829.000000
12845.150000
12861.775000
12878.400000
12894.350000
12909.475000
12925.675000
12941.425000
12956.750000
12972.925000
12989.525000
13005.450000
13020.525000
13036.825000
13052.525000
13067.750000
13084.075000
13100.625000
13117.250000
13133.075000
13148.225000
13164.575000
13180.200000
13195.525000
13211.850000
13228.450000
13245.025000
13260.850000
13276.000000
13292.350000
13307.975000
13323.300000
13339.625000
13356.200000
13372.800000
13388.625000
13403.850000
13420.125000
13435.750000
13451.075000
13467.375000
13483.975000
13500.575000
13516.625000
13531.750000
13547.925000
13563.550000
13579.000000
13595.150000
13611.775000
13628.400000
13644.350000
13659.475000
13675.675000
13691.425000
13706.750000
13722.925000
13739.525000
13755.450000
13770.525000
13786.825000
13802.525000
13817.750000
13834.075000
13850.625000
13867.250000
13883.075000
13898.225000
13914.575000
13930.200000
13945.525000
13961.850000
13978.450000
13995.025000
14010.850000
14026.000000
14042.350000
14057.975000
14073.300000
14089.625000
14106.200000
14122.800000
14138.625000
14153.850000
14170.125000
14185.750000
14201.075000
14217.375000
14233.975000
14250.575000
14266.625000
14281.750000
14297.925000
14313.550000
14329.000000
14345.150000
14361.775000
14378.400000
14394.350000
14409.475000
14425.675000
14441.425000
14456.750000
14472.925000
14489.525000
14505.450000
14520.525000
14536.825000
14552.525000
14567.750000
14584.075000
14600.625000
14617.250000
14633.075000
14648.225000
14664.575000
14680.200000
14695.525000
14711.850000
14728.450000
14745.025000
14760.850000
14776.000000
14792.350000
14807.975000
14823.300000
14839.625000
14856.200000
14872.800000
14888.625000
14903.850000
14920.125000
14935.750000
14951.075000
14967.375000
14983.975000
15000.575000
15016.625000
15031.750000
15047.925000
15063.550000
15079.000000
15095.150000
15111.775000
15128.400000
15144.350000
15159.475000
15175.675000
15191.425000
15206.750000
15222.925000
15239.525000
15255.450000
15270.525000
15286.825000
15302.525000
15317.750000
15334.075000
15350.625000
15367.250000
15383.075000
15398.225000
15414.575000
15430.200000
15445.525000
15461.850000
15478.450000
15495.025000
15510.850000
15526.000000
15542.350000
15557.975000
15573.300000
15589.625000
15606.200000
15622.800000
15638.625000
15653.850000
15670.125000
15685.750000
15701.075000
15717.375000
15733.975000
15750.575000
15766.625000
15781.750000
15797.925000
15813.550000
15829.000000
15845.150000
15861.775000
15878.400000
15894.350000
15909.475000
15925.675000
15941.425000
15956.750000
15972.925000
15989.525000
16005.450000
16020.525000
16036.825000
16052.525000
16067.750000
16084.075000
16100.625000
16117.250000
16133.075000
16148.225000
16164.575000
16180.200000
16195.525000
16211.850000
16228.450000
16245.025000
16260.850000
16276.000000
16292.350000
16307.975000
16323.300000
16339.625000
16356.200000
16372.800000
16388.625000
16403.850000
16420.125000
16435.750000
16451.075000
16467.375000
16483.975000
16500.575000
16516.625000
16531.750000
16547.925000
16563.550000
16579.000000
16595.150000
16611.775000
16628.400000
16644.350000
16659.475000
16675.675000
16691.425000
16706.750000
16722.925000
16739.525000
16755.450000
16770.525000
16786.825000
16802.525000
16817.750000
16834.075000
16850.625000
16867.250000
16883.075000
16898.225000
16914.575000
16930.200000
16945.525000
16961.850000
16978.450000
16995.025000
17010.850000
17026.000000
17042.350000
17057.975000
17073.300000
17089.625000
17106.200000
17122.800000
17138.625000
17153.850000
17170.125000
17185.750000
17201.075000
17217.375000
17233.975000
17250.575000
17266.625000
17281.750000
17297.925000
17313.550000
17329.000000
17345.150000
17361.775000
17378.400000
17394.350000
17409.475000
17425.675000
17441.425000
17456.750000
17472.925000
17489.525000
17505.450000
17520.525000
17536.825000
17552.525000
17567.750000
17584.075000
17600.625000
17617.250000
17633.075000
17648.225000
17664.575000
17680.200000
17695.525000
17711.850000
17728.450000
17745.025000
17760.850000
17776.000000
17792.350000
17807.975000
17823.300000
17839.625000
17856.200000
17872.800000
17888.625000
17903.850000
17920.125000
17935.750000
17951.075000
17967.375000
17983.975000
18000.575000
18016.625000
18031.750000
18047.925000
18063.550000
18079.000000
18095.150000
18111.775000
18128.400000
18144.350000
18159.475000
18175.675000
18191.425000
18206.750000
18222.925000
18239.525001
18255.450001
18270.525001
18286.825001
18302.525001
18317.750001
18334.075001
18350.625001
18367.250001
18383.075001
18398.225001
18414.575001
18430.200001
18445.525001
18461.850001
18478.450001
18495.025001
18510.850001
18526.000001
18542.350001
18557.975001
18573.300001
18589.625001
18606.200001
18622.800001
18638.625001
18653.850001
18670.125001
18685.750001
18701.075001
18717.375001
18733.975001
18750.575001
18766.625001
18781.750001
18797.925001
18813.550001
18829.000001
18845.150001
18861.775001
18878.400001
18894.350001
18909.475001
18925.675001
18941.425001
18956.750001
18972.925001
18989.525001
19005.450001
19020.525001
19036.825001
19052.525001
19067.750001
19084.075001
19100.625001
19117.250001
19133.075001
19148.225001
19164.575001
19180.200001
19195.525001
19211.850001
19228.450001
19245.025001
19260.850001
19276.000001
19292.350001
19307.975001
19323.300001
19339.625001
19356.200001
19372.800001
19388.625001
19403.850001
19420.125001
19435.750001
19451.075001
19467.375001
19483.975001
19500.575001
19516.625001
19531.750001
19547.925001
19563.550001
19579.000001
19595.150001
19611.775001
19628.400001
19644.350001
19659.475001
19675.675001
19691.425001
19706.750001
19722.925001
19739.525001
19755.450001
19770.525001
19786.825001
19802.525001
19817.750001
19834.075001
19850.625001
19867.250001
19883.075001
19898.225001
19914.575001
19930.200001
19945.525001
19961.850001
19978.450001
19995.025001
20010.850001
20026.000001
20042.350001
20057.975001
20073.300001
20089.625001
20106.200001
20122.825001
20138.675001
20153.950001
20170.150001
20185.850001
20201.275001
20217.425001
20234.025001
20250.625001
20267.300001
20283.975001
20300.625001
20317.300001
20334.000001
20350.625001
20367.325001
20384.000001
20400.650001
20417.325001
20434.025001
20450.675001
20467.350001
20484.025001
20500.675001
20517.350001
20534.050001
20550.700001
20567.375001
20584.075001
20600.700001
20617.375001
20634.075001
20650.725001
20667.400001
20684.100001
20700.725001
20717.400001
20734.100001
20750.750001
20767.425001
20784.125001
20800.750001
20817.450001
20834.150001
20850.775001
20867.450001
20884.150001
20900.800001
20917.475001
20934.175001
20950.800001
20967.500001
20984.200001
21000.825001
21017.500001
21034.225001
21050.850001
21067.525001
21084.250001
21100.875001
21117.550001
21134.275001
21150.900001
21167.575001
21184.300001
21200.925001
21217.600001
21234.350001
21250.950001
21267.625001
21284.375001
21300.975001
21317.675001
21334.425001
21351.025001
21367.725001
21384.500001
21401.100001
21417.800001
21434.675001
21452.075001
21469.125001
21486.700001
21503.675001
21520.475001
21537.475001
21554.975001
21572.850001
21589.825001
21607.350001
21624.675001
21642.325001
21659.325001
21676.275001
21693.950001
21711.775001
21728.825001
21746.575001
21764.500001
21781.575001
21799.425001
21817.325001
21834.475001
21852.200001
21870.125001
21887.300001
21905.050001
21922.925001
21940.975001
21959.025001
21976.175001
21994.050001
22011.850001
22029.875001
22047.925001
22066.075001
22084.075001
22102.150001
22120.150001
22138.300001
22156.325001
22174.400001
22192.400001
22210.575001
22228.575001
22246.675001
22264.675001
22282.850001
22300.800001
22318.950001
22336.950001
22355.150001
22373.050001
22391.225001
22409.200001
22427.550001
22445.300001
22463.450001
22481.475001
22500.475001
22518.850001
22536.975001
22555.400001
22573.175001
22591.550001
22609.400001
22628.425001
22646.725001
22664.850001
22683.975001
22702.300001
22720.400001
22739.550001
22757.875001
22776.000001
22795.100001
22813.475001
22831.700001
22850.675001
22869.200001
22887.675001
22906.375001
22925.600001
22945.000001
22963.475001
22982.550001
23001.000001
23020.125001
23039.550001
23058.175001
23077.200001
23095.750001
23114.675001
23134.050001
23153.450001
23172.875001
23192.300001
23211.775001
23231.225001
23250.650001
23270.100001
23289.600001
23309.025001
23328.525001
23347.925001
23367.375001
23386.850001
23406.325001
23425.725001
23445.200001
23464.675001
23484.150001
23503.600001
23523.025001
23542.450001
23561.975001
23581.400001
23600.825001
23620.275001
23639.800001
23659.225001
23678.725001
23698.100001
23717.600001
23737.075001
23756.575001
23775.950001
23795.450001
23814.950001
23834.500001
23853.975001
23873.500001
23893.000001
23913.175001
23933.100001
23953.425001
23973.100001
23992.775001
24013.150001
24033.700001
24053.625001
24073.500001
24093.850001
24114.400001
24134.325001
24154.850001
24175.575001
24195.450001
24216.075001
24236.750001
24256.875001
24277.300001
24297.900001
24318.675001
24339.550001
24360.300001
24381.225001
24402.050001
24422.900001
24443.800001
24464.600001
24485.450001
24506.325001
24527.225001
24547.975001
24568.900001
24589.725001
24610.625001
24631.400001
24652.300001
24673.100001
24694.175001
24714.800001
24735.725001
24756.550001
24778.275001
24799.450001
24820.325001
24841.575001
24862.850001
24884.125001
24905.500001
24926.425001
24947.900001
24969.175001
24990.875001
25012.100001
25034.000001
25055.500001
25077.125001
25098.300001
25120.125001
25142.225001
25163.650001
25185.450001
25207.525001
25229.525001
25251.025001
25272.975001
25295.125001
25317.350001
25339.575001
25361.825001
25384.050001
25406.300001
25428.550001
25450.750001
25473.000001
25495.225001
25517.475001
25539.750001
25562.000001
25584.250001
25606.525001
25628.800001
25651.000001
25673.250001
25695.525001
25717.850001
25740.775001
25763.350001
25786.000001
25808.975001
25831.500001
25854.425001
25877.300001
25900.600001
25923.225001
25946.500001
25969.925001
25992.650001
26016.025001
26039.525001
26063.000001
26086.625001
26109.625001
26132.875001
26156.350001
26179.900001
26203.525001
26227.175001
26250.775001
26274.450001
26298.025001
26321.800001
26345.350001
26369.100001
26392.650001
26417.000001
26441.025001
26464.850001
26489.375001
26513.350001
26537.300001
26561.775001
26585.875001
26610.350001
26634.550001
26659.075001
26683.925001
26708.700001
26733.200001
26757.750001
26782.650001
26807.600001
26832.625001
26857.650001
26882.700001
26907.750001
26932.825001
26957.875001
26983.000001
27008.100001
27033.725001
27059.100001
27084.425001
27110.000001
27135.550001
27161.625001
27187.125001
27213.125001
27239.400001
27265.100001
27291.150001
27317.400001
27343.750001
27370.150001
27396.600001
27423.025001
27449.575001
27475.950001
27502.625001
27529.550001
27556.400001
27583.600001
27610.575001
27637.825001
27664.900001
27692.375001
27720.050001
27747.825001
27775.650001
27803.525001
27831.400001
27859.300001
27887.250001
27915.575001
27943.950001
27972.750001
28001.250001
28030.000001
28059.075001
28088.225001
28117.500001
28146.875001
28176.275001
28206.225001
28236.250001
28266.325001
28296.675001
28327.275001
28358.025001
28389.300001
28420.450001
28452.150001
28484.150001
28516.350001
28548.900001
28581.675001
28614.875001
28648.400001
28682.600001
28717.400001
28752.500001
28788.225001
28824.550001
28861.750001
28899.500001
28938.175001
28977.850001
29018.700001
29060.800001
29104.700001
29150.850001
29199.900001
29254.050001
