10.000000
29.000000
1519.525000
1595.775000
1664.625000
1727.700000
1786.175000
1841.550000
1894.350000
1945.350000
1994.550000
2042.250000
2088.800000
2134.375000
2178.975000
2222.450000
2265.100000
2307.275000
2348.525000
2389.525000
2430.050000
2469.700000
2509.025000
2548.050000
2586.500000
2624.800000
2662.800000
2700.600000
2738.000000
2775.125000
2812.375000
2848.875000
2885.700000
2922.250000
2958.325000
2994.650000
3030.525000
3066.625000
3102.425000
3138.050000
3173.825000
3209.175000
3244.750000
3280.125000
3315.175000
3350.275000
3385.350000
3420.175000
3455.225000
3490.100000
3524.625000
3558.825000
3593.175000
3627.600000
3662.025000
3696.100000
3730.225000
3763.875000
3797.550000
3831.350000
3865.100000
3898.525000
3931.900000
3965.200000
3998.450000
4031.675000
4064.775000
4097.950000
4130.875000
4163.800000
4196.900000
4229.975000
4262.875000
4295.775000
4328.675000
4361.125000
4393.250000
4425.600000
4458.150000
4490.525000
4523.050000
4555.300000
4587.200000
4619.250000
4651.350000
4683.175000
4714.725000
4746.850000
4778.975000
4810.100000
4841.675000
4873.500000
4904.650000
4936.000000
4967.825000
4998.575000
5030.125000
5061.225000
5091.975000
5123.500000
5154.150000
5185.250000
5216.350000
5247.050000
5277.825000
5308.225000
5338.925000
5369.350000
5399.950000
5430.350000
5460.825000
5491.375000
5521.200000
5551.825000
5581.900000
5612.450000
5641.950000
5672.300000
5702.400000
5732.025000
5762.425000
5791.750000
5821.425000
5851.575000
5880.725000
5910.725000
5940.525000
5969.600000
5998.900000
6029.100000
6058.150000
6087.350000
6116.850000
6146.050000
6175.000000
6204.150000
6233.325000
6262.575000
6291.525000
6320.225000
6349.300000
6379.100000
6407.925000
6436.175000
6465.025000
6493.400000
6522.450000
6551.375000
6580.125000
6608.300000
6636.300000
6664.900000
6693.125000
6721.275000
6750.075000
6778.950000
6807.075000
6835.475000
6863.700000
6891.650000
6919.475000
6947.275000
6975.050000
7002.825000
7030.550000
7058.275000
7086.025000
7113.775000
7141.575000
7169.300000
7197.025000
7224.775000
7252.500000
7280.250000
7307.975000
7335.725000
7363.450000
7391.275000
7418.800000
7446.500000
7474.150000
7501.700000
7529.325000
7556.900000
7584.000000
7611.275000
7638.175000
7665.300000
7691.900000
7719.300000
7746.225000
7773.625000
7800.625000
7827.675000
7854.175000
7880.550000
7907.850000
7934.825000
7961.375000
7987.600000
8013.900000
8041.150000
8068.075000
8094.400000
8120.525000
8147.100000
8173.675000
8199.950000
8225.725000
8252.625000
8279.275000
8305.400000
8330.675000
8357.525000
8384.375000
8409.800000
8435.975000
8462.500000
8487.675000
8513.775000
8540.250000
8565.375000
8591.550000
8617.950000
8643.000000
8669.150000
8694.950000
8720.500000
8746.650000
8772.475000
8797.400000
8823.700000
8848.625000
8874.650000
8900.050000
8925.025000
8951.275000
8975.800000
9001.700000
9026.525000
9052.475000
9077.575000
9102.700000
9127.925000
9152.775000
9178.100000
9202.825000
9228.850000
9252.925000
9279.075000
9302.925000
9329.050000
9352.900000
9378.500000
9402.900000
9428.575000
9452.875000
9478.050000
9502.725000
9526.825000
9552.450000
9576.475000
9601.550000
9625.275000
9651.125000
9675.000000
9698.900000
9723.950000
9748.200000
9773.600000
9797.275000
9821.100000
9846.025000
9869.625000
9894.450000
9919.025000
9942.950000
9968.025000
9991.650000
10015.325000
10040.275000
10063.825000
10087.475000
10112.400000
10136.000000
10159.525000
10184.375000
10208.225000
10231.775000
10256.700000
10280.450000
10304.150000
10329.125000
10352.700000
10376.300000
10401.225000
10424.900000
10448.500000
10473.375000
10497.125000
10520.725000
10545.600000
10569.350000
10592.975000
10617.975000
10641.625000
10665.075000
10689.900000
10713.775000
10737.325000
10762.175000
10786.000000
10809.475000
10834.350000
10858.225000
10881.825000
10906.750000
10930.450000
10954.150000
10979.125000
11002.700000
11026.300000
11051.225000
11074.900000
11098.500000
11123.375000
11147.125000
11170.725000
11195.600000
11219.350000
11242.975000
11267.975000
11291.625000
11315.075000
11339.900000
11363.775000
11387.325000
11412.175000
11436.000000
11459.475000
11484.350000
11508.225000
11531.825000
11556.750000
11580.450000
11604.150000
11629.125000
11652.700000
11676.300000
11701.225000
11724.900000
11748.500000
11773.375000
11797.125000
11820.725000
11845.600000
11869.350000
11892.975000
11917.975000
11941.625000
11965.075000
11989.900000
12013.775000
12037.325000
12062.175000
12086.000000
12109.475000
12134.350000
12158.225000
12181.825000
12206.750000
12230.450000
12254.150000
12279.125000
12302.700000
12326.300000
12351.225000
12374.900000
12398.500000
12423.375000
12447.125000
12470.725000
12495.600000
12519.350000
12542.975000
12567.975000
12591.625000
12615.075000
12639.900000
12663.775000
12687.325000
12712.175000
12736.000000
12759.475000
12784.350000
12808.225000
12831.825000
12856.750000
12880.450000
12904.150000
12929.125000
12952.700000
12976.300000
13001.225000
13024.900000
13048.500000
13073.375000
13097.125000
13120.725000
13145.600000
13169.350000
13192.975000
13217.975000
13241.625000
13265.075000
13289.900000
13313.775000
13337.325000
13362.175000
13386.000000
13409.475000
13434.350000
13458.225000
13481.825000
13506.750000
13530.450000
13554.150000
13579.125000
13602.700000
13626.300000
13651.225000
13674.900000
13698.500000
13723.375000
13747.125000
13770.725000
13795.600000
13819.350000
13842.975000
13867.975000
13891.625000
13915.075000
13939.900000
13963.775000
13987.325000
14012.175000
14036.000000
14059.475000
14084.350000
14108.225000
14131.825000
14156.750000
14180.450000
14204.150000
14229.125000
14252.700000
14276.300000
14301.225000
14324.900000
14348.500000
14373.375000
14397.125000
14420.725000
14445.600000
14469.350000
14492.975000
14517.975000
14541.625000
14565.075000
14589.900000
14613.775000
14637.325000
14662.175000
14686.000000
14709.475000
14734.350000
14758.225000
14781.825000
14806.750000
14830.450000
14854.150000
14879.125000
14902.700000
14926.300000
14951.225000
14974.900000
14998.500000
15023.375000
15047.125000
15070.725000
15095.600000
15119.350000
15142.975000
15167.975000
15191.625000
15215.075000
15239.900000
15263.775000
15287.325000
15312.175000
15336.000000
15359.475000
15384.350000
15408.225000
15431.825000
15456.750000
15480.450000
15504.150000
15529.125000
15552.700000
15576.300000
15601.225000
15624.900000
15648.500000
15673.375000
15697.125000
15720.725000
15745.600000
15769.350000
15792.975000
15817.975000
15841.625000
15865.075000
15889.900000
15913.775000
15937.325000
15962.175000
15986.000000
16009.475000
16034.350000
16058.225000
16081.825000
16106.750000
16130.450000
16154.150000
16179.125000
16202.700000
16226.300000
16251.225000
16274.900000
16298.500000
16323.375000
16347.125000
16370.725000
16395.600000
16419.350000
16442.975000
16467.975000
16491.625000
16515.075000
16539.900000
16563.775000
16587.325000
16612.175000
16636.000000
16659.475000
16684.350000
16708.225000
16731.825000
16756.750000
16780.450000
16804.150000
16829.125000
16852.700000
16876.300000
16901.225000
16924.900000
16948.500000
16973.375000
16997.125000
17020.725000
17045.600000
17069.350000
17092.975000
17117.975000
17141.625000
17165.075000
17189.900000
17213.775000
17237.325000
17262.175000
17286.000000
17309.475000
17334.350000
17358.225000
17381.825000
17406.750000
17430.450000
17454.150000
17479.125000
17502.700000
17526.300000
17551.225000
17574.900000
17598.500000
17623.375000
17647.125000
17670.725000
17695.600000
17719.350000
17742.975000
17767.975000
17791.625000
17815.075000
17839.900000
17863.775000
17887.325000
17912.175000
17936.000000
17959.475000
17984.350000
18008.225000
18031.825000
18056.750000
18080.450000
18104.150000
18129.125000
18152.700000
18176.300000
18201.225000
18224.900000
18248.500001
18273.375001
18297.125001
18320.725001
18345.600001
18369.350001
18392.975001
18417.975001
18441.625001
18465.075001
18489.900001
18513.775001
18537.325001
18562.175001
18586.000001
18609.475001
18634.350001
18658.225001
18681.825001
18706.750001
18730.450001
18754.150001
18779.125001
18802.700001
18826.300001
18851.225001
18874.900001
18898.500001
18923.375001
18947.125001
18970.725001
18995.600001
19019.350001
19042.975001
19067.975001
19091.625001
19115.075001
19139.900001
19163.775001
19187.325001
19212.175001
19236.000001
19259.475001
19284.350001
19308.225001
19331.825001
19356.750001
19380.450001
19404.150001
19429.125001
19452.700001
19476.300001
19501.225001
19524.900001
19548.500001
19573.375001
19597.125001
19620.725001
19645.600001
19669.350001
19692.975001
19717.975001
19741.625001
19765.075001
19789.900001
19813.775001
19837.325001
19862.175001
19886.000001
19909.475001
19934.350001
19958.225001
19981.825001
20006.750001
20030.450001
20054.150001
20079.125001
20102.700001
20126.350001
20151.325001
20174.950001
20198.650001
20223.625001
20247.225001
20270.975001
20295.950001
20319.550001
20343.925001
20369.150001
20393.075001
20418.125001
20441.800001
20466.800001
20491.550001
20515.375001
20540.475001
20564.075001
20589.700001
20613.925001
20639.000001
20663.750001
20687.875001
20713.550001
20737.675001
20763.275001
20787.700001
20813.450001
20837.775001
20863.550001
20887.900001
20913.650001
20938.575001
20963.750001
20988.900001
21013.800001
21039.000001
21063.850001
21089.325001
21114.000001
21140.300001
21164.700001
21191.175001
21216.775001
21241.725001
21268.000001
21292.900001
21318.600001
21344.475001
21369.500001
21395.850001
21420.825001
21446.950001
21472.750001
21498.425001
21524.625001
21550.900001
21576.325001
21602.550001
21629.075001
21654.250001
21680.400001
21706.900001
21732.100001
21758.250001
21784.800001
21810.625001
21836.250001
21863.350001
21890.225001
21915.775001
21941.950001
21969.050001
21995.825001
22021.900001
22048.100001
22074.900001
22101.550001
22128.475001
22155.325001
22181.450001
22208.250001
22235.400001
22262.600001
22289.325001
22316.425001
22342.950001
22369.475001
22396.875001
22423.800001
22451.325001
22478.200001
22505.500001
22532.050001
22558.600001
22586.025001
22613.575001
22641.200001
22668.575001
22696.175001
22723.750001
22751.425001
22779.200001
22806.900001
22834.625001
22862.375001
22890.175001
22917.975001
22945.775001
22973.575001
23001.400001
23029.325001
23057.175001
23085.200001
23113.525001
23141.525001
23169.350001
23197.175001
23225.025001
23252.875001
23280.675001
23308.525001
23336.600001
23365.200001
23393.175001
23421.575001
23450.850001
23479.550001
23508.125001
23536.150001
23564.625001
23593.275001
23622.300001
23651.325001
23680.200001
23708.400001
23737.350001
23766.525001
23795.725001
23824.675001
23853.300001
23882.775001
23912.500001
23941.550001
23970.575001
24000.000001
24029.475001
24058.350001
24087.650001
24117.850001
24147.075001
24176.350001
24206.550001
24235.950001
24265.400001
24295.725001
24325.000001
24355.150001
24385.375001
24415.250001
24445.725001
24475.175001
24505.600001
24535.825001
24566.000001
24596.800001
24626.850001
24657.825001
24688.350001
24719.175001
24749.800001
24780.350001
24811.075001
24841.625001
24872.575001
24903.075001
24934.600001
24965.175001
24996.375001
25027.700001
25058.375001
25090.150001
25120.875001
25152.475001
25184.175001
25215.375001
25247.025001
25279.025001
25310.275001
25341.950001
25373.925001
25405.875001
25437.550001
25469.425001
25501.575001
25533.700001
25565.825001
25598.200001
25630.450001
25663.100001
25695.800001
25728.600001
25761.150001
25793.675001
25826.375001
25859.125001
25892.000001
25924.950001
25958.050001
25991.350001
26024.600001
26057.975001
26091.425001
26124.775001
26158.150001
26191.650001
26225.075001
26258.525001
26292.500001
26326.325001
26360.300001
26394.600001
26429.025001
26463.275001
26497.400001
26531.825001
26566.475001
26601.225001
26635.800001
26670.525001
26705.500001
26740.475001
26775.250001
26810.575001
26845.975001
26881.175001
26916.950001
26952.500001
26988.150001
27024.175001
27059.975001
27096.075001
27132.000001
27168.300001
27204.525001
27241.225001
27277.800001
27314.175001
27351.250001
27388.000001
27425.025001
27462.400001
27499.650001
27537.050001
27574.725001
27612.525001
27650.350001
27688.375001
27726.400001
27764.650001
27803.075001
27841.650001
27880.375001
27919.250001
27958.225001
27997.350001
28036.700001
28076.300001
28116.175001
28156.375001
28196.650001
28237.025001
28277.700001
28318.525001
28359.525001
28400.950001
28442.425001
28484.400001
28526.250001
28568.600001
28611.150001
28653.925001
28697.025001
28740.475001
28784.325001
28828.525001
28873.125001
28918.025001
28963.300001
29009.000001
29055.250001
29101.950001
29149.175001
29197.050001
29245.600001
29294.825001
29344.975001
29396.075001
29448.225001
29501.775001
29556.800001
29613.450001
29671.900001
29732.200001
29794.550001
29859.050001
29925.900001
29995.400001
30067.975001
30142.950001
30219.525001
30297.975001
30378.825001
30463.175001
30552.725001
30649.700001
30853.250001
30946.775001
31174.325001
31270.100001
31572.525001
31667.400001
31944.525001
32039.625001
32315.975001
32410.900001
32686.875001
32781.750001
33057.225001
33152.175001
33427.775001
33522.675001
33798.500001
33893.400001
34169.175001
34264.100001
34540.025001
34634.900001
34910.650001
