1.000000
36.000000
2115.075000
2184.250000
2247.500000
2306.025000
2360.800000
2413.050000
2463.125000
2511.225000
2557.950000
2603.425000
2648.025000
2691.775000
2735.000000
2777.500000
2819.400000
2861.025000
2902.350000
2943.100000
2983.900000
3024.450000
3064.425000
3104.350000
3144.125000
3183.575000
3223.175000
3262.425000
3301.375000
3340.250000
3379.075000
3417.750000
3456.075000
3494.375000
3532.100000
3569.875000
3607.925000
3645.775000
3683.225000
3720.500000
3757.950000
3795.500000
3832.225000
3869.250000
3906.425000
3942.975000
3979.900000
4016.625000
4052.750000
4089.100000
4125.050000
4161.250000
4197.125000
4233.150000
4269.075000
4304.825000
4340.925000
4376.325000
4412.250000
4447.200000
4482.475000
4518.075000
4552.825000
4587.700000
4623.225000
4658.050000
4692.775000
4727.600000
4762.450000
4796.950000
4831.100000
4865.575000
4900.100000
4934.625000
4968.875000
5002.800000
5036.550000
5070.650000
5104.375000
5138.325000
5172.325000
5206.325000
5240.275000
5273.750000
5307.425000
5341.250000
5374.700000
5408.025000
5441.425000
5474.650000
5507.925000
5541.275000
5574.425000
5607.725000
5641.000000
5673.925000
5706.975000
5739.950000
5772.425000
5805.000000
5837.425000
5869.525000
5902.300000
5934.850000
5967.575000
5999.700000
6031.650000
6063.700000
6095.900000
6127.850000
6159.500000
6191.500000
6223.550000
6255.250000
6286.275000
6318.325000
6349.975000
6380.825000
6412.850000
6444.350000
6475.150000
6507.000000
6537.775000
6569.250000
6600.900000
6631.750000
6663.225000
6694.450000
6725.000000
6756.625000
6786.900000
6818.250000
6848.625000
6879.925000
6910.750000
6941.525000
6972.125000
7002.600000
7033.150000
7063.625000
7093.800000
7124.725000
7155.000000
7185.750000
7215.525000
7246.025000
7275.975000
7306.825000
7336.100000
7366.525000
7396.575000
7426.325000
7456.850000
7486.025000
7515.550000
7545.825000
7575.000000
7604.550000
7634.775000
7663.825000
7693.100000
7723.400000
7752.575000
7781.700000
7811.200000
7840.775000
7869.600000
7898.675000
7928.850000
7958.000000
7986.275000
8015.375000
8044.825000
8074.000000
8102.775000
8131.575000
8160.750000
8190.225000
8219.075000
8247.275000
8276.075000
8304.650000
8334.075000
8363.250000
8391.675000
8419.725000
8448.425000
8476.450000
8505.325000
8533.750000
8562.600000
8591.300000
8619.350000
8647.225000
8675.075000
8702.925000
8730.650000
8758.425000
8786.175000
8813.950000
8841.775000
8869.525000
8897.275000
8925.025000
8952.775000
8980.475000
9008.225000
9035.950000
9063.700000
9091.525000
9119.250000
9147.000000
9174.725000
9202.475000
9230.250000
9257.975000
9285.725000
9313.500000
9341.325000
9368.800000
9396.650000
9424.450000
9452.150000
9480.125000
9507.675000
9535.400000
9563.050000
9590.575000
9618.100000
9645.650000
9672.250000
9698.625000
9725.100000
9752.575000
9779.825000
9807.100000
9834.550000
9860.975000
9886.950000
9913.825000
9941.325000
9968.125000
9994.650000
10020.800000
10047.200000
10073.975000
10101.325000
10126.725000
10152.950000
10180.300000
10207.050000
10233.475000
10259.525000
10286.000000
10312.850000
10340.175000
10365.775000
10392.125000
10419.325000
10445.975000
10472.750000
10498.775000
10525.075000
10552.375000
10579.325000
10605.750000
10631.850000
10658.250000
10685.150000
10712.450000
10738.550000
10764.100000
10791.500000
10818.150000
10844.625000
10870.750000
10897.175000
10923.850000
10951.225000
10976.575000
11002.850000
11030.225000
11057.025000
11083.400000
11109.175000
11136.025000
11163.075000
11190.325000
11216.775000
11242.900000
11269.350000
11296.025000
11323.250000
11348.775000
11375.075000
11402.350000
11429.325000
11455.750000
11481.850000
11508.250000
11535.125000
11562.450000
11588.475000
11614.125000
11641.525000
11668.175000
11694.675000
11720.800000
11747.175000
11773.900000
11801.275000
11826.625000
11852.875000
11880.250000
11907.025000
11933.425000
11959.300000
11986.000000
12012.950000
12040.250000
12066.525000
12092.325000
12119.375000
12146.050000
12173.400000
12198.775000
12225.050000
12252.325000
12279.325000
12305.750000
12331.850000
12358.250000
12385.150000
12412.450000
12438.575000
12464.075000
12491.500000
12518.150000
12544.625000
12570.750000
12597.175000
12623.850000
12651.200000
12676.550000
12702.850000
12730.225000
12757.025000
12783.400000
12809.175000
12836.025000
12863.075000
12890.325000
12916.800000
12942.925000
12969.375000
12996.025000
13023.300000
13048.775000
13075.050000
13102.325000
13129.325000
13155.750000
13181.850000
13208.250000
13235.150000
13262.450000
13288.575000
13314.075000
13341.500000
13368.150000
13394.625000
13420.750000
13447.175000
13473.850000
13501.225000
13526.550000
13552.850000
13580.225000
13607.025000
13633.400000
13659.175000
13686.025000
13713.075000
13740.325000
13766.775000
13792.900000
13819.375000
13846.025000
13873.275000
13898.775000
13925.050000
13952.325000
13979.325000
14005.750000
14031.850000
14058.250000
14085.150000
14112.450000
14138.575000
14164.100000
14191.500000
14218.150000
14244.625000
14270.750000
14297.175000
14323.850000
14351.225000
14376.575000
14402.850000
14430.225000
14457.025000
14483.400000
14509.175000
14536.025000
14563.075000
14590.325000
14616.775000
14642.900000
14669.375000
14696.025000
14723.275000
14748.775000
14775.050000
14802.325000
14829.325000
14855.750000
14881.850000
14908.250000
14935.150000
14962.450000
14988.550000
15014.100000
15041.500000
15068.150000
15094.625000
15120.750000
15147.175000
15173.850000
15201.225000
15226.575000
15252.850000
15280.225000
15307.025000
15333.400000
15359.200000
15386.025000
15413.075000
15440.325000
15466.775000
15492.900000
15519.350000
15546.025000
15573.225000
15598.775000
15625.075000
15652.350000
15679.325000
15705.725000
15731.850000
15758.250000
15785.125000
15812.450000
15838.450000
15864.150000
15891.525000
15918.175000
15944.700000
15970.800000
15997.200000
16023.925000
16051.300000
16076.675000
16102.900000
16130.275000
16157.050000
16183.425000
16209.425000
16236.000000
16262.850000
16290.175000
16315.800000
16342.350000
16369.375000
16396.075000
16423.450000
16448.800000
16475.075000
16502.350000
16529.325000
16555.725000
16581.850000
16608.250000
16635.125000
16662.450000
16688.450000
16714.150000
16741.525000
16768.175000
16794.725000
16820.825000
16847.200000
16873.950000
16901.325000
16926.725000
16952.925000
16980.300000
17007.050000
17033.450000
17059.500000
17086.000000
17112.850000
17140.150000
17165.725000
17191.950000
17219.250000
17245.925000
17272.375000
17298.500000
17324.925000
17351.625000
17379.050000
17404.725000
17430.750000
17458.100000
17484.875000
17511.300000
17537.400000
17563.800000
17590.775000
17618.050000
17644.050000
17670.375000
17697.150000
17723.850000
17751.200000
17776.550000
17802.850000
17830.225000
17857.025000
17883.400000
17909.175000
17936.025000
17963.075000
17990.325000
18016.775000
18042.900000
18069.375000
18096.025000
18123.275000
18148.775000
18175.050000
18202.325000
18229.325001
18255.750001
18281.850001
18308.250001
18335.150001
18362.450001
18388.575001
18414.100001
18441.500001
18468.150001
18494.625001
18520.750001
18547.175001
18573.850001
18601.225001
18626.550001
18652.850001
18680.225001
18707.025001
18733.400001
18759.175001
18786.025001
18813.075001
18840.325001
18866.775001
18892.900001
18919.375001
18946.025001
18973.275001
18998.775001
19025.050001
19052.325001
19079.325001
19105.750001
19131.850001
19158.250001
19185.150001
19212.450001
19238.550001
19264.100001
19291.500001
19318.150001
19344.625001
19370.750001
19397.175001
19423.850001
19451.225001
19476.575001
19502.850001
19530.225001
19557.025001
19583.400001
19609.175001
19636.025001
19663.075001
19690.325001
19716.775001
19742.900001
19769.350001
19796.025001
19823.250001
19848.775001
19875.050001
19902.350001
19929.325001
19955.750001
19981.850001
20008.250001
20035.150001
20062.450001
20088.500001
20114.150001
20141.550001
20168.225001
20195.650001
20221.125001
20247.475001
20274.850001
20301.650001
20329.200001
20355.725001
20382.050001
20408.400001
20435.900001
20463.225001
20490.625001
20518.100001
20545.675001
20572.375001
20598.775001
20625.900001
20652.875001
20680.400001
20708.025001
20735.650001
20763.400001
20791.300001
20818.850001
20846.775001
20874.600001
20902.400001
20930.250001
20958.000001
20985.800001
21013.600001
21041.450001
21069.200001
21097.000001
21124.775001
21152.575001
21180.375001
21208.150001
21235.950001
21263.750001
21291.600001
21319.400001
21347.200001
21375.000001
21402.825001
21430.575001
21458.375001
21486.200001
21514.025001
21542.550001
21570.825001
21598.750001
21627.400001
21656.650001
21685.025001
21713.650001
21741.725001
21769.950001
21798.625001
21827.500001
21856.825001
21885.625001
21913.875001
21942.775001
21971.100001
22001.000001
22030.150001
22058.375001
22087.425001
22116.750001
22145.900001
22174.875001
22203.925001
22233.250001
22262.625001
22291.625001
22320.725001
22350.325001
22380.150001
22409.000001
22439.125001
22469.000001
22498.375001
22528.650001
22558.150001
22587.525001
22617.975001
22647.175001
22676.575001
22707.025001
22736.175001
22766.675001
22796.825001
22826.400001
22857.000001
22886.275001
22917.425001
22947.250001
22977.850001
23008.100001
23038.550001
23069.175001
23099.400001
23130.325001
23160.975001
23191.525001
23222.200001
23252.675001
23283.475001
23313.850001
23345.475001
23376.000001
23407.350001
23438.350001
23469.400001
23501.150001
23531.800001
23563.400001
23594.925001
23626.150001
23657.875001
23689.725001
23720.850001
23752.575001
23784.575001
23815.625001
23847.225001
23879.375001
23911.100001
23942.775001
23974.775001
24007.000001
24038.900001
24070.675001
24102.700001
24135.150001
24167.925001
24200.025001
24232.000001
24264.000001
24296.925001
24329.750001
24362.625001
24395.650001
24428.675001
24461.450001
24494.425001
24527.125001
24560.175001
24593.100001
24626.175001
24659.175001
24692.650001
24725.975001
24759.350001
24792.825001
24826.175001
24859.600001
24893.025001
24926.475001
24960.225001
24994.375001
25028.750001
25062.775001
25096.925001
25130.625001
25164.900001
25199.025001
25233.725001
25268.325001
25302.700001
25337.225001
25372.025001
25406.975001
25441.600001
25476.300001
25511.400001
25546.725001
25581.800001
25617.550001
25652.700001
25688.050001
25723.850001
25759.350001
25795.550001
25830.800001
25867.075001
25902.800001
25938.975001
25974.925001
26011.250001
26047.300001
26084.225001
26120.625001
26157.550001
26194.450001
26230.975001
26268.250001
26305.400001
26342.500001
26380.150001
26417.900001
26455.375001
26492.875001
26530.475001
26568.550001
26606.875001
26645.175001
26683.475001
26721.900001
26760.375001
26798.975001
26837.675001
26876.425001
26915.375001
26954.550001
26994.025001
27033.600001
27073.450001
27113.325001
27153.200001
27193.225001
27233.600001
27274.175001
27314.825001
27355.775001
27396.850001
27437.900001
27479.550001
27520.875001
27562.800001
27604.725001
27647.025001
27689.575001
27732.125001
27774.950001
27818.175001
27861.550001
27905.300001
27949.025001
27993.150001
28037.550001
28082.275001
28127.450001
28173.150001
28219.075001
28265.200001
28312.025001
28359.025001
28406.825001
28454.800001
28503.375001
28552.575001
28602.350001
28652.700001
28703.750001
28755.650001
28808.275001
28862.025001
28916.750001
28972.600001
29029.900001
29088.550001
29148.850001
29211.375001
29276.525001
29345.675001
29420.775001
29515.200001
