20.000000
13.000000
3501.075000
3550.975000
3600.775000
3648.425000
3695.575000
3742.550000
3788.375000
3834.075000
3878.775000
3922.975000
3966.150000
4009.000000
4050.925000
4092.500000
4134.050000
4174.525000
4214.725000
4253.900000
4292.625000
4331.450000
4370.225000
4408.100000
4445.400000
4482.900000
4520.225000
4556.700000
4592.650000
4628.775000
4664.750000
4700.775000
4736.625000
4772.025000
4806.550000
4841.300000
4875.800000
4909.550000
4942.800000
4976.000000
5009.300000
5042.525000
5075.800000
5109.125000
5142.375000
5175.600000
5207.925000
5239.875000
5272.175000
5303.700000
5335.525000
5367.425000
5398.225000
5429.575000
5460.800000
5491.675000
5522.900000
5553.600000
5584.175000
5614.675000
5645.175000
5675.675000
5706.250000
5735.725000
5764.875000
5795.075000
5824.475000
5853.625000
5882.825000
5911.900000
5941.025000
5970.150000
5998.175000
6026.025000
6053.875000
6081.575000
6109.275000
6137.025000
6164.750000
6192.475000
6220.225000
6247.975000
6275.725000
6303.525000
6331.200000
6358.050000
6384.450000
6411.825000
6438.625000
6464.825000
6491.375000
6517.525000
6544.150000
6570.225000
6596.650000
6622.975000
6648.400000
6674.450000
6700.700000
6725.950000
6751.075000
6776.050000
6801.000000
6825.950000
6850.925000
6875.875000
6900.850000
6925.825000
6950.825000
6975.800000
7000.775000
7025.750000
7050.750000
7075.725000
7100.700000
7125.675000
7150.675000
7175.325000
7199.825000
7223.200000
7247.875000
7272.300000
7295.475000
7319.275000
7342.550000
7367.275000
7391.125000
7414.725000
7438.450000
7461.925000
7485.525000
7509.125000
7532.700000
7556.325000
7579.050000
7602.225000
7625.700000
7648.175000
7670.550000
7692.775000
7715.075000
7737.275000
7759.425000
7781.575000
7803.775000
7825.900000
7848.100000
7870.325000
7892.525000
7914.775000
7936.975000
7959.175000
7981.400000
8003.600000
8025.775000
8047.975000
8070.200000
8092.400000
8114.650000
8136.850000
8159.050000
8181.200000
8203.475000
8225.475000
8246.975000
8267.700000
8289.625000
8311.775000
8333.150000
8353.825000
8375.575000
8396.800000
8417.550000
8439.550000
8460.725000
8481.450000
8502.400000
8523.050000
8544.275000
8564.750000
8585.600000
8606.400000
8627.400000
8648.000000
8668.850000
8689.675000
8710.550000
8731.325000
8751.125000
8771.825000
8792.400000
8812.200000
8832.800000
8853.525000
8873.175000
8892.800000
8913.000000
8934.050000
8953.750000
8973.225000
8992.700000
9012.200000
9031.625000
9050.950000
9070.400000
9089.875000
9109.325000
9128.750000
9148.125000
9167.550000
9187.050000
9206.475000
9225.850000
9245.300000
9264.775000
9284.200000
9303.650000
9323.025000
9342.475000
9361.950000
9381.375000
9400.775000
9420.225000
9439.675000
9459.125000
9478.575000
9497.975000
9517.400000
9536.875000
9556.300000
9575.700000
9595.150000
9613.825000
9632.850000
9650.975000
9670.200000
9689.600000
9708.025000
9726.050000
9745.175000
9763.575000
9781.625000
9800.700000
9819.125000
9837.125000
9856.275000
9874.625000
9892.575000
9911.825000
9930.075000
9948.125000
9967.350000
9985.600000
10003.700000
10022.850000
10041.175000
10059.225000
10077.650000
10095.300000
10113.425000
10131.450000
10149.825000
10167.500000
10185.625000
10203.675000
10222.025000
10239.750000
10257.850000
10275.850000
10294.250000
10311.975000
10330.075000
10348.050000
10366.500000
10384.225000
10402.350000
10420.275000
10438.575000
10456.425000
10474.550000
10492.500000
10510.800000
10528.650000
10546.775000
10564.750000
10583.025000
10600.825000
10619.000000
10636.975000
10655.225000
10673.050000
10691.250000
10709.200000
10727.550000
10745.275000
10763.400000
10781.425000
10799.775000
10817.500000
10835.625000
10853.675000
10872.000000
10889.750000
10907.850000
10925.825000
10944.250000
10961.975000
10980.075000
10998.050000
11016.500000
11034.200000
11052.325000
11070.275000
11088.575000
11106.425000
11124.550000
11142.500000
11160.800000
11178.650000
11196.775000
11214.750000
11233.025000
11250.825000
11269.000000
11286.975000
11305.225000
11323.050000
11341.250000
11359.200000
11377.550000
11395.275000
11413.400000
11431.425000
11449.775000
11467.500000
11485.625000
11503.675000
11522.000000
11539.750000
11557.850000
11575.825000
11594.250000
11611.975000
11630.075000
11648.050000
11666.500000
11684.200000
11702.325000
11720.275000
11738.575000
11756.425000
11774.550000
11792.500000
11810.800000
11828.650000
11846.775000
11864.750000
11883.025000
11900.825000
11919.000000
11936.975000
11955.225000
11973.050000
11991.250000
12009.200000
12027.550000
12045.275000
12063.400000
12081.425000
12099.775000
12117.500000
12135.625000
12153.675000
12172.000000
12189.750000
12207.850000
12225.825000
12244.250000
12261.975000
12280.075000
12298.050000
12316.500000
12334.200000
12352.325000
12370.275000
12388.575000
12406.425000
12424.550000
12442.500000
12460.800000
12478.650000
12496.775000
12514.750000
12533.025000
12550.825000
12569.000000
12586.975000
12605.225000
12623.050000
12641.250000
12659.200000
12677.550000
12695.275000
12713.400000
12731.425000
12749.775000
12767.500000
12785.625000
12803.675000
12822.000000
12839.750000
12857.850000
12875.825000
12894.250000
12911.975000
12930.075000
12948.050000
12966.500000
12984.200000
13002.325000
13020.275000
13038.575000
13056.425000
13074.550000
13092.500000
13110.800000
13128.650000
13146.775000
13164.750000
13183.025000
13200.825000
13219.000000
13236.975000
13255.225000
13273.050000
13291.250000
13309.200000
13327.550000
13345.275000
13363.400000
13381.425000
13399.775000
13417.500000
13435.625000
13453.675000
13472.000000
13489.750000
13507.850000
13525.825000
13544.250000
13561.975000
13580.075000
13598.050000
13616.500000
13634.200000
13652.325000
13670.275000
13688.575000
13706.425000
13724.550000
13742.500000
13760.800000
13778.650000
13796.775000
13814.750000
13833.025000
13850.825000
13869.000000
13886.975000
13905.225000
13923.050000
13941.250000
13959.200000
13977.550000
13995.275000
14013.400000
14031.425000
14049.775000
14067.500000
14085.625000
14103.675000
14122.000000
14139.750000
14157.850000
14175.825000
14194.250000
14211.975000
14230.075000
14248.050000
14266.500000
14284.200000
14302.325000
14320.275000
14338.575000
14356.425000
14374.550000
14392.500000
14410.800000
14428.650000
14446.775000
14464.750000
14483.025000
14500.825000
14519.000000
14536.975000
14555.225000
14573.050000
14591.250000
14609.200000
14627.550000
14645.275000
14663.400000
14681.425000
14699.775000
14717.500000
14735.625000
14753.675000
14772.000000
14789.750000
14807.850000
14825.825000
14844.250000
14861.975000
14880.075000
14898.050000
14916.500000
14934.200000
14952.325000
14970.275000
14988.575000
15006.425000
15024.550000
15042.500000
15060.800000
15078.650000
15096.775000
15114.750000
15133.025000
15150.825000
15169.000000
15186.975000
15205.225000
15223.050000
15241.250000
15259.200000
15277.550000
15295.275000
15313.400000
15331.425000
15349.775000
15367.500000
15385.625000
15403.675000
15422.000000
15439.750000
15457.850000
15475.825000
15494.250000
15511.975000
15530.075000
15548.050000
15566.500000
15584.200000
15602.325000
15620.275000
15638.575000
15656.425000
15674.550000
15692.500000
15710.800000
15728.650000
15746.775000
15764.750000
15783.025000
15800.825000
15819.000000
15836.975000
15855.225000
15873.050000
15891.250000
15909.200000
15927.550000
15945.275000
15963.400000
15981.425000
15999.775000
16017.500000
16035.625000
16053.675000
16072.000000
16089.750000
16107.850000
16125.825000
16144.250000
16161.975000
16180.075000
16198.050000
16216.500000
16234.200000
16252.325000
16270.275000
16288.575000
16306.425000
16324.550000
16342.500000
16360.800000
16378.650000
16396.775000
16414.750000
16433.025000
16450.825000
16469.000000
16486.975000
16505.225000
16523.050000
16541.250000
16559.200000
16577.550000
16595.275000
16613.400000
16631.425000
16649.775000
16667.500000
16685.625000
16703.675000
16722.000000
16739.750000
16757.850000
16775.825000
16794.250000
16811.975000
16830.075000
16848.050000
16866.500000
16884.200000
16902.325000
16920.275000
16938.575000
16956.425000
16974.550000
16992.500000
17010.800000
17028.650000
17046.775000
17064.750000
17083.025000
17100.825000
17119.000000
17136.975000
17155.225000
17173.050000
17191.250000
17209.200000
17227.550000
17245.275000
17263.400000
17281.425000
17299.775000
17317.500000
17335.625000
17353.675000
17372.000000
17389.750000
17407.850000
17425.825000
17444.250000
17461.975000
17480.075000
17498.050000
17516.500000
17534.200000
17552.325000
17570.275000
17588.575000
17606.425000
17624.550000
17642.500000
17660.800000
17678.650000
17696.775000
17714.750000
17733.025000
17750.825000
17769.000000
17786.975000
17805.225000
17823.050000
17841.250000
17859.200000
17877.550000
17895.275000
17913.400000
17931.425000
17949.775000
17967.500000
17985.625000
18003.675000
18022.000000
18039.750000
18057.850000
18075.825000
18094.250000
18111.975000
18130.075000
18148.050000
18166.500000
18184.200000
18202.325000
18220.275000
18238.575001
18256.425001
18274.550001
18292.500001
18310.800001
18328.650001
18346.775001
18364.750001
18383.025001
18400.825001
18419.000001
18436.975001
18455.225001
18473.050001
18491.250001
18509.200001
18527.550001
18545.275001
18563.400001
18581.425001
18599.775001
18617.500001
18635.625001
18653.675001
18672.000001
18689.750001
18707.850001
18725.825001
18744.250001
18761.975001
18780.075001
18798.050001
18816.500001
18834.200001
18852.325001
18870.275001
18888.575001
18906.425001
18924.550001
18942.500001
18960.800001
18978.650001
18996.775001
19014.750001
19033.025001
19050.825001
19069.000001
19086.975001
19105.225001
19123.050001
19141.250001
19159.200001
19177.550001
19195.275001
19213.400001
19231.425001
19249.775001
19267.500001
19285.625001
19303.675001
19322.000001
19339.750001
19357.850001
19375.825001
19394.250001
19411.975001
19430.075001
19448.050001
19466.500001
19484.200001
19502.325001
19520.275001
19538.575001
19556.425001
19574.550001
19592.500001
19610.800001
19628.650001
19646.775001
19664.750001
19683.025001
19700.825001
19719.000001
19736.975001
19755.225001
19773.050001
19791.250001
19809.200001
19827.550001
19845.275001
19863.400001
19881.425001
19899.775001
19917.500001
19935.625001
19953.675001
19972.000001
19989.750001
20007.850001
20025.825001
20044.250001
20061.975001
20080.075001
20098.050001
20116.550001
20134.225001
20152.375001
20170.300001
20188.700001
20206.475001
20224.650001
20242.550001
20261.750001
20280.050001
20298.125001
20317.350001
20335.650001
20353.750001
20372.925001
20391.325001
20409.325001
20428.525001
20446.925001
20464.925001
20484.075001
20502.550001
20520.500001
20539.650001
20558.125001
20576.125001
20595.200001
20614.550001
20634.075001
20653.525001
20672.925001
20692.375001
20711.875001
20731.300001
20750.725001
20770.200001
20789.675001
20809.125001
20828.575001
20848.000001
20867.450001
20886.950001
20906.375001
20925.800001
20945.250001
20964.750001
20984.200001
21003.675001
21023.075001
21042.525001
21062.025001
21081.475001
21100.875001
21120.350001
21139.850001
21159.325001
21178.775001
21198.175001
21217.625001
21237.175001
21256.625001
21276.025001
21295.500001
21315.100001
21335.325001
21356.275001
21375.950001
21395.600001
21416.250001
21436.825001
21456.625001
21477.275001
21497.950001
21517.775001
21538.475001
21559.125001
21579.925001
21600.775001
21621.775001
21642.450001
21663.350001
21684.175001
21705.175001
21725.825001
21746.800001
21767.525001
21788.750001
21809.275001
21830.175001
21850.900001
21872.900001
21894.400001
21914.975001
21936.675001
21957.925001
21978.850001
22000.725001
22022.900001
22045.125001
22067.350001
22089.600001
22111.850001
22134.075001
22156.300001
22178.550001
22200.725001
22222.975001
22245.200001
22267.450001
22289.700001
22311.950001
22334.175001
22356.425001
22378.675001
22400.850001
22423.100001
22445.350001
22467.600001
22489.900001
22512.150001
22534.400001
22556.675001
22579.075001
22602.125001
22625.675001
22648.200001
22670.825001
22694.175001
22717.425001
22741.025001
22764.650001
22788.350001
22811.925001
22835.550001
22859.175001
22882.950001
22906.425001
22930.125001
22953.725001
22978.475001
23002.375001
23025.925001
23050.675001
23074.825001
23098.300001
23122.950001
23147.900001
23172.925001
23197.925001
23222.950001
23247.950001
23272.975001
23298.000001
23323.025001
23348.050001
23373.075001
23398.100001
23423.125001
23448.150001
23473.200001
23498.250001
23523.350001
23548.475001
23574.450001
23600.725001
23626.150001
23652.300001
23678.600001
23705.100001
23731.400001
23757.850001
23784.250001
23811.725001
23838.550001
23864.900001
23892.375001
23920.075001
23947.875001
23975.675001
24003.550001
24031.325001
24059.150001
24086.950001
24114.750001
24142.550001
24170.350001
24198.175001
24226.025001
24254.775001
24284.075001
24312.950001
24342.400001
24371.675001
24400.825001
24430.100001
24459.275001
24489.575001
24519.250001
24548.350001
24578.600001
24609.100001
24639.700001
24670.250001
24700.850001
24731.500001
24762.150001
24792.700001
24823.525001
24855.100001
24886.925001
24918.925001
24950.850001
24983.275001
25015.050001
25047.950001
25081.275001
25114.650001
25148.025001
25181.450001
25214.850001
25248.225001
25282.300001
25317.400001
25352.225001
25387.025001
25422.900001
25458.175001
25493.800001
25530.025001
25567.125001
25603.725001
25640.825001
25678.650001
25716.450001
25753.875001
25792.450001
25831.400001
25870.350001
25909.425001
25948.675001
25989.675001
26030.500001
26071.725001
26113.550001
26156.475001
26199.525001
26242.775001
26287.150001
26332.375001
26378.975001
26426.000001
26474.525001
26524.475001
26576.000001
26630.375001
26687.375001
