1.000000
37.000000
2215.675000
2283.350000
2347.050000
2406.525000
2462.450000
2515.125000
2565.650000
2614.300000
2661.875000
2708.000000
2752.800000
2796.950000
2840.425000
2883.125000
2925.125000
2967.275000
3008.475000
3049.700000
3090.650000
3130.900000
3171.050000
3211.175000
3251.225000
3291.000000
3330.425000
3369.500000
3408.375000
3447.225000
3485.950000
3524.675000
3563.325000
3601.825000
3640.250000
3678.525000
3716.600000
3754.150000
3791.700000
3829.475000
3867.000000
3904.125000
3941.425000
3978.900000
4015.400000
4052.450000
4089.225000
4125.725000
4162.650000
4198.675000
4235.350000
4271.600000
4308.025000
4344.150000
4380.225000
4416.100000
4452.225000
4487.700000
4523.575000
4558.525000
4594.225000
4629.775000
4664.925000
4700.250000
4735.550000
4770.500000
4805.550000
4840.450000
4874.925000
4909.500000
4944.200000
4979.075000
5013.475000
5047.450000
5081.775000
5115.900000
5150.525000
5184.850000
5219.000000
5252.725000
5286.175000
5319.775000
5353.575000
5387.300000
5420.700000
5454.100000
5487.350000
5520.600000
5553.925000
5586.875000
5620.225000
5653.375000
5686.225000
5719.350000
5752.450000
5785.600000
5818.650000
5851.600000
5884.650000
5917.625000
5950.075000
5982.175000
6014.200000
6046.975000
6079.525000
6112.250000
6144.275000
6176.150000
6208.175000
6240.425000
6272.375000
6304.100000
6335.925000
6368.050000
6399.675000
6430.775000
6463.050000
6495.125000
6526.375000
6558.075000
6590.050000
6620.800000
6652.475000
6683.975000
6715.125000
6746.675000
6777.975000
6808.425000
6840.225000
6870.700000
6901.850000
6932.850000
6963.725000
6994.700000
7025.025000
7056.275000
7086.325000
7117.925000
7147.725000
7179.175000
7208.725000
7240.150000
7269.650000
7300.800000
7330.575000
7361.125000
7391.475000
7420.975000
7451.500000
7480.775000
7511.225000
7541.450000
7570.825000
7601.325000
7630.525000
7660.125000
7690.450000
7719.550000
7749.050000
7779.425000
7808.350000
7837.750000
7868.000000
7897.100000
7926.275000
7955.850000
7985.625000
8014.150000
8043.400000
8073.525000
8102.550000
8130.850000
8160.000000
8190.000000
8219.075000
8247.375000
8276.325000
8305.525000
8334.725000
8363.575000
8391.775000
8420.600000
8448.800000
8477.900000
8506.950000
8535.700000
8563.825000
8591.925000
8620.575000
8648.650000
8676.675000
8705.600000
8734.500000
8762.700000
8791.375000
8819.325000
8847.200000
8875.025000
8902.850000
8930.600000
8958.350000
8986.125000
9013.875000
9041.700000
9069.450000
9097.200000
9124.950000
9152.700000
9180.425000
9208.175000
9235.925000
9263.675000
9291.500000
9319.200000
9346.950000
9374.675000
9402.425000
9430.225000
9457.950000
9485.700000
9513.475000
9541.300000
9568.675000
9596.425000
9624.150000
9651.725000
9679.375000
9706.975000
9734.525000
9761.225000
9787.650000
9814.025000
9841.575000
9868.900000
9896.050000
9923.575000
9950.150000
9976.425000
10002.850000
10030.300000
10057.150000
10084.550000
10110.775000
10136.700000
10163.825000
10191.325000
10218.150000
10245.200000
10271.750000
10298.500000
10324.975000
10352.225000
10379.425000
10406.825000
10433.150000
10458.750000
10486.000000
10513.300000
10540.450000
10567.925000
10593.450000
10619.925000
10647.150000
10674.150000
10701.450000
10728.600000
10755.500000
10781.475000
10808.275000
10835.700000
10862.650000
10889.850000
10916.600000
10942.875000
10969.400000
10996.375000
11023.675000
11050.800000
11077.300000
11104.150000
11130.525000
11157.925000
11184.875000
11212.075000
11238.675000
11264.400000
11291.650000
11318.850000
11345.950000
11373.400000
11398.925000
11425.275000
11452.625000
11479.775000
11507.050000
11533.650000
11559.875000
11586.150000
11613.600000
11640.475000
11667.950000
11693.650000
11720.675000
11747.200000
11774.375000
11801.500000
11829.050000
11855.375000
11880.925000
11908.200000
11935.375000
11962.625000
11989.700000
12016.700000
12042.950000
12069.425000
12096.575000
12123.725000
12151.175000
12176.700000
12203.050000
12230.400000
12257.325000
12284.725000
12311.175000
12337.350000
12363.825000
12391.275000
12418.150000
12445.125000
12471.600000
12498.525000
12525.000000
12552.300000
12579.425000
12606.825000
12633.125000
12658.750000
12686.000000
12713.275000
12740.450000
12767.925000
12793.450000
12819.900000
12847.150000
12874.100000
12901.450000
12928.175000
12954.525000
12980.675000
13008.125000
13035.000000
13062.425000
13088.800000
13114.600000
13141.675000
13169.050000
13195.950000
13223.275000
13248.925000
13275.300000
13302.650000
13329.825000
13357.050000
13383.775000
13410.175000
13436.350000
13463.725000
13490.825000
13518.125000
13544.775000
13570.925000
13597.300000
13624.725000
13651.500000
13679.000000
13705.325000
13730.900000
13758.200000
13785.375000
13812.625000
13839.600000
13866.700000
13892.950000
13919.425000
13946.600000
13973.725000
14001.175000
14026.700000
14053.050000
14080.400000
14107.325000
14134.725000
14161.175000
14187.375000
14213.825000
14241.300000
14268.150000
14295.100000
14321.600000
14348.525000
14375.000000
14402.300000
14429.425000
14456.825000
14483.125000
14508.750000
14536.000000
14563.275000
14590.450000
14617.925000
14643.450000
14669.900000
14697.150000
14724.100000
14751.450000
14778.175000
14804.525000
14830.700000
14858.125000
14885.000000
14912.425000
14938.825000
14964.700000
14991.700000
15019.050000
15045.950000
15073.275000
15098.925000
15125.300000
15152.650000
15179.825000
15207.050000
15233.825000
15260.550000
15287.275000
15313.825000
15341.300000
15368.150000
15395.150000
15421.725000
15448.500000
15474.975000
15502.250000
15529.425000
15556.825000
15583.150000
15608.750000
15636.000000
15663.300000
15690.450000
15717.925000
15743.450000
15769.925000
15797.150000
15824.125000
15851.450000
15878.475000
15905.500000
15931.550000
15958.275000
15985.650000
16012.650000
16039.875000
16066.575000
16092.850000
16119.400000
16146.375000
16173.675000
16200.700000
16227.275000
16254.150000
16280.525000
16307.925000
16334.875000
16362.075000
16388.675000
16414.400000
16441.650000
16468.850000
16495.950000
16523.400000
16548.925000
16575.275000
16602.650000
16629.775000
16657.050000
16683.650000
16709.875000
16736.150000
16763.625000
16790.475000
16817.950000
16843.675000
16870.675000
16897.200000
16924.400000
16951.500000
16979.050000
17005.375000
17030.925000
17058.200000
17085.375000
17112.625000
17139.700000
17166.700000
17192.950000
17219.425000
17246.600000
17273.725000
17301.175000
17326.700000
17353.050000
17380.400000
17407.325000
17434.725000
17461.175000
17487.375000
17513.825000
17541.275000
17568.150000
17595.125000
17621.600000
17648.525000
17675.000000
17702.300000
17729.425000
17756.825000
17783.125000
17808.750000
17836.000000
17863.275000
17890.450000
17917.925000
17943.450000
17969.900000
17997.150000
18024.100000
18051.450000
18078.175000
18104.525000
18130.675000
18158.125000
18185.000000
18212.425000
18238.800001
18264.600001
18291.675001
18319.050001
18345.950001
18373.275001
18398.925001
18425.300001
18452.650001
18479.825001
18507.050001
18533.800001
18560.400001
18587.225001
18613.825001
18641.300001
18668.150001
18695.175001
18721.725001
18748.500001
18774.975001
18802.250001
18829.425001
18856.825001
18883.150001
18908.750001
18936.000001
18963.300001
18990.450001
19017.925001
19043.450001
19069.925001
19097.150001
19124.125001
19151.450001
19178.550001
19205.500001
19231.550001
19258.275001
19285.650001
19312.650001
19339.875001
19366.575001
19392.850001
19419.400001
19446.375001
19473.675001
19500.700001
19527.300001
19554.150001
19580.525001
19607.925001
19634.875001
19662.075001
19688.675001
19714.400001
19741.650001
19768.850001
19795.950001
19823.400001
19848.925001
19875.275001
19902.650001
19929.775001
19957.050001
19983.650001
20009.875001
20036.150001
20063.625001
20090.475001
20117.975001
20144.200001
20170.675001
20197.200001
20224.650001
20251.550001
20279.200001
20305.850001
20332.450001
20359.600001
20386.125001
20413.675001
20441.300001
20468.350001
20495.925001
20523.575001
20551.250001
20578.725001
20606.150001
20634.325001
20662.200001
20689.875001
20717.925001
20745.675001
20773.450001
20801.250001
20829.150001
20856.925001
20884.725001
20912.550001
20940.375001
20968.175001
20996.000001
21023.875001
21052.025001
21080.325001
21108.175001
21135.975001
21163.775001
21191.650001
21219.450001
21247.250001
21275.075001
21302.900001
21330.675001
21358.500001
21386.475001
21415.100001
21443.100001
21471.100001
21499.975001
21529.100001
21557.550001
21586.000001
21613.950001
21642.775001
21670.950001
21700.000001
21729.200001
21758.000001
21786.125001
21814.900001
21843.800001
21873.600001
21902.550001
21930.675001
21959.750001
21989.025001
22018.250001
22047.150001
22076.200001
22105.625001
22135.025001
22163.850001
22193.050001
22223.250001
22252.575001
22281.725001
22311.375001
22341.375001
22370.600001
22400.900001
22430.400001
22459.775001
22490.225001
22519.425001
22548.900001
22579.475001
22608.625001
22639.125001
22669.250001
22698.750001
22729.475001
22759.250001
22790.250001
22819.725001
22850.975001
22880.600001
22911.325001
22941.625001
22972.250001
23002.650001
23033.325001
23063.725001
23094.550001
23124.950001
23156.150001
23186.550001
23218.125001
23248.600001
23280.125001
23311.150001
23341.800001
23373.550001
23404.250001
23435.800001
23467.700001
23498.525001
23530.225001
23562.150001
23593.075001
23624.800001
23656.850001
23688.025001
23719.575001
23751.675001
23783.550001
23815.200001
23847.100001
23879.400001
23911.375001
23943.125001
23975.050001
24007.800001
24040.375001
24073.100001
24105.550001
24137.575001
24169.850001
24202.650001
24235.600001
24268.525001
24301.500001
24334.650001
24367.875001
24401.075001
24434.350001
24467.825001
24501.175001
24534.575001
24567.975001
24601.375001
24634.850001
24668.325001
24702.100001
24735.850001
24769.375001
24802.850001
24836.325001
24870.375001
24904.300001
24938.550001
24973.125001
25007.525001
25041.700001
25076.025001
25110.550001
25145.650001
25180.225001
25214.600001
25249.725001
25284.750001
25319.375001
25354.225001
25389.675001
25424.825001
25459.800001
25495.600001
25530.550001
25566.300001
25602.075001
25637.600001
25673.625001
25709.275001
25745.700001
25781.475001
25818.025001
25854.050001
25890.550001
25926.600001
25963.450001
26000.175001
26036.550001
26073.725001
26110.675001
26147.550001
26185.000001
26222.275001
26259.500001
26297.025001
26334.800001
26372.575001
26410.375001
26448.400001
26486.225001
26524.675001
26563.250001
26601.950001
26640.925001
26680.000001
26719.075001
26758.100001
26797.175001
26836.225001
26875.725001
26915.350001
26955.300001
26995.500001
27035.650001
27075.925001
27116.575001
27157.250001
27197.925001
27239.075001
27280.275001
27321.600001
27363.425001
27405.325001
27447.150001
27489.525001
27531.875001
27574.625001
27617.800001
27660.850001
27704.150001
27747.675001
27791.650001
27835.850001
27880.375001
27925.075001
27970.225001
28015.800001
28061.975001
28108.225001
28154.975001
28202.300001
28249.950001
28297.975001
28346.825001
28396.175001
28446.100001
28496.725001
28548.025001
28600.250001
28653.175001
28707.375001
28762.600001
28819.100001
28876.875001
28936.500001
28998.300001
29063.050001
29131.550001
29206.350001
29415.725001
