300.000000
2.000000
6959.775000
7004.275000
7048.450000
7092.575000
7135.900000
7180.175000
7224.600000
7269.025000
7313.375000
7357.800000
7402.250000
7446.675000
7491.125000
7535.475000
7576.175000
7618.925000
7658.500000
7699.450000
7741.175000
7780.325000
7819.350000
7858.100000
7896.975000
7935.750000
7974.650000
8013.450000
8052.375000
8091.250000
8130.075000
8168.975000
8207.800000
8246.700000
8285.525000
8324.425000
8363.275000
8402.175000
8441.075000
8479.900000
8518.800000
8557.650000
8596.525000
8635.375000
8674.175000
8712.900000
8749.950000
8785.625000
8823.625000
8858.125000
8895.825000
8930.275000
8967.850000
9002.425000
9038.700000
9074.425000
9108.975000
9146.250000
9180.225000
9214.150000
9249.850000
9285.450000
9319.175000
9352.650000
9385.875000
9419.250000
9452.525000
9485.750000
9519.125000
9552.400000
9585.675000
9619.025000
9652.350000
9685.625000
9718.975000
9752.300000
9785.575000
9818.925000
9852.250000
9885.525000
9918.900000
9952.200000
9985.500000
10018.850000
10052.175000
10085.475000
10118.825000
10152.150000
10185.475000
10218.825000
10252.150000
10285.475000
10318.825000
10352.150000
10385.475000
10418.825000
10452.150000
10485.475000
10518.825000
10552.150000
10585.475000
10618.825000
10652.150000
10685.475000
10718.825000
10752.150000
10785.475000
10818.825000
10852.150000
10885.475000
10918.825000
10952.150000
10985.475000
11018.825000
11052.150000
11085.475000
11118.825000
11152.150000
11185.475000
11218.825000
11252.150000
11285.475000
11318.825000
11352.150000
11385.475000
11418.825000
11452.150000
11485.475000
11518.825000
11552.150000
11585.475000
11618.825000
11652.150000
11685.475000
11718.825000
11752.150000
11785.475000
11818.825000
11852.150000
11885.475000
11918.825000
11952.150000
11985.475000
12018.825000
12052.150000
12085.475000
12118.825000
12152.150000
12185.475000
12218.825000
12252.150000
12285.475000
12318.825000
12352.150000
12385.475000
12418.825000
12452.150000
12485.475000
12518.825000
12552.150000
12585.475000
12618.825000
12652.150000
12685.475000
12718.825000
12752.150000
12785.475000
12818.825000
12852.150000
12885.475000
12918.825000
12952.150000
12985.475000
13018.825000
13052.150000
13085.475000
13118.825000
13152.150000
13185.475000
13218.825000
13252.150000
13285.475000
13318.825000
13352.150000
13385.475000
13418.825000
13452.150000
13485.475000
13518.825000
13552.150000
13585.475000
13618.825000
13652.150000
13685.475000
13718.825000
13752.150000
13785.475000
13818.825000
13852.150000
13885.475000
13918.825000
13952.150000
13985.475000
14018.825000
14052.150000
14085.475000
14118.825000
14152.150000
14185.475000
14218.825000
14252.150000
14285.475000
14318.825000
14352.150000
14385.475000
14418.825000
14452.150000
14485.475000
14518.825000
14552.150000
14585.475000
14618.825000
14652.150000
14685.475000
14718.825000
14752.150000
14785.475000
14818.825000
14852.150000
14885.475000
14918.825000
14952.150000
14985.475000
15018.825000
15052.150000
15085.475000
15118.825000
15152.150000
15185.475000
15218.825000
15252.150000
15285.475000
15318.825000
15352.150000
15385.475000
15418.825000
15452.150000
15485.475000
15518.825000
15552.150000
15585.475000
15618.825000
15652.150000
15685.475000
15718.825000
15752.150000
15785.475000
15818.825000
15852.150000
15885.475000
15918.825000
15952.150000
15985.475000
16018.825000
16052.150000
16085.475000
16118.825000
16152.150000
16185.475000
16218.825000
16252.150000
16285.475000
16318.825000
16352.150000
16385.475000
16418.825000
16452.150000
16485.475000
16518.825000
16552.150000
16585.475000
16618.825000
16652.150000
16685.475000
16718.825000
16752.150000
16785.475000
16818.825000
16852.150000
16885.475000
16918.825000
16952.150000
16985.475000
17018.825000
17052.150000
17085.475000
17118.825000
17152.150000
17185.475000
17218.825000
17252.150000
17285.475000
17318.825000
17352.150000
17385.475000
17418.825000
17452.150000
17485.475000
17518.825000
17552.150000
17585.475000
17618.825000
17652.150000
17685.475000
17718.825000
17752.150000
17785.475000
17818.825000
17852.150000
17885.475000
17918.825000
17952.150000
17985.475000
18018.825000
18052.150000
18085.475000
18118.825000
18152.150000
18185.475000
18218.825000
18252.150001
18285.475001
18318.825001
18352.150001
18385.475001
18418.825001
18452.150001
18485.475001
18518.825001
18552.150001
18585.475001
18618.825001
18652.150001
18685.475001
18718.825001
18752.150001
18785.475001
18818.825001
18852.150001
18885.475001
18918.825001
18952.150001
18985.475001
19018.825001
19052.150001
19085.475001
19118.825001
19152.150001
19185.475001
19218.825001
19252.150001
19285.475001
19318.825001
19352.150001
19385.475001
19418.825001
19452.150001
19485.475001
19518.825001
19552.150001
19585.475001
19618.825001
19652.150001
19685.475001
19718.825001
19752.150001
19785.475001
19818.825001
19852.150001
19885.475001
19918.825001
19952.150001
19985.475001
20018.825001
20052.150001
20085.475001
20118.850001
20152.175001
20185.500001
20218.875001
20252.200001
20285.525001
20318.900001
20352.250001
20385.550001
20418.950001
20452.300001
20485.600001
20519.000001
20552.350001
20585.650001
20619.050001
20652.400001
20685.725001
20719.150001
20752.500001
20785.825001
20819.275001
20852.850001
20887.125001
20923.525001
20957.825001
20992.550001
21029.800001
21063.675001
21099.125001
21135.475001
21170.600001
21207.650001
21243.025001
21279.925001
21317.825001
21352.575001
21390.975001
21429.675001
21467.950001
21504.000001
21541.150001
21579.875001
21618.775001
21657.650001
21696.575001
21735.450001
21774.400001
21813.275001
21852.200001
21891.125001
21930.000001
21968.925001
22007.800001
22046.750001
22085.625001
22124.575001
22163.450001
22202.400001
22241.375001
22280.225001
22319.225001
22358.100001
22397.300001
22437.075001
22479.950001
22520.250001
22563.300001
22606.450001
22647.050001
22691.150001
22735.550001
22780.025001
22824.500001
22869.000001
22913.400001
22957.900001
23002.425001
23046.925001
23091.450001
23135.850001
23180.400001
23225.800001
23274.650001
23321.000001
23369.225001
23419.225001
23469.300001
23519.425001
23570.225001
23625.825001
23681.375001
23737.725001
