2.000000
13.000000
4446.875000
4496.775000
4546.925000
4596.575000
4645.475000
4692.775000
4739.975000
4786.825000
4831.800000
4875.975000
4920.275000
4963.600000
5006.500000
5048.175000
5089.850000
5131.375000
5172.900000
5213.300000
5253.600000
5292.575000
5331.450000
5370.225000
5408.700000
5446.625000
5484.225000
5520.550000
5557.550000
5595.075000
5631.400000
5667.475000
5703.575000
5739.625000
5774.725000
5809.250000
5844.000000
5878.625000
5912.325000
5945.500000
5978.850000
6012.050000
6045.275000
6078.625000
6111.900000
6145.150000
6178.500000
6210.900000
6242.525000
6274.550000
6306.375000
6338.275000
6370.150000
6400.950000
6431.625000
6462.125000
6492.550000
6523.075000
6553.650000
6584.150000
6614.650000
6645.175000
6675.675000
6706.250000
6735.725000
6764.850000
6795.075000
6824.475000
6853.625000
6882.875000
6911.900000
6941.075000
6970.150000
6998.200000
7026.050000
7053.950000
7081.625000
7109.300000
7137.025000
7164.775000
7192.500000
7220.225000
7248.000000
7275.750000
7303.550000
7331.300000
7359.025000
7386.750000
7413.600000
7439.975000
7467.350000
7495.050000
7522.000000
7548.050000
7574.625000
7600.800000
7627.525000
7653.600000
7679.975000
7706.325000
7732.750000
7759.075000
7784.525000
7810.550000
7836.800000
7862.075000
7887.200000
7912.200000
7937.150000
7962.100000
7987.050000
8012.025000
8037.000000
8061.975000
8086.975000
8111.950000
8136.925000
8161.900000
8186.900000
8211.875000
8236.875000
8261.850000
8286.825000
8311.825000
8336.800000
8361.800000
8385.875000
8409.475000
8434.050000
8457.975000
8481.550000
8506.250000
8530.075000
8553.700000
8578.450000
8602.275000
8625.825000
8650.550000
8674.375000
8698.000000
8721.875000
8745.200000
8768.875000
8792.400000
8816.200000
8839.625000
8863.150000
8886.825000
8909.475000
8932.775000
8956.275000
8978.800000
9001.075000
9023.300000
9045.500000
9067.700000
9089.975000
9112.150000
9134.325000
9156.525000
9178.750000
9200.875000
9223.100000
9245.300000
9267.525000
9289.775000
9311.975000
9334.175000
9356.400000
9378.625000
9400.775000
9423.000000
9445.200000
9467.425000
9489.675000
9511.875000
9534.100000
9556.300000
9578.525000
9600.700000
9622.925000
9645.125000
9667.350000
9689.575000
9711.800000
9734.025000
9756.225000
9778.450000
9800.625000
9822.850000
9845.050000
9867.275000
9888.675000
9909.275000
9930.225000
9950.875000
9972.875000
9994.275000
10014.775000
10035.675000
10056.425000
10078.425000
10099.600000
10120.225000
10141.250000
10161.950000
10183.100000
10203.650000
10224.550000
10245.250000
10267.250000
10288.400000
10309.175000
10330.050000
10350.800000
10372.800000
10393.975000
10414.700000
10435.600000
10456.400000
10478.400000
10499.525000
10520.225000
10541.225000
10561.950000
10583.075000
10603.625000
10624.550000
10645.250000
10667.250000
10688.400000
10709.150000
10730.050000
10750.800000
10772.800000
10793.975000
10814.700000
10835.600000
10856.400000
10878.400000
10899.525000
10920.225000
10941.225000
10961.950000
10983.075000
11003.625000
11024.550000
11045.250000
11067.250000
11088.400000
11109.150000
11130.050000
11150.800000
11172.800000
11193.975000
11214.700000
11235.600000
11256.400000
11278.400000
11299.525000
11320.225000
11341.225000
11361.950000
11383.075000
11403.625000
11424.550000
11445.250000
11467.250000
11488.400000
11509.150000
11530.050000
11550.800000
11572.800000
11593.975000
11614.700000
11635.600000
11656.400000
11678.400000
11699.525000
11720.225000
11741.225000
11761.950000
11783.075000
11803.625000
11824.550000
11845.250000
11867.250000
11888.400000
11909.150000
11930.050000
11950.800000
11972.800000
11993.975000
12014.700000
12035.600000
12056.400000
12078.400000
12099.525000
12120.225000
12141.225000
12161.950000
12183.075000
12203.625000
12224.550000
12245.250000
12267.250000
12288.400000
12309.150000
12330.050000
12350.800000
12372.800000
12393.975000
12414.700000
12435.600000
12456.400000
12478.400000
12499.525000
12520.225000
12541.225000
12561.950000
12583.075000
12603.625000
12624.550000
12645.250000
12667.250000
12688.400000
12709.150000
12730.050000
12750.800000
12772.800000
12793.975000
12814.700000
12835.600000
12856.400000
12878.400000
12899.525000
12920.225000
12941.225000
12961.950000
12983.075000
13003.625000
13024.550000
13045.250000
13067.250000
13088.400000
13109.150000
13130.050000
13150.800000
13172.800000
13193.975000
13214.700000
13235.600000
13256.400000
13278.400000
13299.525000
13320.225000
13341.225000
13361.950000
13383.075000
13403.625000
13424.550000
13445.250000
13467.250000
13488.400000
13509.150000
13530.050000
13550.800000
13572.800000
13593.975000
13614.700000
13635.600000
13656.400000
13678.400000
13699.525000
13720.225000
13741.225000
13761.950000
13783.075000
13803.625000
13824.550000
13845.250000
13867.250000
13888.400000
13909.150000
13930.050000
13950.800000
13972.800000
13993.975000
14014.700000
14035.600000
14056.400000
14078.400000
14099.525000
14120.225000
14141.225000
14161.950000
14183.075000
14203.625000
14224.550000
14245.250000
14267.250000
14288.400000
14309.150000
14330.050000
14350.800000
14372.800000
14393.975000
14414.700000
14435.600000
14456.400000
14478.400000
14499.525000
14520.225000
14541.225000
14561.950000
14583.075000
14603.625000
14624.550000
14645.250000
14667.250000
14688.400000
14709.150000
14730.050000
14750.800000
14772.800000
14793.975000
14814.700000
14835.600000
14856.400000
14878.400000
14899.525000
14920.225000
14941.225000
14961.950000
14983.075000
15003.625000
15024.550000
15045.250000
15067.250000
15088.400000
15109.150000
15130.050000
15150.800000
15172.800000
15193.975000
15214.700000
15235.600000
15256.400000
15278.400000
15299.525000
15320.225000
15341.225000
15361.950000
15383.075000
15403.625000
15424.550000
15445.250000
15467.250000
15488.400000
15509.150000
15530.050000
15550.800000
15572.800000
15593.975000
15614.700000
15635.600000
15656.400000
15678.400000
15699.525000
15720.225000
15741.225000
15761.950000
15783.075000
15803.625000
15824.550000
15845.250000
15867.250000
15888.400000
15909.150000
15930.050000
15950.800000
15972.800000
15993.975000
16014.700000
16035.600000
16056.400000
16078.400000
16099.525000
16120.225000
16141.225000
16161.950000
16183.075000
16203.625000
16224.550000
16245.250000
16267.250000
16288.400000
16309.150000
16330.050000
16350.800000
16372.800000
16393.975000
16414.700000
16435.600000
16456.400000
16478.400000
16499.525000
16520.225000
16541.225000
16561.950000
16583.075000
16603.625000
16624.550000
16645.250000
16667.250000
16688.400000
16709.150000
16730.050000
16750.800000
16772.800000
16793.975000
16814.700000
16835.600000
16856.400000
16878.400000
16899.525000
16920.225000
16941.225000
16961.950000
16983.075000
17003.625000
17024.550000
17045.250000
17067.250000
17088.400000
17109.150000
17130.050000
17150.800000
17172.800000
17193.975000
17214.700000
17235.600000
17256.400000
17278.400000
17299.525000
17320.225000
17341.225000
17361.950000
17383.075000
17403.625000
17424.550000
17445.250000
17467.250000
17488.400000
17509.150000
17530.050000
17550.800000
17572.800000
17593.975000
17614.700000
17635.600000
17656.400000
17678.400000
17699.525000
17720.225000
17741.225000
17761.950000
17783.075000
17803.625000
17824.550000
17845.250000
17867.250000
17888.400000
17909.150000
17930.050000
17950.800000
17972.800000
17993.975000
18014.700000
18035.600000
18056.400000
18078.400000
18099.525000
18120.225000
18141.225000
18161.950000
18183.075000
18203.625000
18224.550000
18245.250001
18267.250001
18288.400001
18309.150001
18330.050001
18350.800001
18372.800001
18393.975001
18414.700001
18435.600001
18456.400001
18478.400001
18499.525001
18520.225001
18541.225001
18561.950001
18583.075001
18603.625001
18624.550001
18645.250001
18667.250001
18688.400001
18709.150001
18730.050001
18750.800001
18772.800001
18793.975001
18814.700001
18835.600001
18856.400001
18878.400001
18899.525001
18920.225001
18941.225001
18961.950001
18983.075001
19003.625001
19024.550001
19045.250001
19067.250001
19088.400001
19109.150001
19130.050001
19150.800001
19172.800001
19193.975001
19214.700001
19235.600001
19256.400001
19278.400001
19299.525001
19320.225001
19341.225001
19361.950001
19383.075001
19403.625001
19424.550001
19445.250001
19467.250001
19488.400001
19509.150001
19530.050001
19550.800001
19572.800001
19593.975001
19614.700001
19635.600001
19656.400001
19678.400001
19699.525001
19720.225001
19741.225001
19761.950001
19783.075001
19803.625001
19824.550001
19845.250001
19867.250001
19888.400001
19909.150001
19930.050001
19950.800001
19972.800001
19993.975001
20014.700001
20035.600001
20056.400001
20078.400001
20099.525001
20120.225001
20141.275001
20161.975001
20183.925001
20205.150001
20225.825001
20246.925001
20267.525001
20289.550001
20310.950001
20331.525001
20353.450001
20374.650001
20395.350001
20417.350001
20439.550001
20461.775001
20484.000001
20506.225001
20528.475001
20550.650001
20572.900001
20595.125001
20617.350001
20639.600001
20661.850001
20684.075001
20706.300001
20728.550001
20750.725001
20772.950001
20795.200001
20817.425001
20839.700001
20861.925001
20884.150001
20906.400001
20928.625001
20950.825001
20973.050001
20995.300001
21017.525001
21039.825001
21062.050001
21084.300001
21106.550001
21128.800001
21150.950001
21173.225001
21195.475001
21217.750001
21240.950001
21264.525001
21287.125001
21310.500001
21334.050001
21356.700001
21379.975001
21403.550001
21426.300001
21449.850001
21472.975001
21496.650001
21520.200001
21544.075001
21567.450001
21591.225001
21614.725001
21638.700001
21662.000001
21685.700001
21709.250001
21734.000001
21757.850001
21781.525001
21806.250001
21830.200001
21853.900001
21878.525001
21903.475001
21928.475001
21953.500001
21978.500001
22003.525001
22028.525001
22053.550001
22078.550001
22103.575001
22128.600001
22153.625001
22178.625001
22203.650001
22228.675001
22253.700001
22278.725001
22303.775001
22328.800001
22353.850001
22378.950001
22404.650001
22430.375001
22456.325001
22481.725001
22507.725001
22534.100001
22560.525001
22586.875001
22613.300001
22639.700001
22666.600001
22692.525001
22719.125001
22745.325001
22772.875001
22800.600001
22828.425001
22856.200001
22884.000001
22911.800001
22939.600001
22967.375001
22995.175001
23022.975001
23050.775001
23078.625001
23106.425001
23134.250001
23162.075001
23189.900001
23217.675001
23245.525001
23273.625001
23302.300001
23331.325001
23360.525001
23389.700001
23418.950001
23448.050001
23478.425001
23507.850001
23537.100001
23567.375001
23597.875001
23628.525001
23659.075001
23689.675001
23720.225001
23750.825001
23781.475001
23812.100001
23842.650001
23873.350001
23905.000001
23936.875001
23968.875001
24000.825001
24033.175001
24064.900001
24097.900001
24131.200001
24164.625001
24197.975001
24231.400001
24264.800001
24298.150001
24331.700001
24366.200001
24400.800001
24435.625001
24470.325001
24506.325001
24542.400001
24578.625001
24614.775001
24650.925001
24687.225001
24724.425001
24762.025001
24800.700001
24839.650001
24878.675001
24917.575001
24956.750001
24996.675001
25037.050001
25078.650001
25120.275001
25162.200001
25205.100001
25248.175001
25292.550001
25337.200001
25383.150001
25430.200001
25478.850001
25528.875001
25580.450001
25634.425001
25692.675001
