2.000000
2.000000
1658.100000
1708.200000
1753.650000
1795.600000
1835.375000
1873.100000
1909.250000
1944.175000
1978.325000
2011.500000
2043.700000
2075.375000
2106.250000
2136.725000
2166.450000
2195.575000
2224.500000
2253.425000
2281.625000
2309.675000
2337.475000
2364.975000
2392.500000
2420.100000
2447.675000
2474.700000
2501.925000
2528.750000
2555.800000
2582.550000
2609.150000
2635.600000
2662.000000
2688.325000
2714.650000
2741.000000
2767.300000
2793.525000
2819.700000
2845.325000
2871.400000
2897.100000
2922.875000
2948.225000
2974.050000
2999.500000
3024.900000
3050.500000
3075.725000
3100.875000
3125.900000
3150.925000
3175.850000
3200.825000
3225.775000
3250.750000
3275.700000
3300.675000
3325.625000
3350.600000
3375.525000
3400.450000
3424.875000
3449.350000
3474.050000
3498.150000
3522.825000
3547.000000
3571.400000
3595.375000
3619.925000
3643.950000
3667.775000
3692.150000
3716.100000
3739.850000
3763.600000
3787.125000
3810.825000
3834.325000
3857.875000
3881.425000
3905.050000
3928.625000
3952.200000
3975.725000
3999.350000
4022.900000
4046.500000
4070.050000
4093.525000
4117.200000
4140.175000
4163.250000
4186.725000
4209.475000
4232.625000
4256.100000
4278.800000
4302.000000
4324.775000
4347.800000
4370.325000
4392.900000
4415.900000
4438.475000
4461.600000
4484.125000
4506.550000
4528.950000
4551.125000
4573.325000
4595.475000
4617.650000
4639.875000
4662.075000
4684.250000
4706.450000
4728.650000
4750.800000
4773.000000
4795.200000
4817.400000
4839.625000
4861.850000
4884.050000
4906.250000
4928.475000
4950.625000
4972.850000
4995.050000
5017.250000
5039.450000
5061.650000
5083.750000
5105.250000
5127.075000
5148.300000
5170.100000
5192.150000
5213.425000
5235.300000
5256.550000
5278.425000
5299.825000
5320.725000
5342.300000
5363.450000
5384.600000
5406.175000
5427.375000
5448.175000
5469.875000
5491.050000
5512.025000
5533.150000
5553.775000
5574.750000
5595.375000
5616.600000
5637.050000
5657.875000
5678.675000
5699.600000
5720.225000
5741.150000
5761.925000
5782.775000
5803.550000
5824.400000
5845.175000
5866.075000
5886.825000
5907.625000
5928.500000
5949.300000
5970.075000
5990.925000
6011.750000
6032.425000
6053.350000
6073.325000
6093.850000
6114.525000
6134.650000
6154.950000
6175.600000
6195.475000
6216.025000
6236.625000
6256.500000
6276.950000
6296.975000
6317.300000
6337.050000
6357.525000
6377.650000
6397.800000
6417.525000
6437.250000
6457.500000
6477.425000
6497.525000
6517.375000
6537.000000
6556.625000
6575.975000
6595.475000
6614.900000
6634.400000
6653.775000
6673.150000
6692.550000
6712.075000
6731.450000
6750.875000
6770.275000
6789.775000
6809.175000
6828.650000
6848.000000
6867.475000
6886.925000
6906.375000
6925.750000
6945.200000
6964.650000
6984.100000
7003.525000
7022.925000
7042.375000
7061.825000
7081.250000
7100.675000
7120.100000
7139.575000
7159.000000
7178.450000
7197.850000
7217.300000
7236.725000
7256.200000
7275.575000
7295.025000
7313.800000
7332.725000
7351.975000
7370.425000
7389.600000
7408.925000
7428.375000
7446.925000
7465.975000
7484.375000
7503.450000
7522.775000
7541.275000
7559.575000
7578.475000
7597.025000
7615.300000
7634.050000
7652.525000
7670.500000
7689.550000
7707.850000
7725.975000
7745.050000
7763.350000
7781.525000
7800.575000
7818.925000
7837.025000
7856.150000
7874.425000
7892.500000
7911.650000
7929.925000
7948.025000
7967.175000
7985.425000
8003.600000
8022.000000
8039.775000
8057.850000
8075.800000
8094.200000
8111.950000
8130.025000
8148.000000
8166.325000
8184.150000
8202.250000
8220.200000
8238.375000
8256.350000
8274.425000
8292.400000
8310.550000
8328.550000
8346.600000
8364.625000
8382.725000
8400.700000
8418.800000
8436.800000
8454.900000
8472.900000
8491.000000
8509.000000
8526.225000
8544.025000
8561.825000
8579.800000
8597.850000
8615.025000
8632.750000
8650.650000
8667.775000
8685.450000
8703.450000
8720.425000
8738.275000
8756.200000
8773.200000
8791.025000
8808.900000
8825.875000
8843.300000
8860.725000
8878.450000
8895.350000
8913.125000
8930.225000
8947.850000
8964.800000
8981.750000
8998.525000
9016.075000
9033.875000
9050.775000
9067.675000
9084.675000
9102.025000
9119.050000
9135.875000
9153.400000
9170.225000
9187.050000
9203.800000
9220.375000
9237.125000
9253.775000
9270.350000
9287.075000
9303.750000
9320.325000
9337.050000
9353.725000
9370.300000
9387.025000
9403.700000
9420.300000
9437.000000
9453.675000
9470.275000
9486.975000
9503.650000
9520.250000
9536.950000
9553.625000
9570.225000
9586.925000
9603.600000
9620.225000
9636.900000
9653.575000
9670.200000
9686.900000
9703.575000
9720.175000
9736.875000
9753.550000
9770.175000
9786.850000
9803.525000
9820.150000
9836.850000
9853.525000
9870.125000
9886.825000
9903.500000
9920.125000
9936.800000
9953.475000
9970.100000
9986.800000
10003.475000
10020.075000
10036.775000
10053.450000
10070.075000
10086.725000
10103.425000
10120.050000
10136.700000
10153.425000
10170.050000
10186.600000
10203.400000
10220.025000
10236.025000
10252.200000
10268.725000
10284.875000
10300.825000
10317.375000
10334.025000
10350.650000
10367.325000
10384.000000
10400.650000
10417.300000
10434.000000
10450.625000
10467.300000
10484.000000
10500.625000
10517.300000
10534.000000
10550.625000
10567.300000
10584.000000
10600.625000
10617.300000
10634.000000
10650.625000
10667.300000
10684.000000
10700.625000
10717.300000
10734.000000
10750.625000
10767.300000
10784.000000
10800.625000
10817.300000
10834.000000
10850.625000
10867.300000
10884.000000
10900.625000
10917.300000
10934.000000
10950.625000
10967.300000
10984.000000
11000.625000
11017.300000
11034.000000
11050.625000
11067.300000
11084.000000
11100.625000
11117.300000
11134.000000
11150.625000
11167.300000
11184.000000
11200.625000
11217.300000
11234.000000
11250.625000
11267.300000
11284.000000
11300.625000
11317.300000
11334.000000
11350.625000
11367.300000
11384.000000
11400.625000
11417.300000
11434.000000
11450.625000
11467.300000
11484.000000
11500.625000
11517.300000
11534.000000
11550.625000
11567.300000
11584.000000
11600.625000
11617.300000
11634.000000
11650.625000
11667.300000
11684.000000
11700.625000
11717.300000
11734.000000
11750.625000
11767.300000
11784.000000
11800.625000
11817.300000
11834.000000
11850.625000
11867.300000
11884.000000
11900.625000
11917.300000
11934.000000
11950.625000
11967.300000
11984.000000
12000.625000
12017.300000
12034.000000
12050.625000
12067.300000
12084.000000
12100.625000
12117.300000
12134.000000
12150.625000
12167.300000
12184.000000
12200.625000
12217.300000
12234.000000
12250.625000
12267.300000
12284.000000
12300.625000
12317.300000
12334.000000
12350.625000
12367.300000
12384.000000
12400.625000
12417.300000
12434.000000
12450.625000
12467.300000
12484.000000
12500.625000
12517.300000
12534.000000
12550.625000
12567.300000
12584.000000
12600.625000
12617.300000
12634.000000
12650.625000
12667.300000
12684.000000
12700.625000
12717.300000
12734.000000
12750.625000
12767.300000
12784.000000
12800.625000
12817.300000
12834.000000
12850.625000
12867.300000
12884.000000
12900.625000
12917.300000
12934.000000
12950.625000
12967.300000
12984.000000
13000.625000
13017.300000
13034.000000
13050.625000
13067.300000
13084.000000
13100.625000
13117.300000
13134.000000
13150.625000
13167.300000
13184.000000
13200.625000
13217.300000
13234.000000
13250.625000
13267.300000
13284.000000
13300.625000
13317.300000
13334.000000
13350.625000
13367.300000
13384.000000
13400.625000
13417.300000
13434.000000
13450.625000
13467.300000
13484.000000
13500.625000
13517.300000
13534.000000
13550.625000
13567.300000
13584.000000
13600.625000
13617.300000
13634.000000
13650.625000
13667.300000
13684.000000
13700.625000
13717.300000
13734.000000
13750.625000
13767.300000
13784.000000
13800.625000
13817.300000
13834.000000
13850.625000
13867.300000
13884.000000
13900.625000
13917.300000
13934.000000
13950.625000
13967.300000
13984.000000
14000.625000
14017.300000
14034.000000
14050.625000
14067.300000
14084.000000
14100.625000
14117.300000
14134.000000
14150.625000
14167.300000
14184.000000
14200.625000
14217.300000
14234.000000
14250.625000
14267.300000
14284.000000
14300.625000
14317.300000
14334.000000
14350.625000
14367.300000
14384.000000
14400.625000
14417.300000
14434.000000
14450.625000
14467.300000
14484.000000
14500.625000
14517.300000
14534.000000
14550.625000
14567.300000
14584.000000
14600.625000
14617.300000
14634.000000
14650.625000
14667.300000
14684.000000
14700.625000
14717.300000
14734.000000
14750.625000
14767.300000
14784.000000
14800.625000
14817.300000
14834.000000
14850.625000
14867.300000
14884.000000
14900.625000
14917.300000
14934.000000
14950.625000
14967.300000
14984.000000
15000.625000
15017.300000
15034.000000
15050.625000
15067.300000
15084.000000
15100.625000
15117.300000
15134.000000
15150.625000
15167.300000
15184.000000
15200.625000
15217.300000
15234.000000
15250.625000
15267.300000
15284.000000
15300.625000
15317.300000
15334.000000
15350.625000
15367.300000
15384.000000
15400.625000
15417.300000
15434.000000
15450.625000
15467.300000
15484.000000
15500.625000
15517.300000
15534.000000
15550.625000
15567.300000
15584.000000
15600.625000
15617.300000
15634.000000
15650.625000
15667.300000
15684.000000
15700.625000
15717.300000
15734.000000
15750.625000
15767.300000
15784.000000
15800.625000
15817.300000
15834.000000
15850.625000
15867.300000
15884.000000
15900.625000
15917.300000
15934.000000
15950.625000
15967.300000
15984.000000
16000.625000
16017.300000
16034.000000
16050.625000
16067.300000
16084.000000
16100.625000
16117.300000
16134.000000
16150.625000
16167.300000
16184.000000
16200.625000
16217.300000
16234.000000
16250.625000
16267.300000
16284.000000
16300.625000
16317.300000
16334.000000
16350.625000
16367.300000
16384.000000
16400.625000
16417.300000
16434.000000
16450.625000
16467.300000
16484.000000
16500.625000
16517.300000
16534.000000
16550.625000
16567.300000
16584.000000
16600.625000
16617.300000
16634.000000
16650.625000
16667.300000
16684.000000
16700.625000
16717.300000
16734.000000
16750.625000
16767.300000
16784.000000
16800.625000
16817.300000
16834.000000
16850.625000
16867.300000
16884.000000
16900.625000
16917.300000
16934.000000
16950.625000
16967.300000
16984.000000
17000.625000
17017.300000
17034.000000
17050.625000
17067.300000
17084.000000
17100.625000
17117.300000
17134.000000
17150.625000
17167.300000
17184.000000
17200.625000
17217.300000
17234.000000
17250.625000
17267.300000
17284.000000
17300.625000
17317.300000
17334.000000
17350.625000
17367.300000
17384.000000
17400.625000
17417.300000
17434.000000
17450.625000
17467.300000
17484.000000
17500.625000
17517.300000
17534.000000
17550.625000
17567.300000
17584.000000
17600.625000
17617.300000
17634.000000
17650.625000
17667.300000
17684.000000
17700.625000
17717.300000
17734.000000
17750.625000
17767.300000
17784.000000
17800.625000
17817.300000
17834.000000
17850.625000
17867.300000
17884.000000
17900.625000
17917.300000
17934.000000
17950.625000
17967.300000
17984.000000
18000.625000
18017.300000
18034.000000
18050.625000
18067.300000
18084.000000
18100.625000
18117.300000
18134.000000
18150.625000
18167.300000
18184.000000
18200.625000
18217.300000
18234.000001
18250.625001
18267.300001
18284.000001
18300.625001
18317.300001
18334.000001
18350.625001
18367.300001
18384.000001
18400.625001
18417.300001
18434.000001
18450.625001
18467.300001
18484.000001
18500.625001
18517.300001
18534.000001
18550.625001
18567.300001
18584.000001
18600.625001
18617.300001
18634.000001
18650.625001
18667.300001
18684.000001
18700.625001
18717.300001
18734.000001
18750.625001
18767.300001
18784.000001
18800.625001
18817.300001
18834.000001
18850.625001
18867.300001
18884.000001
18900.625001
18917.300001
18934.000001
18950.625001
18967.300001
18984.000001
19000.625001
19017.300001
19034.000001
19050.625001
19067.300001
19084.000001
19100.625001
19117.300001
19134.000001
19150.625001
19167.300001
19184.000001
19200.625001
19217.300001
19234.000001
19250.625001
19267.300001
19284.000001
19300.625001
19317.300001
19334.000001
19350.625001
19367.300001
19384.000001
19400.625001
19417.300001
19434.000001
19450.625001
19467.300001
19484.000001
19500.625001
19517.300001
19534.000001
19550.625001
19567.300001
19584.000001
19600.625001
19617.300001
19634.000001
19650.625001
19667.300001
19684.000001
19700.625001
19717.300001
19734.000001
19750.625001
19767.300001
19784.000001
19800.625001
19817.300001
19834.000001
19850.625001
19867.300001
19884.000001
19900.625001
19917.300001
19934.000001
19950.625001
19967.300001
19984.000001
20000.625001
20017.300001
20034.000001
20050.625001
20067.300001
20084.000001
20100.625001
20117.325001
20134.000001
20150.650001
20167.325001
20184.025001
20200.650001
20217.350001
20234.050001
20250.675001
20267.350001
20284.050001
20300.700001
20317.375001
20334.075001
20350.700001
20367.375001
20384.100001
20400.725001
20417.400001
20434.100001
20450.750001
20467.425001
20484.125001
20500.750001
20517.425001
20534.150001
20550.775001
20567.450001
20584.175001
20600.800001
20617.475001
20634.175001
20650.800001
20667.500001
20684.200001
20700.825001
20717.525001
20734.225001
20750.850001
20767.550001
20784.275001
20800.875001
20817.575001
20834.300001
20850.900001
20867.600001
20884.325001
20900.925001
20917.625001
20934.375001
20950.975001
20967.650001
20984.425001
21001.025001
21017.700001
21034.500001
21051.100001
21067.775001
21085.025001
21102.225001
21119.875001
21136.900001
21153.800001
21170.525001
21188.100001
21206.050001
21223.025001
21240.200001
21257.650001
21275.475001
21292.475001
21309.775001
21327.250001
21345.075001
21362.100001
21379.850001
21397.800001
21414.825001
21432.675001
21450.625001
21467.675001
21485.450001
21503.450001
21520.450001
21538.300001
21556.250001
21573.425001
21591.125001
21609.025001
21626.200001
21644.000001
21661.825001
21679.825001
21697.875001
21716.025001
21734.025001
21752.100001
21770.125001
21788.250001
21806.275001
21824.350001
21842.375001
21860.525001
21878.550001
21896.625001
21914.650001
21932.800001
21950.750001
21968.900001
21986.900001
22005.075001
22023.000001
22041.175001
22059.150001
22077.450001
22095.250001
22113.375001
22131.425001
22149.875001
22167.550001
22185.675001
22203.700001
22222.750001
22241.050001
22259.175001
22278.350001
22296.625001
22314.775001
22333.925001
22352.225001
22370.325001
22389.500001
22407.775001
22425.925001
22445.050001
22463.375001
22481.600001
22500.625001
22519.050001
22537.225001
22556.225001
22574.700001
22592.800001
22611.800001
22630.275001
22649.075001
22667.575001
22686.775001
22706.150001
22724.725001
22743.750001
22762.275001
22781.275001
22800.625001
22820.000001
22839.475001
22858.125001
22877.200001
22896.475001
22915.425001
22934.225001
22953.500001
22972.875001
22992.300001
23011.775001
23031.225001
23050.650001
23070.100001
23089.575001
23109.025001
23128.525001
23147.900001
23167.375001
23186.850001
23206.325001
23225.725001
23245.200001
23264.675001
23284.150001
23303.600001
23323.025001
23342.475001
23361.975001
23381.425001
23400.850001
23420.300001
23439.825001
23459.250001
23478.775001
23498.125001
23517.625001
23537.125001
23556.625001
23575.975001
23595.525001
23615.025001
23635.150001
23655.025001
23675.125001
23695.100001
23714.800001
23735.200001
23755.150001
23775.575001
23795.325001
23815.825001
23835.725001
23856.225001
23875.950001
23896.500001
23917.250001
23937.075001
23957.625001
23978.425001
23998.225001
24018.800001
24039.550001
24059.700001
24079.975001
24100.675001
24121.450001
24142.275001
24163.100001
24184.000001
24204.825001
24225.650001
24246.525001
24267.350001
24288.225001
24309.050001
24329.900001
24350.750001
24371.700001
24392.425001
24413.300001
24434.175001
24455.100001
24475.825001
24496.800001
24517.550001
24538.600001
24559.275001
24580.225001
24600.975001
24622.725001
24643.875001
24664.800001
24686.075001
24707.500001
24728.675001
24750.550001
24771.800001
24792.725001
24814.500001
24835.700001
24857.500001
24878.800001
24900.625001
24922.700001
24944.175001
24965.950001
24987.300001
25009.050001
25031.150001
25053.325001
25075.425001
25097.075001
25118.850001
25140.975001
25163.125001
25185.350001
25207.575001
25229.825001
25252.075001
25274.325001
25296.575001
25318.825001
25341.100001
25363.300001
25385.550001
25407.800001
25430.050001
25452.350001
25474.625001
25496.900001
25519.200001
25541.675001
25564.425001
25586.875001
25609.275001
25631.675001
25654.475001
25677.200001
25700.450001
25723.025001
25745.750001
25768.750001
25792.000001
25814.700001
25837.975001
25860.950001
25884.050001
25907.450001
25930.550001
25953.575001
25977.050001
26000.600001
26024.175001
26047.800001
26071.375001
26095.050001
26118.725001
26142.350001
26166.050001
26189.675001
26213.300001
26236.925001
26260.625001
26284.250001
26307.925001
26331.550001
26355.525001
26379.600001
26403.550001
26427.625001
26451.850001
26475.800001
26500.450001
26524.525001
26548.725001
26572.975001
26597.725001
26622.050001
26646.525001
26671.150001
26695.450001
26720.125001
26745.075001
26770.025001
26795.025001
26820.050001
26845.075001
26870.100001
26895.175001
26920.200001
26945.250001
26970.275001
26995.375001
27020.425001
27045.550001
27070.650001
27096.300001
27121.725001
27147.500001
27172.975001
27198.425001
27224.275001
27250.400001
27275.925001
27302.050001
27328.350001
27354.425001
27380.300001
27406.400001
27432.675001
27459.050001
27485.450001
27511.925001
27538.375001
27564.825001
27591.425001
27617.975001
27644.975001
27671.750001
27698.500001
27725.625001
27752.650001
27779.850001
27807.275001
27834.425001
27861.875001
27889.525001
27917.300001
27945.075001
27972.925001
28000.775001
28028.675001
28056.600001
28084.650001
28112.975001
28141.225001
28169.875001
28198.175001
28226.950001
28255.900001
28284.600001
28313.425001
28342.475001
28371.675001
28400.900001
28430.275001
28459.750001
28489.525001
28519.300001
28549.275001
28579.525001
28609.625001
28639.875001
28670.325001
28700.950001
28731.700001
28762.825001
28793.950001
28825.450001
28856.975001
28888.575001
28920.400001
28952.500001
28984.875001
29017.450001
29050.400001
29083.525001
29116.925001
29150.575001
29184.425001
29218.675001
29253.325001
29288.200001
29323.350001
29359.000001
29395.075001
29431.525001
29468.500001
29506.025001
29544.000001
29582.650001
29621.950001
29662.050001
29703.050001
29745.050001
29788.225001
29832.850001
29879.325001
29928.375001
29981.200001
30041.600001
