100.000000
25.000000
1576.275000
1640.525000
1701.075000
1758.300000
1813.500000
1867.150000
1919.350000
1970.525000
2020.850000
2070.600000
2119.800000
2168.800000
2217.500000
2265.325000
2313.150000
2360.500000
2407.750000
2454.425000
2501.075000
2547.100000
2592.900000
2638.600000
2684.275000
2729.725000
2774.725000
2819.400000
2863.800000
2908.150000
2952.425000
2996.625000
3040.675000
3084.525000
3127.900000
3170.875000
3213.825000
3257.000000
3299.725000
3342.300000
3385.075000
3427.350000
3469.400000
3511.550000
3553.350000
3595.525000
3636.900000
3678.900000
3719.875000
3761.100000
3802.275000
3843.000000
3884.100000
3924.750000
3965.100000
4005.550000
4045.850000
4085.850000
4125.850000
4165.875000
4206.000000
4245.825000
4285.550000
4324.900000
4363.925000
4403.000000
4442.100000
4480.925000
4519.725000
4558.300000
4597.050000
4635.750000
4674.525000
4713.275000
4751.875000
4790.325000
4828.900000
4866.950000
4904.900000
4942.825000
4980.400000
5018.300000
5056.100000
5093.400000
5130.575000
5168.175000
5205.450000
5242.550000
5280.075000
5317.675000
5354.225000
5391.350000
5428.475000
5465.025000
5501.850000
5538.500000
5574.825000
5611.250000
5647.175000
5683.550000
5719.400000
5755.600000
5791.500000
5827.525000
5863.475000
5898.950000
5935.050000
5970.500000
6006.650000
6041.675000
6077.125000
6113.075000
6148.275000
6183.725000
6219.075000
6254.025000
6289.100000
6324.300000
6359.050000
6394.350000
6429.300000
6463.675000
6498.250000
6533.050000
6567.925000
6602.375000
6636.175000
6670.600000
6705.075000
6739.925000
6774.075000
6808.100000
6841.800000
6875.800000
6909.675000
6943.175000
6976.900000
7011.000000
7044.825000
7079.000000
7112.525000
7146.000000
7179.900000
7213.525000
7246.950000
7280.275000
7313.575000
7346.900000
7380.200000
7413.500000
7446.800000
7480.125000
7513.400000
7546.650000
7580.025000
7613.225000
7646.175000
7679.200000
7712.225000
7744.625000
7776.550000
7808.550000
7841.425000
7873.825000
7906.725000
7938.775000
7970.625000
8002.650000
8035.175000
8067.875000
8099.600000
8131.400000
8163.625000
8195.800000
8227.625000
8258.550000
8291.200000
8323.400000
8354.525000
8385.950000
8418.000000
8448.750000
8480.350000
8512.375000
8543.025000
8574.700000
8606.625000
8637.300000
8668.975000
8700.475000
8731.025000
8762.975000
8794.000000
8824.875000
8856.650000
8886.525000
8918.100000
8948.450000
8979.925000
9010.825000
9041.475000
9072.200000
9102.600000
9133.300000
9163.625000
9194.300000
9224.725000
9255.300000
9285.750000
9315.900000
9346.850000
9376.450000
9407.225000
9436.675000
9467.950000
9497.200000
9527.650000
9557.900000
9587.450000
9618.000000
9647.175000
9676.700000
9707.125000
9736.075000
9766.450000
9796.100000
9825.100000
9855.375000
9885.150000
9913.900000
9943.250000
9973.525000
10002.600000
10031.775000
10061.350000
10091.250000
10119.850000
10149.700000
10179.450000
10208.200000
10237.400000
10267.775000
10296.925000
10325.950000
10355.700000
10385.525000
10414.000000
10443.300000
10473.525000
10502.575000
10531.650000
10561.200000
10591.150000
10619.800000
10649.600000
10679.550000
10708.225000
10737.450000
10767.825000
10796.925000
10825.975000
10855.675000
10885.500000
10914.000000
10943.300000
10973.525000
11002.575000
11031.650000
11061.200000
11091.150000
11119.800000
11149.600000
11179.550000
11208.225000
11237.450000
11267.825000
11296.925000
11325.975000
11355.675000
11385.500000
11414.000000
11443.300000
11473.525000
11502.575000
11531.650000
11561.200000
11591.150000
11619.800000
11649.600000
11679.550000
11708.225000
11737.450000
11767.825000
11796.925000
11825.975000
11855.675000
11885.500000
11914.000000
11943.300000
11973.525000
12002.575000
12031.650000
12061.200000
12091.150000
12119.800000
12149.600000
12179.550000
12208.225000
12237.450000
12267.825000
12296.925000
12325.975000
12355.675000
12385.500000
12414.000000
12443.300000
12473.525000
12502.575000
12531.650000
12561.200000
12591.150000
12619.800000
12649.600000
12679.550000
12708.225000
12737.450000
12767.825000
12796.925000
12825.975000
12855.675000
12885.500000
12914.000000
12943.300000
12973.525000
13002.575000
13031.650000
13061.200000
13091.150000
13119.800000
13149.600000
13179.550000
13208.225000
13237.450000
13267.825000
13296.925000
13325.975000
13355.675000
13385.500000
13414.000000
13443.300000
13473.525000
13502.575000
13531.650000
13561.200000
13591.150000
13619.800000
13649.600000
13679.550000
13708.225000
13737.450000
13767.825000
13796.925000
13825.975000
13855.675000
13885.500000
13914.000000
13943.300000
13973.525000
14002.575000
14031.650000
14061.200000
14091.150000
14119.800000
14149.600000
14179.550000
14208.225000
14237.450000
14267.825000
14296.925000
14325.975000
14355.675000
14385.500000
14414.000000
14443.300000
14473.525000
14502.575000
14531.650000
14561.200000
14591.150000
14619.800000
14649.600000
14679.550000
14708.225000
14737.450000
14767.825000
14796.925000
14825.975000
14855.675000
14885.500000
14914.000000
14943.300000
14973.525000
15002.575000
15031.650000
15061.200000
15091.150000
15119.800000
15149.600000
15179.550000
15208.225000
15237.450000
15267.825000
15296.925000
15325.975000
15355.675000
15385.500000
15414.000000
15443.300000
15473.525000
15502.575000
15531.650000
15561.200000
15591.150000
15619.800000
15649.600000
15679.550000
15708.225000
15737.450000
15767.825000
15796.925000
15825.975000
15855.675000
15885.500000
15914.000000
15943.300000
15973.525000
16002.575000
16031.650000
16061.200000
16091.150000
16119.800000
16149.600000
16179.550000
16208.225000
16237.450000
16267.825000
16296.925000
16325.975000
16355.675000
16385.500000
16414.000000
16443.300000
16473.525000
16502.575000
16531.650000
16561.200000
16591.150000
16619.800000
16649.600000
16679.550000
16708.225000
16737.450000
16767.825000
16796.925000
16825.975000
16855.675000
16885.500000
16914.000000
16943.300000
16973.525000
17002.575000
17031.650000
17061.200000
17091.150000
17119.800000
17149.600000
17179.550000
17208.225000
17237.450000
17267.825000
17296.925000
17325.975000
17355.675000
17385.500000
17414.000000
17443.300000
17473.525000
17502.575000
17531.650000
17561.200000
17591.150000
17619.800000
17649.600000
17679.550000
17708.225000
17737.450000
17767.825000
17796.925000
17825.975000
17855.675000
17885.500000
17914.000000
17943.300000
17973.525000
18002.575000
18031.650000
18061.200000
18091.150000
18119.800000
18149.600000
18179.550000
18208.225000
18237.450001
18267.825001
18296.925001
18325.975001
18355.675001
18385.500001
18414.000001
18443.300001
18473.525001
18502.575001
18531.650001
18561.200001
18591.150001
18619.800001
18649.600001
18679.550001
18708.225001
18737.450001
18767.825001
18796.925001
18825.975001
18855.675001
18885.500001
18914.000001
18943.300001
18973.525001
19002.575001
19031.650001
19061.200001
19091.150001
19119.800001
19149.600001
19179.550001
19208.225001
19237.450001
19267.825001
19296.925001
19325.975001
19355.675001
19385.500001
19414.000001
19443.300001
19473.525001
19502.575001
19531.650001
19561.200001
19591.150001
19619.800001
19649.600001
19679.550001
19708.225001
19737.450001
19767.825001
19796.925001
19825.975001
19855.675001
19885.500001
19914.000001
19943.300001
19973.525001
20002.575001
20031.650001
20061.200001
20091.150001
20120.000001
20150.175001
20180.100001
20208.875001
20239.500001
20269.225001
20298.475001
20329.050001
20358.125001
20387.500001
20417.975001
20447.125001
20476.525001
20507.025001
20536.100001
20566.675001
20596.850001
20626.325001
20656.975001
20686.125001
20717.375001
20747.150001
20777.700001
20808.000001
20838.150001
20869.125001
20898.900001
20930.125001
20960.450001
20991.450001
21022.050001
21052.550001
21083.275001
21113.675001
21144.625001
21174.925001
21206.600001
21236.325001
21268.025001
21298.450001
21330.050001
21361.125001
21391.675001
21423.475001
21454.100001
21485.700001
21517.725001
21548.400001
21580.150001
21612.125001
21642.950001
21674.700001
21706.775001
21737.550001
21769.250001
21801.300001
21832.775001
21864.000001
21896.525001
21929.100001
21960.775001
21992.600001
22024.775001
22057.050001
22089.025001
22120.725001
22152.700001
22185.475001
22218.075001
22250.875001
22283.250001
22315.225001
22347.275001
22380.225001
22413.200001
22446.000001
22479.125001
22512.200001
22545.300001
22578.800001
22611.850001
22645.500001
22678.925001
22712.225001
22745.600001
22779.050001
22812.400001
22845.750001
22879.225001
22912.650001
22946.075001
22980.000001
23013.575001
23047.050001
23080.425001
23113.800001
23147.300001
23180.750001
23214.700001
23248.575001
23282.800001
23317.725001
23351.775001
23385.850001
23419.750001
23454.100001
23488.625001
23523.425001
23557.925001
23592.475001
23627.425001
23662.450001
23697.000001
23731.700001
23766.825001
23801.900001
23836.525001
23872.025001
23907.375001
23942.575001
23978.575001
24013.700001
24048.825001
24084.750001
24119.975001
24156.400001
24191.800001
24227.825001
24263.600001
24299.650001
24335.775001
24371.975001
24408.050001
24444.425001
24480.425001
24517.500001
24553.925001
24590.825001
24627.575001
24663.850001
24701.175001
24737.600001
24774.725001
24812.225001
24848.825001
24885.950001
24923.550001
24960.925001
24998.275001
25035.850001
25073.675001
25111.550001
25149.425001
25187.375001
25225.125001
25263.500001
25302.025001
25340.700001
25379.375001
25418.025001
25456.850001
25495.725001
25534.675001
25573.625001
25612.825001
25652.150001
25691.500001
25730.550001
25770.050001
25809.625001
25849.350001
25889.725001
25930.000001
25970.000001
26010.275001
26051.075001
26091.450001
26131.825001
26172.750001
26213.600001
26254.425001
26295.725001
26336.625001
26378.500001
26419.825001
26461.750001
26503.600001
26545.800001
26587.550001
26630.050001
26672.550001
26714.925001
26757.825001
26801.025001
26844.025001
26887.150001
26930.425001
26974.075001
27017.975001
27062.000001
27106.325001
27150.875001
27195.550001
27240.250001
27285.150001
27330.225001
27375.275001
27420.625001
27466.375001
27512.400001
27558.275001
27604.600001
27651.325001
27698.025001
27745.450001
27792.725001
27840.475001
27888.300001
27936.375001
27984.975001
28033.750001
28082.850001
28132.200001
28181.850001
28231.850001
28282.200001
28333.075001
28384.475001
28436.025001
28488.050001
28540.825001
28593.900001
28647.450001
28701.625001
28756.475001
28811.925001
28868.050001
28924.750001
28982.150001
29040.550001
29099.725001
29159.875001
29221.100001
29283.650001
29347.575001
29413.200001
29480.675001
29550.275001
29622.650001
29698.625001
29780.225001
30419.950001
30873.175001
31274.525001
31692.825001
32110.525001
32511.375001
32928.450001
33329.625001
33746.600001
34147.175001
34564.225001
34965.000001
