100.000000
4.000000
1365.175000
1440.025000
1511.725000
1580.600000
1647.175000
1712.200000
1775.550000
1837.625000
1898.500000
1958.375000
2017.700000
2075.825000
2133.200000
2189.875000
2245.750000
2300.975000
2355.450000
2409.200000
2462.650000
2515.175000
2567.700000
2619.350000
2670.550000
2721.375000
2771.950000
2822.000000
2871.650000
2920.850000
2969.600000
3018.275000
3066.525000
3114.075000
3161.975000
3209.250000
3256.625000
3303.025000
3349.475000
3395.800000
3441.525000
3487.050000
3532.425000
3577.600000
3622.425000
3667.325000
3712.050000
3756.550000
3800.725000
3844.550000
3887.800000
3930.875000
3974.200000
4017.625000
4060.225000
4102.650000
4145.400000
4187.350000
4229.650000
4271.225000
4313.200000
4354.950000
4396.625000
4437.625000
4479.025000
4519.450000
4560.000000
4600.975000
4641.400000
4681.600000
4721.850000
4762.200000
4802.150000
4841.750000
4881.300000
4920.700000
4959.775000
4998.650000
5037.525000
5076.250000
5115.000000
5153.775000
5192.450000
5230.675000
5269.150000
5307.700000
5345.950000
5384.325000
5422.150000
5459.600000
5497.075000
5534.825000
5572.200000
5609.375000
5646.825000
5684.425000
5720.900000
5757.975000
5795.400000
5831.850000
5868.825000
5905.525000
5941.650000
5978.600000
6014.725000
6051.300000
6087.175000
6123.450000
6159.000000
6195.575000
6230.600000
6266.625000
6302.250000
6337.500000
6373.375000
6408.150000
6443.125000
6478.925000
6513.600000
6548.425000
6583.350000
6618.175000
6652.625000
6687.200000
6721.950000
6756.775000
6791.275000
6825.150000
6859.475000
6893.325000
6927.675000
6962.150000
6995.950000
7030.125000
7063.700000
7097.175000
7130.525000
7163.825000
7197.175000
7230.450000
7263.700000
7297.025000
7330.300000
7363.575000
7396.900000
7430.175000
7463.450000
7496.775000
7530.075000
7563.325000
7596.450000
7629.775000
7662.600000
7695.600000
7727.975000
7760.000000
7792.550000
7824.850000
7857.600000
7890.225000
7922.275000
7954.075000
7985.900000
8018.100000
8050.000000
8081.625000
8113.550000
8145.700000
8176.775000
8208.200000
8240.250000
8271.100000
8302.600000
8334.575000
8365.275000
8396.875000
8428.850000
8459.500000
8491.200000
8522.325000
8552.775000
8584.525000
8614.925000
8646.000000
8676.325000
8707.725000
8738.675000
8769.200000
8799.925000
8830.300000
8860.975000
8891.425000
8921.750000
8952.475000
8982.875000
9013.500000
9043.200000
9073.675000
9103.600000
9134.575000
9163.775000
9194.025000
9224.450000
9254.150000
9284.600000
9313.700000
9343.100000
9373.475000
9402.625000
9431.925000
9462.275000
9491.450000
9520.625000
9550.550000
9580.225000
9609.225000
9638.950000
9668.200000
9697.075000
9726.150000
9755.500000
9784.725000
9813.600000
9842.450000
9871.750000
9901.300000
9930.200000
9958.275000
9987.150000
10015.850000
10045.625000
10074.075000
10102.625000
10130.600000
10159.375000
10187.675000
10216.925000
10245.750000
10274.550000
10302.725000
10330.750000
10359.575000
10387.975000
10417.825000
10446.050000
10474.750000
10502.775000
10531.250000
10560.225000
10590.000000
10618.425000
10647.025000
10675.050000
10703.950000
10732.075000
10761.075000
10790.150000
10818.850000
10847.150000
10875.725000
10904.925000
10934.550000
10963.300000
10991.625000
11020.200000
11048.700000
11077.775000
11106.850000
11135.600000
11163.775000
11192.575000
11220.875000
11249.925000
11279.075000
11307.800000
11336.000000
11364.000000
11392.900000
11420.925000
11450.000000
11479.100000
11507.850000
11536.000000
11564.000000
11592.900000
11620.925000
11650.000000
11679.125000
11707.850000
11736.000000
11764.000000
11792.900000
11820.925000
11850.000000
11879.125000
11907.850000
11936.000000
11964.000000
11992.900000
12020.950000
12050.000000
12079.125000
12107.850000
12136.000000
12164.000000
12192.900000
12220.950000
12250.000000
12279.125000
12307.850000
12336.000000
12364.000000
12392.900000
12420.950000
12450.000000
12479.125000
12507.850000
12536.000000
12564.000000
12592.900000
12620.950000
12650.000000
12679.125000
12707.850000
12736.000000
12764.000000
12792.900000
12820.950000
12850.000000
12879.125000
12907.850000
12936.000000
12964.000000
12992.900000
13020.950000
13050.000000
13079.125000
13107.850000
13136.000000
13164.000000
13192.900000
13220.950000
13250.000000
13279.125000
13307.850000
13336.000000
13364.000000
13392.900000
13420.950000
13450.000000
13479.125000
13507.850000
13536.000000
13564.000000
13592.900000
13620.950000
13650.000000
13679.125000
13707.850000
13736.000000
13764.000000
13792.900000
13820.950000
13850.000000
13879.125000
13907.850000
13936.000000
13964.000000
13992.900000
14020.950000
14050.000000
14079.125000
14107.850000
14136.000000
14164.000000
14192.900000
14220.950000
14250.000000
14279.125000
14307.850000
14336.000000
14364.000000
14392.900000
14420.950000
14450.000000
14479.125000
14507.850000
14536.000000
14564.000000
14592.900000
14620.950000
14650.000000
14679.125000
14707.850000
14736.000000
14764.000000
14792.900000
14820.950000
14850.000000
14879.125000
14907.850000
14936.000000
14964.000000
14992.900000
15020.950000
15050.000000
15079.125000
15107.850000
15136.000000
15164.000000
15192.900000
15220.950000
15250.000000
15279.125000
15307.850000
15336.000000
15364.000000
15392.900000
15420.950000
15450.000000
15479.125000
15507.850000
15536.000000
15564.000000
15592.900000
15620.950000
15650.000000
15679.125000
15707.850000
15736.000000
15764.000000
15792.900000
15820.950000
15850.000000
15879.125000
15907.850000
15936.000000
15964.000000
15992.900000
16020.950000
16050.000000
16079.125000
16107.850000
16136.000000
16164.000000
16192.900000
16220.950000
16250.000000
16279.125000
16307.850000
16336.000000
16364.000000
16392.900000
16420.950000
16450.000000
16479.125000
16507.850000
16536.000000
16564.000000
16592.900000
16620.950000
16650.000000
16679.125000
16707.850000
16736.000000
16764.000000
16792.900000
16820.950000
16850.000000
16879.125000
16907.850000
16936.000000
16964.000000
16992.900000
17020.950000
17050.000000
17079.125000
17107.850000
17136.000000
17164.000000
17192.900000
17220.950000
17250.000000
17279.125000
17307.850000
17336.000000
17364.000000
17392.900000
17420.950000
17450.000000
17479.125000
17507.850000
17536.000000
17564.000000
17592.900000
17620.950000
17650.000000
17679.125000
17707.850000
17736.000000
17764.000000
17792.900000
17820.950000
17850.000000
17879.125000
17907.850000
17936.000000
17964.000000
17992.900000
18020.950000
18050.000000
18079.125000
18107.850000
18136.000000
18164.000000
18192.900000
18220.950000
18250.000001
18279.125001
18307.850001
18336.000001
18364.000001
18392.900001
18420.950001
18450.000001
18479.125001
18507.850001
18536.000001
18564.000001
18592.900001
18620.950001
18650.000001
18679.125001
18707.850001
18736.000001
18764.000001
18792.900001
18820.950001
18850.000001
18879.125001
18907.850001
18936.000001
18964.000001
18992.900001
19020.950001
19050.000001
19079.125001
19107.850001
19136.000001
19164.000001
19192.900001
19220.950001
19250.000001
19279.125001
19307.850001
19336.000001
19364.000001
19392.900001
19420.950001
19450.000001
19479.125001
19507.850001
19536.000001
19564.000001
19592.900001
19620.950001
19650.000001
19679.125001
19707.850001
19736.000001
19764.000001
19792.900001
19820.950001
19850.000001
19879.125001
19907.850001
19936.000001
19964.000001
19992.900001
20020.950001
20050.000001
20079.125001
20107.875001
20136.025001
20164.575001
20193.975001
20223.500001
20252.425001
20280.575001
20309.625001
20338.825001
20368.025001
20396.975001
20425.925001
20455.550001
20484.825001
20513.700001
20542.900001
20572.650001
20602.375001
20631.625001
20661.300001
20691.275001
20720.575001
20751.025001
20780.325001
20809.700001
20840.150001
20869.325001
20898.725001
20929.250001
20958.325001
20988.775001
21019.050001
21048.600001
21079.275001
21108.500001
21139.775001
21169.475001
21200.325001
21230.375001
21261.025001
21291.450001
21322.075001
21352.525001
21383.275001
21413.650001
21444.725001
21474.950001
21506.675001
21536.950001
21568.650001
21599.900001
21630.425001
21662.300001
21692.900001
21724.525001
21756.475001
21787.400001
21819.100001
21851.100001
21881.950001
21913.600001
21945.675001
21976.600001
22008.175001
22040.350001
22072.150001
22103.925001
22135.825001
22168.075001
22200.150001
22231.900001
22263.750001
22296.525001
22329.300001
22362.125001
22394.500001
22426.400001
22458.550001
22491.475001
22524.475001
22557.750001
22591.150001
22624.400001
22657.850001
22691.300001
22724.575001
22757.950001
22791.400001
22824.700001
22858.050001
22891.500001
22924.825001
22958.150001
22991.650001
23025.025001
23058.425001
23092.600001
23126.300001
23160.525001
23195.450001
23229.925001
23263.800001
23298.250001
23332.900001
23367.875001
23402.400001
23436.950001
23472.075001
23506.950001
23541.550001
23576.250001
23611.650001
23646.925001
23681.900001
23717.775001
23752.675001
23788.350001
23824.400001
23859.850001
23895.800001
23931.500001
23967.900001
24003.800001
24040.200001
24076.100001
24112.625001
24148.550001
24185.475001
24222.225001
24258.350001
24295.625001
24332.075001
24369.175001
24406.700001
24443.600001
24480.725001
24518.475001
24556.500001
24594.200001
24631.750001
24669.375001
24707.725001
24745.950001
24784.475001
24823.100001
24861.950001
24900.975001
24939.975001
24979.025001
25017.975001
25057.100001
25096.400001
25135.800001
25175.000001
25214.550001
25254.400001
25294.350001
25334.550001
25374.650001
25414.925001
25455.500001
25496.075001
25536.475001
25577.600001
25618.850001
25660.000001
25701.450001
25742.850001
25784.725001
25826.275001
25868.625001
25910.950001
25953.150001
25995.900001
26038.650001
26081.600001
26124.750001
26168.275001
26212.125001
26256.125001
26300.350001
26344.575001
26388.925001
26433.600001
26478.850001
26524.025001
26569.325001
26614.925001
26660.900001
26707.225001
26753.650001
26800.800001
26847.875001
26895.575001
26942.975001
26991.150001
27039.775001
27088.475001
27137.350001
27186.500001
27236.050001
27286.000001
27336.250001
27387.125001
27438.525001
27490.450001
27542.650001
27595.625001
27648.625001
27702.450001
27756.975001
27812.050001
27867.850001
27924.100001
27980.975001
28038.575001
28097.000001
28156.400001
28216.575001
28277.525001
28339.675001
28402.800001
28467.325001
28533.050001
28600.150001
28669.075001
28739.900001
28812.975001
28888.525001
28967.650001
29051.200001
29142.000001
