1.000000
27.000000
1495.150000
1567.950000
1633.075000
1693.225000
1750.100000
1804.350000
1856.850000
1907.500000
1956.800000
2004.425000
2051.225000
2096.900000
2141.725000
2185.850000
2229.450000
2272.200000
2314.225000
2356.125000
2397.225000
2437.925000
2478.650000
2518.800000
2558.375000
2597.825000
2637.125000
2676.100000
2714.875000
2753.525000
2791.925000
2830.275000
2868.425000
2906.650000
2944.375000
2981.850000
3019.325000
3056.875000
3094.100000
3131.050000
3168.300000
3205.275000
3241.850000
3278.925000
3315.175000
3351.675000
3387.875000
3424.350000
3460.650000
3496.850000
3532.875000
3568.950000
3604.700000
3640.575000
3676.025000
3711.725000
3747.075000
3782.150000
3817.775000
3852.625000
3887.475000
3922.475000
3957.425000
3992.025000
4026.500000
4061.175000
4095.800000
4130.225000
4164.175000
4198.450000
4232.675000
4267.250000
4301.400000
4335.500000
4369.325000
4402.875000
4436.300000
4469.900000
4503.700000
4537.225000
4570.575000
4603.975000
4637.150000
4670.375000
4703.650000
4736.525000
4769.525000
4802.575000
4835.650000
4868.725000
4901.650000
4934.625000
4967.575000
5000.100000
5032.325000
5064.800000
5097.150000
5129.875000
5162.450000
5194.550000
5226.350000
5258.250000
5290.475000
5322.425000
5354.150000
5385.900000
5418.000000
5449.575000
5480.850000
5512.925000
5544.575000
5575.900000
5607.800000
5639.425000
5670.675000
5702.250000
5733.525000
5764.150000
5795.800000
5826.375000
5857.800000
5888.850000
5919.400000
5950.775000
5981.350000
6012.600000
6042.975000
6073.750000
6104.150000
6134.875000
6165.100000
6195.825000
6225.925000
6256.875000
6286.325000
6317.350000
6347.225000
6377.650000
6407.900000
6437.600000
6468.050000
6497.350000
6527.600000
6557.700000
6587.375000
6617.825000
6647.100000
6676.400000
6706.750000
6735.925000
6765.225000
6795.325000
6824.775000
6854.050000
6883.425000
6912.875000
6941.775000
6970.825000
7000.300000
7029.825000
7058.400000
7087.500000
7116.800000
7145.875000
7174.775000
7203.075000
7231.975000
7261.025000
7290.175000
7318.900000
7347.250000
7375.950000
7404.500000
7433.350000
7462.350000
7490.775000
7519.300000
7547.250000
7575.275000
7603.900000
7631.925000
7659.850000
7687.950000
7716.700000
7745.025000
7773.575000
7801.525000
7829.975000
7858.100000
7885.925000
7913.725000
7941.575000
7969.325000
7997.075000
8024.850000
8052.600000
8080.325000
8108.075000
8135.825000
8163.575000
8191.400000
8219.050000
8246.775000
8274.525000
8302.275000
8330.150000
8357.800000
8385.550000
8413.275000
8441.025000
8468.400000
8495.875000
8523.475000
8550.275000
8576.750000
8604.050000
8630.550000
8658.000000
8685.000000
8712.425000
8738.975000
8765.300000
8791.750000
8819.100000
8845.900000
8872.700000
8898.825000
8925.150000
8952.450000
8979.300000
9005.675000
9031.800000
9058.200000
9084.875000
9111.200000
9136.875000
9163.725000
9190.375000
9216.675000
9242.100000
9269.125000
9295.750000
9320.925000
9347.150000
9373.625000
9398.775000
9424.925000
9451.400000
9476.475000
9502.650000
9529.175000
9554.250000
9580.350000
9606.750000
9631.700000
9657.975000
9683.550000
9708.425000
9734.825000
9759.800000
9785.850000
9811.275000
9836.125000
9862.500000
9887.200000
9913.300000
9938.875000
9963.825000
9989.825000
10014.050000
10040.350000
10064.850000
10090.950000
10116.500000
10141.600000
10167.225000
10191.850000
10218.075000
10242.775000
10268.250000
10293.075000
10318.675000
10343.825000
10369.400000
10395.450000
10419.625000
10445.850000
10470.400000
10496.050000
10520.850000
10546.625000
10571.850000
10597.150000
10622.575000
10647.275000
10673.525000
10697.500000
10723.650000
10748.375000
10773.800000
10798.600000
10824.200000
10849.050000
10874.900000
10900.175000
10925.000000
10951.175000
10975.175000
11001.375000
11025.825000
11051.650000
11076.450000
11102.300000
11127.400000
11152.725000
11178.200000
11202.875000
11229.200000
11253.525000
11279.900000
11305.425000
11330.450000
11355.725000
11380.525000
11406.575000
11430.675000
11456.975000
11480.875000
11507.100000
11531.875000
11557.600000
11582.925000
11608.225000
11633.525000
11658.300000
11684.400000
11708.425000
11734.725000
11758.600000
11784.825000
11809.500000
11835.150000
11859.900000
11885.825000
11911.000000
11935.975000
11961.250000
11986.050000
12011.675000
12036.225000
12062.525000
12086.500000
12112.700000
12137.475000
12163.350000
12188.675000
12213.750000
12239.025000
12263.825000
12289.450000
12314.000000
12340.325000
12364.225000
12390.425000
12415.175000
12440.975000
12466.450000
12491.600000
12517.200000
12541.825000
12568.050000
12592.700000
12618.250000
12643.075000
12668.750000
12694.050000
12719.375000
12744.925000
12769.575000
12795.825000
12820.150000
12846.100000
12870.900000
12896.750000
12921.725000
12947.175000
12972.975000
12997.450000
13023.650000
13048.375000
13073.800000
13098.600000
13124.200000
13149.075000
13174.900000
13200.225000
13225.000000
13251.225000
13275.175000
13301.400000
13325.925000
13351.625000
13376.425000
13402.200000
13427.450000
13452.700000
13478.100000
13502.850000
13529.150000
13553.100000
13579.325000
13604.150000
13629.975000
13655.400000
13680.425000
13705.725000
13730.525000
13756.475000
13780.700000
13806.975000
13831.000000
13857.225000
13882.000000
13907.925000
13933.125000
13958.200000
13983.450000
14008.275000
14033.850000
14058.425000
14084.725000
14108.625000
14134.850000
14159.550000
14185.225000
14210.000000
14235.875000
14261.075000
14286.000000
14311.275000
14336.075000
14362.050000
14386.225000
14412.525000
14436.450000
14462.675000
14487.425000
14513.225000
14538.600000
14563.750000
14589.025000
14613.825000
14639.575000
14664.025000
14690.350000
14714.450000
14740.850000
14766.100000
14791.625000
14817.825000
14841.850000
14868.050000
14892.700000
14918.250000
14943.075000
14968.750000
14994.050000
15019.375000
15044.875000
15069.550000
15095.800000
15119.925000
15145.975000
15170.800000
15196.225000
15220.975000
15246.925000
15271.700000
15297.175000
15322.950000
15347.450000
15373.650000
15398.375000
15423.800000
15448.600000
15474.200000
15499.075000
15524.900000
15550.200000
15575.000000
15601.225000
15625.175000
15651.400000
15675.900000
15701.625000
15726.425000
15752.225000
15777.450000
15802.700000
15828.100000
15852.850000
15879.150000
15903.100000
15929.325000
15954.150000
15979.950000
16005.400000
16030.425000
16055.725000
16080.525000
16106.475000
16130.700000
16156.975000
16181.025000
16207.225000
16232.025000
16257.950000
16283.125000
16308.200000
16333.450000
16358.275000
16383.850000
16408.425000
16434.725000
16458.600000
16484.850000
16509.550000
16535.200000
16559.975000
16585.875000
16611.075000
16636.000000
16661.275000
16686.075000
16712.000000
16736.250000
16762.550000
16786.525000
16812.750000
16837.525000
16863.450000
16888.650000
16913.750000
16939.025000
16963.825000
16989.425000
17013.975000
17040.300000
17064.175000
17090.400000
17115.100000
17140.825000
17165.725000
17191.575000
17217.025000
17241.750000
17268.000000
17292.100000
17318.175000
17343.000000
17368.400000
17393.150000
17419.100000
17443.900000
17469.400000
17495.275000
17519.675000
17545.875000
17570.575000
17596.025000
17620.825000
17646.400000
17671.250000
17697.100000
17722.350000
17747.200000
17773.325000
17797.375000
17823.600000
17848.000000
17873.875000
17898.675000
17924.550000
17949.450000
17974.950000
18000.900000
18025.200000
18051.400000
18076.075000
18101.575000
18126.375000
18151.975000
18176.800000
18202.650000
18227.900001
18252.750001
18278.925001
18302.925001
18329.225001
18353.825001
18379.625001
18404.425001
18430.325001
18455.550001
18480.450001
18505.775001
18530.550001
18556.725001
18580.675001
18606.950001
18630.825001
18657.075001
18681.775001
18707.425001
18732.175001
18758.075001
18783.275001
18808.225001
18833.500001
18858.300001
18884.125001
18908.475001
18934.775001
18958.875001
18985.250001
19010.175001
19035.950001
19061.225001
19086.050001
19111.550001
19136.175001
19162.475001
19186.325001
19212.600001
19237.150001
19263.000001
19287.775001
19313.650001
19338.875001
19363.775001
19389.075001
19413.850001
19439.900001
19464.000001
19490.300001
19514.200001
19540.425001
19565.150001
19590.875001
19616.150001
19641.625001
19667.800001
19691.850001
19718.050001
19742.675001
19768.250001
19793.075001
19818.775001
19844.100001
19869.375001
19894.800001
19919.500001
19945.750001
19969.725001
19995.875001
20020.600001
20046.025001
20070.825001
20096.400001
20121.475001
20147.175001
20173.425001
20197.500001
20223.700001
20248.575001
20274.550001
20300.075001
20325.025001
20351.350001
20376.275001
20402.300001
20428.075001
20452.975001
20479.475001
20505.250001
20530.525001
20557.000001
20582.050001
20608.150001
20634.625001
20659.700001
20685.900001
20712.425001
20737.525001
20763.725001
20790.275001
20815.475001
20841.650001
20868.150001
20894.175001
20919.650001
20946.675001
20973.575001
20998.925001
21025.075001
21052.050001
21079.225001
21105.550001
21131.150001
21158.200001
21185.000001
21212.200001
21238.375001
21264.925001
21291.650001
21318.675001
21345.900001
21373.100001
21399.875001
21426.300001
21452.800001
21480.250001
21507.250001
21534.725001
21561.575001
21588.875001
21615.400001
21642.375001
21669.500001
21697.050001
21724.525001
21752.000001
21780.025001
21807.775001
21835.600001
21863.425001
21891.325001
21918.975001
21946.825001
21974.625001
22002.425001
22030.250001
22058.025001
22085.825001
22113.625001
22141.500001
22169.250001
22197.050001
22224.850001
22252.650001
22280.425001
22308.225001
22336.025001
22363.825001
22391.725001
22419.550001
22447.425001
22475.675001
22504.200001
22532.175001
22560.900001
22589.325001
22618.100001
22646.750001
22674.975001
22703.150001
22731.875001
22760.525001
22790.075001
22818.700001
22847.250001
22876.100001
22905.175001
22934.600001
22963.500001
22991.975001
23020.875001
23050.175001
23079.500001
23108.250001
23137.375001
23166.850001
23196.050001
23225.000001
23254.275001
23284.325001
23313.650001
23342.950001
23372.925001
23402.600001
23431.925001
23462.250001
23491.600001
23520.925001
23551.325001
23580.550001
23610.750001
23641.150001
23670.825001
23701.325001
23730.675001
23761.150001
23791.450001
23821.275001
23852.200001
23882.475001
23913.475001
23943.875001
23974.750001
24005.425001
24035.875001
24066.725001
24097.125001
24128.125001
24158.425001
24190.025001
24220.575001
24251.675001
24282.700001
24313.775001
24345.550001
24376.275001
24407.875001
24439.325001
24470.625001
24502.325001
24534.275001
24565.425001
24597.075001
24629.125001
24660.725001
24692.500001
24724.675001
24756.875001
24788.725001
24820.550001
24852.625001
24884.900001
24917.550001
24949.825001
24981.875001
25013.900001
25046.750001
25079.525001
25112.400001
25145.275001
25178.100001
25210.950001
25243.450001
25276.325001
25309.300001
25342.425001
25375.600001
25408.650001
25441.875001
25475.050001
25508.300001
25541.700001
25575.050001
25608.400001
25642.050001
25675.925001
25709.700001
25743.475001
25777.725001
25812.075001
25846.200001
25880.400001
25914.525001
25948.925001
25983.550001
26018.175001
26052.650001
26087.300001
26122.175001
26157.100001
26191.800001
26226.700001
26262.300001
26297.175001
26332.525001
26368.200001
26403.675001
26439.625001
26475.125001
26511.050001
26546.925001
26583.000001
26619.150001
26655.400001
26691.575001
26728.000001
26764.175001
26801.150001
26837.550001
26874.550001
26911.600001
26948.525001
26985.750001
27023.300001
27060.625001
27098.175001
27135.850001
27173.650001
27211.500001
27249.575001
27287.550001
27325.800001
27364.025001
27402.575001
27441.325001
27480.175001
27519.150001
27558.150001
27597.225001
27636.400001
27675.950001
27715.550001
27755.450001
27795.575001
27835.700001
27876.025001
27916.625001
27957.325001
27998.150001
28039.300001
28080.475001
28121.950001
28163.575001
28205.475001
28247.400001
28289.900001
28332.375001
28375.100001
28418.225001
28461.525001
28505.175001
28548.950001
28593.050001
28637.450001
28682.150001
28727.275001
28772.875001
28818.825001
28865.025001
28911.700001
28958.700001
29006.350001
29054.300001
29102.775001
29151.875001
29201.575001
29251.925001
29302.925001
29354.800001
29407.675001
29461.625001
29516.825001
29573.600001
29632.225001
29693.075001
29756.450001
29822.575001
29891.700001
29964.250001
30040.825001
30121.550001
30203.825001
30287.725001
30373.150001
30460.275001
30549.575001
30641.900001
30739.075001
30938.925001
31030.350001
31256.250001
31348.225001
31578.375001
31670.175001
31899.675001
31991.675001
32237.675001
32328.850001
32556.250001
32648.550001
32895.075001
32986.450001
33232.025001
33323.325001
33569.325001
33660.550001
33907.075001
33998.225001
34228.525001
34320.650001
34567.250001
34658.675001
34904.275001
34995.650001
