10.000000
35.000000
1966.075000
2039.100000
2107.125000
2169.350000
2227.175000
2281.875000
2334.125000
2384.425000
2432.700000
2480.025000
2525.800000
2570.550000
2614.075000
2657.175000
2699.025000
2740.650000
2781.350000
2821.750000
2861.725000
2901.275000
2940.300000
2979.100000
3017.650000
3055.650000
3093.250000
3130.675000
3168.275000
3205.525000
3242.550000
3279.800000
3316.700000
3353.000000
3389.875000
3426.075000
3462.500000
3498.375000
3534.600000
3570.225000
3606.450000
3641.825000
3677.475000
3713.000000
3748.275000
3783.500000
3818.750000
3853.850000
3888.775000
3923.625000
3958.150000
3992.750000
4027.300000
4062.200000
4096.525000
4130.600000
4164.725000
4198.700000
4232.875000
4267.075000
4301.225000
4334.925000
4368.700000
4402.500000
4435.925000
4469.300000
4502.625000
4535.875000
4569.175000
4602.425000
4635.675000
4668.900000
4702.075000
4735.250000
4768.200000
4801.225000
4833.750000
4866.575000
4898.625000
4930.725000
4963.500000
4995.925000
5028.400000
5060.725000
5092.800000
5124.850000
5157.025000
5188.875000
5220.575000
5252.525000
5284.600000
5316.075000
5347.500000
5379.525000
5411.050000
5442.175000
5473.900000
5505.425000
5536.150000
5567.975000
5598.600000
5630.125000
5661.175000
5691.800000
5723.375000
5753.975000
5784.925000
5815.350000
5846.300000
5876.675000
5907.850000
5938.525000
5969.200000
5999.600000
6030.275000
6060.550000
6091.375000
6121.075000
6151.600000
6181.575000
6212.325000
6241.775000
6272.050000
6302.175000
6331.950000
6362.375000
6391.700000
6421.100000
6451.400000
6480.550000
6509.950000
6540.225000
6569.375000
6598.575000
6628.725000
6658.075000
6687.200000
6716.800000
6746.025000
6774.975000
6804.150000
6833.350000
6862.625000
6891.575000
6920.350000
6949.475000
6979.175000
7008.025000
7036.200000
7065.100000
7093.525000
7123.200000
7151.800000
7180.450000
7208.450000
7237.000000
7265.475000
7294.250000
7323.175000
7351.550000
7380.225000
7408.225000
7436.100000
7463.950000
7491.950000
7520.025000
7548.450000
7576.325000
7604.225000
7631.975000
7659.725000
7687.475000
7715.200000
7742.950000
7770.600000
7798.225000
7825.925000
7853.775000
7880.900000
7908.400000
7936.050000
7963.725000
7991.500000
8019.150000
8046.800000
8074.525000
8102.250000
8130.150000
8157.775000
8185.500000
8213.225000
8240.975000
8268.375000
8295.900000
8323.475000
8350.225000
8376.625000
8403.775000
8430.550000
8458.000000
8485.000000
8512.450000
8538.950000
8565.275000
8591.750000
8619.050000
8645.925000
8672.625000
8698.750000
8725.100000
8752.300000
8779.300000
8805.700000
8831.775000
8858.200000
8884.875000
8911.200000
8936.625000
8963.700000
8990.375000
9016.525000
9041.900000
9068.725000
9095.750000
9120.925000
9147.150000
9173.650000
9198.775000
9224.950000
9251.400000
9276.475000
9302.675000
9329.175000
9354.250000
9380.375000
9406.675000
9431.525000
9458.025000
9483.575000
9508.450000
9534.850000
9559.825000
9585.875000
9611.275000
9636.150000
9662.525000
9687.025000
9713.400000
9738.875000
9763.825000
9789.575000
9814.075000
9840.400000
9864.950000
9890.775000
9915.525000
9941.500000
9966.450000
9991.600000
10016.700000
10041.625000
10066.725000
10091.600000
10116.650000
10141.600000
10166.550000
10191.575000
10216.350000
10241.575000
10266.450000
10291.575000
10316.275000
10341.575000
10366.575000
10391.575000
10416.350000
10441.575000
10466.425000
10491.575000
10516.300000
10541.575000
10566.525000
10591.575000
10616.300000
10641.575000
10666.550000
10691.575000
10716.325000
10741.575000
10766.475000
10791.575000
10816.275000
10841.575000
10866.575000
10891.575000
10916.375000
10941.575000
10966.400000
10991.575000
11016.350000
11041.575000
11066.450000
11091.575000
11116.300000
11141.575000
11166.525000
11191.575000
11216.325000
11241.575000
11266.500000
11291.575000
11316.275000
11341.575000
11366.550000
11391.575000
11416.350000
11441.575000
11466.450000
11491.575000
11516.275000
11541.575000
11566.550000
11591.575000
11616.350000
11641.575000
11666.450000
11691.575000
11716.275000
11741.575000
11766.550000
11791.575000
11816.350000
11841.575000
11866.475000
11891.575000
11916.275000
11941.575000
11966.575000
11991.575000
12016.350000
12041.575000
12066.425000
12091.575000
12116.325000
12141.575000
12166.500000
12191.575000
12216.275000
12241.575000
12266.550000
12291.575000
12316.350000
12341.575000
12366.450000
12391.575000
12416.300000
12441.575000
12466.550000
12491.575000
12516.325000
12541.575000
12566.500000
12591.575000
12616.275000
12641.575000
12666.575000
12691.575000
12716.375000
12741.575000
12766.400000
12791.575000
12816.350000
12841.575000
12866.475000
12891.575000
12916.275000
12941.575000
12966.575000
12991.575000
13016.375000
13041.575000
13066.425000
13091.575000
13116.325000
13141.575000
13166.500000
13191.575000
13216.275000
13241.575000
13266.575000
13291.575000
13316.350000
13341.575000
13366.425000
13391.575000
13416.325000
13441.575000
13466.500000
13491.575000
13516.275000
13541.575000
13566.550000
13591.575000
13616.350000
13641.575000
13666.450000
13691.575000
13716.300000
13741.575000
13766.550000
13791.575000
13816.325000
13841.575000
13866.500000
13891.575000
13916.275000
13941.575000
13966.550000
13991.575000
14016.350000
14041.575000
14066.450000
14091.575000
14116.300000
14141.575000
14166.550000
14191.575000
14216.350000
14241.575000
14266.475000
14291.575000
14316.275000
14341.575000
14366.575000
14391.575000
14416.375000
14441.575000
14466.425000
14491.575000
14516.325000
14541.575000
14566.500000
14591.575000
14616.275000
14641.575000
14666.575000
14691.575000
14716.375000
14741.575000
14766.400000
14791.575000
14816.350000
14841.575000
14866.450000
14891.575000
14916.275000
14941.575000
14966.575000
14991.575000
15016.350000
15041.575000
15066.425000
15091.575000
15116.300000
15141.575000
15166.525000
15191.575000
15216.300000
15241.575000
15266.550000
15291.575000
15316.325000
15341.575000
15366.500000
15391.575000
15416.275000
15441.575000
15466.575000
15491.575000
15516.375000
15541.575000
15566.425000
15591.575000
15616.325000
15641.575000
15666.500000
15691.575000
15716.275000
15741.575000
15766.575000
15791.575000
15816.375000
15841.575000
15866.400000
15891.575000
15916.350000
15941.575000
15966.450000
15991.575000
16016.275000
16041.575000
16066.550000
16091.575000
16116.350000
16141.575000
16166.425000
16191.575000
16216.300000
16241.575000
16266.525000
16291.575000
16316.300000
16341.575000
16366.525000
16391.575000
16416.300000
16441.575000
16466.550000
16491.575000
16516.325000
16541.575000
16566.475000
16591.575000
16616.275000
16641.575000
16666.575000
16691.575000
16716.375000
16741.575000
16766.400000
16791.575000
16816.350000
16841.575000
16866.450000
16891.575000
16916.300000
16941.575000
16966.550000
16991.575000
17016.325000
17041.575000
17066.500000
17091.575000
17116.275000
17141.575000
17166.550000
17191.575000
17216.350000
17241.575000
17266.450000
17291.575000
17316.300000
17341.575000
17366.550000
17391.575000
17416.325000
17441.575000
17466.475000
17491.575000
17516.275000
17541.575000
17566.575000
17591.575000
17616.375000
17641.575000
17666.400000
17691.575000
17716.350000
17741.575000
17766.450000
17791.575000
17816.275000
17841.575000
17866.550000
17891.575000
17916.350000
17941.575000
17966.450000
17991.575000
18016.275000
18041.575000
18066.575000
18091.575000
18116.350000
18141.575000
18166.425000
18191.575000
18216.300000
18241.575001
18266.525001
18291.575001
18316.300001
18341.575001
18366.550001
18391.575001
18416.325001
18441.575001
18466.475001
18491.575001
18516.275001
18541.575001
18566.575001
18591.575001
18616.375001
18641.575001
18666.400001
18691.575001
18716.350001
18741.575001
18766.450001
18791.575001
18816.300001
18841.575001
18866.550001
18891.575001
18916.325001
18941.575001
18966.500001
18991.575001
19016.275001
19041.575001
19066.575001
19091.575001
19116.350001
19141.575001
19166.425001
19191.575001
19216.300001
19241.575001
19266.525001
19291.575001
19316.300001
19341.575001
19366.525001
19391.575001
19416.300001
19441.575001
19466.550001
19491.575001
19516.325001
19541.575001
19566.500001
19591.575001
19616.275001
19641.575001
19666.575001
19691.575001
19716.375001
19741.575001
19766.425001
19791.575001
19816.325001
19841.575001
19866.500001
19891.575001
19916.275001
19941.575001
19966.575001
19991.575001
20016.350001
20041.575001
20066.425001
20091.575001
20116.475001
20141.575001
20166.675001
20191.625001
20216.850001
20241.675001
20267.825001
20291.850001
20318.075001
20342.750001
20368.300001
20393.150001
20419.150001
20444.400001
20469.450001
20495.725001
20520.175001
20546.600001
20572.425001
20597.350001
20623.700001
20648.650001
20674.775001
20700.725001
20726.250001
20752.475001
20778.750001
20804.125001
20830.325001
20856.675001
20881.825001
20908.100001
20934.600001
20959.725001
20985.950001
21012.500001
21037.675001
21063.825001
21090.425001
21116.625001
21141.975001
21169.050001
21195.825001
21221.125001
21247.325001
21274.225001
21301.400001
21327.525001
21353.650001
21380.450001
21407.250001
21434.475001
21460.550001
21487.125001
21513.825001
21541.150001
21568.150001
21595.425001
21622.025001
21648.525001
21675.025001
21702.475001
21729.650001
21757.050001
21784.525001
21811.225001
21837.725001
21864.475001
21891.800001
21919.325001
21946.825001
21974.225001
22001.925001
22029.975001
22057.800001
22085.675001
22113.475001
22141.350001
22169.025001
22196.850001
22224.675001
22252.475001
22280.300001
22308.075001
22335.875001
22363.675001
22391.550001
22419.300001
22447.100001
22474.900001
22502.725001
22530.500001
22558.300001
22586.100001
22613.900001
22641.825001
22669.725001
22698.150001
22726.375001
22754.550001
22783.275001
22812.100001
22840.575001
22869.225001
22897.250001
22925.600001
22954.375001
22983.325001
23012.425001
23041.300001
23069.525001
23098.375001
23126.950001
23156.825001
23185.750001
23214.025001
23243.075001
23272.350001
23301.550001
23330.475001
23359.550001
23388.925001
23418.250001
23447.250001
23476.400001
23506.500001
23535.900001
23565.175001
23595.300001
23624.850001
23654.275001
23684.600001
23713.800001
23743.275001
23773.625001
23802.950001
23833.250001
23863.450001
23893.125001
23923.650001
23953.325001
23984.475001
24013.950001
24044.600001
24074.875001
24105.425001
24135.850001
24166.550001
24197.025001
24227.675001
24258.175001
24288.950001
24319.425001
24350.775001
24381.525001
24412.825001
24443.600001
24474.900001
24506.500001
24537.375001
24568.925001
24600.475001
24631.750001
24663.450001
24695.400001
24726.450001
24758.150001
24790.175001
24821.500001
24853.325001
24885.700001
24917.975001
24949.800001
24981.625001
25013.700001
25045.975001
25078.500001
25110.925001
25143.000001
25175.100001
25207.950001
25240.650001
25273.550001
25306.500001
25339.200001
25372.125001
25405.025001
25437.900001
25470.850001
25504.025001
25537.050001
25570.400001
25603.850001
25637.175001
25670.600001
25704.100001
25737.525001
25771.000001
25805.025001
25839.000001
25873.325001
25907.375001
25941.550001
25975.500001
26009.800001
26044.350001
26079.075001
26113.550001
26148.125001
26183.075001
26218.050001
26252.725001
26287.550001
26323.075001
26358.175001
26393.250001
26429.075001
26464.050001
26499.875001
26535.650001
26571.325001
26607.625001
26643.600001
26680.125001
26716.500001
26752.675001
26789.175001
26825.650001
26862.650001
26899.400001
26936.225001
26973.550001
27010.725001
27048.000001
27085.725001
27123.500001
27161.125001
27198.725001
27236.600001
27274.875001
27313.325001
27351.925001
27390.750001
27429.725001
27468.850001
27508.025001
27547.175001
27586.425001
27626.075001
27665.900001
27706.150001
27746.525001
27786.925001
27827.675001
27868.550001
27909.575001
27951.050001
27992.500001
28034.525001
28076.325001
28118.775001
28161.400001
28204.200001
28247.250001
28290.900001
28334.850001
28379.150001
28423.700001
28468.750001
28514.050001
28559.825001
28606.350001
28653.150001
28700.750001
28748.675001
28797.250001
28846.650001
28896.775001
28947.525001
28999.100001
29051.825001
29105.525001
29160.425001
29216.950001
29275.175001
29335.875001
29399.800001
29468.725001
29545.625001
