300.000000
1.000000
4788.925000
4835.650000
4880.525000
4925.100000
4969.325000
5013.525000
5057.875000
5102.275000
5146.650000
5191.050000
5235.075000
5277.000000
5319.025000
5360.825000
5402.300000
5442.800000
5484.700000
5524.650000
5563.900000
5603.625000
5642.925000
5682.150000
5721.250000
5760.675000
5800.025000
5839.700000
5879.600000
5918.775000
5957.675000
5996.550000
6035.375000
6074.150000
6112.500000
6150.150000
6186.125000
6224.200000
6262.025000
6298.150000
6335.425000
6372.275000
6407.875000
6444.700000
6480.100000
6516.375000
6552.200000
6587.300000
6623.400000
6657.900000
6692.700000
6728.800000
6763.350000
6797.775000
6832.900000
6868.450000
6902.325000
6935.800000
6969.225000
7002.525000
7035.750000
7069.075000
7102.375000
7135.625000
7168.975000
7202.275000
7235.550000
7268.900000
7302.200000
7335.500000
7368.825000
7402.150000
7435.425000
7468.775000
7502.075000
7535.375000
7568.725000
7602.025000
7635.300000
7668.525000
7701.225000
7734.175000
7766.650000
7798.050000
7829.950000
7862.625000
7895.175000
7926.200000
7957.700000
7990.000000
8020.700000
8052.150000
8084.325000
8114.925000
8146.525000
8178.675000
8209.100000
8240.925000
8272.275000
8302.300000
8334.150000
8363.600000
8395.275000
8424.700000
8456.250000
8485.675000
8516.700000
8546.625000
8576.600000
8607.525000
8637.125000
8667.750000
8696.775000
8726.200000
8756.675000
8785.575000
8814.975000
8845.375000
8874.450000
8903.750000
8934.200000
8963.250000
8992.300000
9022.300000
9052.025000
9080.175000
9108.225000
9136.950000
9166.550000
9195.800000
9224.375000
9252.400000
9280.225000
9307.975000
9335.725000
9363.475000
9391.325000
9419.050000
9446.800000
9474.550000
9502.325000
9530.050000
9557.800000
9585.575000
9613.325000
9641.150000
9668.900000
9696.675000
9724.425000
9752.200000
9779.950000
9807.700000
9835.475000
9863.225000
9891.050000
9918.800000
9946.575000
9974.350000
10002.100000
10029.850000
10057.625000
10085.400000
10113.150000
10140.975000
10168.750000
10196.525000
10224.300000
10252.075000
10279.850000
10307.600000
10335.375000
10363.150000
10390.975000
10418.750000
10446.525000
10474.300000
10502.075000
10529.850000
10557.600000
10585.375000
10613.150000
10640.975000
10668.750000
10696.525000
10724.300000
10752.075000
10779.850000
10807.600000
10835.375000
10863.150000
10890.975000
10918.750000
10946.525000
10974.300000
11002.075000
11029.850000
11057.600000
11085.375000
11113.150000
11140.975000
11168.750000
11196.525000
11224.300000
11252.075000
11279.850000
11307.600000
11335.375000
11363.150000
11390.975000
11418.750000
11446.525000
11474.300000
11502.075000
11529.850000
11557.600000
11585.375000
11613.150000
11640.975000
11668.750000
11696.525000
11724.300000
11752.075000
11779.850000
11807.600000
11835.375000
11863.150000
11890.975000
11918.750000
11946.525000
11974.300000
12002.075000
12029.850000
12057.600000
12085.375000
12113.150000
12140.975000
12168.750000
12196.525000
12224.300000
12252.075000
12279.850000
12307.600000
12335.375000
12363.150000
12390.975000
12418.750000
12446.525000
12474.300000
12502.075000
12529.850000
12557.600000
12585.375000
12613.150000
12640.975000
12668.750000
12696.525000
12724.300000
12752.075000
12779.850000
12807.600000
12835.375000
12863.150000
12890.975000
12918.750000
12946.525000
12974.300000
13002.075000
13029.850000
13057.600000
13085.375000
13113.150000
13140.975000
13168.750000
13196.525000
13224.300000
13252.075000
13279.850000
13307.600000
13335.375000
13363.150000
13390.975000
13418.750000
13446.525000
13474.300000
13502.075000
13529.850000
13557.600000
13585.375000
13613.150000
13640.975000
13668.750000
13696.525000
13724.300000
13752.075000
13779.850000
13807.600000
13835.375000
13863.150000
13890.975000
13918.750000
13946.525000
13974.300000
14002.075000
14029.850000
14057.600000
14085.375000
14113.150000
14140.975000
14168.750000
14196.525000
14224.300000
14252.075000
14279.850000
14307.600000
14335.375000
14363.150000
14390.975000
14418.750000
14446.525000
14474.300000
14502.075000
14529.850000
14557.600000
14585.375000
14613.150000
14640.975000
14668.750000
14696.525000
14724.300000
14752.075000
14779.850000
14807.600000
14835.375000
14863.150000
14890.975000
14918.750000
14946.525000
14974.300000
15002.075000
15029.850000
15057.600000
15085.375000
15113.150000
15140.975000
15168.750000
15196.525000
15224.300000
15252.075000
15279.850000
15307.600000
15335.375000
15363.150000
15390.975000
15418.750000
15446.525000
15474.300000
15502.075000
15529.850000
15557.600000
15585.375000
15613.150000
15640.975000
15668.750000
15696.525000
15724.300000
15752.075000
15779.850000
15807.600000
15835.375000
15863.150000
15890.975000
15918.750000
15946.525000
15974.300000
16002.075000
16029.850000
16057.600000
16085.375000
16113.150000
16140.975000
16168.750000
16196.525000
16224.300000
16252.075000
16279.850000
16307.600000
16335.375000
16363.150000
16390.975000
16418.750000
16446.525000
16474.300000
16502.075000
16529.850000
16557.600000
16585.375000
16613.150000
16640.975000
16668.750000
16696.525000
16724.300000
16752.075000
16779.850000
16807.600000
16835.375000
16863.150000
16890.975000
16918.750000
16946.525000
16974.300000
17002.075000
17029.850000
17057.600000
17085.375000
17113.150000
17140.975000
17168.750000
17196.525000
17224.300000
17252.075000
17279.850000
17307.600000
17335.375000
17363.150000
17390.975000
17418.750000
17446.525000
17474.300000
17502.075000
17529.850000
17557.600000
17585.375000
17613.150000
17640.975000
17668.750000
17696.525000
17724.300000
17752.075000
17779.850000
17807.600000
17835.375000
17863.150000
17890.975000
17918.750000
17946.525000
17974.300000
18002.075000
18029.850000
18057.600000
18085.375000
18113.150000
18140.975000
18168.750000
18196.525000
18224.300000
18252.075001
18279.850001
18307.600001
18335.375001
18363.150001
18390.975001
18418.750001
18446.525001
18474.300001
18502.075001
18529.850001
18557.600001
18585.375001
18613.150001
18640.975001
18668.750001
18696.525001
18724.300001
18752.075001
18779.850001
18807.600001
18835.375001
18863.150001
18890.975001
18918.750001
18946.525001
18974.300001
19002.075001
19029.850001
19057.600001
19085.375001
19113.150001
19140.975001
19168.750001
19196.525001
19224.300001
19252.075001
19279.850001
19307.600001
19335.375001
19363.150001
19390.975001
19418.750001
19446.525001
19474.300001
19502.075001
19529.850001
19557.600001
19585.375001
19613.150001
19640.975001
19668.750001
19696.525001
19724.300001
19752.075001
19779.850001
19807.600001
19835.375001
19863.150001
19890.975001
19918.750001
19946.525001
19974.300001
20002.075001
20029.850001
20057.600001
20085.375001
20113.150001
20141.000001
20168.775001
20196.550001
20224.350001
20252.125001
20279.900001
20307.675001
20335.450001
20363.250001
20391.075001
20418.850001
20446.650001
20474.425001
20502.225001
20529.975001
20557.775001
20585.550001
20613.350001
20641.200001
20668.975001
20696.775001
20724.550001
20752.350001
20780.125001
20807.900001
20835.700001
20863.500001
20891.400001
20919.225001
20947.050001
20975.000001
21003.700001
21033.100001
21062.975001
21091.250001
21120.075001
21149.925001
21179.775001
21208.000001
21237.125001
21267.550001
21296.650001
21325.925001
21356.525001
21385.550001
21415.000001
21445.475001
21474.525001
21504.950001
21535.400001
21565.050001
21595.650001
21624.700001
21655.375001
21685.475001
21716.425001
21746.625001
21777.625001
21807.750001
21839.300001
21869.100001
21900.875001
21930.600001
21962.250001
21992.650001
22024.300001
22056.475001
22087.125001
22118.775001
22150.975001
22181.875001
22213.275001
22245.575001
22277.400001
22308.025001
22340.900001
22373.375001
22406.200001
22438.550001
22470.250001
22502.250001
22535.375001
22568.700001
22602.025001
22635.350001
22668.750001
22702.100001
22735.425001
22768.800001
22802.150001
22835.475001
22868.875001
22902.225001
22935.550001
22968.925001
23002.300001
23035.625001
23069.025001
23102.400001
23135.725001
23169.150001
23202.575001
23235.925001
23270.075001
23305.175001
23340.925001
23374.825001
23409.375001
23445.400001
23480.075001
23515.050001
23551.200001
23585.775001
23621.850001
23657.750001
23694.150001
23730.050001
23767.550001
23803.650001
23841.050001
23878.875001
23915.150001
23952.250001
23990.825001
24029.400001
24067.800001
24106.550001
24145.450001
24184.500001
24223.575001
24263.125001
24302.225001
24341.225001
24380.125001
24419.100001
24458.000001
24497.075001
24536.125001
24575.950001
24617.750001
24657.975001
24698.450001
24741.050001
24782.925001
24824.650001
24868.600001
24912.650001
24957.000001
25001.925001
25046.700001
25091.300001
25135.775001
25180.350001
25225.500001
25271.550001
25319.100001
25368.075001
25415.600001
25463.875001
25513.700001
25564.025001
25615.275001
25670.175001
25726.300001
