2.000000
12.000000
3696.600000
3747.025000
3798.025000
3848.125000
3897.175000
3945.350000
3992.575000
4038.550000
4084.175000
4128.750000
4172.875000
4215.150000
4256.850000
4298.075000
4339.600000
4380.025000
4420.175000
4459.250000
4498.025000
4536.750000
4574.575000
4611.975000
4648.275000
4684.475000
4720.325000
4756.400000
4792.375000
4827.875000
4862.175000
4896.700000
4931.275000
4964.850000
4998.125000
5031.425000
5064.675000
5097.925000
5130.300000
5162.175000
5194.775000
5226.025000
5257.750000
5289.625000
5320.400000
5351.000000
5381.525000
5412.000000
5442.450000
5472.975000
5503.525000
5534.025000
5563.525000
5592.600000
5622.800000
5652.200000
5681.375000
5710.525000
5739.650000
5767.825000
5796.525000
5825.450000
5853.650000
5881.500000
5909.250000
5936.975000
5964.725000
5992.425000
6020.175000
6047.925000
6075.650000
6103.425000
6130.250000
6156.725000
6184.025000
6210.750000
6237.025000
6263.425000
6289.750000
6316.350000
6342.450000
6368.850000
6395.175000
6420.700000
6446.675000
6472.900000
6498.175000
6523.375000
6548.350000
6573.300000
6598.200000
6623.175000
6648.125000
6673.100000
6698.075000
6723.050000
6748.025000
6773.000000
6797.975000
6822.950000
6847.925000
6872.925000
6897.900000
6922.900000
6947.850000
6972.850000
6997.000000
7020.500000
7045.125000
7069.125000
7092.600000
7117.300000
7141.225000
7164.775000
7188.700000
7212.000000
7235.625000
7259.175000
7282.875000
7306.375000
7329.975000
7353.575000
7377.225000
7400.725000
7424.150000
7447.900000
7470.500000
7493.900000
7517.350000
7539.925000
7563.175000
7585.925000
7609.025000
7631.500000
7653.875000
7676.000000
7698.200000
7720.400000
7742.600000
7764.850000
7787.050000
7809.250000
7831.450000
7853.675000
7875.825000
7898.025000
7920.250000
7942.450000
7964.700000
7986.900000
8009.125000
8031.325000
8053.550000
8075.725000
8097.925000
8120.150000
8142.350000
8164.575000
8186.775000
8208.925000
8230.350000
8251.400000
8272.975000
8295.100000
8317.300000
8339.475000
8360.925000
8381.600000
8403.475000
8424.625000
8445.350000
8467.325000
8488.550000
8509.250000
8530.175000
8550.875000
8572.825000
8594.025000
8614.725000
8635.625000
8656.400000
8677.550000
8698.025000
8718.950000
8739.700000
8760.650000
8781.350000
8802.200000
8822.975000
8843.950000
8864.650000
8885.450000
8906.300000
8926.225000
8946.700000
8967.375000
8987.350000
9007.750000
9028.500000
9048.225000
9068.675000
9089.575000
9109.350000
9129.225000
9149.575000
9170.025000
9189.800000
9209.450000
9228.950000
9248.275000
9267.675000
9287.200000
9306.600000
9325.950000
9345.375000
9364.900000
9384.300000
9403.750000
9423.100000
9442.575000
9462.025000
9481.475000
9500.850000
9520.300000
9539.775000
9559.225000
9578.650000
9598.050000
9617.475000
9636.950000
9656.375000
9675.775000
9695.225000
9714.700000
9734.125000
9753.575000
9772.975000
9792.425000
9811.875000
9831.325000
9850.725000
9870.175000
9889.625000
9909.075000
9928.525000
9947.925000
9967.350000
9986.825000
10006.275000
10025.650000
10045.125000
10063.700000
10082.725000
10100.950000
10120.175000
10139.575000
10158.100000
10176.175000
10195.175000
10214.500000
10234.025000
10252.675000
10270.675000
10289.650000
10308.950000
10328.475000
10347.100000
10366.100000
10384.325000
10403.525000
10422.875000
10442.000000
10461.025000
10479.250000
10498.000000
10517.350000
10535.900000
10554.900000
10573.175000
10592.375000
10611.800000
10630.300000
10648.350000
10667.400000
10686.375000
10705.375000
10723.275000
10742.400000
10761.800000
10780.300000
10798.350000
10817.400000
10836.325000
10855.275000
10873.225000
10892.375000
10911.800000
10930.300000
10948.350000
10967.400000
10986.325000
11005.275000
11023.225000
11042.375000
11061.800000
11080.300000
11098.350000
11117.400000
11136.325000
11155.275000
11173.225000
11192.375000
11211.800000
11230.300000
11248.350000
11267.400000
11286.325000
11305.275000
11323.225000
11342.375000
11361.800000
11380.300000
11398.350000
11417.400000
11436.325000
11455.275000
11473.225000
11492.375000
11511.800000
11530.300000
11548.350000
11567.400000
11586.325000
11605.275000
11623.225000
11642.375000
11661.800000
11680.300000
11698.350000
11717.400000
11736.325000
11755.275000
11773.225000
11792.375000
11811.800000
11830.300000
11848.350000
11867.400000
11886.325000
11905.275000
11923.225000
11942.375000
11961.800000
11980.300000
11998.350000
12017.400000
12036.325000
12055.275000
12073.225000
12092.375000
12111.800000
12130.300000
12148.350000
12167.400000
12186.325000
12205.275000
12223.225000
12242.375000
12261.800000
12280.300000
12298.350000
12317.400000
12336.325000
12355.275000
12373.225000
12392.375000
12411.800000
12430.300000
12448.350000
12467.400000
12486.325000
12505.275000
12523.225000
12542.375000
12561.800000
12580.300000
12598.350000
12617.400000
12636.325000
12655.275000
12673.225000
12692.375000
12711.800000
12730.300000
12748.350000
12767.400000
12786.325000
12805.275000
12823.225000
12842.375000
12861.800000
12880.300000
12898.350000
12917.400000
12936.325000
12955.275000
12973.225000
12992.375000
13011.800000
13030.300000
13048.350000
13067.400000
13086.325000
13105.275000
13123.225000
13142.375000
13161.800000
13180.300000
13198.350000
13217.400000
13236.325000
13255.275000
13273.225000
13292.375000
13311.800000
13330.300000
13348.350000
13367.400000
13386.325000
13405.275000
13423.225000
13442.375000
13461.800000
13480.300000
13498.350000
13517.400000
13536.325000
13555.275000
13573.225000
13592.375000
13611.800000
13630.300000
13648.350000
13667.400000
13686.325000
13705.275000
13723.225000
13742.375000
13761.800000
13780.300000
13798.350000
13817.400000
13836.325000
13855.275000
13873.225000
13892.375000
13911.800000
13930.300000
13948.350000
13967.400000
13986.325000
14005.275000
14023.225000
14042.375000
14061.800000
14080.300000
14098.350000
14117.400000
14136.325000
14155.275000
14173.225000
14192.375000
14211.800000
14230.300000
14248.350000
14267.400000
14286.325000
14305.275000
14323.225000
14342.375000
14361.800000
14380.300000
14398.350000
14417.400000
14436.325000
14455.275000
14473.225000
14492.375000
14511.800000
14530.300000
14548.350000
14567.400000
14586.325000
14605.275000
14623.225000
14642.375000
14661.800000
14680.300000
14698.350000
14717.400000
14736.325000
14755.275000
14773.225000
14792.375000
14811.800000
14830.300000
14848.350000
14867.400000
14886.325000
14905.275000
14923.225000
14942.375000
14961.800000
14980.300000
14998.350000
15017.400000
15036.325000
15055.275000
15073.225000
15092.375000
15111.800000
15130.300000
15148.350000
15167.400000
15186.325000
15205.275000
15223.225000
15242.375000
15261.800000
15280.300000
15298.350000
15317.400000
15336.325000
15355.275000
15373.225000
15392.375000
15411.800000
15430.300000
15448.350000
15467.400000
15486.325000
15505.275000
15523.225000
15542.375000
15561.800000
15580.300000
15598.350000
15617.400000
15636.325000
15655.275000
15673.225000
15692.375000
15711.800000
15730.300000
15748.350000
15767.400000
15786.325000
15805.275000
15823.225000
15842.375000
15861.800000
15880.300000
15898.350000
15917.400000
15936.325000
15955.275000
15973.225000
15992.375000
16011.800000
16030.300000
16048.350000
16067.400000
16086.325000
16105.275000
16123.225000
16142.375000
16161.800000
16180.300000
16198.350000
16217.400000
16236.325000
16255.275000
16273.225000
16292.375000
16311.800000
16330.300000
16348.350000
16367.400000
16386.325000
16405.275000
16423.225000
16442.375000
16461.800000
16480.300000
16498.350000
16517.400000
16536.325000
16555.275000
16573.225000
16592.375000
16611.800000
16630.300000
16648.350000
16667.400000
16686.325000
16705.275000
16723.225000
16742.375000
16761.800000
16780.300000
16798.350000
16817.400000
16836.325000
16855.275000
16873.225000
16892.375000
16911.800000
16930.300000
16948.350000
16967.400000
16986.325000
17005.275000
17023.225000
17042.375000
17061.800000
17080.300000
17098.350000
17117.400000
17136.325000
17155.275000
17173.225000
17192.375000
17211.800000
17230.300000
17248.350000
17267.400000
17286.325000
17305.275000
17323.225000
17342.375000
17361.800000
17380.300000
17398.350000
17417.400000
17436.325000
17455.275000
17473.225000
17492.375000
17511.800000
17530.300000
17548.350000
17567.400000
17586.325000
17605.275000
17623.225000
17642.375000
17661.800000
17680.300000
17698.350000
17717.400000
17736.325000
17755.275000
17773.225000
17792.375000
17811.800000
17830.300000
17848.350000
17867.400000
17886.325000
17905.275000
17923.225000
17942.375000
17961.800000
17980.300000
17998.350000
18017.400000
18036.325000
18055.275000
18073.225000
18092.375000
18111.800000
18130.300000
18148.350000
18167.400000
18186.325000
18205.275000
18223.225000
18242.375001
18261.800001
18280.300001
18298.350001
18317.400001
18336.325001
18355.275001
18373.225001
18392.375001
18411.800001
18430.300001
18448.350001
18467.400001
18486.325001
18505.275001
18523.225001
18542.375001
18561.800001
18580.300001
18598.350001
18617.400001
18636.325001
18655.275001
18673.225001
18692.375001
18711.800001
18730.300001
18748.350001
18767.400001
18786.325001
18805.275001
18823.225001
18842.375001
18861.800001
18880.300001
18898.350001
18917.400001
18936.325001
18955.275001
18973.225001
18992.375001
19011.800001
19030.300001
19048.350001
19067.400001
19086.325001
19105.275001
19123.225001
19142.375001
19161.800001
19180.300001
19198.350001
19217.400001
19236.325001
19255.275001
19273.225001
19292.375001
19311.800001
19330.300001
19348.350001
19367.400001
19386.325001
19405.275001
19423.225001
19442.375001
19461.800001
19480.300001
19498.350001
19517.400001
19536.325001
19555.275001
19573.225001
19592.375001
19611.800001
19630.300001
19648.350001
19667.400001
19686.325001
19705.275001
19723.225001
19742.375001
19761.800001
19780.300001
19798.350001
19817.400001
19836.325001
19855.275001
19873.225001
19892.375001
19911.800001
19930.300001
19948.350001
19967.400001
19986.325001
20005.275001
20023.225001
20042.375001
20061.800001
20080.300001
20098.350001
20117.400001
20136.800001
20156.250001
20175.650001
20195.125001
20214.525001
20234.050001
20253.500001
20272.900001
20292.375001
20311.850001
20331.300001
20350.700001
20370.175001
20389.650001
20409.100001
20428.550001
20447.975001
20467.425001
20486.900001
20506.350001
20525.775001
20545.225001
20564.700001
20584.150001
20603.625001
20623.025001
20642.500001
20661.975001
20681.425001
20700.825001
20720.300001
20739.775001
20759.250001
20778.700001
20798.100001
20817.575001
20837.100001
20856.525001
20875.925001
20895.400001
20914.925001
20934.375001
20953.875001
20973.225001
20992.725001
21012.300001
21031.925001
21052.175001
21072.875001
21092.600001
21112.925001
21134.000001
21153.800001
21173.525001
21194.025001
21214.600001
21234.450001
21255.050001
21275.700001
21295.575001
21316.300001
21336.850001
21357.650001
21378.550001
21399.475001
21420.175001
21441.125001
21461.900001
21482.850001
21503.600001
21524.500001
21545.225001
21566.450001
21586.975001
21607.850001
21628.675001
21650.575001
21671.800001
21692.500001
21713.500001
21734.275001
21756.225001
21777.575001
21798.150001
21820.075001
21841.325001
21862.150001
21884.025001
21906.200001
21928.425001
21950.625001
21972.850001
21995.075001
22017.325001
22039.575001
22061.800001
22084.025001
22106.275001
22128.500001
22150.700001
22172.925001
22195.175001
22217.400001
22239.650001
22261.900001
22284.125001
22306.375001
22328.625001
22350.800001
22373.050001
22395.275001
22417.525001
22439.800001
22462.050001
22484.300001
22506.525001
22528.800001
22550.975001
22573.225001
22595.500001
22617.775001
22640.975001
22663.700001
22686.850001
22709.400001
22732.700001
22756.275001
22779.025001
22802.250001
22825.700001
22849.225001
22872.925001
22896.600001
22920.200001
22943.975001
22967.450001
22991.200001
23014.725001
23038.550001
23062.000001
23085.700001
23109.275001
23133.975001
23157.850001
23181.550001
23206.250001
23230.200001
23254.025001
23278.550001
23303.475001
23328.475001
23353.475001
23378.500001
23403.500001
23428.525001
23453.550001
23478.575001
23503.600001
23528.625001
23553.625001
23578.675001
23603.700001
23628.750001
23653.775001
23678.850001
23703.925001
23729.700001
23756.175001
23781.550001
23807.650001
23834.050001
23860.050001
23886.725001
23913.175001
23939.675001
23966.250001
23992.475001
24019.025001
24045.325001
24072.825001
24099.775001
24125.975001
24153.500001
24180.550001
24207.725001
24235.400001
24263.175001
24291.075001
24318.900001
24346.725001
24374.575001
24402.475001
24430.325001
24458.950001
24487.050001
24515.700001
24545.100001
24573.400001
24602.300001
24631.375001
24660.675001
24689.800001
24719.425001
24748.375001
24778.550001
24809.000001
24839.625001
24870.175001
24900.800001
24931.450001
24962.100001
24992.700001
25024.150001
25056.275001
25088.250001
25120.250001
25152.425001
25184.450001
25217.400001
25250.725001
25284.150001
25317.525001
25350.950001
25385.225001
25420.125001
25455.000001
25489.850001
25525.675001
25561.875001
25598.025001
25634.350001
25670.575001
25707.875001
25745.400001
25784.150001
25823.075001
25862.250001
25902.300001
25942.625001
25984.250001
26025.975001
26069.050001
26113.250001
26158.175001
26204.050001
26251.175001
26300.850001
26352.350001
26407.550001
26468.125001
