10.000000
19.000000
1204.975000
1287.550000
1362.925000
1432.325000
1497.000000
1557.925000
1615.550000
1670.675000
1723.825000
1775.100000
1825.000000
1873.825000
1921.550000
1968.575000
2014.425000
2059.550000
2103.875000
2147.350000
2190.475000
2232.950000
2274.900000
2316.575000
2357.850000
2398.625000
2439.300000
2479.825000
2519.750000
2559.500000
2598.775000
2638.000000
2677.050000
2715.950000
2754.500000
2792.775000
2830.600000
2868.650000
2906.625000
2944.050000
2981.275000
3018.650000
3055.650000
3092.375000
3129.275000
3165.475000
3201.950000
3238.275000
3274.575000
3310.575000
3346.625000
3382.200000
3418.000000
3453.100000
3488.625000
3523.800000
3558.575000
3593.625000
3629.025000
3663.600000
3698.250000
3732.975000
3767.800000
3802.150000
3836.200000
3870.475000
3904.475000
3938.600000
3972.525000
4006.675000
4040.350000
4073.900000
4107.675000
4141.375000
4174.725000
4208.025000
4241.375000
4274.575000
4307.825000
4341.100000
4374.100000
4407.125000
4440.100000
4472.725000
4505.450000
4537.575000
4569.800000
4602.450000
4634.825000
4667.225000
4699.250000
4731.500000
4763.625000
4795.750000
4827.525000
4858.975000
4891.300000
4923.275000
4954.475000
4985.950000
5017.850000
5048.650000
5080.225000
5111.450000
5142.675000
5173.875000
5205.050000
5235.975000
5267.350000
5298.125000
5329.325000
5359.700000
5390.575000
5420.850000
5451.550000
5481.850000
5512.525000
5542.725000
5573.450000
5603.075000
5633.550000
5663.650000
5693.400000
5723.750000
5753.525000
5784.025000
5813.775000
5843.275000
5873.550000
5902.775000
5932.200000
5962.375000
5991.600000
6020.775000
6050.600000
6080.250000
6109.375000
6138.825000
6168.125000
6197.100000
6226.100000
6255.400000
6284.675000
6313.550000
6342.125000
6370.900000
6399.975000
6429.125000
6457.875000
6486.100000
6514.550000
6543.175000
6572.000000
6600.925000
6629.500000
6658.025000
6686.025000
6713.925000
6742.025000
6770.425000
6798.525000
6826.375000
6854.300000
6882.075000
6909.825000
6937.575000
6965.325000
6993.025000
7020.700000
7048.350000
7075.975000
7103.725000
7130.925000
7158.400000
7186.025000
7213.675000
7241.425000
7268.975000
7296.625000
7324.325000
7351.975000
7379.850000
7407.375000
7434.850000
7462.400000
7489.150000
7516.325000
7543.025000
7569.575000
7596.975000
7623.800000
7651.225000
7677.750000
7704.175000
7730.550000
7757.825000
7784.800000
7811.250000
7837.475000
7863.800000
7890.625000
7917.825000
7943.275000
7969.525000
7996.150000
8023.125000
8048.750000
8074.975000
8101.500000
8127.575000
8153.000000
8179.975000
8206.700000
8232.000000
8258.150000
8284.625000
8309.750000
8335.900000
8362.250000
8387.375000
8413.550000
8439.150000
8464.050000
8490.450000
8515.450000
8541.525000
8567.600000
8592.750000
8618.425000
8643.400000
8669.325000
8694.725000
8719.525000
8745.750000
8770.175000
8796.025000
8820.850000
8846.250000
8870.975000
8896.750000
8921.200000
8947.000000
8971.250000
8997.000000
9021.125000
9046.825000
9071.000000
9096.275000
9120.850000
9145.975000
9170.075000
9195.875000
9219.625000
9244.775000
9269.375000
9293.300000
9318.325000
9342.700000
9368.050000
9391.725000
9416.275000
9441.350000
9465.075000
9490.225000
9513.825000
9537.625000
9562.575000
9586.100000
9609.875000
9634.775000
9658.300000
9682.025000
9706.925000
9730.475000
9754.175000
9779.000000
9802.625000
9825.775000
9850.325000
9874.675000
9897.500000
9921.075000
9945.850000
9969.350000
9992.525000
10016.875000
10040.750000
10063.925000
10087.375000
10111.175000
10134.925000
10158.275000
10180.825000
10204.675000
10229.325000
10252.725000
10275.350000
10298.825000
10323.575000
10347.025000
10369.625000
10393.150000
10417.875000
10441.450000
10463.975000
10487.450000
10511.225000
10534.975000
10558.275000
10580.875000
10605.250000
10629.350000
10652.725000
10675.375000
10698.850000
10723.600000
10747.050000
10769.625000
10793.150000
10817.875000
10841.450000
10863.975000
10887.475000
10911.225000
10934.975000
10958.275000
10980.875000
11005.300000
11029.350000
11052.725000
11075.350000
11098.825000
11123.575000
11147.025000
11169.625000
11193.150000
11217.875000
11241.450000
11263.975000
11287.450000
11311.225000
11334.975000
11358.275000
11380.875000
11405.250000
11429.350000
11452.725000
11475.375000
11498.850000
11523.600000
11547.050000
11569.625000
11593.150000
11617.900000
11641.450000
11663.975000
11687.475000
11711.225000
11734.975000
11758.300000
11780.900000
11805.325000
11829.325000
11852.725000
11875.350000
11898.800000
11923.575000
11947.025000
11969.625000
11993.125000
12017.850000
12041.450000
12063.975000
12087.450000
12111.225000
12134.975000
12158.275000
12180.875000
12205.225000
12229.350000
12252.725000
12275.400000
12298.875000
12323.600000
12347.075000
12369.650000
12393.150000
12417.925000
12441.475000
12463.975000
12487.475000
12511.250000
12535.000000
12558.300000
12580.900000
12605.400000
12629.350000
12652.725000
12675.350000
12698.800000
12723.575000
12747.025000
12769.625000
12793.125000
12817.850000
12841.450000
12863.975000
12887.450000
12911.225000
12934.975000
12958.275000
12980.875000
13005.225000
13029.350000
13052.725000
13075.400000
13098.875000
13123.600000
13147.075000
13169.650000
13193.150000
13217.925000
13241.475000
13263.975000
13287.475000
13311.250000
13335.000000
13358.300000
13380.900000
13405.400000
13429.350000
13452.725000
13475.350000
13498.800000
13523.575000
13547.025000
13569.625000
13593.125000
13617.850000
13641.450000
13663.975000
13687.450000
13711.225000
13734.975000
13758.275000
13780.875000
13805.225000
13829.350000
13852.725000
13875.400000
13898.875000
13923.600000
13947.075000
13969.650000
13993.150000
14017.925000
14041.475000
14063.975000
14087.475000
14111.250000
14135.000000
14158.300000
14180.900000
14205.400000
14229.350000
14252.725000
14275.350000
14298.800000
14323.575000
14347.025000
14369.625000
14393.125000
14417.850000
14441.450000
14463.975000
14487.450000
14511.225000
14534.975000
14558.275000
14580.875000
14605.225000
14629.350000
14652.725000
14675.400000
14698.875000
14723.600000
14747.075000
14769.650000
14793.150000
14817.925000
14841.475000
14863.975000
14887.475000
14911.250000
14935.000000
14958.300000
14980.900000
15005.400000
15029.350000
15052.725000
15075.350000
15098.800000
15123.575000
15147.025000
15169.625000
15193.125000
15217.850000
15241.450000
15263.975000
15287.450000
15311.225000
15334.975000
15358.275000
15380.875000
15405.225000
15429.350000
15452.725000
15475.400000
15498.875000
15523.600000
15547.075000
15569.650000
15593.150000
15617.925000
15641.475000
15663.975000
15687.475000
15711.250000
15735.000000
15758.300000
15780.900000
15805.400000
15829.350000
15852.725000
15875.350000
15898.800000
15923.575000
15947.025000
15969.625000
15993.125000
16017.850000
16041.450000
16063.975000
16087.450000
16111.225000
16134.975000
16158.275000
16180.875000
16205.225000
16229.350000
16252.725000
16275.400000
16298.875000
16323.600000
16347.075000
16369.650000
16393.150000
16417.925000
16441.475000
16463.975000
16487.475000
16511.250000
16535.000000
16558.300000
16580.900000
16605.400000
16629.350000
16652.725000
16675.350000
16698.800000
16723.575000
16747.025000
16769.625000
16793.125000
16817.850000
16841.450000
16863.975000
16887.450000
16911.225000
16934.975000
16958.275000
16980.875000
17005.225000
17029.350000
17052.725000
17075.400000
17098.875000
17123.600000
17147.075000
17169.650000
17193.150000
17217.925000
17241.475000
17263.975000
17287.475000
17311.250000
17335.000000
17358.300000
17380.900000
17405.400000
17429.350000
17452.725000
17475.350000
17498.800000
17523.575000
17547.025000
17569.625000
17593.125000
17617.850000
17641.450000
17663.975000
17687.450000
17711.225000
17734.975000
17758.275000
17780.875000
17805.225000
17829.350000
17852.725000
17875.400000
17898.875000
17923.600000
17947.075000
17969.650000
17993.150000
18017.925000
18041.475000
18063.975000
18087.475000
18111.250000
18135.000000
18158.300000
18180.900000
18205.400000
18229.350001
18252.725001
18275.350001
18298.800001
18323.575001
18347.025001
18369.625001
18393.125001
18417.850001
18441.450001
18463.975001
18487.450001
18511.225001
18534.975001
18558.275001
18580.875001
18605.225001
18629.350001
18652.725001
18675.400001
18698.875001
18723.600001
18747.075001
18769.650001
18793.150001
18817.925001
18841.475001
18863.975001
18887.475001
18911.250001
18935.000001
18958.300001
18980.900001
19005.400001
19029.350001
19052.725001
19075.350001
19098.800001
19123.575001
19147.025001
19169.625001
19193.125001
19217.850001
19241.450001
19263.975001
19287.450001
19311.225001
19334.975001
19358.275001
19380.875001
19405.225001
19429.350001
19452.725001
19475.400001
19498.875001
19523.600001
19547.075001
19569.650001
19593.150001
19617.925001
19641.475001
19663.975001
19687.475001
19711.250001
19735.000001
19758.300001
19780.900001
19805.400001
19829.350001
19852.725001
19875.350001
19898.800001
19923.575001
19947.025001
19969.625001
19993.125001
20017.850001
20041.450001
20063.975001
20087.450001
20111.250001
20135.050001
20158.325001
20181.825001
20205.750001
20230.075001
20253.000001
20276.600001
20301.400001
20324.925001
20348.475001
20372.600001
20397.000001
20420.375001
20445.525001
20469.350001
20493.025001
20518.000001
20541.625001
20565.300001
20590.275001
20613.850001
20637.625001
20662.600001
20686.150001
20710.600001
20735.775001
20759.675001
20784.775001
20808.375001
20833.250001
20858.050001
20882.000001
20907.100001
20930.725001
20956.425001
20980.600001
21005.700001
21030.425001
21055.350001
21080.350001
21104.825001
21130.375001
21155.375001
21180.375001
21205.425001
21230.400001
21255.525001
21280.425001
21305.625001
21330.475001
21355.800001
21380.575001
21406.775001
21430.800001
21457.050001
21481.900001
21507.850001
21533.350001
21558.325001
21584.650001
21609.475001
21635.625001
21661.250001
21686.200001
21712.600001
21737.650001
21763.725001
21790.125001
21815.225001
21841.500001
21867.925001
21893.075001
21919.275001
21945.750001
21970.925001
21997.150001
22023.650001
22049.075001
22075.175001
22102.050001
22129.175001
22155.325001
22180.800001
22208.000001
22234.750001
22261.075001
22287.150001
22313.775001
22340.600001
22367.925001
22394.275001
22420.675001
22447.200001
22474.375001
22501.500001
22529.025001
22555.625001
22582.050001
22608.500001
22635.950001
22663.400001
22690.800001
22718.225001
22745.800001
22773.425001
22800.850001
22828.775001
22856.325001
22884.350001
22912.175001
22940.000001
22967.900001
22995.675001
23023.475001
23051.300001
23079.200001
23107.000001
23134.850001
23162.775001
23191.050001
23219.225001
23247.100001
23274.950001
23302.775001
23330.600001
23358.425001
23386.325001
23414.625001
23443.100001
23471.150001
23500.000001
23529.025001
23557.375001
23585.950001
23614.000001
23642.875001
23671.175001
23700.500001
23729.800001
23758.325001
23787.300001
23816.525001
23845.750001
23874.750001
23903.750001
23933.175001
23962.550001
23991.600001
24020.725001
24050.275001
24080.075001
24109.425001
24139.050001
24168.950001
24198.450001
24228.825001
24258.200001
24287.750001
24318.075001
24347.425001
24377.750001
24407.950001
24437.725001
24468.200001
24498.275001
24529.100001
24558.700001
24589.950001
24619.925001
24651.200001
24681.400001
24712.550001
24742.950001
24773.825001
24804.450001
24835.700001
24866.825001
24897.375001
24929.100001
24959.750001
24991.350001
25022.825001
25054.150001
25085.750001
25117.750001
25148.725001
25180.425001
25212.450001
25244.125001
25275.875001
25308.050001
25340.275001
25372.225001
25404.175001
25436.075001
25468.675001
25501.350001
25533.700001
25566.450001
25598.625001
25631.225001
25663.900001
25696.950001
25730.075001
25763.300001
25796.650001
25830.125001
25863.500001
25896.925001
25930.325001
25963.700001
25997.150001
26030.575001
26064.050001
26097.975001
26131.950001
26166.050001
26200.475001
26234.850001
26269.150001
26303.475001
26338.150001
26373.250001
26407.950001
26442.750001
26477.700001
26512.725001
26547.550001
26583.000001
26618.375001
26653.825001
26689.575001
26725.075001
26760.950001
26796.875001
26832.950001
26869.150001
26905.425001
26941.625001
26978.300001
27014.925001
27051.775001
27088.700001
27125.575001
27163.025001
27200.500001
27237.850001
27275.325001
27313.275001
27351.325001
27389.325001
27427.600001
27465.875001
27504.425001
27543.000001
27581.775001
27620.675001
27659.750001
27699.025001
27738.700001
27778.700001
27818.750001
27858.875001
27899.400001
27940.200001
27980.800001
28021.950001
28063.325001
28105.000001
28146.900001
28188.925001
28231.225001
28274.000001
28317.050001
28360.250001
28403.900001
28447.775001
28492.125001
28536.825001
28581.925001
28627.450001
28673.500001
28719.825001
28766.825001
28814.100001
28862.175001
28910.625001
28959.600001
29009.125001
29059.225001
29109.825001
29161.000001
29212.825001
29265.175001
29318.300001
29372.100001
29426.600001
29481.975001
29538.300001
29595.750001
29654.250001
29714.125001
29775.525001
29838.650001
29903.700001
29971.025001
30041.200001
30114.875001
30190.650001
30269.075001
30350.350001
30434.950001
30524.000001
30617.775001
30716.025001
30817.700001
30921.425001
31026.325001
31132.000001
31238.250001
31344.975001
31452.300001
31560.250001
31669.350001
31780.950001
31990.425001
32090.400001
32197.275001
32307.625001
32419.775001
32532.750001
32646.050001
32759.550001
32873.175001
32986.875001
33100.650001
33214.450001
33328.375001
33442.275001
33556.250001
33670.175001
33784.100001
33898.000001
34011.925001
34125.850001
34239.825001
34353.825001
34467.850001
34581.850001
34695.850001
34809.825001
34923.775001
