100.000000
2.000000
1373.925000
1449.750000
1522.200000
1591.775000
1659.150000
1724.900000
1789.000000
1852.000000
1913.725000
1974.475000
2034.400000
2092.975000
2150.975000
2208.050000
2264.150000
2319.600000
2374.550000
2429.075000
2482.675000
2535.825000
2588.425000
2640.750000
2692.375000
2743.600000
2794.425000
2844.725000
2894.575000
2944.100000
2993.075000
3041.750000
3090.275000
3138.375000
3186.050000
3233.575000
3280.500000
3327.450000
3374.250000
3420.550000
3466.700000
3512.500000
3557.975000
3603.175000
3648.200000
3692.925000
3737.325000
3781.600000
3825.725000
3869.550000
3913.375000
3957.075000
4000.375000
4043.125000
4085.875000
4128.950000
4170.975000
4213.425000
4255.675000
4297.250000
4339.075000
4380.425000
4421.975000
4463.375000
4504.575000
4545.700000
4586.050000
4626.475000
4667.525000
4707.950000
4748.200000
4788.475000
4828.900000
4868.800000
4908.225000
4947.650000
4987.100000
5026.200000
5065.150000
5104.050000
5142.800000
5181.550000
5220.250000
5258.525000
5296.975000
5335.525000
5373.825000
5412.200000
5450.000000
5487.450000
5524.925000
5562.725000
5600.150000
5637.275000
5674.650000
5712.225000
5748.700000
5785.775000
5823.175000
5859.625000
5896.600000
5933.275000
5969.375000
6006.225000
6042.625000
6079.175000
6114.975000
6151.250000
6186.850000
6223.350000
6258.375000
6294.325000
6330.075000
6365.275000
6401.125000
6435.925000
6470.850000
6506.625000
6541.450000
6576.175000
6611.100000
6645.875000
6680.350000
6714.950000
6749.700000
6784.525000
6819.000000
6852.925000
6887.225000
6920.975000
6955.400000
6989.775000
7023.725000
7057.850000
7091.550000
7124.950000
7158.250000
7191.700000
7224.950000
7258.175000
7291.550000
7324.775000
7358.025000
7391.400000
7424.625000
7457.900000
7491.300000
7524.475000
7557.800000
7591.125000
7623.975000
7656.925000
7689.925000
7722.325000
7754.600000
7786.925000
7819.325000
7851.925000
7884.625000
7916.775000
7948.425000
7980.350000
8012.575000
8044.500000
8076.100000
8108.000000
8140.175000
8171.275000
8202.775000
8234.750000
8266.350000
8297.225000
8329.200000
8359.925000
8391.450000
8423.275000
8454.050000
8485.575000
8517.275000
8548.225000
8579.875000
8610.950000
8641.525000
8672.775000
8703.075000
8734.575000
8764.225000
8795.675000
8825.675000
8856.925000
8886.575000
8917.925000
8947.350000
8978.650000
9008.225000
9038.775000
9069.075000
9098.600000
9129.200000
9158.300000
9188.700000
9218.850000
9248.475000
9279.050000
9308.125000
9337.525000
9367.900000
9397.025000
9426.275000
9456.625000
9485.800000
9515.050000
9544.675000
9574.075000
9602.875000
9632.000000
9661.975000
9691.375000
9719.850000
9748.725000
9778.900000
9807.850000
9836.100000
9865.100000
9894.025000
9923.475000
9952.325000
9980.500000
10008.700000
10037.475000
10066.450000
10095.550000
10123.775000
10152.500000
10180.475000
10208.450000
10237.250000
10265.400000
10294.375000
10323.425000
10351.675000
10380.300000
10408.250000
10436.250000
10465.075000
10493.125000
10522.100000
10551.175000
10579.975000
10608.175000
10636.125000
10664.825000
10693.150000
10722.150000
10751.200000
10780.000000
10808.175000
10836.150000
10864.850000
10893.150000
10922.150000
10951.200000
10980.000000
11008.175000
11036.150000
11064.850000
11093.150000
11122.150000
11151.200000
11180.000000
11208.175000
11236.150000
11264.850000
11293.150000
11322.150000
11351.200000
11380.000000
11408.175000
11436.150000
11464.850000
11493.150000
11522.150000
11551.200000
11580.000000
11608.175000
11636.150000
11664.850000
11693.150000
11722.150000
11751.200000
11780.000000
11808.175000
11836.150000
11864.850000
11893.150000
11922.150000
11951.200000
11980.000000
12008.175000
12036.150000
12064.850000
12093.150000
12122.150000
12151.200000
12180.000000
12208.175000
12236.150000
12264.850000
12293.150000
12322.150000
12351.200000
12380.000000
12408.175000
12436.150000
12464.850000
12493.150000
12522.150000
12551.200000
12580.000000
12608.175000
12636.150000
12664.850000
12693.150000
12722.150000
12751.200000
12780.000000
12808.175000
12836.150000
12864.850000
12893.150000
12922.150000
12951.200000
12980.000000
13008.175000
13036.150000
13064.850000
13093.150000
13122.150000
13151.200000
13180.000000
13208.175000
13236.150000
13264.850000
13293.150000
13322.150000
13351.200000
13380.000000
13408.175000
13436.150000
13464.850000
13493.150000
13522.150000
13551.200000
13580.000000
13608.175000
13636.150000
13664.850000
13693.150000
13722.150000
13751.200000
13780.000000
13808.175000
13836.150000
13864.850000
13893.150000
13922.150000
13951.200000
13980.000000
14008.175000
14036.150000
14064.850000
14093.150000
14122.150000
14151.200000
14180.000000
14208.175000
14236.150000
14264.850000
14293.150000
14322.150000
14351.200000
14380.000000
14408.175000
14436.150000
14464.850000
14493.150000
14522.150000
14551.200000
14580.000000
14608.175000
14636.150000
14664.850000
14693.150000
14722.150000
14751.200000
14780.000000
14808.175000
14836.150000
14864.850000
14893.150000
14922.150000
14951.200000
14980.000000
15008.175000
15036.150000
15064.850000
15093.150000
15122.150000
15151.200000
15180.000000
15208.175000
15236.150000
15264.850000
15293.150000
15322.150000
15351.200000
15380.000000
15408.175000
15436.150000
15464.850000
15493.150000
15522.150000
15551.200000
15580.000000
15608.175000
15636.150000
15664.850000
15693.150000
15722.150000
15751.200000
15780.000000
15808.175000
15836.150000
15864.850000
15893.150000
15922.150000
15951.200000
15980.000000
16008.175000
16036.150000
16064.850000
16093.150000
16122.150000
16151.200000
16180.000000
16208.175000
16236.150000
16264.850000
16293.150000
16322.150000
16351.200000
16380.000000
16408.175000
16436.150000
16464.850000
16493.150000
16522.150000
16551.200000
16580.000000
16608.175000
16636.150000
16664.850000
16693.150000
16722.150000
16751.200000
16780.000000
16808.175000
16836.150000
16864.850000
16893.150000
16922.150000
16951.200000
16980.000000
17008.175000
17036.150000
17064.850000
17093.150000
17122.150000
17151.200000
17180.000000
17208.175000
17236.150000
17264.850000
17293.150000
17322.150000
17351.200000
17380.000000
17408.175000
17436.150000
17464.850000
17493.150000
17522.150000
17551.200000
17580.000000
17608.175000
17636.150000
17664.850000
17693.150000
17722.150000
17751.200000
17780.000000
17808.175000
17836.150000
17864.850000
17893.150000
17922.150000
17951.200000
17980.000000
18008.175000
18036.150000
18064.850000
18093.150000
18122.150000
18151.200000
18180.000000
18208.175000
18236.150001
18264.850001
18293.150001
18322.150001
18351.200001
18380.000001
18408.175001
18436.150001
18464.850001
18493.150001
18522.150001
18551.200001
18580.000001
18608.175001
18636.150001
18664.850001
18693.150001
18722.150001
18751.200001
18780.000001
18808.175001
18836.150001
18864.850001
18893.150001
18922.150001
18951.200001
18980.000001
19008.175001
19036.150001
19064.850001
19093.150001
19122.150001
19151.200001
19180.000001
19208.175001
19236.150001
19264.850001
19293.150001
19322.150001
19351.200001
19380.000001
19408.175001
19436.150001
19464.850001
19493.150001
19522.150001
19551.200001
19580.000001
19608.175001
19636.150001
19664.850001
19693.150001
19722.150001
19751.200001
19780.000001
19808.175001
19836.150001
19864.850001
19893.150001
19922.150001
19951.200001
19980.000001
20008.175001
20036.150001
20064.850001
20093.150001
20122.200001
20151.250001
20180.125001
20208.250001
20237.050001
20266.500001
20295.700001
20324.625001
20352.875001
20381.900001
20411.125001
20440.375001
20469.275001
20498.325001
20527.775001
20557.125001
20585.950001
20615.175001
20645.450001
20674.725001
20704.050001
20734.225001
20763.625001
20792.975001
20823.400001
20852.600001
20882.050001
20912.450001
20941.675001
20971.850001
21002.275001
21031.975001
21062.500001
21092.075001
21123.275001
21152.725001
21183.300001
21213.575001
21244.075001
21274.700001
21305.375001
21335.800001
21366.650001
21397.000001
21427.825001
21458.150001
21489.200001
21519.475001
21551.175001
21581.675001
21613.175001
21644.475001
21674.975001
21706.850001
21737.450001
21769.100001
21801.050001
21831.875001
21863.550001
21895.625001
21926.400001
21958.075001
21990.200001
22021.700001
22053.800001
22085.775001
22118.000001
22149.925001
22181.700001
22213.650001
22245.950001
22278.875001
22310.925001
22342.925001
22374.975001
22407.900001
22440.925001
22473.675001
22506.800001
22539.825001
22573.175001
22606.550001
22639.875001
22673.300001
22706.700001
22740.075001
22773.425001
22806.850001
22840.250001
22873.625001
22907.300001
22941.200001
22974.775001
23008.175001
23041.750001
23075.525001
23109.550001
23143.200001
23177.575001
23212.175001
23246.500001
23280.525001
23315.000001
23349.625001
23384.575001
23419.125001
23453.875001
23488.750001
23523.625001
23558.175001
23593.025001
23628.875001
23663.650001
23698.650001
23734.550001
23769.475001
23805.350001
23841.250001
23876.625001
23912.850001
23948.450001
23984.750001
24020.600001
24057.050001
24092.975001
24129.925001
24166.675001
24202.800001
24240.050001
24276.325001
24313.475001
24351.050001
24387.900001
24424.950001
24462.550001
24499.950001
24537.300001
24574.825001
24612.900001
24651.125001
24689.025001
24727.100001
24765.350001
24803.825001
24842.425001
24881.050001
24919.875001
24958.475001
24997.300001
25036.125001
25075.275001
25114.725001
25154.350001
25194.175001
25234.375001
25274.475001
25314.600001
25355.275001
25395.775001
25435.975001
25476.450001
25517.775001
25558.325001
25599.725001
25641.275001
25682.950001
25724.700001
25766.725001
25808.325001
25851.025001
25893.125001
25935.775001
25978.975001
26021.900001
26065.000001
26108.200001
26152.075001
26196.075001
26240.200001
26284.575001
26329.175001
26373.850001
26418.950001
26463.900001
26509.375001
26555.225001
26601.300001
26647.250001
26693.850001
26741.050001
26788.250001
26835.775001
26883.500001
26931.475001
26980.100001
27029.075001
27078.025001
27127.375001
27177.225001
27227.500001
27278.125001
27329.225001
27380.425001
27432.100001
27484.550001
27537.175001
27590.600001
27644.375001
27698.500001
27753.400001
27809.025001
27865.175001
27922.000001
27979.775001
28038.125001
28097.275001
28157.450001
28218.600001
28280.550001
28343.575001
28408.025001
28473.750001
28541.050001
28609.875001
28680.700001
28753.825001
28830.000001
28909.450001
28993.500001
29084.925001
