100.000000
21.000000
1478.425000
1545.600000
1608.275000
1668.125000
1725.700000
1781.850000
1836.600000
1890.550000
1943.150000
1995.275000
2046.600000
2097.075000
2146.975000
2196.475000
2245.600000
2294.075000
2342.150000
2390.100000
2437.300000
2484.575000
2531.225000
2577.825000
2624.125000
2670.075000
2715.900000
2761.525000
2806.925000
2851.975000
2896.875000
2941.475000
2985.800000
3030.125000
3074.250000
3118.175000
3161.950000
3205.400000
3248.400000
3291.450000
3334.525000
3377.025000
3419.475000
3462.150000
3504.125000
3546.300000
3588.200000
3630.175000
3671.825000
3713.425000
3754.825000
3796.200000
3837.075000
3878.225000
3919.050000
3959.525000
4000.025000
4040.450000
4080.400000
4120.475000
4160.550000
4200.925000
4240.900000
4280.400000
4319.675000
4358.975000
4398.325000
4437.350000
4476.225000
4515.050000
4553.900000
4592.625000
4631.200000
4669.675000
4708.100000
4746.700000
4785.250000
4823.575000
4861.850000
4899.900000
4937.425000
4974.950000
5012.925000
5050.925000
5088.425000
5125.850000
5163.475000
5201.125000
5237.875000
5274.850000
5312.250000
5348.575000
5385.650000
5422.600000
5458.900000
5495.850000
5531.950000
5568.650000
5605.225000
5641.450000
5677.650000
5713.575000
5749.700000
5785.700000
5821.450000
5857.775000
5893.150000
5929.200000
5964.050000
5999.850000
6035.475000
6070.650000
6106.500000
6141.500000
6176.300000
6211.775000
6246.925000
6281.675000
6316.725000
6351.450000
6385.900000
6420.500000
6455.325000
6490.125000
6524.575000
6558.400000
6592.825000
6626.775000
6661.175000
6695.650000
6729.975000
6763.725000
6797.325000
6830.975000
6864.975000
6898.500000
6931.950000
6965.350000
6998.625000
7032.000000
7065.250000
7098.475000
7131.750000
7164.925000
7198.200000
7231.300000
7264.325000
7297.250000
7330.350000
7363.525000
7396.775000
7430.075000
7463.300000
7496.400000
7529.650000
7562.525000
7595.550000
7627.975000
7660.100000
7692.675000
7724.875000
7757.750000
7790.350000
7823.075000
7855.400000
7887.200000
7919.250000
7951.450000
7983.400000
8015.075000
8047.000000
8079.225000
8110.950000
8142.500000
8174.675000
8206.825000
8237.725000
8269.300000
8301.275000
8332.075000
8363.625000
8395.625000
8426.275000
8457.950000
8489.725000
8520.650000
8552.250000
8583.450000
8613.850000
8645.675000
8676.125000
8707.575000
8738.675000
8769.275000
8800.375000
8830.500000
8862.125000
8892.175000
8923.525000
8953.825000
8984.750000
9014.700000
9045.825000
9075.950000
9106.925000
9136.225000
9167.775000
9197.150000
9227.700000
9257.975000
9287.575000
9318.100000
9347.350000
9377.850000
9407.975000
9437.450000
9467.975000
9497.150000
9526.500000
9556.950000
9586.000000
9615.425000
9645.750000
9674.850000
9704.200000
9734.550000
9763.625000
9792.875000
9822.925000
9852.500000
9881.475000
9911.200000
9940.950000
9969.575000
9998.625000
10028.925000
10057.925000
10086.150000
10115.275000
10144.850000
10174.250000
10202.850000
10231.925000
10261.250000
10290.625000
10319.350000
10348.350000
10377.650000
10406.975000
10435.850000
10464.050000
10493.100000
10523.275000
10552.375000
10580.600000
10609.725000
10639.075000
10668.250000
10697.075000
10726.075000
10755.500000
10784.750000
10813.625000
10842.625000
10872.050000
10901.350000
10930.300000
10958.475000
10987.575000
11017.800000
11046.825000
11075.125000
11104.250000
11133.975000
11163.500000
11192.050000
11220.900000
11251.100000
11280.175000
11308.375000
11337.475000
11367.625000
11396.825000
11425.125000
11454.275000
11484.000000
11513.525000
11542.075000
11570.925000
11601.125000
11630.175000
11658.375000
11687.475000
11717.625000
11746.800000
11775.125000
11804.275000
11834.000000
11863.525000
11892.075000
11920.925000
11951.125000
11980.175000
12008.375000
12037.475000
12067.625000
12096.800000
12125.125000
12154.275000
12184.000000
12213.525000
12242.075000
12270.925000
12301.125000
12330.175000
12358.375000
12387.475000
12417.625000
12446.800000
12475.125000
12504.275000
12534.000000
12563.525000
12592.075000
12620.925000
12651.125000
12680.175000
12708.375000
12737.475000
12767.625000
12796.800000
12825.125000
12854.275000
12884.000000
12913.525000
12942.075000
12970.925000
13001.125000
13030.175000
13058.375000
13087.475000
13117.625000
13146.800000
13175.125000
13204.275000
13234.000000
13263.525000
13292.075000
13320.925000
13351.125000
13380.175000
13408.375000
13437.475000
13467.625000
13496.800000
13525.125000
13554.275000
13584.000000
13613.525000
13642.075000
13670.925000
13701.125000
13730.175000
13758.375000
13787.475000
13817.625000
13846.800000
13875.125000
13904.275000
13934.000000
13963.525000
13992.075000
14020.925000
14051.125000
14080.175000
14108.375000
14137.475000
14167.625000
14196.800000
14225.125000
14254.275000
14284.000000
14313.525000
14342.075000
14370.925000
14401.125000
14430.175000
14458.375000
14487.475000
14517.625000
14546.800000
14575.125000
14604.275000
14634.000000
14663.525000
14692.075000
14720.925000
14751.125000
14780.175000
14808.375000
14837.475000
14867.625000
14896.800000
14925.125000
14954.275000
14984.000000
15013.525000
15042.075000
15070.925000
15101.125000
15130.175000
15158.375000
15187.475000
15217.625000
15246.800000
15275.125000
15304.275000
15334.000000
15363.525000
15392.075000
15420.925000
15451.125000
15480.175000
15508.375000
15537.475000
15567.625000
15596.800000
15625.125000
15654.275000
15684.000000
15713.525000
15742.075000
15770.925000
15801.125000
15830.175000
15858.375000
15887.475000
15917.625000
15946.800000
15975.125000
16004.275000
16034.000000
16063.525000
16092.075000
16120.925000
16151.125000
16180.175000
16208.375000
16237.475000
16267.625000
16296.800000
16325.125000
16354.275000
16384.000000
16413.525000
16442.075000
16470.925000
16501.125000
16530.175000
16558.375000
16587.475000
16617.625000
16646.800000
16675.125000
16704.275000
16734.000000
16763.525000
16792.075000
16820.925000
16851.125000
16880.175000
16908.375000
16937.475000
16967.625000
16996.800000
17025.125000
17054.275000
17084.000000
17113.525000
17142.075000
17170.925000
17201.125000
17230.175000
17258.375000
17287.475000
17317.625000
17346.800000
17375.125000
17404.275000
17434.000000
17463.525000
17492.075000
17520.925000
17551.125000
17580.175000
17608.375000
17637.475000
17667.625000
17696.800000
17725.125000
17754.275000
17784.000000
17813.525000
17842.075000
17870.925000
17901.125000
17930.175000
17958.375000
17987.475000
18017.625000
18046.800000
18075.125000
18104.275000
18134.000000
18163.525000
18192.075000
18220.925000
18251.125001
18280.175001
18308.375001
18337.475001
18367.625001
18396.800001
18425.125001
18454.275001
18484.000001
18513.525001
18542.075001
18570.925001
18601.125001
18630.175001
18658.375001
18687.475001
18717.625001
18746.800001
18775.125001
18804.275001
18834.000001
18863.525001
18892.075001
18920.925001
18951.125001
18980.175001
19008.375001
19037.475001
19067.625001
19096.800001
19125.125001
19154.275001
19184.000001
19213.525001
19242.075001
19270.925001
19301.125001
19330.175001
19358.375001
19387.475001
19417.625001
19446.800001
19475.125001
19504.275001
19534.000001
19563.525001
19592.075001
19620.925001
19651.125001
19680.175001
19708.375001
19737.475001
19767.625001
19796.800001
19825.125001
19854.275001
19884.000001
19913.525001
19942.075001
19970.925001
20001.125001
20030.175001
20058.375001
20087.475001
20117.700001
20146.850001
20175.350001
20205.275001
20234.775001
20263.675001
20292.900001
20322.950001
20352.525001
20381.725001
20411.600001
20441.425001
20470.650001
20501.125001
20530.325001
20559.675001
20590.150001
20619.325001
20648.650001
20679.225001
20708.275001
20738.675001
20768.950001
20798.550001
20829.200001
20858.325001
20888.925001
20919.175001
20948.725001
20979.850001
21009.750001
21040.600001
21070.650001
21101.375001
21131.375001
21162.600001
21192.850001
21223.650001
21254.050001
21285.000001
21315.250001
21346.450001
21377.525001
21408.125001
21439.475001
21470.375001
21501.800001
21533.025001
21563.725001
21595.600001
21626.175001
21657.875001
21689.575001
21720.675001
21752.400001
21784.425001
21815.225001
21846.925001
21879.050001
21909.850001
21941.550001
21973.550001
22005.350001
22036.250001
22068.850001
22101.250001
22133.075001
22164.650001
22197.025001
22229.475001
22262.075001
22294.225001
22326.150001
22358.175001
22391.150001
22423.650001
22456.650001
22488.900001
22520.875001
22553.550001
22586.025001
22619.125001
22652.200001
22685.525001
22718.850001
22752.225001
22785.625001
22819.025001
22852.375001
22885.725001
22919.125001
22952.475001
22985.800001
23019.200001
23052.575001
23085.900001
23119.325001
23152.700001
23186.025001
23219.525001
23253.150001
23287.100001
23320.775001
23355.075001
23389.675001
23423.975001
23458.075001
23492.175001
23526.325001
23560.925001
23595.650001
23630.175001
23664.300001
23698.775001
23734.000001
23769.075001
23803.875001
23838.825001
23873.800001
23908.325001
23943.275001
23979.075001
24013.750001
24048.800001
24084.675001
24119.575001
24155.425001
24191.275001
24226.525001
24262.625001
24298.275001
24334.625001
24370.375001
24406.900001
24442.800001
24479.350001
24515.275001
24552.000001
24588.675001
24624.925001
24662.125001
24698.475001
24735.600001
24773.050001
24809.750001
24846.950001
24884.525001
24921.525001
24958.875001
24996.775001
25034.625001
25072.175001
25109.625001
25147.200001
25185.500001
25223.700001
25262.175001
25300.525001
25338.875001
25377.275001
25416.000001
25454.900001
25493.825001
25532.950001
25572.000001
25611.025001
25650.225001
25689.850001
25729.450001
25769.050001
25808.350001
25848.150001
25888.125001
25928.725001
25968.975001
26009.200001
26049.775001
26090.375001
26130.625001
26171.350001
26212.550001
26253.450001
26295.100001
26336.125001
26377.725001
26419.225001
26460.975001
26502.675001
26545.025001
26587.175001
26629.875001
26672.550001
26715.075001
26757.975001
26801.225001
26844.375001
26887.500001
26930.875001
26974.700001
27018.850001
27063.225001
27107.800001
27152.425001
27197.100001
27241.925001
27287.025001
27332.425001
27378.175001
27424.125001
27470.200001
27516.700001
27563.325001
27610.100001
27657.400001
27704.775001
27752.500001
27800.625001
27848.700001
27897.200001
27946.175001
27995.550001
28045.300001
28095.475001
28145.850001
28196.650001
28247.800001
28299.425001
28351.625001
28404.050001
28457.200001
28510.700001
28564.800001
28619.525001
28674.875001
28730.825001
28787.475001
28845.175001
28903.625001
28963.125001
29023.600001
29085.250001
29148.075001
29212.500001
29278.575001
29346.725001
29417.200001
29490.800001
29568.825001
29654.675001
