2.000000
14.000000
5521.650000
5570.500000
5620.375000
5670.275000
5717.975000
5765.025000
5812.150000
5858.150000
5903.750000
5948.150000
5992.550000
6036.725000
6080.100000
6123.075000
6164.875000
6206.500000
6248.025000
6289.700000
6330.100000
6370.250000
6409.375000
6448.125000
6487.025000
6525.800000
6564.650000
6603.500000
6641.375000
6678.700000
6715.200000
6751.125000
6787.150000
6823.125000
6859.225000
6895.250000
6931.350000
6967.425000
7003.500000
7039.575000
7074.500000
7109.175000
7142.775000
7176.125000
7209.500000
7242.625000
7275.900000
7309.250000
7342.500000
7375.800000
7409.150000
7442.425000
7475.700000
7508.175000
7539.900000
7572.925000
7605.350000
7636.975000
7668.950000
7700.775000
7732.075000
7763.425000
7795.175000
7825.900000
7856.550000
7887.050000
7917.525000
7948.050000
7978.650000
8009.150000
8039.700000
8070.200000
8100.725000
8131.300000
8161.825000
8192.325000
8222.875000
8252.425000
8281.450000
8311.775000
8341.175000
8370.225000
8399.625000
8428.575000
8457.650000
8486.850000
8514.950000
8542.700000
8570.450000
8598.175000
8625.925000
8653.750000
8681.475000
8709.225000
8736.975000
8764.725000
8792.450000
8820.225000
8847.975000
8875.750000
8903.550000
8931.300000
8959.050000
8986.800000
9013.750000
9039.975000
9067.350000
9095.100000
9122.850000
9150.600000
9177.875000
9203.750000
9230.100000
9256.400000
9283.025000
9309.125000
9335.525000
9361.875000
9388.350000
9414.625000
9440.050000
9466.250000
9492.350000
9517.575000
9542.675000
9567.650000
9592.625000
9617.600000
9642.600000
9667.550000
9692.550000
9717.525000
9742.525000
9767.500000
9792.500000
9817.475000
9842.475000
9867.450000
9892.450000
9917.425000
9942.425000
9967.400000
9992.400000
10017.375000
10042.375000
10067.375000
10092.350000
10117.350000
10142.350000
10167.350000
10192.350000
10217.350000
10242.350000
10267.350000
10292.350000
10317.350000
10342.350000
10367.350000
10392.350000
10417.350000
10442.325000
10467.350000
10492.325000
10517.350000
10542.325000
10567.350000
10592.325000
10617.350000
10642.325000
10667.350000
10692.325000
10717.350000
10742.325000
10767.350000
10792.325000
10817.350000
10842.325000
10867.350000
10892.325000
10917.350000
10942.325000
10967.350000
10992.325000
11017.350000
11042.325000
11067.350000
11092.325000
11117.350000
11142.325000
11167.350000
11192.325000
11217.350000
11242.325000
11267.350000
11292.325000
11317.350000
11342.325000
11367.350000
11392.325000
11417.350000
11442.325000
11467.350000
11492.325000
11517.350000
11542.325000
11567.350000
11592.325000
11617.350000
11642.325000
11667.350000
11692.325000
11717.350000
11742.325000
11767.350000
11792.325000
11817.350000
11842.325000
11867.350000
11892.325000
11917.350000
11942.325000
11967.350000
11992.325000
12017.350000
12042.325000
12067.350000
12092.325000
12117.350000
12142.325000
12167.350000
12192.325000
12217.350000
12242.325000
12267.350000
12292.325000
12317.350000
12342.325000
12367.350000
12392.325000
12417.350000
12442.325000
12467.350000
12492.325000
12517.350000
12542.325000
12567.350000
12592.325000
12617.350000
12642.325000
12667.350000
12692.325000
12717.350000
12742.325000
12767.350000
12792.325000
12817.350000
12842.325000
12867.350000
12892.325000
12917.350000
12942.325000
12967.350000
12992.325000
13017.350000
13042.325000
13067.350000
13092.325000
13117.350000
13142.325000
13167.350000
13192.325000
13217.350000
13242.325000
13267.350000
13292.325000
13317.350000
13342.325000
13367.350000
13392.325000
13417.350000
13442.325000
13467.350000
13492.325000
13517.350000
13542.325000
13567.350000
13592.325000
13617.350000
13642.325000
13667.350000
13692.325000
13717.350000
13742.325000
13767.350000
13792.325000
13817.350000
13842.325000
13867.350000
13892.325000
13917.350000
13942.325000
13967.350000
13992.325000
14017.350000
14042.325000
14067.350000
14092.325000
14117.350000
14142.325000
14167.350000
14192.325000
14217.350000
14242.325000
14267.350000
14292.325000
14317.350000
14342.325000
14367.350000
14392.325000
14417.350000
14442.325000
14467.350000
14492.325000
14517.350000
14542.325000
14567.350000
14592.325000
14617.350000
14642.325000
14667.350000
14692.325000
14717.350000
14742.325000
14767.350000
14792.325000
14817.350000
14842.325000
14867.350000
14892.325000
14917.350000
14942.325000
14967.350000
14992.325000
15017.350000
15042.325000
15067.350000
15092.325000
15117.350000
15142.325000
15167.350000
15192.325000
15217.350000
15242.325000
15267.350000
15292.325000
15317.350000
15342.325000
15367.350000
15392.325000
15417.350000
15442.325000
15467.350000
15492.325000
15517.350000
15542.325000
15567.350000
15592.325000
15617.350000
15642.325000
15667.350000
15692.325000
15717.350000
15742.325000
15767.350000
15792.325000
15817.350000
15842.325000
15867.350000
15892.325000
15917.350000
15942.325000
15967.350000
15992.325000
16017.350000
16042.325000
16067.350000
16092.325000
16117.350000
16142.325000
16167.350000
16192.325000
16217.350000
16242.325000
16267.350000
16292.325000
16317.350000
16342.325000
16367.350000
16392.325000
16417.350000
16442.325000
16467.350000
16492.325000
16517.350000
16542.325000
16567.350000
16592.325000
16617.350000
16642.325000
16667.350000
16692.325000
16717.350000
16742.325000
16767.350000
16792.325000
16817.350000
16842.325000
16867.350000
16892.325000
16917.350000
16942.325000
16967.350000
16992.325000
17017.350000
17042.325000
17067.350000
17092.325000
17117.350000
17142.325000
17167.350000
17192.325000
17217.350000
17242.325000
17267.350000
17292.325000
17317.350000
17342.325000
17367.350000
17392.325000
17417.350000
17442.325000
17467.350000
17492.325000
17517.350000
17542.325000
17567.350000
17592.325000
17617.350000
17642.325000
17667.350000
17692.325000
17717.350000
17742.325000
17767.350000
17792.325000
17817.350000
17842.325000
17867.350000
17892.325000
17917.350000
17942.325000
17967.350000
17992.325000
18017.350000
18042.325000
18067.350000
18092.325000
18117.350000
18142.325000
18167.350000
18192.325000
18217.350000
18242.325001
18267.350001
18292.325001
18317.350001
18342.325001
18367.350001
18392.325001
18417.350001
18442.325001
18467.350001
18492.325001
18517.350001
18542.325001
18567.350001
18592.325001
18617.350001
18642.325001
18667.350001
18692.325001
18717.350001
18742.325001
18767.350001
18792.325001
18817.350001
18842.325001
18867.350001
18892.325001
18917.350001
18942.325001
18967.350001
18992.325001
19017.350001
19042.325001
19067.350001
19092.325001
19117.350001
19142.325001
19167.350001
19192.325001
19217.350001
19242.325001
19267.350001
19292.325001
19317.350001
19342.325001
19367.350001
19392.325001
19417.350001
19442.325001
19467.350001
19492.325001
19517.350001
19542.325001
19567.350001
19592.325001
19617.350001
19642.325001
19667.350001
19692.325001
19717.350001
19742.325001
19767.350001
19792.325001
19817.350001
19842.325001
19867.350001
19892.325001
19917.350001
19942.325001
19967.350001
19992.325001
20017.350001
20042.325001
20067.350001
20092.325001
20117.350001
20142.350001
20167.350001
20192.375001
20217.375001
20242.375001
20267.400001
20292.400001
20317.400001
20342.425001
20367.425001
20392.450001
20417.450001
20442.475001
20467.475001
20492.500001
20517.500001
20542.525001
20567.550001
20592.575001
20617.575001
20642.625001
20667.625001
20692.675001
20717.700001
20742.750001
20767.800001
20793.700001
20820.150001
20845.525001
20871.925001
20897.950001
20924.400001
20950.750001
20977.800001
21003.675001
21030.075001
21056.425001
21084.000001
21111.075001
21137.100001
21163.700001
21189.900001
21217.375001
21245.125001
21272.900001
21300.700001
21328.525001
21356.325001
21384.100001
21411.900001
21439.675001
21467.450001
21495.250001
21523.050001
21550.825001
21578.725001
21606.500001
21634.325001
21662.150001
21689.975001
21717.725001
21745.575001
21774.375001
21803.575001
21832.800001
21861.900001
21891.225001
21920.250001
21950.625001
21980.050001
22009.250001
22039.600001
22070.075001
22100.675001
22131.250001
22161.850001
22192.400001
22222.975001
22253.600001
22284.175001
22314.750001
22345.300001
22375.875001
22406.575001
22437.175001
22467.700001
22498.375001
22530.025001
22561.925001
22594.125001
22625.800001
22657.925001
22689.850001
22722.950001
22756.300001
22789.650001
22822.975001
22856.375001
22889.750001
22923.075001
22956.500001
22989.900001
23023.225001
23057.675001
23092.450001
23127.025001
23162.000001
23197.250001
23231.675001
23267.450001
23303.600001
23339.750001
23375.825001
23412.075001
23448.150001
23484.775001
23522.900001
23560.625001
23598.100001
23636.850001
23675.775001
23714.750001
23753.750001
23792.625001
23831.800001
23871.925001
23912.150001
23953.650001
23995.325001
24037.100001
24079.950001
24123.125001
24167.525001
24212.100001
24256.750001
24302.225001
24348.225001
24395.450001
24442.825001
24492.625001
24542.800001
24595.575001
24651.050001
24714.625001
