20.000000
14.000000
4248.550000
4297.050000
4345.450000
4392.700000
4439.925000
4485.925000
4531.500000
4575.975000
4620.325000
4663.850000
4706.650000
4748.300000
4790.025000
4831.500000
4873.075000
4913.650000
4953.775000
4992.850000
5031.800000
5070.425000
5109.275000
5148.050000
5186.900000
5225.500000
5263.400000
5300.875000
5338.075000
5375.725000
5412.150000
5448.125000
5484.275000
5520.275000
5556.400000
5592.425000
5628.550000
5663.500000
5698.100000
5732.925000
5767.475000
5801.100000
5835.225000
5869.300000
5903.525000
5937.000000
5970.275000
6003.650000
6036.925000
6070.200000
6103.550000
6135.850000
6167.625000
6200.700000
6232.925000
6264.750000
6296.700000
6328.625000
6359.550000
6391.125000
6422.950000
6453.750000
6484.325000
6514.825000
6545.300000
6575.825000
6606.400000
6636.925000
6667.425000
6697.950000
6728.550000
6758.250000
6787.250000
6817.375000
6846.875000
6875.850000
6905.375000
6934.225000
6963.350000
6992.450000
7020.650000
7049.575000
7078.550000
7106.625000
7134.500000
7162.250000
7189.950000
7217.600000
7245.350000
7273.100000
7300.850000
7328.675000
7356.400000
7384.150000
7411.925000
7439.675000
7467.400000
7495.175000
7522.925000
7550.700000
7578.500000
7606.250000
7633.725000
7660.725000
7687.000000
7713.475000
7739.775000
7767.275000
7792.925000
7819.100000
7845.225000
7870.775000
7896.800000
7922.975000
7948.250000
7973.400000
7998.375000
8023.325000
8048.250000
8073.200000
8098.175000
8123.150000
8148.125000
8173.100000
8198.100000
8223.075000
8248.050000
8273.025000
8298.025000
8323.000000
8348.000000
8372.975000
8397.975000
8422.950000
8447.950000
8472.925000
8497.925000
8522.925000
8547.850000
8572.900000
8596.950000
8620.375000
8645.125000
8669.075000
8692.550000
8717.325000
8741.225000
8764.750000
8788.650000
8811.950000
8835.600000
8859.175000
8882.900000
8906.350000
8929.950000
8953.575000
8976.100000
8999.550000
9022.950000
9045.425000
9067.800000
9091.025000
9114.075000
9136.950000
9159.350000
9181.600000
9203.825000
9225.925000
9248.150000
9270.350000
9292.575000
9314.825000
9337.025000
9359.225000
9381.450000
9403.650000
9425.825000
9448.025000
9470.250000
9492.475000
9514.700000
9536.925000
9559.125000
9581.350000
9603.575000
9625.725000
9647.950000
9670.175000
9692.375000
9714.550000
9735.925000
9756.725000
9778.550000
9800.675000
9822.900000
9845.100000
9867.325000
9889.425000
9910.900000
9931.500000
9952.550000
9973.100000
9995.125000
10016.525000
10037.000000
10057.875000
10078.650000
10100.600000
10120.750000
10141.650000
10162.050000
10183.100000
10203.650000
10224.550000
10245.250000
10267.100000
10288.150000
10309.175000
10330.075000
10350.800000
10372.150000
10392.525000
10413.400000
10434.175000
10455.250000
10475.800000
10496.775000
10517.475000
10538.600000
10559.175000
10580.050000
10600.800000
10622.125000
10642.500000
10663.400000
10684.175000
10705.250000
10725.800000
10746.775000
10767.475000
10788.600000
10809.175000
10830.050000
10850.800000
10872.125000
10892.500000
10913.400000
10934.175000
10955.250000
10975.800000
10996.775000
11017.475000
11038.600000
11059.175000
11080.050000
11100.800000
11122.125000
11142.500000
11163.400000
11184.175000
11205.250000
11225.800000
11246.775000
11267.475000
11288.600000
11309.175000
11330.050000
11350.800000
11372.125000
11392.500000
11413.400000
11434.175000
11455.250000
11475.800000
11496.775000
11517.475000
11538.600000
11559.175000
11580.050000
11600.800000
11622.125000
11642.500000
11663.400000
11684.175000
11705.250000
11725.800000
11746.775000
11767.475000
11788.600000
11809.175000
11830.050000
11850.800000
11872.125000
11892.500000
11913.400000
11934.175000
11955.250000
11975.800000
11996.775000
12017.475000
12038.600000
12059.175000
12080.050000
12100.800000
12122.125000
12142.500000
12163.400000
12184.175000
12205.250000
12225.800000
12246.775000
12267.475000
12288.600000
12309.175000
12330.050000
12350.800000
12372.125000
12392.500000
12413.400000
12434.175000
12455.250000
12475.800000
12496.775000
12517.475000
12538.600000
12559.175000
12580.050000
12600.800000
12622.125000
12642.500000
12663.400000
12684.175000
12705.250000
12725.800000
12746.775000
12767.475000
12788.600000
12809.175000
12830.050000
12850.800000
12872.125000
12892.500000
12913.400000
12934.175000
12955.250000
12975.800000
12996.775000
13017.475000
13038.600000
13059.175000
13080.050000
13100.800000
13122.125000
13142.500000
13163.400000
13184.175000
13205.250000
13225.800000
13246.775000
13267.475000
13288.600000
13309.175000
13330.050000
13350.800000
13372.125000
13392.500000
13413.400000
13434.175000
13455.250000
13475.800000
13496.775000
13517.475000
13538.600000
13559.175000
13580.050000
13600.800000
13622.125000
13642.500000
13663.400000
13684.175000
13705.250000
13725.800000
13746.775000
13767.475000
13788.600000
13809.175000
13830.050000
13850.800000
13872.125000
13892.500000
13913.400000
13934.175000
13955.250000
13975.800000
13996.775000
14017.475000
14038.600000
14059.175000
14080.050000
14100.800000
14122.125000
14142.500000
14163.400000
14184.175000
14205.250000
14225.800000
14246.775000
14267.475000
14288.600000
14309.175000
14330.050000
14350.800000
14372.125000
14392.500000
14413.400000
14434.175000
14455.250000
14475.800000
14496.775000
14517.475000
14538.600000
14559.175000
14580.050000
14600.800000
14622.125000
14642.500000
14663.400000
14684.175000
14705.250000
14725.800000
14746.775000
14767.475000
14788.600000
14809.175000
14830.050000
14850.800000
14872.125000
14892.500000
14913.400000
14934.175000
14955.250000
14975.800000
14996.775000
15017.475000
15038.600000
15059.175000
15080.050000
15100.800000
15122.125000
15142.500000
15163.400000
15184.175000
15205.250000
15225.800000
15246.775000
15267.475000
15288.600000
15309.175000
15330.050000
15350.800000
15372.125000
15392.500000
15413.400000
15434.175000
15455.250000
15475.800000
15496.775000
15517.475000
15538.600000
15559.175000
15580.050000
15600.800000
15622.125000
15642.500000
15663.400000
15684.175000
15705.250000
15725.800000
15746.775000
15767.475000
15788.600000
15809.175000
15830.050000
15850.800000
15872.125000
15892.500000
15913.400000
15934.175000
15955.250000
15975.800000
15996.775000
16017.475000
16038.600000
16059.175000
16080.050000
16100.800000
16122.125000
16142.500000
16163.400000
16184.175000
16205.250000
16225.800000
16246.775000
16267.475000
16288.600000
16309.175000
16330.050000
16350.800000
16372.125000
16392.500000
16413.400000
16434.175000
16455.250000
16475.800000
16496.775000
16517.475000
16538.600000
16559.175000
16580.050000
16600.800000
16622.125000
16642.500000
16663.400000
16684.175000
16705.250000
16725.800000
16746.775000
16767.475000
16788.600000
16809.175000
16830.050000
16850.800000
16872.125000
16892.500000
16913.400000
16934.175000
16955.250000
16975.800000
16996.775000
17017.475000
17038.600000
17059.175000
17080.050000
17100.800000
17122.125000
17142.500000
17163.400000
17184.175000
17205.250000
17225.800000
17246.775000
17267.475000
17288.600000
17309.175000
17330.050000
17350.800000
17372.125000
17392.500000
17413.400000
17434.175000
17455.250000
17475.800000
17496.775000
17517.475000
17538.600000
17559.175000
17580.050000
17600.800000
17622.125000
17642.500000
17663.400000
17684.175000
17705.250000
17725.800000
17746.775000
17767.475000
17788.600000
17809.175000
17830.050000
17850.800000
17872.125000
17892.500000
17913.400000
17934.175000
17955.250000
17975.800000
17996.775000
18017.475000
18038.600000
18059.175000
18080.050000
18100.800000
18122.125000
18142.500000
18163.400000
18184.175000
18205.250000
18225.800000
18246.775001
18267.475001
18288.600001
18309.175001
18330.050001
18350.800001
18372.125001
18392.500001
18413.400001
18434.175001
18455.250001
18475.800001
18496.775001
18517.475001
18538.600001
18559.175001
18580.050001
18600.800001
18622.125001
18642.500001
18663.400001
18684.175001
18705.250001
18725.800001
18746.775001
18767.475001
18788.600001
18809.175001
18830.050001
18850.800001
18872.125001
18892.500001
18913.400001
18934.175001
18955.250001
18975.800001
18996.775001
19017.475001
19038.600001
19059.175001
19080.050001
19100.800001
19122.125001
19142.500001
19163.400001
19184.175001
19205.250001
19225.800001
19246.775001
19267.475001
19288.600001
19309.175001
19330.050001
19350.800001
19372.125001
19392.500001
19413.400001
19434.175001
19455.250001
19475.800001
19496.775001
19517.475001
19538.600001
19559.175001
19580.050001
19600.800001
19622.125001
19642.500001
19663.400001
19684.175001
19705.250001
19725.800001
19746.775001
19767.475001
19788.600001
19809.175001
19830.050001
19850.800001
19872.125001
19892.500001
19913.400001
19934.175001
19955.250001
19975.800001
19996.775001
20017.475001
20038.600001
20059.175001
20080.050001
20100.800001
20122.775001
20143.050001
20164.525001
20185.600001
20206.450001
20228.475001
20249.800001
20270.325001
20291.450001
20312.050001
20334.050001
20356.175001
20378.475001
20400.650001
20422.875001
20445.125001
20467.350001
20489.600001
20511.825001
20534.050001
20556.300001
20578.525001
20600.725001
20622.950001
20645.175001
20667.425001
20689.675001
20711.900001
20734.150001
20756.375001
20778.600001
20800.800001
20823.025001
20845.275001
20867.500001
20889.775001
20912.000001
20934.250001
20956.475001
20978.725001
21000.900001
21023.150001
21045.400001
21067.650001
21089.975001
21112.225001
21134.500001
21156.825001
21179.975001
21203.550001
21226.000001
21248.600001
21272.825001
21295.425001
21318.950001
21342.450001
21366.300001
21389.700001
21413.350001
21436.950001
21460.800001
21484.200001
21507.875001
21531.475001
21556.250001
21580.075001
21603.750001
21628.500001
21652.525001
21675.950001
21700.725001
21725.675001
21750.700001
21775.700001
21800.700001
21825.725001
21850.725001
21875.750001
21900.750001
21925.775001
21950.775001
21975.800001
22000.800001
22025.825001
22050.850001
22075.875001
22100.875001
22125.900001
22150.925001
22175.950001
22201.000001
22226.025001
22251.100001
22276.175001
22302.175001
22328.575001
22354.850001
22381.350001
22407.750001
22434.150001
22460.725001
22486.975001
22513.425001
22539.800001
22567.350001
22595.075001
22622.850001
22650.650001
22678.500001
22706.275001
22734.075001
22761.875001
22789.650001
22817.425001
22845.225001
22873.000001
22900.800001
22928.675001
22956.450001
22984.275001
23012.075001
23039.900001
23067.650001
23095.500001
23123.350001
23152.075001
23181.325001
23210.425001
23239.700001
23268.950001
23298.050001
23328.450001
23357.850001
23387.050001
23417.375001
23447.825001
23478.525001
23509.050001
23539.675001
23570.200001
23600.800001
23631.400001
23662.000001
23692.550001
23723.150001
23753.825001
23784.500001
23815.775001
23847.950001
23879.925001
23911.950001
23944.125001
23975.850001
24008.000001
24039.925001
24072.975001
24106.325001
24139.700001
24173.025001
24206.425001
24239.800001
24273.125001
24306.600001
24340.100001
24373.700001
24407.950001
24442.500001
24477.550001
24512.125001
24547.925001
24584.125001
24620.200001
24656.425001
24692.525001
24728.825001
24764.950001
24801.175001
24838.475001
24875.850001
24913.550001
24951.050001
24989.775001
25028.725001
25067.625001
25106.700001
25145.775001
25185.775001
25225.950001
25267.525001
25309.225001
25350.975001
25392.750001
25435.725001
25479.275001
25523.225001
25567.750001
25613.450001
25659.450001
25706.750001
25755.225001
25805.000001
25856.675001
25909.450001
25965.000001
26024.600001
