10.000000
28.000000
1475.225000
1551.450000
1620.450000
1683.450000
1742.050000
1797.475000
1850.875000
1902.350000
1952.250000
2000.925000
2048.075000
2094.225000
2139.200000
2183.250000
2226.300000
2268.950000
2310.825000
2352.150000
2392.825000
2433.000000
2472.800000
2512.250000
2551.125000
2589.675000
2627.825000
2665.450000
2702.875000
2740.350000
2777.475000
2814.150000
2851.200000
2887.525000
2924.075000
2960.400000
2996.800000
3032.900000
3068.975000
3104.750000
3140.600000
3176.050000
3211.575000
3246.975000
3281.975000
3317.400000
3352.450000
3387.250000
3422.100000
3456.900000
3491.450000
3525.825000
3560.300000
3594.975000
3629.375000
3663.525000
3697.325000
3731.225000
3765.175000
3798.700000
3832.350000
3866.200000
3899.850000
3933.250000
3966.675000
3999.925000
4033.150000
4066.375000
4099.225000
4132.225000
4165.125000
4197.800000
4230.550000
4263.500000
4296.150000
4329.100000
4361.375000
4393.725000
4426.175000
4458.250000
4490.700000
4523.275000
4555.325000
4587.150000
4619.225000
4651.300000
4683.050000
4714.450000
4746.675000
4778.875000
4809.900000
4841.550000
4873.350000
4904.325000
4935.800000
4967.525000
4998.475000
5029.975000
5061.125000
5091.800000
5123.325000
5154.000000
5184.950000
5215.400000
5246.375000
5277.050000
5308.050000
5338.700000
5369.225000
5399.700000
5430.250000
5460.550000
5491.325000
5521.075000
5551.550000
5581.550000
5612.250000
5641.750000
5671.950000
5702.000000
5731.850000
5762.225000
5791.625000
5820.975000
5851.275000
5880.475000
5909.800000
5939.975000
5969.275000
5998.475000
6027.975000
6057.550000
6086.375000
6115.750000
6145.700000
6174.750000
6203.675000
6233.075000
6262.425000
6291.425000
6319.725000
6348.600000
6377.650000
6406.825000
6435.575000
6463.900000
6492.700000
6520.950000
6549.850000
6578.900000
6607.200000
6635.800000
6663.825000
6691.875000
6720.225000
6748.575000
6776.475000
6804.750000
6833.300000
6861.325000
6889.925000
6918.075000
6945.975000
6973.900000
7002.100000
7030.300000
7058.125000
7085.900000
7113.675000
7141.500000
7169.225000
7196.950000
7224.675000
7252.400000
7280.200000
7307.925000
7335.650000
7363.400000
7391.200000
7418.650000
7446.200000
7473.725000
7501.325000
7528.900000
7555.700000
7582.375000
7609.550000
7636.125000
7663.600000
7690.675000
7718.050000
7744.850000
7771.275000
7798.350000
7824.975000
7851.975000
7879.275000
7905.825000
7932.050000
7958.350000
7985.550000
8012.550000
8038.900000
8064.850000
8091.600000
8118.175000
8144.500000
8170.500000
8197.050000
8223.625000
8249.025000
8275.100000
8301.650000
8327.875000
8353.450000
8380.325000
8406.850000
8432.025000
8458.175000
8484.650000
8509.750000
8535.900000
8562.200000
8587.350000
8613.550000
8639.150000
8664.050000
8690.450000
8715.450000
8741.525000
8767.700000
8792.675000
8818.500000
8843.925000
8869.450000
8895.700000
8920.100000
8946.100000
8970.950000
8996.875000
9021.900000
9047.150000
9072.375000
9097.225000
9122.550000
9147.275000
9173.000000
9197.400000
9223.525000
9247.375000
9273.450000
9297.325000
9322.925000
9347.325000
9372.800000
9397.300000
9422.400000
9447.125000
9471.075000
9496.275000
9520.800000
9545.925000
9569.600000
9594.650000
9619.325000
9643.175000
9668.175000
9691.850000
9716.875000
9741.525000
9765.275000
9790.325000
9813.875000
9837.700000
9862.650000
9886.150000
9910.025000
9934.925000
9958.375000
9982.200000
10007.075000
10030.575000
10054.350000
10079.250000
10102.775000
10126.375000
10151.275000
10174.900000
10198.400000
10222.650000
10247.075000
10270.525000
10295.000000
10319.350000
10342.975000
10367.900000
10391.575000
10414.375000
10439.225000
10463.675000
10486.425000
10511.200000
10535.650000
10558.550000
10583.300000
10607.525000
10630.750000
10655.525000
10679.875000
10703.125000
10727.850000
10751.950000
10775.350000
10800.075000
10824.250000
10847.825000
10873.350000
10897.125000
10920.650000
10945.075000
10969.350000
10993.000000
11017.925000
11041.600000
11064.450000
11089.725000
11113.800000
11137.350000
11161.775000
11186.000000
11209.525000
11233.900000
11258.200000
11281.700000
11306.275000
11330.475000
11354.175000
11379.100000
11402.675000
11426.175000
11450.425000
11474.850000
11498.275000
11522.725000
11547.100000
11570.650000
11595.075000
11619.350000
11643.000000
11667.925000
11691.600000
11714.425000
11739.525000
11763.775000
11787.350000
11811.750000
11836.000000
11859.500000
11883.875000
11908.200000
11931.675000
11956.300000
11980.475000
12004.175000
12029.100000
12052.675000
12076.175000
12100.425000
12124.850000
12148.275000
12172.725000
12197.100000
12220.650000
12245.025000
12269.350000
12292.975000
12317.925000
12341.575000
12364.400000
12389.275000
12413.700000
12436.525000
12461.325000
12485.825000
12508.575000
12533.325000
12557.550000
12580.750000
12605.550000
12629.950000
12653.175000
12677.900000
12702.200000
12725.800000
12751.225000
12774.900000
12798.425000
12822.725000
12847.100000
12870.650000
12895.000000
12919.350000
12942.975000
12967.900000
12991.575000
13014.375000
13039.175000
13063.650000
13086.400000
13111.150000
13135.525000
13158.550000
13183.325000
13207.575000
13230.775000
13255.575000
13280.000000
13303.175000
13327.925000
13352.250000
13375.800000
13401.225000
13424.900000
13448.425000
13472.725000
13497.100000
13520.625000
13544.975000
13569.325000
13592.950000
13617.900000
13641.575000
13664.350000
13689.150000
13713.650000
13736.375000
13761.125000
13785.450000
13808.550000
13833.300000
13857.550000
13880.750000
13905.550000
13929.925000
13953.150000
13977.900000
14002.150000
14025.800000
14051.225000
14074.900000
14098.425000
14122.725000
14147.100000
14170.650000
14195.050000
14219.350000
14243.000000
14267.925000
14291.600000
14314.425000
14339.425000
14363.775000
14387.225000
14411.650000
14436.000000
14459.400000
14484.000000
14508.225000
14531.800000
14556.475000
14580.450000
14604.125000
14629.000000
14652.650000
14676.075000
14700.425000
14724.850000
14748.300000
14772.700000
14797.100000
14820.650000
14845.000000
14869.350000
14892.975000
14917.900000
14941.575000
14964.375000
14989.200000
15013.675000
15036.400000
15061.175000
15085.600000
15108.550000
15133.325000
15157.550000
15180.750000
15205.550000
15229.950000
15253.175000
15277.900000
15302.225000
15325.800000
15351.225000
15374.900000
15398.425000
15422.725000
15447.100000
15470.625000
15494.975000
15519.325000
15542.975000
15567.900000
15591.575000
15614.350000
15639.150000
15663.650000
15686.375000
15711.125000
15735.450000
15758.550000
15783.325000
15807.550000
15830.750000
15855.550000
15879.950000
15903.175000
15927.900000
15952.200000
15975.800000
16001.225000
16024.900000
16048.425000
16072.725000
16097.100000
16120.625000
16145.000000
16169.325000
16192.975000
16217.900000
16241.575000
16264.350000
16289.175000
16313.650000
16336.375000
16361.150000
16385.475000
16408.550000
16433.325000
16457.575000
16480.750000
16505.575000
16529.975000
16553.175000
16577.925000
16602.250000
16625.800000
16651.225000
16674.900000
16698.425000
16722.725000
16747.100000
16770.625000
16794.975000
16819.325000
16842.950000
16867.900000
16891.575000
16914.350000
16939.150000
16963.650000
16986.375000
17011.125000
17035.450000
17058.550000
17083.300000
17107.550000
17130.750000
17155.550000
17179.925000
17203.150000
17227.900000
17252.150000
17275.800000
17301.225000
17324.900000
17348.425000
17372.725000
17397.100000
17420.650000
17445.050000
17469.350000
17493.000000
17517.925000
17541.600000
17564.425000
17589.400000
17613.750000
17637.100000
17662.025000
17686.000000
17709.450000
17733.900000
17758.225000
17781.700000
17806.275000
17830.475000
17854.175000
17879.100000
17902.675000
17926.175000
17950.425000
17974.850000
17998.275000
18022.750000
18047.100000
18070.675000
18095.125000
18119.350000
18143.000000
18167.950000
18191.600000
18214.475000
18239.825001
18263.775001
18287.275001
18311.625001
18335.975001
18359.250001
18384.450001
18408.200001
18431.400001
18456.800001
18480.450001
18504.100001
18528.775001
18552.675001
18576.200001
18600.450001
18624.850001
18648.325001
18672.650001
18697.075001
18720.550001
18744.975001
18769.325001
18792.950001
18817.875001
18841.575001
18864.350001
18889.150001
18913.625001
18936.350001
18961.100001
18985.375001
19008.525001
19033.275001
19057.450001
19080.700001
19105.400001
19129.675001
19152.975001
19176.750001
19201.550001
19225.050001
19248.700001
19273.625001
19297.175001
19320.775001
19345.650001
19369.325001
19392.900001
19417.775001
19441.575001
19464.325001
19489.100001
19513.600001
19536.350001
19561.075001
19585.275001
19608.500001
19633.075001
19657.350001
19680.650001
19704.800001
19729.825001
19753.200001
19777.950001
19802.375001
19825.675001
19851.175001
19874.900001
19898.425001
19922.700001
19947.100001
19970.625001
19994.975001
20019.325001
20042.950001
20067.875001
20091.575001
20114.450001
20140.025001
20163.775001
20187.400001
20212.375001
20236.025001
20259.725001
20284.725001
20308.300001
20332.100001
20357.075001
20380.625001
20405.475001
20430.225001
20454.175001
20479.275001
20502.875001
20527.575001
20552.475001
20576.425001
20601.475001
20625.175001
20650.575001
20675.050001
20700.025001
20724.850001
20748.800001
20774.050001
20798.650001
20823.800001
20848.425001
20873.700001
20898.050001
20923.750001
20948.425001
20973.750001
20998.450001
21023.775001
21048.525001
21073.825001
21098.625001
21124.125001
21148.975001
21174.850001
21200.150001
21225.025001
21251.275001
21275.875001
21301.800001
21327.050001
21352.800001
21379.175001
21404.150001
21430.225001
21455.725001
21480.650001
21507.050001
21532.125001
21558.175001
21584.550001
21609.650001
21635.850001
21662.150001
21687.475001
21713.675001
21740.175001
21765.350001
21791.600001
21818.075001
21843.325001
21869.475001
21895.975001
21922.200001
21947.875001
21974.825001
22001.425001
22027.600001
22053.600001
22080.425001
22107.125001
22133.525001
22159.725001
22186.075001
22213.125001
22240.325001
22267.000001
22293.200001
22319.625001
22346.975001
22373.775001
22401.225001
22427.825001
22454.300001
22480.725001
22508.150001
22535.525001
22562.875001
22590.375001
22617.950001
22645.200001
22672.675001
22700.100001
22727.100001
22754.625001
22782.000001
22809.275001
22836.325001
22863.875001
22891.600001
22919.250001
22946.975001
22974.725001
23002.525001
23030.325001
23058.100001
23085.900001
23113.700001
23141.575001
23169.375001
23197.175001
23225.000001
23252.825001
23280.600001
23308.425001
23336.275001
23364.250001
23392.875001
23420.850001
23448.900001
23477.700001
23506.575001
23535.025001
23563.650001
23591.800001
23620.525001
23648.800001
23677.875001
23706.925001
23735.750001
23764.000001
23792.975001
23822.075001
23851.325001
23880.300001
23908.775001
23938.375001
23968.050001
23997.075001
24026.175001
24055.625001
24085.075001
24113.975001
24143.350001
24173.500001
24202.700001
24232.050001
24262.325001
24291.650001
24321.025001
24351.350001
24380.625001
24410.875001
24441.125001
24470.850001
24501.350001
24530.800001
24561.275001
24591.550001
24621.825001
24652.425001
24682.875001
24713.575001
24744.175001
24774.775001
24805.475001
24835.950001
24866.850001
24897.275001
24928.800001
24959.375001
24990.600001
25021.450001
25052.700001
25084.325001
25115.225001
25146.750001
25178.425001
25209.700001
25241.400001
25273.275001
25304.525001
25336.050001
25368.075001
25399.800001
25431.450001
25463.600001
25495.800001
25527.750001
25559.625001
25591.675001
25624.050001
25656.800001
25688.975001
25721.100001
25753.800001
25786.125001
25819.075001
25851.900001
25884.925001
25918.000001
25951.150001
25984.375001
26017.750001
26051.125001
26084.525001
26117.950001
26151.375001
26184.875001
26218.500001
26252.375001
26285.975001
26319.600001
26353.625001
26387.550001
26421.725001
26456.225001
26490.675001
26524.925001
26559.325001
26594.000001
26629.000001
26663.575001
26698.325001
26733.275001
26768.275001
26803.125001
26838.525001
26873.850001
26909.150001
26944.975001
26980.475001
27016.350001
27052.250001
27088.225001
27124.525001
27160.750001
27197.000001
27233.350001
27269.600001
27306.575001
27343.050001
27380.075001
27417.300001
27454.300001
27491.550001
27529.100001
27566.550001
27604.050001
27641.700001
27679.800001
27718.000001
27756.325001
27794.750001
27833.250001
27871.900001
27910.750001
27949.800001
27988.900001
28028.325001
28068.000001
28107.750001
28147.550001
28187.600001
28227.900001
28268.450001
28309.150001
28350.175001
28391.400001
28432.825001
28474.575001
28516.550001
28558.550001
28601.150001
28643.850001
28686.900001
28730.325001
28774.000001
28818.100001
28862.475001
28907.250001
28952.425001
28998.000001
29044.125001
29090.725001
29137.750001
29185.475001
29233.850001
29282.950001
29332.850001
29383.725001
29435.675001
29488.875001
29543.475001
29599.675001
29657.550001
29717.175001
29778.600001
29841.875001
29907.150001
29974.600001
30044.575001
30117.200001
30190.975001
30266.275001
30343.375001
30422.825001
30505.375001
30591.725001
30682.375001
30778.400001
30884.025001
31090.825001
31182.925001
31284.125001
31467.175001
31560.150001
31661.650001
31825.225001
31920.225001
32024.050001
32206.375001
32299.600001
32401.500001
32584.700001
32677.650001
32779.075001
32941.525001
33036.650001
33140.600001
33322.750001
33416.000001
33517.875001
33701.050001
33793.950001
33895.300001
34057.775001
34152.900001
34256.800001
34439.050001
34532.250001
34634.050001
34817.400001
34910.250001
