3.000000
2.000000
2531.425000
2576.175000
2621.025000
2665.675000
2709.750000
2753.600000
2797.100000
2841.125000
2884.650000
2926.750000
2969.100000
3011.000000
3052.475000
3093.350000
3134.975000
3175.075000
3215.050000
3255.300000
3295.675000
3335.575000
3374.725000
3413.575000
3452.425000
3491.275000
3530.050000
3568.875000
3607.625000
3646.075000
3684.375000
3721.975000
3758.775000
3796.600000
3834.275000
3870.625000
3907.725000
3944.525000
3980.300000
4017.050000
4052.600000
4088.650000
4124.500000
4159.800000
4195.700000
4230.350000
4265.225000
4300.950000
4335.675000
4370.275000
4405.275000
4440.325000
4474.575000
4508.200000
4542.100000
4576.000000
4609.700000
4643.400000
4677.475000
4711.825000
4745.800000
4779.850000
4813.350000
4846.725000
4880.025000
4913.325000
4946.650000
4979.950000
5013.225000
5046.550000
5079.825000
5113.050000
5145.875000
5178.825000
5211.225000
5242.875000
5274.600000
5307.250000
5339.850000
5371.800000
5402.725000
5435.075000
5467.450000
5498.450000
5530.000000
5562.100000
5592.825000
5624.400000
5656.300000
5687.000000
5718.700000
5749.850000
5780.125000
5811.250000
5841.350000
5872.375000
5902.400000
5933.125000
5963.350000
5993.975000
6024.425000
6054.750000
6085.450000
6115.125000
6145.575000
6174.700000
6204.600000
6235.200000
6264.050000
6294.100000
6324.275000
6353.475000
6383.350000
6413.200000
6441.775000
6470.675000
6500.775000
6529.975000
6558.175000
6587.000000
6616.450000
6645.650000
6674.450000
6702.525000
6730.400000
6758.200000
6785.975000
6813.700000
6841.500000
6869.250000
6896.975000
6924.700000
6952.450000
6980.175000
7007.925000
7035.675000
7063.425000
7091.250000
7119.000000
7146.750000
7174.525000
7202.275000
7230.025000
7257.800000
7285.550000
7313.325000
7341.125000
7368.875000
7396.650000
7424.400000
7452.175000
7479.925000
7507.700000
7535.450000
7563.225000
7591.025000
7618.775000
7646.525000
7674.275000
7702.025000
7729.800000
7757.525000
7785.150000
7812.450000
7839.875000
7867.450000
7894.450000
7920.525000
7946.775000
7974.200000
8001.175000
8028.375000
8055.175000
8080.375000
8107.600000
8134.500000
8160.875000
8185.875000
8213.025000
8239.925000
8266.250000
8291.375000
8317.925000
8344.075000
8369.125000
8395.600000
8420.775000
8446.650000
8473.225000
8498.325000
8524.375000
8550.925000
8576.000000
8602.125000
8628.725000
8653.675000
8679.850000
8706.175000
8730.375000
8756.625000
8780.525000
8806.650000
8830.450000
8856.600000
8880.375000
8906.550000
8930.325000
8956.500000
8980.275000
9006.425000
9030.225000
9056.275000
9080.200000
9105.575000
9130.025000
9155.300000
9179.950000
9205.150000
9229.925000
9254.850000
9279.900000
9304.150000
9329.250000
9352.525000
9377.500000
9402.150000
9426.100000
9451.075000
9474.575000
9498.450000
9523.325000
9546.775000
9570.600000
9595.475000
9618.975000
9642.750000
9667.675000
9691.175000
9714.500000
9739.825000
9763.325000
9786.025000
9809.650000
9834.375000
9857.775000
9880.375000
9903.950000
9928.725000
9952.200000
9974.800000
9998.025000
10022.675000
10046.600000
10069.150000
10091.600000
10113.950000
10137.225000
10161.150000
10185.350000
10207.925000
10230.350000
10252.825000
10276.050000
10300.350000
10324.350000
10346.900000
10369.325000
10392.425000
10416.750000
10440.950000
10463.500000
10485.900000
10508.225000
10530.625000
10553.975000
10578.650000
10602.175000
10624.700000
10647.100000
10670.125000
10694.375000
10718.125000
10741.175000
10763.600000
10785.950000
10808.275000
10831.375000
10855.475000
10879.750000
10902.400000
10924.850000
10947.300000
10970.525000
10995.075000
11018.850000
11041.375000
11063.700000
11086.050000
11108.550000
11131.925000
11156.475000
11179.950000
11202.475000
11224.900000
11247.975000
11272.175000
11295.950000
11318.950000
11341.450000
11363.750000
11386.100000
11409.275000
11433.275000
11457.475000
11480.150000
11502.625000
11525.100000
11548.325000
11572.850000
11596.600000
11619.150000
11641.575000
11663.925000
11687.175000
11711.075000
11735.300000
11757.925000
11780.350000
11802.800000
11826.025000
11850.275000
11874.325000
11896.900000
11919.300000
11942.350000
11966.700000
11990.925000
12013.475000
12035.900000
12058.225000
12080.625000
12103.975000
12128.625000
12152.175000
12174.700000
12197.100000
12220.125000
12244.375000
12268.125000
12291.175000
12313.600000
12335.950000
12358.275000
12381.375000
12405.475000
12429.750000
12452.400000
12474.850000
12497.300000
12520.525000
12545.075000
12568.850000
12591.375000
12613.700000
12636.050000
12658.550000
12681.925000
12706.475000
12729.950000
12752.475000
12774.900000
12797.975000
12822.175000
12845.950000
12868.950000
12891.450000
12913.750000
12936.100000
12959.275000
12983.275000
13007.475000
13030.150000
13052.625000
13075.100000
13098.325000
13122.850000
13146.600000
13169.150000
13191.575000
13213.925000
13237.175000
13261.075000
13285.300000
13307.925000
13330.350000
13352.800000
13376.025000
13400.275000
13424.325000
13446.900000
13469.300000
13492.350000
13516.700000
13540.925000
13563.475000
13585.900000
13608.225000
13630.625000
13653.975000
13678.625000
13702.175000
13724.700000
13747.100000
13770.125000
13794.375000
13818.125000
13841.175000
13863.600000
13885.950000
13908.275000
13931.375000
13955.475000
13979.750000
14002.400000
14024.850000
14047.300000
14070.525000
14095.075000
14118.850000
14141.375000
14163.700000
14186.050000
14208.550000
14231.925000
14256.475000
14279.950000
14302.475000
14324.900000
14347.975000
14372.175000
14395.950000
14418.950000
14441.450000
14463.750000
14486.100000
14509.275000
14533.275000
14557.475000
14580.150000
14602.625000
14625.100000
14648.325000
14672.850000
14696.600000
14719.150000
14741.575000
14763.925000
14787.175000
14811.075000
14835.300000
14857.925000
14880.350000
14902.800000
14926.025000
14950.275000
14974.325000
14996.900000
15019.300000
15042.350000
15066.700000
15090.925000
15113.475000
15135.900000
15158.225000
15180.625000
15203.975000
15228.625000
15252.175000
15274.700000
15297.100000
15320.125000
15344.375000
15368.125000
15391.175000
15413.600000
15435.950000
15458.275000
15481.375000
15505.475000
15529.750000
15552.400000
15574.850000
15597.300000
15620.525000
15645.075000
15668.850000
15691.375000
15713.700000
15736.050000
15758.550000
15781.925000
15806.475000
15829.950000
15852.475000
15874.900000
15897.975000
15922.175000
15945.950000
15968.950000
15991.450000
16013.750000
16036.100000
16059.275000
16083.275000
16107.475000
16130.150000
16152.625000
16175.100000
16198.325000
16222.850000
16246.600000
16269.150000
16291.575000
16313.925000
16337.175000
16361.075000
16385.300000
16407.925000
16430.350000
16452.800000
16476.025000
16500.275000
16524.325000
16546.900000
16569.300000
16592.350000
16616.700000
16640.925000
16663.475000
16685.900000
16708.225000
16730.625000
16753.975000
16778.625000
16802.175000
16824.700000
16847.100000
16870.125000
16894.375000
16918.125000
16941.175000
16963.600000
16985.950000
17008.275000
17031.375000
17055.475000
17079.750000
17102.400000
17124.850000
17147.300000
17170.525000
17195.075000
17218.850000
17241.375000
17263.700000
17286.050000
17308.550000
17331.925000
17356.475000
17379.950000
17402.475000
17424.900000
17447.975000
17472.175000
17495.950000
17518.950000
17541.450000
17563.750000
17586.100000
17609.275000
17633.275000
17657.475000
17680.150000
17702.625000
17725.100000
17748.325000
17772.850000
17796.600000
17819.150000
17841.575000
17863.925000
17887.175000
17911.075000
17935.300000
17957.925000
17980.350000
18002.800000
18026.025000
18050.275000
18074.325000
18096.900000
18119.300000
18142.350000
18166.700000
18190.925000
18213.475000
18235.900001
18258.225001
18280.625001
18303.975001
18328.625001
18352.175001
18374.700001
18397.100001
18420.125001
18444.375001
18468.125001
18491.175001
18513.600001
18535.950001
18558.275001
18581.375001
18605.475001
18629.750001
18652.400001
18674.850001
18697.300001
18720.525001
18745.075001
18768.850001
18791.375001
18813.700001
18836.050001
18858.550001
18881.925001
18906.475001
18929.950001
18952.475001
18974.900001
18997.975001
19022.175001
19045.950001
19068.950001
19091.450001
19113.750001
19136.100001
19159.275001
19183.275001
19207.475001
19230.150001
19252.625001
19275.100001
19298.325001
19322.850001
19346.600001
19369.150001
19391.575001
19413.925001
19437.175001
19461.075001
19485.300001
19507.925001
19530.350001
19552.800001
19576.025001
19600.275001
19624.325001
19646.900001
19669.300001
19692.350001
19716.700001
19740.925001
19763.475001
19785.900001
19808.225001
19830.625001
19853.975001
19878.625001
19902.175001
19924.700001
19947.100001
19970.125001
19994.375001
20018.125001
20041.175001
20063.600001
20085.950001
20108.300001
20131.600001
20155.850001
20179.900001
20202.500001
20225.700001
20250.775001
20274.425001
20297.075001
20320.550001
20345.375001
20368.900001
20391.725001
20416.300001
20440.950001
20463.650001
20487.400001
20512.200001
20535.600001
20559.400001
20584.375001
20607.825001
20631.750001
20656.675001
20680.100001
20704.200001
20729.100001
20752.425001
20776.825001
20802.100001
20826.100001
20851.150001
20874.650001
20899.750001
20924.400001
20948.575001
20973.700001
20997.125001
21023.050001
21046.875001
21072.325001
21096.725001
21122.125001
21146.700001
21172.150001
21196.725001
21222.450001
21246.800001
21273.050001
21297.025001
21323.175001
21347.100001
21373.225001
21397.225001
21423.300001
21448.050001
21474.300001
21500.750001
21525.125001
21551.250001
21576.150001
21602.150001
21628.775001
21653.900001
21679.925001
21706.575001
21731.750001
21757.725001
21784.400001
21809.700001
21835.550001
21862.250001
21888.425001
21913.550001
21940.325001
21967.300001
21992.975001
22018.950001
22045.725001
22072.575001
22098.425001
22124.525001
22151.625001
22178.850001
22205.500001
22231.575001
22257.850001
22285.375001
22312.750001
22340.025001
22367.575001
22395.275001
22423.025001
22450.825001
22478.725001
22506.500001
22534.300001
22562.100001
22589.900001
22617.675001
22645.475001
22673.275001
22701.075001
22728.975001
22756.775001
22784.625001
22812.525001
22840.875001
22868.850001
22896.675001
22924.475001
22952.275001
22980.050001
23007.825001
23035.625001
23063.400001
23091.250001
23119.025001
23146.825001
23174.625001
23202.425001
23230.200001
23257.975001
23285.775001
23313.575001
23341.475001
23369.300001
23397.200001
23425.575001
23454.525001
23484.300001
23513.275001
23541.525001
23570.325001
23599.825001
23629.675001
23658.050001
23687.125001
23717.425001
23746.725001
23775.925001
23806.400001
23835.625001
23865.025001
23895.425001
23924.625001
23954.375001
23984.850001
24013.800001
24044.250001
24074.450001
24104.950001
24135.500001
24166.250001
24196.700001
24227.500001
24257.825001
24288.750001
24319.025001
24350.650001
24380.700001
24412.275001
24442.775001
24474.350001
24506.350001
24537.200001
24568.875001
24600.975001
24632.100001
24663.425001
24695.600001
24727.475001
24758.375001
24791.000001
24823.425001
24855.750001
24887.550001
24919.200001
24952.125001
24985.300001
25018.475001
25051.600001
25084.725001
25117.875001
25151.150001
25184.575001
25218.000001
25251.600001
25285.425001
25318.950001
25352.350001
25385.700001
25419.125001
25452.500001
25485.875001
25519.350001
25553.000001
25587.075001
25621.700001
25656.800001
25691.275001
25725.825001
25761.000001
25796.575001
25831.500001
25867.600001
25902.550001
25938.275001
25974.450001
26010.400001
26046.725001
26083.075001
26119.125001
26156.300001
26192.675001
26229.975001
26267.675001
26304.875001
26341.725001
26379.900001
26418.100001
26456.600001
26495.300001
26534.225001
26573.300001
26612.475001
26652.000001
26691.300001
26730.300001
26769.425001
26808.850001
26848.550001
26889.275001
26930.125001
26970.600001
27012.425001
27053.625001
27096.175001
27138.300001
27180.450001
27224.100001
27268.050001
27312.325001
27357.225001
27402.325001
27447.175001
27492.550001
27538.725001
27585.825001
27633.325001
27681.325001
27730.575001
27780.775001
27831.775001
27885.925001
27942.450001
