20.000000
11.000000
2599.950000
2650.800000
2700.975000
2750.100000
2798.125000
2845.325000
2891.425000
2936.700000
2981.300000
3024.625000
3067.500000
3109.300000
3150.800000
3191.450000
3231.425000
3270.450000
3309.275000
3347.950000
3385.750000
3423.100000
3460.050000
3496.750000
3532.850000
3568.800000
3603.875000
3638.675000
3673.075000
3707.575000
3741.500000
3774.775000
3807.825000
3841.025000
3873.225000
3905.525000
3937.075000
3968.875000
4000.675000
4031.525000
4062.100000
4092.525000
4123.000000
4153.500000
4183.400000
4213.125000
4242.475000
4271.725000
4300.750000
4329.725000
4358.000000
4386.150000
4414.500000
4442.425000
4470.200000
4497.925000
4525.650000
4552.725000
4579.825000
4606.475000
4633.025000
4659.225000
4685.550000
4711.900000
4738.150000
4764.500000
4789.925000
4815.150000
4840.900000
4866.350000
4891.350000
4916.400000
4941.225000
4966.200000
4991.100000
5016.025000
5040.600000
5064.850000
5089.600000
5113.575000
5137.250000
5161.775000
5185.600000
5209.250000
5232.975000
5256.450000
5280.025000
5303.600000
5327.225000
5350.725000
5374.175000
5397.850000
5420.475000
5443.725000
5467.300000
5489.850000
5512.300000
5534.725000
5557.600000
5580.100000
5602.475000
5624.700000
5646.875000
5669.025000
5691.225000
5713.350000
5735.550000
5757.750000
5779.950000
5802.150000
5824.275000
5845.700000
5867.475000
5889.625000
5911.800000
5933.925000
5955.400000
5976.225000
5997.925000
6019.175000
6040.025000
6061.800000
6082.950000
6103.775000
6124.750000
6145.375000
6166.950000
6188.100000
6209.150000
6230.050000
6250.825000
6271.800000
6292.475000
6313.300000
6334.150000
6354.975000
6375.725000
6396.500000
6417.375000
6437.500000
6457.850000
6478.550000
6498.325000
6518.850000
6539.600000
6559.375000
6579.825000
6600.625000
6620.350000
6640.075000
6659.700000
6679.900000
6700.500000
6720.275000
6739.875000
6759.375000
6778.825000
6798.175000
6817.600000
6837.075000
6856.500000
6875.875000
6895.325000
6914.800000
6934.225000
6953.675000
6973.050000
6992.475000
7011.950000
7031.375000
7050.775000
7070.225000
7089.675000
7109.125000
7128.575000
7147.950000
7167.400000
7186.850000
7206.300000
7225.675000
7245.125000
7263.825000
7282.825000
7301.100000
7320.200000
7339.600000
7358.050000
7376.175000
7395.200000
7413.625000
7431.775000
7450.725000
7469.175000
7487.225000
7506.275000
7524.625000
7542.625000
7561.800000
7580.075000
7598.150000
7617.325000
7635.600000
7653.725000
7672.725000
7691.150000
7709.225000
7727.575000
7745.325000
7763.450000
7781.450000
7799.725000
7817.500000
7835.600000
7853.650000
7871.850000
7889.725000
7907.775000
7925.800000
7943.975000
7961.925000
7979.950000
7997.975000
8016.150000
8034.125000
8051.250000
8069.025000
8086.900000
8104.100000
8121.925000
8139.675000
8156.750000
8174.475000
8192.375000
8209.425000
8227.150000
8245.150000
8262.150000
8279.800000
8297.275000
8314.725000
8331.650000
8348.375000
8366.050000
8384.000000
8400.900000
8417.700000
8434.500000
8451.125000
8467.775000
8484.500000
8501.075000
8517.700000
8534.425000
8551.000000
8567.650000
8584.375000
8600.975000
8617.625000
8634.325000
8650.925000
8667.600000
8684.300000
8700.900000
8717.575000
8734.275000
8750.875000
8767.550000
8784.250000
8800.875000
8817.525000
8834.225000
8850.850000
8867.500000
8884.200000
8900.825000
8917.500000
8934.175000
8950.800000
8967.475000
8984.175000
9000.800000
9017.450000
9034.150000
9050.775000
9067.450000
9084.125000
9100.750000
9117.425000
9134.125000
9150.750000
9167.425000
9184.100000
9200.725000
9217.400000
9234.075000
9250.725000
9267.375000
9284.075000
9300.700000
9317.375000
9334.050000
9350.675000
9367.350000
9384.000000
9400.650000
9417.325000
9433.225000
9448.375000
9464.675000
9480.250000
9495.500000
9511.875000
9528.475000
9544.325000
9559.450000
9575.700000
9591.325000
9606.575000
9622.925000
9638.625000
9653.800000
9669.275000
9684.400000
9700.700000
9716.450000
9731.525000
9746.950000
9762.100000
9778.475000
9794.100000
9809.250000
9824.650000
9839.825000
9855.375000
9870.375000
9885.700000
9900.875000
9916.600000
9931.550000
9946.850000
9962.000000
9977.550000
9992.525000
10007.850000
10023.075000
10038.550000
10053.675000
10068.975000
10084.200000
10099.625000
10114.750000
10130.025000
10145.275000
10160.700000
10175.825000
10191.200000
10206.400000
10221.850000
10236.975000
10252.225000
10267.500000
10282.925000
10298.050000
10313.350000
10328.650000
10344.075000
10359.200000
10374.450000
10389.725000
10405.150000
10420.275000
10435.575000
10450.825000
10466.350000
10481.425000
10496.700000
10511.950000
10527.400000
10542.500000
10557.800000
10573.050000
10588.475000
10603.650000
10618.925000
10634.175000
10649.625000
10664.725000
10680.025000
10695.275000
10710.700000
10725.825000
10741.200000
10756.400000
10771.850000
10786.950000
10802.225000
10817.500000
10832.925000
10848.050000
10863.350000
10878.650000
10894.075000
10909.200000
10924.450000
10939.725000
10955.150000
10970.275000
10985.575000
11000.825000
11016.350000
11031.425000
11046.700000
11061.950000
11077.400000
11092.500000
11107.800000
11123.050000
11138.475000
11153.650000
11168.925000
11184.175000
11199.625000
11214.725000
11230.025000
11245.275000
11260.700000
11275.825000
11291.200000
11306.400000
11321.850000
11336.950000
11352.225000
11367.500000
11382.925000
11398.050000
11413.350000
11428.650000
11444.075000
11459.200000
11474.450000
11489.725000
11505.150000
11520.275000
11535.575000
11550.825000
11566.350000
11581.425000
11596.700000
11611.950000
11627.400000
11642.500000
11657.800000
11673.050000
11688.475000
11703.650000
11718.925000
11734.175000
11749.625000
11764.725000
11780.025000
11795.275000
11810.700000
11825.825000
11841.200000
11856.400000
11871.850000
11886.950000
11902.225000
11917.500000
11932.925000
11948.050000
11963.350000
11978.650000
11994.075000
12009.200000
12024.450000
12039.725000
12055.150000
12070.275000
12085.575000
12100.825000
12116.350000
12131.425000
12146.700000
12161.950000
12177.400000
12192.500000
12207.800000
12223.050000
12238.475000
12253.650000
12268.925000
12284.175000
12299.625000
12314.725000
12330.025000
12345.275000
12360.700000
12375.825000
12391.200000
12406.400000
12421.850000
12436.950000
12452.225000
12467.500000
12482.925000
12498.050000
12513.350000
12528.650000
12544.075000
12559.200000
12574.450000
12589.725000
12605.150000
12620.275000
12635.575000
12650.825000
12666.350000
12681.425000
12696.700000
12711.950000
12727.400000
12742.500000
12757.800000
12773.050000
12788.475000
12803.650000
12818.925000
12834.175000
12849.625000
12864.725000
12880.025000
12895.275000
12910.700000
12925.825000
12941.200000
12956.400000
12971.850000
12986.950000
13002.225000
13017.500000
13032.925000
13048.050000
13063.350000
13078.650000
13094.075000
13109.200000
13124.450000
13139.725000
13155.150000
13170.275000
13185.575000
13200.825000
13216.350000
13231.425000
13246.700000
13261.950000
13277.400000
13292.500000
13307.800000
13323.050000
13338.475000
13353.650000
13368.925000
13384.175000
13399.625000
13414.725000
13430.025000
13445.275000
13460.700000
13475.825000
13491.200000
13506.400000
13521.850000
13536.950000
13552.225000
13567.500000
13582.925000
13598.050000
13613.350000
13628.650000
13644.075000
13659.200000
13674.450000
13689.725000
13705.150000
13720.275000
13735.575000
13750.825000
13766.350000
13781.425000
13796.700000
13811.950000
13827.400000
13842.500000
13857.800000
13873.050000
13888.475000
13903.650000
13918.925000
13934.175000
13949.625000
13964.725000
13980.025000
13995.275000
14010.700000
14025.825000
14041.200000
14056.400000
14071.850000
14086.950000
14102.225000
14117.500000
14132.925000
14148.050000
14163.350000
14178.650000
14194.075000
14209.200000
14224.450000
14239.725000
14255.150000
14270.275000
14285.575000
14300.825000
14316.350000
14331.425000
14346.700000
14361.950000
14377.400000
14392.500000
14407.800000
14423.050000
14438.475000
14453.650000
14468.925000
14484.175000
14499.625000
14514.725000
14530.025000
14545.275000
14560.700000
14575.825000
14591.200000
14606.400000
14621.850000
14636.950000
14652.225000
14667.500000
14682.925000
14698.050000
14713.350000
14728.650000
14744.075000
14759.200000
14774.450000
14789.725000
14805.150000
14820.275000
14835.575000
14850.825000
14866.350000
14881.425000
14896.700000
14911.950000
14927.400000
14942.500000
14957.800000
14973.050000
14988.475000
15003.650000
15018.925000
15034.175000
15049.625000
15064.725000
15080.025000
15095.275000
15110.700000
15125.825000
15141.200000
15156.400000
15171.850000
15186.950000
15202.225000
15217.500000
15232.925000
15248.050000
15263.350000
15278.650000
15294.075000
15309.200000
15324.450000
15339.725000
15355.150000
15370.275000
15385.575000
15400.825000
15416.350000
15431.425000
15446.700000
15461.950000
15477.400000
15492.500000
15507.800000
15523.050000
15538.475000
15553.650000
15568.925000
15584.175000
15599.625000
15614.725000
15630.025000
15645.275000
15660.700000
15675.825000
15691.200000
15706.400000
15721.850000
15736.950000
15752.225000
15767.500000
15782.925000
15798.050000
15813.350000
15828.650000
15844.075000
15859.200000
15874.450000
15889.725000
15905.150000
15920.275000
15935.575000
15950.825000
15966.350000
15981.425000
15996.700000
16011.950000
16027.400000
16042.500000
16057.800000
16073.050000
16088.475000
16103.650000
16118.925000
16134.175000
16149.625000
16164.725000
16180.025000
16195.275000
16210.700000
16225.825000
16241.200000
16256.400000
16271.850000
16286.950000
16302.225000
16317.500000
16332.925000
16348.050000
16363.350000
16378.650000
16394.075000
16409.200000
16424.450000
16439.725000
16455.150000
16470.275000
16485.575000
16500.825000
16516.350000
16531.425000
16546.700000
16561.950000
16577.400000
16592.500000
16607.800000
16623.050000
16638.475000
16653.650000
16668.925000
16684.175000
16699.625000
16714.725000
16730.025000
16745.275000
16760.700000
16775.825000
16791.200000
16806.400000
16821.850000
16836.950000
16852.225000
16867.500000
16882.925000
16898.050000
16913.350000
16928.650000
16944.075000
16959.200000
16974.450000
16989.725000
17005.150000
17020.275000
17035.575000
17050.825000
17066.350000
17081.425000
17096.700000
17111.950000
17127.400000
17142.500000
17157.800000
17173.050000
17188.475000
17203.650000
17218.925000
17234.175000
17249.625000
17264.725000
17280.025000
17295.275000
17310.700000
17325.825000
17341.200000
17356.400000
17371.850000
17386.950000
17402.225000
17417.500000
17432.925000
17448.050000
17463.350000
17478.650000
17494.075000
17509.200000
17524.450000
17539.725000
17555.150000
17570.275000
17585.575000
17600.825000
17616.350000
17631.425000
17646.700000
17661.950000
17677.400000
17692.500000
17707.800000
17723.050000
17738.475000
17753.650000
17768.925000
17784.175000
17799.625000
17814.725000
17830.025000
17845.275000
17860.700000
17875.825000
17891.200000
17906.400000
17921.850000
17936.950000
17952.225000
17967.500000
17982.925000
17998.050000
18013.350000
18028.650000
18044.075000
18059.200000
18074.450000
18089.725000
18105.150000
18120.275000
18135.575000
18150.825000
18166.350000
18181.425000
18196.700000
18211.950000
18227.400001
18242.500001
18257.800001
18273.050001
18288.475001
18303.650001
18318.925001
18334.175001
18349.625001
18364.725001
18380.025001
18395.275001
18410.700001
18425.825001
18441.200001
18456.400001
18471.850001
18486.950001
18502.225001
18517.500001
18532.925001
18548.050001
18563.350001
18578.650001
18594.075001
18609.200001
18624.450001
18639.725001
18655.150001
18670.275001
18685.575001
18700.825001
18716.350001
18731.425001
18746.700001
18761.950001
18777.400001
18792.500001
18807.800001
18823.050001
18838.475001
18853.650001
18868.925001
18884.175001
18899.625001
18914.725001
18930.025001
18945.275001
18960.700001
18975.825001
18991.200001
19006.400001
19021.850001
19036.950001
19052.225001
19067.500001
19082.925001
19098.050001
19113.350001
19128.650001
19144.075001
19159.200001
19174.450001
19189.725001
19205.150001
19220.275001
19235.575001
19250.825001
19266.350001
19281.425001
19296.700001
19311.950001
19327.400001
19342.500001
19357.800001
19373.050001
19388.475001
19403.650001
19418.925001
19434.175001
19449.625001
19464.725001
19480.025001
19495.275001
19510.700001
19525.825001
19541.200001
19556.400001
19571.850001
19586.950001
19602.225001
19617.500001
19632.925001
19648.050001
19663.350001
19678.650001
19694.075001
19709.200001
19724.450001
19739.725001
19755.150001
19770.275001
19785.575001
19800.825001
19816.350001
19831.425001
19846.700001
19861.950001
19877.400001
19892.500001
19907.800001
19923.050001
19938.475001
19953.650001
19968.925001
19984.175001
19999.625001
20014.725001
20030.025001
20045.275001
20060.700001
20075.825001
20091.200001
20106.425001
20121.875001
20136.975001
20152.275001
20167.500001
20182.975001
20198.075001
20213.400001
20228.675001
20244.225001
20259.250001
20274.600001
20289.800001
20305.300001
20320.350001
20335.700001
20350.900001
20367.300001
20382.900001
20398.100001
20413.500001
20428.750001
20445.125001
20460.750001
20475.900001
20491.425001
20506.575001
20522.925001
20538.575001
20553.800001
20569.275001
20584.425001
20600.725001
20616.800001
20632.700001
20648.150001
20663.750001
20679.000001
20695.200001
20711.800001
20728.400001
20744.400001
20759.600001
20775.775001
20791.575001
20807.650001
20823.225001
20839.675001
20856.300001
20872.925001
20889.600001
20906.275001
20922.925001
20939.600001
20956.300001
20972.925001
20989.625001
21006.300001
21022.950001
21039.650001
21056.325001
21072.975001
21089.650001
21106.350001
21122.975001
21139.675001
21156.350001
21173.000001
21189.700001
21206.375001
21223.000001
21239.700001
21256.400001
21273.025001
21289.725001
21306.400001
21323.050001
21339.750001
21356.425001
21373.075001
21389.775001
21406.450001
21423.075001
21439.800001
21456.475001
21473.100001
21489.825001
21506.500001
21523.125001
21539.850001
21556.525001
21573.150001
21589.875001
21606.550001
21623.175001
21639.900001
21656.600001
21673.225001
21689.950001
21706.650001
21723.275001
21740.025001
21756.725001
21773.350001
21790.125001
21807.525001
21824.775001
21842.375001
21859.325001
21876.100001
21892.925001
21910.600001
21928.525001
21945.425001
21963.125001
21980.475001
21998.025001
22015.075001
22032.850001
22050.725001
22067.750001
22085.550001
22103.550001
22120.600001
22138.450001
22156.350001
22173.500001
22191.275001
22209.150001
22227.175001
22245.225001
22263.275001
22281.375001
22299.525001
22317.450001
22335.550001
22353.625001
22371.850001
22389.750001
22407.825001
22425.850001
22444.175001
22462.000001
22480.100001
22498.100001
22516.675001
22534.375001
22552.525001
22570.375001
22589.425001
22607.800001
22625.925001
22645.100001
22663.400001
22681.575001
22700.675001
22719.075001
22737.175001
22756.275001
22774.700001
22792.750001
22811.875001
22830.275001
22848.425001
22867.425001
22886.200001
22905.125001
22923.375001
22942.450001
22961.850001
22981.200001
23000.675001
23020.125001
23039.625001
23059.050001
23078.550001
23097.950001
23117.425001
23136.900001
23156.350001
23175.775001
23195.225001
23214.700001
23234.175001
23253.650001
23273.050001
23292.500001
23312.000001
23331.450001
23350.875001
23370.350001
23389.850001
23409.300001
23428.800001
23448.175001
23467.675001
23487.175001
23506.675001
23526.075001
23545.575001
23565.250001
23585.500001
23606.225001
23625.925001
23645.650001
23666.150001
23686.700001
23706.600001
23727.175001
23747.900001
23767.775001
23788.375001
23809.100001
23829.850001
23850.725001
23871.575001
23892.425001
23913.275001
23934.150001
23955.050001
23975.800001
23996.750001
24017.525001
24038.525001
24059.250001
24080.150001
24100.925001
24122.800001
24144.025001
24164.875001
24185.975001
24206.925001
24228.550001
24250.600001
24272.100001
24293.050001
24314.700001
24336.775001
24358.250001
24379.975001
24402.000001
24423.500001
24445.300001
24467.450001
24489.675001
24511.900001
24534.150001
24556.400001
24578.650001
24600.850001
24623.100001
24645.350001
24667.600001
24689.925001
24712.200001
24734.525001
24757.325001
24780.125001
24803.475001
24825.975001
24849.225001
24872.875001
24895.550001
24918.900001
24942.400001
24966.075001
24989.675001
25013.300001
25036.950001
25060.650001
25084.250001
25107.925001
25131.550001
25156.150001
25180.100001
25203.950001
25228.525001
25253.375001
25278.425001
25303.400001
25328.500001
25353.525001
25378.575001
25403.600001
25428.650001
25453.700001
25478.775001
25503.825001
25529.050001
25554.825001
25580.425001
25606.350001
25632.500001
25659.025001
25685.450001
25711.925001
25738.425001
25764.825001
25791.650001
25818.675001
25845.450001
25872.950001
25900.700001
25928.550001
25956.375001
25984.200001
26012.075001
26040.025001
26068.550001
26097.400001
26125.900001
26155.025001
26184.200001
26213.475001
26242.700001
26272.925001
26303.475001
26334.100001
26364.725001
26395.375001
26426.100001
26457.700001
26489.675001
26521.775001
26553.825001
26586.800001
26620.150001
26653.650001
26687.125001
26720.950001
26755.600001
26790.550001
26825.875001
26861.975001
26898.175001
26935.425001
26973.100001
27011.800001
27050.850001
27090.350001
27130.775001
27171.875001
27213.675001
27256.600001
27300.875001
27345.950001
27392.625001
27441.200001
27491.975001
27545.250001
27602.150001
