1.000000
3.000000
1029.375000
1120.300000
1206.575000
1287.700000
1364.875000
1438.625000
1509.100000
1576.250000
1640.100000
1700.925000
1759.100000
1815.100000
1869.275000
1921.950000
1973.375000
2023.600000
2073.075000
2121.750000
2169.650000
2217.275000
2264.025000
2310.550000
2356.825000
2402.400000
2447.625000
2492.625000
2537.225000
2581.500000
2625.400000
2669.150000
2712.575000
2755.575000
2798.275000
2841.075000
2883.400000
2925.225000
2967.425000
3009.000000
3050.825000
3091.875000
3132.950000
3173.750000
3213.975000
3254.300000
3294.500000
3334.600000
3374.450000
3413.875000
3453.350000
3492.775000
3531.800000
3570.625000
3609.375000
3648.025000
3686.300000
3724.725000
3763.050000
3801.275000
3838.975000
3876.375000
3913.750000
3951.325000
3988.600000
4025.625000
4063.050000
4100.025000
4136.300000
4173.350000
4209.575000
4245.950000
4281.950000
4318.175000
4354.050000
4390.150000
4425.700000
4461.950000
4497.225000
4532.850000
4568.350000
4603.525000
4638.850000
4673.775000
4708.300000
4743.000000
4777.775000
4812.450000
4846.900000
4881.000000
4915.325000
4949.675000
4984.075000
5018.225000
5052.300000
5085.950000
5119.475000
5152.850000
5186.125000
5219.450000
5252.700000
5285.900000
5319.200000
5352.425000
5385.675000
5418.925000
5452.025000
5485.150000
5518.075000
5551.025000
5583.375000
5615.475000
5647.700000
5680.300000
5712.625000
5744.975000
5776.825000
5808.575000
5841.150000
5873.400000
5905.100000
5936.300000
5968.250000
5999.850000
6030.675000
6062.525000
6093.325000
6124.800000
6156.425000
6187.325000
6218.600000
6249.825000
6280.425000
6311.325000
6341.775000
6373.150000
6403.575000
6434.725000
6464.900000
6495.775000
6525.850000
6556.850000
6586.225000
6616.975000
6647.025000
6676.575000
6707.025000
6736.200000
6766.625000
6796.425000
6826.200000
6856.500000
6885.900000
6915.250000
6945.450000
6974.775000
7004.050000
7033.400000
7062.750000
7091.675000
7120.725000
7149.975000
7179.250000
7208.100000
7236.350000
7265.325000
7294.400000
7323.500000
7352.250000
7380.550000
7408.975000
7437.675000
7466.650000
7495.550000
7523.725000
7552.350000
7580.450000
7608.300000
7636.150000
7663.950000
7691.925000
7719.750000
7747.675000
7775.975000
7804.025000
7831.700000
7859.350000
7887.050000
7914.775000
7942.800000
7970.175000
7997.875000
8025.375000
8052.850000
8080.400000
8108.050000
8135.700000
8163.375000
8191.150000
8218.450000
8245.900000
8273.475000
8300.275000
8326.725000
8354.025000
8380.525000
8407.950000
8434.900000
8462.225000
8488.750000
8515.050000
8541.625000
8568.350000
8595.650000
8621.175000
8647.425000
8674.600000
8701.350000
8727.125000
8753.800000
8780.350000
8806.950000
8832.650000
8858.450000
8885.350000
8912.200000
8937.500000
8963.675000
8990.175000
9015.275000
9041.500000
9067.900000
9092.950000
9119.100000
9144.875000
9170.325000
9196.700000
9222.425000
9247.325000
9273.600000
9298.475000
9323.975000
9348.850000
9374.800000
9400.025000
9424.950000
9450.375000
9475.075000
9501.250000
9525.175000
9551.300000
9575.175000
9601.275000
9625.125000
9651.150000
9675.050000
9700.225000
9724.925000
9749.050000
9774.725000
9798.700000
9823.750000
9847.525000
9873.450000
9897.225000
9921.125000
9946.125000
9970.250000
9995.800000
10019.450000
10043.275000
10068.200000
10091.800000
10116.650000
10141.325000
10164.650000
10190.300000
10213.850000
10237.675000
10262.625000
10286.125000
10310.325000
10335.700000
10359.525000
10384.675000
10408.250000
10432.075000
10457.050000
10480.575000
10505.150000
10530.175000
10554.100000
10579.175000
10602.750000
10626.475000
10651.425000
10675.025000
10698.775000
10723.700000
10747.300000
10771.125000
10796.025000
10819.600000
10844.400000
10868.975000
10893.000000
10918.025000
10941.675000
10965.450000
10990.400000
11013.900000
11037.975000
11063.250000
11087.250000
11112.450000
11136.050000
11159.850000
11184.825000
11208.325000
11232.300000
11257.275000
11280.700000
11305.650000
11330.300000
11354.150000
11379.200000
11402.750000
11426.475000
11451.450000
11475.025000
11498.800000
11523.725000
11547.300000
11571.175000
11596.050000
11619.625000
11644.475000
11669.075000
11692.975000
11718.025000
11741.675000
11765.450000
11790.400000
11813.900000
11837.900000
11863.000000
11886.425000
11911.750000
11936.025000
11959.875000
11984.825000
12008.350000
12032.500000
12057.875000
12081.800000
12106.900000
12130.500000
12154.400000
12179.350000
12202.875000
12226.750000
12251.625000
12275.200000
12300.025000
12324.600000
12348.500000
12373.550000
12397.175000
12420.925000
12445.875000
12469.475000
12493.275000
12518.200000
12541.800000
12566.625000
12591.300000
12614.650000
12640.300000
12663.850000
12687.675000
12712.625000
12736.125000
12760.325000
12785.700000
12809.525000
12834.675000
12858.250000
12882.075000
12907.050000
12930.575000
12955.150000
12980.175000
13004.100000
13029.175000
13052.750000
13076.475000
13101.425000
13125.025000
13148.775000
13173.700000
13197.300000
13221.125000
13246.025000
13269.600000
13294.400000
13318.975000
13343.000000
13368.025000
13391.675000
13415.450000
13440.400000
13463.900000
13487.975000
13513.250000
13537.250000
13562.450000
13586.050000
13609.850000
13634.825000
13658.325000
13682.300000
13707.275000
13730.700000
13755.650000
13780.300000
13804.150000
13829.200000
13852.750000
13876.475000
13901.450000
13925.025000
13948.800000
13973.725000
13997.300000
14021.175000
14046.050000
14069.625000
14094.475000
14119.075000
14142.975000
14168.025000
14191.675000
14215.450000
14240.400000
14263.900000
14287.900000
14313.000000
14336.425000
14361.750000
14386.025000
14409.875000
14434.825000
14458.350000
14482.500000
14507.875000
14531.800000
14556.900000
14580.500000
14604.400000
14629.350000
14652.875000
14676.750000
14701.625000
14725.200000
14750.025000
14774.600000
14798.500000
14823.550000
14847.175000
14870.925000
14895.875000
14919.475000
14943.275000
14968.200000
14991.800000
15016.625000
15041.300000
15064.650000
15090.300000
15113.850000
15137.675000
15162.625000
15186.125000
15210.325000
15235.700000
15259.525000
15284.675000
15308.250000
15332.075000
15357.050000
15380.575000
15405.150000
15430.175000
15454.100000
15479.175000
15502.750000
15526.475000
15551.425000
15575.025000
15598.775000
15623.700000
15647.300000
15671.125000
15696.025000
15719.600000
15744.400000
15768.975000
15793.000000
15818.025000
15841.675000
15865.450000
15890.400000
15913.900000
15937.975000
15963.250000
15987.250000
16012.450000
16036.050000
16059.850000
16084.825000
16108.325000
16132.300000
16157.275000
16180.700000
16205.650000
16230.300000
16254.150000
16279.200000
16302.750000
16326.475000
16351.450000
16375.025000
16398.800000
16423.725000
16447.300000
16471.175000
16496.050000
16519.625000
16544.475000
16569.075000
16592.975000
16618.025000
16641.675000
16665.450000
16690.400000
16713.900000
16737.900000
16763.000000
16786.425000
16811.750000
16836.025000
16859.875000
16884.825000
16908.350000
16932.500000
16957.875000
16981.800000
17006.900000
17030.500000
17054.400000
17079.350000
17102.875000
17126.750000
17151.625000
17175.200000
17200.025000
17224.600000
17248.500000
17273.550000
17297.175000
17320.925000
17345.875000
17369.475000
17393.275000
17418.200000
17441.800000
17466.625000
17491.300000
17514.650000
17540.300000
17563.850000
17587.675000
17612.625000
17636.125000
17660.325000
17685.700000
17709.525000
17734.675000
17758.250000
17782.075000
17807.050000
17830.575000
17855.150000
17880.175000
17904.100000
17929.175000
17952.750000
17976.475000
18001.425000
18025.025000
18048.775000
18073.700000
18097.300000
18121.125000
18146.025000
18169.600000
18194.400000
18218.975000
18243.000001
18268.025001
18291.675001
18315.450001
18340.400001
18363.900001
18387.975001
18413.250001
18437.250001
18462.450001
18486.050001
18509.850001
18534.825001
18558.325001
18582.300001
18607.275001
18630.700001
18655.650001
18680.300001
18704.150001
18729.200001
18752.750001
18776.475001
18801.450001
18825.025001
18848.800001
18873.725001
18897.300001
18921.175001
18946.050001
18969.625001
18994.475001
19019.075001
19042.975001
19068.025001
19091.675001
19115.450001
19140.400001
19163.900001
19187.900001
19213.000001
19236.425001
19261.750001
19286.025001
19309.875001
19334.825001
19358.350001
19382.500001
19407.875001
19431.800001
19456.900001
19480.500001
19504.400001
19529.350001
19552.875001
19576.750001
19601.625001
19625.200001
19650.025001
19674.600001
19698.500001
19723.550001
19747.175001
19770.925001
19795.875001
19819.475001
19843.275001
19868.200001
19891.800001
19916.625001
19941.300001
19964.650001
19990.300001
20013.850001
20037.675001
20062.625001
20086.125001
20110.500001
20135.800001
20159.675001
20184.750001
20208.325001
20233.200001
20258.025001
20281.975001
20307.075001
20330.700001
20356.325001
20380.575001
20405.725001
20430.425001
20455.450001
20480.350001
20505.150001
20530.375001
20555.450001
20580.375001
20605.525001
20630.400001
20655.625001
20680.450001
20705.750001
20730.525001
20756.750001
20780.725001
20807.000001
20831.850001
20857.850001
20883.375001
20908.300001
20934.675001
20959.550001
20985.700001
21011.300001
21036.200001
21062.650001
21087.775001
21113.750001
21140.250001
21165.350001
21191.575001
21218.025001
21243.175001
21269.375001
21295.850001
21321.150001
21347.275001
21373.825001
21400.225001
21426.275001
21452.650001
21479.375001
21505.775001
21531.925001
21558.250001
21585.300001
21612.500001
21638.975001
21665.275001
21691.750001
21719.100001
21745.950001
21773.450001
21800.050001
21826.450001
21853.125001
21880.450001
21908.000001
21935.500001
21963.225001
21991.125001
22018.775001
22046.650001
22074.550001
22102.375001
22130.225001
22158.000001
22185.800001
22213.600001
22241.475001
22269.225001
22297.025001
22324.825001
22352.650001
22380.425001
22408.225001
22436.025001
22463.850001
22491.800001
22519.700001
22548.200001
22576.350001
22604.925001
22633.875001
22662.725001
22691.450001
22719.500001
22748.250001
22776.550001
22805.675001
22834.725001
22863.575001
22892.200001
22921.100001
22951.075001
22980.200001
23008.675001
23038.400001
23068.075001
23097.100001
23126.275001
23156.025001
23185.800001
23215.150001
23245.450001
23274.850001
23304.350001
23334.675001
23363.850001
23394.100001
23424.375001
23454.350001
23484.800001
23514.375001
23545.625001
23575.175001
23606.150001
23636.175001
23667.650001
23697.650001
23729.125001
23759.450001
23790.450001
23820.850001
23852.225001
23883.350001
23913.875001
23945.675001
23976.325001
24007.950001
24039.725001
24070.825001
24102.525001
24134.550001
24165.775001
24197.375001
24229.750001
24262.200001
24294.050001
24326.075001
24358.150001
24390.525001
24423.250001
24455.525001
24487.575001
24520.025001
24552.725001
24585.700001
24618.775001
24651.900001
24685.250001
24718.550001
24751.975001
24785.625001
24819.125001
24852.525001
24885.900001
24919.350001
24952.775001
24986.175001
25020.150001
25054.200001
25088.375001
25123.125001
25157.600001
25191.800001
25226.200001
25260.875001
25295.700001
25330.300001
25365.075001
25400.100001
25435.325001
25470.550001
25506.150001
25541.575001
25576.975001
25613.075001
25648.625001
25684.725001
25720.550001
25756.900001
25792.875001
25829.450001
25865.725001
25902.500001
25939.375001
25976.175001
26013.400001
26050.975001
26088.175001
26125.775001
26163.550001
26201.350001
26239.075001
26276.925001
26315.125001
26353.300001
26391.775001
26430.350001
26469.150001
26508.050001
26547.075001
26586.050001
26625.375001
26665.025001
26704.925001
26745.350001
26785.625001
26826.000001
26866.675001
26907.475001
26948.350001
26989.775001
27030.950001
27072.875001
27114.650001
27156.925001
27198.825001
27241.400001
27284.325001
27327.250001
27370.500001
27413.775001
27457.675001
27501.750001
27546.025001
27590.550001
27635.475001
27680.500001
27725.925001
27771.775001
27817.975001
27864.075001
27910.850001
27957.975001
28005.475001
28053.200001
28101.500001
28150.125001
28199.100001
28248.600001
28298.525001
28348.925001
28400.000001
28451.575001
28503.775001
28556.775001
28610.175001
28664.375001
28719.350001
28775.000001
28831.600001
28889.025001
28947.300001
29006.750001
29067.225001
29128.950001
29191.775001
29256.150001
29322.100001
29389.925001
29459.900001
29532.575001
29608.700001
29689.425001
29776.500001
29874.025001
