100.000000
9.000000
1356.150000
1429.300000
1498.575000
1565.175000
1630.075000
1693.075000
1754.700000
1815.000000
1874.350000
1932.600000
1990.075000
2046.600000
2102.375000
2157.500000
2211.900000
2265.325000
2318.375000
2370.575000
2422.425000
2473.750000
2524.600000
2574.925000
2624.825000
2674.500000
2723.775000
2772.625000
2820.800000
2869.025000
2916.925000
2963.975000
3011.075000
3057.925000
3104.400000
3150.900000
3196.900000
3242.625000
3288.125000
3333.425000
3378.700000
3423.500000
3468.050000
3512.400000
3556.675000
3600.700000
3644.425000
3687.550000
3730.550000
3773.700000
3816.600000
3859.125000
3901.975000
3944.400000
3986.125000
4028.575000
4070.375000
4112.350000
4153.750000
4195.500000
4236.200000
4277.400000
4318.475000
4359.150000
4399.950000
4440.425000
4480.425000
4520.550000
4560.700000
4601.025000
4641.050000
4680.475000
4719.925000
4759.375000
4798.450000
4837.400000
4876.225000
4915.025000
4953.875000
4992.575000
5031.025000
5069.400000
5107.925000
5146.425000
5184.775000
5223.150000
5261.000000
5298.475000
5335.950000
5373.675000
5411.075000
5448.300000
5485.725000
5523.350000
5560.075000
5597.025000
5634.400000
5670.725000
5707.800000
5744.600000
5780.575000
5817.725000
5853.875000
5890.300000
5926.150000
5962.475000
5998.250000
6034.575000
6070.125000
6106.650000
6141.775000
6177.575000
6213.300000
6248.500000
6284.400000
6319.275000
6354.275000
6389.925000
6424.750000
6459.525000
6494.500000
6529.500000
6563.725000
6598.350000
6633.100000
6667.900000
6702.350000
6736.175000
6770.550000
6804.950000
6839.800000
6873.875000
6907.975000
6941.650000
6975.150000
7008.600000
7042.600000
7076.175000
7109.600000
7142.925000
7176.200000
7209.500000
7242.775000
7276.000000
7309.125000
7342.625000
7375.650000
7408.400000
7441.525000
7474.625000
7507.825000
7541.150000
7574.025000
7606.975000
7640.000000
7672.375000
7704.800000
7737.300000
7769.350000
7802.125000
7834.750000
7867.500000
7899.625000
7931.625000
7963.625000
7995.825000
8027.725000
8059.275000
8091.425000
8123.475000
8155.200000
8186.125000
8218.150000
8249.725000
8280.550000
8312.525000
8343.225000
8374.750000
8406.675000
8437.325000
8468.950000
8500.300000
8530.600000
8562.400000
8592.875000
8624.000000
8655.100000
8685.875000
8717.400000
8747.625000
8779.125000
8809.175000
8840.375000
8870.575000
8901.350000
8931.275000
8962.475000
8992.575000
9023.500000
9052.875000
9083.425000
9113.575000
9143.150000
9173.625000
9202.900000
9233.300000
9263.450000
9292.975000
9323.450000
9352.650000
9382.050000
9412.425000
9441.575000
9470.800000
9501.175000
9530.300000
9559.550000
9589.250000
9619.025000
9648.175000
9677.875000
9707.325000
9736.000000
9765.150000
9794.500000
9823.625000
9852.575000
9880.800000
9909.775000
9938.975000
9968.075000
9996.950000
10025.050000
10054.050000
10082.850000
10112.400000
10141.300000
10169.400000
10198.250000
10226.500000
10255.700000
10284.725000
10313.525000
10341.700000
10370.575000
10398.750000
10428.050000
10457.000000
10485.775000
10513.825000
10542.800000
10570.950000
10600.175000
10629.225000
10658.000000
10686.050000
10714.825000
10743.500000
10773.375000
10802.100000
10830.475000
10858.950000
10888.375000
10917.950000
10946.775000
10974.975000
11003.950000
11032.225000
11061.300000
11090.325000
11119.150000
11147.225000
11176.100000
11205.100000
11234.600000
11263.425000
11291.675000
11320.525000
11348.725000
11377.975000
11406.975000
11435.750000
11463.825000
11492.800000
11520.925000
11550.150000
11579.225000
11607.975000
11636.050000
11664.825000
11693.550000
11723.425000
11752.175000
11780.500000
11809.100000
11838.575000
11867.925000
11896.700000
11924.975000
11953.950000
11982.225000
12011.300000
12040.325000
12069.150000
12097.225000
12126.100000
12155.100000
12184.600000
12213.425000
12241.675000
12270.525000
12298.725000
12327.975000
12356.975000
12385.750000
12413.825000
12442.800000
12470.925000
12500.150000
12529.225000
12557.975000
12586.050000
12614.825000
12643.550000
12673.425000
12702.175000
12730.475000
12759.100000
12788.575000
12817.925000
12846.700000
12874.975000
12903.950000
12932.225000
12961.300000
12990.325000
13019.150000
13047.225000
13076.100000
13105.100000
13134.600000
13163.425000
13191.675000
13220.525000
13248.725000
13277.975000
13306.975000
13335.750000
13363.825000
13392.800000
13420.925000
13450.150000
13479.225000
13507.975000
13536.050000
13564.825000
13593.550000
13623.425000
13652.175000
13680.475000
13709.100000
13738.575000
13767.925000
13796.700000
13824.975000
13853.950000
13882.225000
13911.300000
13940.325000
13969.150000
13997.225000
14026.100000
14055.100000
14084.600000
14113.425000
14141.675000
14170.525000
14198.725000
14227.975000
14256.975000
14285.750000
14313.825000
14342.800000
14370.925000
14400.150000
14429.225000
14457.975000
14486.050000
14514.825000
14543.550000
14573.425000
14602.175000
14630.475000
14659.100000
14688.575000
14717.925000
14746.700000
14774.975000
14803.950000
14832.225000
14861.300000
14890.325000
14919.150000
14947.225000
14976.100000
15005.100000
15034.600000
15063.425000
15091.675000
15120.525000
15148.725000
15177.975000
15206.975000
15235.750000
15263.825000
15292.800000
15320.925000
15350.150000
15379.225000
15407.975000
15436.050000
15464.825000
15493.550000
15523.425000
15552.175000
15580.475000
15609.100000
15638.575000
15667.925000
15696.700000
15724.975000
15753.950000
15782.225000
15811.300000
15840.325000
15869.150000
15897.225000
15926.100000
15955.100000
15984.600000
16013.425000
16041.675000
16070.525000
16098.725000
16127.975000
16156.975000
16185.750000
16213.825000
16242.800000
16270.925000
16300.150000
16329.225000
16357.975000
16386.050000
16414.825000
16443.550000
16473.425000
16502.175000
16530.475000
16559.100000
16588.575000
16617.925000
16646.700000
16674.975000
16703.950000
16732.225000
16761.300000
16790.325000
16819.150000
16847.225000
16876.100000
16905.100000
16934.600000
16963.425000
16991.675000
17020.525000
17048.725000
17077.975000
17106.975000
17135.750000
17163.825000
17192.800000
17220.925000
17250.150000
17279.225000
17307.975000
17336.050000
17364.825000
17393.550000
17423.425000
17452.175000
17480.475000
17509.100000
17538.575000
17567.925000
17596.700000
17624.975000
17653.950000
17682.225000
17711.300000
17740.325000
17769.150000
17797.225000
17826.100000
17855.100000
17884.600000
17913.425000
17941.675000
17970.525000
17998.725000
18027.975000
18056.975000
18085.750000
18113.825000
18142.800000
18170.925000
18200.150000
18229.225001
18257.975001
18286.050001
18314.825001
18343.550001
18373.425001
18402.175001
18430.475001
18459.100001
18488.575001
18517.925001
18546.700001
18574.975001
18603.950001
18632.225001
18661.300001
18690.325001
18719.150001
18747.225001
18776.100001
18805.100001
18834.600001
18863.425001
18891.675001
18920.525001
18948.725001
18977.975001
19006.975001
19035.750001
19063.825001
19092.800001
19120.925001
19150.150001
19179.225001
19207.975001
19236.050001
19264.825001
19293.550001
19323.425001
19352.175001
19380.475001
19409.100001
19438.575001
19467.925001
19496.700001
19524.975001
19553.950001
19582.225001
19611.300001
19640.325001
19669.150001
19697.225001
19726.100001
19755.100001
19784.600001
19813.425001
19841.675001
19870.525001
19898.725001
19927.975001
19956.975001
19985.750001
20013.825001
20042.800001
20070.925001
20100.150001
20129.250001
20158.025001
20186.125001
20215.175001
20244.375001
20273.550001
20302.525001
20330.750001
20359.875001
20390.025001
20419.125001
20448.125001
20477.875001
20507.600001
20536.225001
20566.375001
20595.875001
20624.900001
20654.300001
20684.600001
20713.675001
20743.025001
20773.450001
20802.650001
20832.150001
20862.525001
20891.750001
20922.100001
20952.325001
20981.975001
21012.525001
21042.200001
21073.400001
21102.775001
21133.350001
21163.600001
21194.100001
21224.700001
21255.350001
21285.775001
21316.625001
21347.000001
21377.775001
21408.125001
21439.025001
21469.375001
21501.075001
21531.450001
21563.200001
21594.425001
21624.925001
21656.800001
21687.350001
21719.000001
21750.925001
21781.825001
21813.500001
21845.550001
21876.325001
21908.025001
21940.125001
21970.950001
22002.625001
22034.725001
22066.600001
22098.175001
22130.275001
22162.525001
22194.525001
22226.225001
22258.150001
22290.925001
22323.525001
22355.775001
22387.725001
22420.175001
22452.675001
22485.650001
22518.600001
22551.450001
22584.575001
22617.775001
22650.975001
22684.325001
22717.775001
22751.100001
22784.500001
22817.875001
22851.225001
22884.650001
22918.050001
22951.425001
22985.175001
23019.025001
23052.575001
23085.950001
23119.475001
23153.150001
23187.150001
23220.800001
23255.250001
23289.825001
23324.225001
23358.225001
23392.725001
23427.150001
23462.325001
23496.850001
23531.425001
23566.600001
23601.350001
23635.900001
23670.700001
23706.150001
23741.425001
23776.275001
23812.150001
23847.100001
23882.675001
23918.750001
23954.250001
23990.250001
24025.825001
24062.325001
24098.000001
24134.625001
24170.500001
24207.000001
24242.950001
24279.825001
24316.575001
24352.725001
24389.950001
24426.275001
24463.425001
24500.975001
24537.650001
24574.800001
24612.375001
24649.700001
24687.075001
24724.750001
24762.600001
24800.700001
24838.700001
24876.325001
24914.100001
24952.500001
24991.200001
25030.025001
25068.925001
25107.875001
25146.875001
25185.800001
25224.800001
25263.750001
25302.825001
25342.375001
25381.925001
25421.700001
25462.075001
25502.200001
25542.475001
25582.975001
25623.525001
25663.725001
25704.300001
25745.500001
25786.050001
25827.325001
25868.925001
25910.500001
25952.375001
25994.275001
26035.925001
26078.350001
26120.550001
26163.250001
26206.325001
26248.950001
26291.850001
26335.275001
26379.000001
26422.525001
26466.375001
26510.250001
26554.425001
26598.550001
26643.000001
26687.650001
26732.825001
26778.575001
26824.325001
26870.225001
26916.500001
26962.900001
27009.375001
27056.575001
27103.700001
27151.300001
27198.725001
27246.875001
27295.500001
27344.225001
27393.050001
27442.525001
27492.450001
27542.725001
27593.150001
27644.200001
27695.725001
27747.425001
27799.800001
27852.625001
27906.250001
27960.250001
28014.850001
28070.150001
28126.075001
28182.725001
28240.300001
28298.350001
28357.550001
28417.750001
28478.875001
28541.000001
28604.175001
28668.775001
28734.800001
28802.325001
28871.675001
28943.225001
29017.525001
29095.250001
29177.350001
29266.775001
