10.000000
2.000000
841.250000
935.300000
1023.450000
1106.075000
1184.425000
1259.100000
1331.000000
1400.500000
1467.950000
1533.200000
1596.775000
1658.475000
1718.575000
1776.525000
1832.575000
1886.600000
1938.875000
1989.725000
2039.225000
2087.450000
2134.925000
2181.525000
2227.575000
2273.200000
2318.200000
2362.775000
2407.025000
2451.000000
2494.475000
2537.450000
2580.300000
2623.125000
2665.250000
2707.375000
2748.975000
2790.650000
2831.775000
2873.000000
2913.675000
2954.125000
2994.425000
3034.600000
3074.500000
3113.950000
3153.500000
3192.850000
3231.825000
3270.625000
3309.350000
3347.925000
3386.175000
3424.600000
3462.750000
3500.950000
3538.675000
3576.125000
3613.575000
3651.125000
3688.100000
3725.025000
3762.225000
3798.550000
3835.350000
3871.950000
3908.100000
3944.350000
3980.275000
4016.350000
4052.225000
4087.700000
4123.475000
4158.375000
4193.725000
4229.275000
4263.850000
4298.600000
4333.450000
4368.150000
4402.600000
4437.000000
4471.350000
4506.075000
4540.400000
4574.550000
4608.250000
4641.950000
4675.700000
4709.500000
4742.900000
4776.200000
4809.475000
4842.750000
4875.850000
4908.700000
4941.725000
4974.725000
5007.750000
5040.700000
5073.550000
5106.175000
5138.750000
5170.750000
5202.775000
5235.225000
5267.850000
5299.675000
5331.500000
5363.575000
5395.675000
5426.775000
5458.275000
5490.200000
5521.000000
5552.550000
5584.200000
5615.175000
5646.525000
5677.775000
5708.275000
5739.650000
5770.475000
5801.425000
5831.825000
5862.600000
5892.900000
5923.575000
5953.775000
5984.600000
6014.000000
6044.525000
6074.675000
6104.425000
6134.775000
6163.950000
6194.175000
6223.875000
6253.350000
6283.400000
6313.225000
6342.800000
6372.300000
6401.600000
6430.550000
6459.700000
6488.950000
6518.150000
6547.075000
6575.950000
6605.300000
6634.575000
6663.400000
6691.800000
6720.600000
6748.775000
6777.675000
6806.650000
6834.975000
6863.550000
6891.650000
6919.550000
6947.500000
6975.850000
7004.150000
7031.950000
7059.725000
7087.500000
7115.225000
7142.950000
7170.650000
7198.300000
7225.925000
7253.700000
7280.850000
7308.350000
7335.950000
7363.600000
7391.325000
7418.750000
7446.300000
7473.800000
7501.350000
7528.950000
7555.675000
7582.175000
7608.650000
7635.950000
7663.225000
7690.400000
7717.800000
7744.125000
7770.650000
7797.150000
7823.800000
7850.925000
7876.700000
7902.950000
7930.175000
7956.925000
7982.850000
8008.525000
8035.625000
8062.375000
8087.650000
8113.775000
8140.300000
8165.500000
8191.625000
8218.025000
8243.125000
8269.250000
8295.575000
8320.675000
8346.700000
8372.450000
8397.400000
8423.650000
8448.575000
8474.375000
8500.000000
8524.975000
8551.075000
8575.325000
8601.425000
8626.175000
8651.525000
8676.275000
8701.525000
8726.250000
8751.475000
8776.050000
8801.450000
8825.475000
8851.375000
8875.175000
8900.750000
8925.050000
8950.025000
8974.775000
8998.675000
9023.700000
9047.375000
9072.225000
9096.900000
9120.800000
9145.825000
9169.450000
9193.225000
9218.150000
9241.750000
9265.500000
9290.375000
9313.850000
9337.575000
9362.425000
9385.975000
9409.225000
9433.725000
9458.125000
9480.825000
9505.400000
9529.400000
9552.775000
9576.175000
9599.850000
9623.700000
9647.125000
9669.750000
9693.200000
9717.900000
9741.350000
9763.925000
9786.450000
9809.900000
9833.575000
9857.150000
9880.425000
9902.900000
9925.800000
9948.800000
9972.350000
9995.875000
10018.900000
10041.725000
10064.000000
10086.300000
10108.800000
10132.075000
10155.525000
10179.125000
10201.600000
10224.800000
10247.225000
10269.575000
10292.175000
10315.325000
10337.825000
10361.275000
10384.775000
10407.800000
10430.525000
10452.900000
10475.275000
10498.475000
10520.925000
10543.375000
10567.325000
10590.625000
10613.750000
10636.125000
10658.425000
10680.775000
10704.100000
10726.500000
10748.875000
10772.325000
10795.850000
10818.425000
10841.625000
10863.925000
10886.225000
10908.525000
10931.425000
10954.525000
10977.950000
11001.425000
11024.025000
11047.175000
11069.525000
11091.975000
11114.525000
11137.700000
11161.150000
11184.675000
11207.375000
11230.450000
11252.850000
11275.175000
11297.925000
11320.950000
11343.675000
11368.050000
11391.050000
11413.850000
11436.175000
11458.475000
11480.875000
11504.250000
11526.575000
11549.725000
11573.525000
11596.050000
11619.275000
11641.725000
11663.975000
11686.275000
11708.700000
11731.975000
11755.000000
11779.150000
11801.650000
11824.850000
11847.250000
11869.600000
11892.400000
11915.425000
11938.575000
11962.250000
11985.025000
12008.175000
12030.575000
12052.925000
12075.350000
12098.575000
12120.975000
12143.575000
12168.025000
12190.775000
12213.800000
12236.150000
12258.450000
12280.800000
12304.175000
12326.525000
12349.000000
12373.000000
12396.100000
12419.325000
12441.750000
12464.000000
12486.325000
12509.025000
12532.200000
12555.700000
12579.250000
12601.825000
12624.950000
12647.300000
12669.650000
12692.875000
12715.375000
12737.875000
12761.300000
12784.800000
12807.925000
12830.525000
12852.900000
12875.250000
12898.425000
12920.925000
12943.350000
12967.100000
12990.475000
13013.650000
13036.075000
13058.400000
13080.725000
13103.900000
13126.475000
13148.850000
13172.200000
13195.800000
13218.325000
13241.575000
13263.875000
13286.200000
13308.500000
13330.975000
13354.325000
13376.725000
13400.225000
13423.675000
13446.525000
13469.450000
13491.850000
13514.100000
13537.000000
13559.950000
13583.375000
13606.925000
13629.900000
13652.750000
13675.100000
13697.475000
13720.650000
13743.175000
13765.900000
13790.175000
13812.900000
13836.000000
13858.350000
13880.675000
13903.200000
13926.400000
13948.800000
13971.925000
13995.775000
14018.300000
14041.575000
14063.875000
14086.200000
14108.500000
14130.950000
14154.300000
14176.700000
14200.150000
14223.650000
14246.250000
14269.400000
14291.800000
14314.025000
14336.375000
14359.575000
14382.125000
14405.550000
14429.150000
14451.600000
14474.800000
14497.250000
14519.575000
14542.200000
14565.350000
14587.900000
14611.375000
14634.850000
14658.025000
14680.525000
14702.900000
14725.250000
14748.425000
14770.925000
14793.350000
14817.075000
14840.475000
14863.650000
14886.075000
14908.400000
14930.725000
14953.875000
14976.475000
14998.850000
15022.225000
15045.800000
15068.325000
15091.575000
15113.900000
15136.200000
15158.500000
15181.000000
15204.350000
15226.800000
15250.825000
15273.875000
15297.100000
15319.500000
15341.875000
15364.150000
15387.275000
15409.875000
15433.100000
15456.775000
15479.600000
15502.675000
15525.050000
15547.400000
15570.075000
15593.175000
15616.575000
15639.925000
15662.825000
15685.975000
15708.325000
15730.650000
15753.100000
15776.325000
15798.750000
15821.175000
15844.825000
15868.200000
15891.500000
15913.850000
15936.175000
15958.475000
15980.850000
16004.225000
16026.575000
16049.575000
16073.575000
16096.100000
16119.325000
16141.750000
16164.000000
16186.300000
16208.825000
16232.100000
16255.550000
16279.150000
16301.600000
16324.800000
16347.250000
16369.575000
16392.200000
16415.350000
16437.900000
16461.350000
16484.850000
16508.025000
16530.525000
16552.900000
16575.250000
16598.425000
16620.925000
16643.350000
16667.075000
16690.475000
16713.650000
16736.075000
16758.400000
16780.725000
16803.875000
16826.475000
16848.850000
16872.225000
16895.800000
16918.325000
16941.575000
16963.900000
16986.200000
17008.500000
17031.000000
17054.350000
17076.800000
17100.975000
17123.850000
17147.075000
17169.475000
17191.850000
17214.100000
17236.975000
17259.950000
17283.375000
17306.925000
17329.900000
17352.750000
17375.100000
17397.475000
17420.650000
17443.175000
17465.900000
17490.175000
17512.900000
17536.000000
17558.350000
17580.675000
17603.200000
17626.400000
17648.800000
17671.975000
17695.775000
17718.300000
17741.575000
17763.875000
17786.200000
17808.500000
17830.925000
17854.300000
17876.650000
17900.075000
17923.625000
17946.150000
17969.350000
17991.750000
18014.000000
18036.325000
18059.025000
18082.200000
18105.700000
18129.250000
18151.825000
18174.950000
18197.300000
18219.650000
18242.875001
18265.375001
18287.875001
18311.300001
18334.800001
18357.925001
18380.525001
18402.900001
18425.250001
18448.425001
18470.925001
18493.350001
18517.100001
18540.475001
18563.650001
18586.075001
18608.400001
18630.725001
18653.900001
18676.475001
18698.850001
18722.200001
18745.800001
18768.325001
18791.575001
18813.875001
18836.200001
18858.500001
18880.975001
18904.325001
18926.725001
18950.275001
18973.700001
18996.675001
19019.475001
19041.850001
19064.100001
19086.950001
19109.950001
19133.400001
19156.950001
19179.950001
19202.750001
19225.100001
19247.475001
19270.650001
19293.175001
19315.900001
19340.175001
19362.925001
19386.000001
19408.350001
19430.675001
19453.225001
19476.425001
19498.825001
19522.100001
19545.775001
19568.300001
19591.550001
19613.875001
19636.200001
19658.500001
19680.925001
19704.300001
19726.650001
19750.050001
19773.600001
19796.100001
19819.325001
19841.750001
19864.000001
19886.300001
19908.825001
19932.100001
19955.575001
19979.175001
20001.625001
20024.825001
20047.250001
20069.575001
20092.275001
20115.400001
20138.775001
20162.425001
20185.350001
20208.300001
20230.700001
20254.150001
20276.650001
20300.800001
20324.450001
20347.325001
20370.700001
20393.525001
20418.125001
20441.575001
20464.000001
20487.500001
20511.250001
20535.025001
20558.300001
20581.675001
20605.700001
20629.900001
20652.975001
20676.575001
20701.400001
20724.925001
20748.475001
20772.600001
20797.000001
20820.600001
20845.325001
20869.375001
20893.100001
20918.050001
20941.675001
20965.425001
20990.400001
21013.925001
21038.475001
21063.525001
21087.475001
21112.550001
21136.150001
21161.100001
21185.875001
21209.850001
21234.975001
21258.875001
21284.825001
21308.525001
21334.600001
21358.400001
21383.750001
21408.350001
21433.750001
21458.375001
21484.475001
21508.450001
21534.675001
21558.625001
21584.825001
21609.625001
21635.475001
21661.075001
21686.050001
21712.300001
21736.825001
21763.475001
21789.050001
21813.975001
21840.375001
21865.450001
21891.575001
21917.975001
21943.075001
21969.275001
21995.725001
22020.900001
22047.100001
22073.600001
22098.850001
22125.025001
22151.550001
22177.875001
22204.050001
22230.425001
22257.075001
22283.450001
22309.650001
22336.025001
22363.075001
22390.300001
22417.200001
22443.975001
22470.775001
22497.300001
22524.700001
22551.625001
22579.200001
22606.550001
22633.500001
22660.725001
22687.625001
22714.850001
22742.125001
22769.525001
22797.125001
22824.775001
22852.475001
22880.275001
22908.050001
22935.850001
22963.650001
22991.550001
23019.325001
23047.125001
23074.925001
23102.775001
23130.550001
23158.375001
23186.225001
23214.200001
23242.900001
23270.875001
23299.275001
23328.925001
23357.375001
23385.950001
23414.050001
23442.975001
23471.875001
23501.250001
23530.225001
23558.525001
23587.600001
23617.500001
23646.875001
23676.000001
23705.575001
23735.025001
23763.950001
23793.350001
23823.550001
23852.750001
23882.275001
23912.550001
23941.925001
23972.175001
24002.325001
24032.125001
24062.600001
24092.725001
24123.475001
24153.275001
24184.575001
24214.300001
24245.700001
24276.025001
24307.050001
24337.500001
24368.675001
24399.875001
24430.500001
24462.225001
24492.975001
24524.550001
24556.300001
24587.525001
24619.225001
24651.175001
24682.550001
24714.100001
24746.325001
24778.950001
24810.800001
24842.850001
24874.900001
24907.425001
24940.200001
24972.575001
25005.350001
25037.600001
25070.400001
25103.000001
25135.950001
25169.150001
25202.400001
25235.750001
25269.175001
25302.550001
25335.925001
25369.400001
25402.850001
25436.325001
25470.450001
25504.375001
25538.675001
25573.250001
25607.725001
25642.175001
25676.700001
25711.800001
25746.850001
25781.725001
25816.875001
25852.150001
25887.400001
25923.200001
25958.325001
25994.200001
26030.125001
26066.175001
26102.400001
26138.650001
26174.825001
26211.225001
26247.525001
26284.625001
26321.025001
26358.100001
26395.575001
26432.825001
26470.400001
26508.075001
26545.875001
26583.900001
26622.125001
26660.225001
26698.575001
26737.125001
26775.925001
26814.900001
26854.025001
26893.075001
26932.625001
26972.475001
27012.425001
27052.425001
27092.725001
27133.200001
27173.800001
27214.550001
27255.875001
27297.075001
27338.650001
27380.350001
27422.350001
27464.400001
27507.125001
27549.825001
27592.750001
27635.925001
27679.675001
27723.600001
27767.850001
27812.350001
27857.100001
27902.200001
27947.600001
27993.325001
28039.625001
28086.050001
28133.000001
28180.300001
28228.075001
28276.150001
28324.750001
28373.900001
28423.575001
28473.700001
28524.425001
28575.775001
28627.725001
28680.225001
28733.400001
28787.200001
28841.775001
28897.125001
28953.425001
29010.725001
29069.050001
29128.475001
29188.950001
29250.750001
29313.900001
29378.725001
29445.425001
29514.200001
29585.600001
29660.075001
29738.500001
29822.550001
29916.075001
