10.000000
8.000000
978.775000
1070.700000
1158.000000
1240.100000
1317.825000
1391.625000
1462.225000
1529.825000
1594.175000
1655.175000
1713.400000
1769.175000
1822.725000
1874.350000
1924.325000
1973.100000
2020.525000
2067.425000
2113.450000
2158.725000
2203.675000
2248.100000
2292.100000
2335.775000
2379.150000
2421.950000
2464.300000
2506.800000
2548.450000
2590.200000
2631.475000
2672.800000
2713.625000
2754.150000
2794.500000
2834.675000
2874.575000
2914.025000
2953.600000
2992.875000
3031.850000
3070.600000
3109.275000
3147.775000
3186.050000
3224.400000
3262.550000
3300.400000
3338.025000
3375.575000
3413.300000
3450.875000
3487.675000
3524.675000
3561.450000
3598.075000
3634.775000
3670.800000
3707.150000
3742.975000
3779.150000
3814.725000
3850.950000
3886.100000
3921.700000
3957.250000
3992.425000
4027.725000
4062.675000
4097.225000
4131.900000
4166.650000
4201.275000
4235.700000
4269.825000
4304.125000
4338.250000
4372.575000
4406.800000
4440.550000
4474.450000
4508.100000
4541.575000
4574.875000
4608.150000
4641.475000
4674.700000
4707.925000
4741.250000
4774.300000
4807.475000
4840.425000
4873.375000
4905.775000
4938.225000
4970.675000
5002.775000
5035.325000
5067.925000
5099.875000
5131.700000
5163.625000
5195.750000
5227.375000
5258.725000
5291.000000
5323.000000
5354.275000
5385.825000
5417.700000
5448.500000
5480.075000
5511.150000
5541.825000
5573.375000
5604.000000
5634.900000
5665.300000
5696.100000
5726.400000
5757.225000
5787.425000
5818.100000
5848.225000
5879.100000
5908.475000
5938.925000
5969.125000
5998.675000
6029.200000
6058.375000
6088.550000
6118.400000
6148.050000
6178.150000
6208.000000
6237.325000
6267.225000
6296.900000
6326.100000
6355.550000
6384.850000
6413.750000
6442.850000
6472.000000
6501.300000
6530.250000
6558.450000
6587.400000
6616.400000
6645.575000
6674.000000
6702.650000
6730.675000
6759.175000
6787.625000
6816.375000
6844.800000
6873.525000
6901.550000
6930.125000
6958.150000
6986.000000
7013.800000
7041.675000
7069.425000
7097.175000
7124.925000
7152.675000
7180.375000
7208.100000
7235.850000
7263.575000
7291.400000
7319.050000
7346.725000
7374.450000
7402.150000
7430.075000
7457.650000
7485.225000
7512.700000
7540.225000
7567.675000
7594.500000
7620.900000
7647.400000
7674.775000
7701.550000
7729.050000
7755.500000
7781.800000
7808.250000
7835.150000
7862.375000
7888.625000
7914.300000
7941.525000
7968.100000
7994.300000
8020.025000
8047.025000
8073.575000
8098.825000
8125.000000
8151.450000
8176.825000
8202.850000
8229.375000
8255.350000
8280.575000
8307.025000
8332.125000
8358.150000
8384.450000
8409.475000
8435.650000
8461.225000
8486.150000
8512.475000
8537.300000
8563.175000
8588.825000
8613.800000
8639.225000
8663.950000
8690.150000
8714.075000
8740.275000
8764.125000
8790.275000
8814.100000
8840.225000
8864.000000
8889.975000
8913.925000
8939.100000
8963.775000
8988.600000
9013.625000
9037.650000
9062.775000
9086.450000
9112.400000
9136.100000
9160.750000
9185.775000
9209.700000
9234.750000
9258.325000
9282.325000
9307.325000
9330.775000
9355.675000
9380.275000
9404.050000
9428.975000
9452.675000
9476.275000
9500.975000
9524.875000
9548.425000
9572.450000
9596.575000
9619.875000
9644.425000
9668.275000
9691.700000
9715.150000
9739.000000
9762.775000
9786.075000
9808.775000
9833.225000
9857.075000
9880.425000
9902.975000
9926.400000
9949.975000
9973.675000
9997.025000
10019.525000
10042.850000
10065.525000
10089.100000
10112.675000
10135.950000
10158.375000
10180.800000
10204.300000
10227.675000
10251.400000
10274.575000
10297.275000
10319.875000
10343.200000
10366.950000
10390.475000
10413.725000
10436.150000
10458.575000
10482.000000
10505.600000
10529.275000
10552.475000
10575.050000
10597.600000
10620.925000
10644.425000
10668.100000
10691.475000
10713.900000
10736.275000
10759.575000
10782.450000
10806.950000
10830.275000
10852.825000
10875.300000
10898.625000
10921.425000
10945.875000
10969.175000
10991.750000
11014.100000
11037.500000
11060.850000
11084.725000
11108.000000
11130.575000
11153.075000
11176.425000
11199.325000
11223.675000
11246.975000
11269.500000
11292.450000
11315.625000
11340.075000
11363.350000
11386.125000
11408.525000
11431.900000
11455.450000
11479.225000
11502.275000
11525.050000
11547.725000
11570.975000
11594.650000
11618.175000
11641.550000
11663.925000
11686.325000
11709.725000
11733.150000
11756.950000
11780.275000
11802.825000
11825.275000
11848.625000
11871.300000
11895.825000
11919.100000
11941.750000
11964.100000
11987.500000
12010.825000
12034.725000
12058.000000
12080.575000
12103.075000
12126.425000
12149.325000
12173.675000
12196.975000
12219.500000
12242.450000
12265.625000
12290.075000
12313.350000
12336.125000
12358.525000
12381.900000
12405.450000
12429.225000
12452.275000
12475.050000
12497.725000
12520.975000
12544.650000
12568.175000
12591.550000
12613.925000
12636.325000
12659.725000
12683.150000
12706.950000
12730.275000
12752.825000
12775.275000
12798.625000
12821.300000
12845.825000
12869.100000
12891.750000
12914.100000
12937.500000
12960.825000
12984.725000
13008.000000
13030.575000
13053.075000
13076.425000
13099.325000
13123.675000
13146.975000
13169.500000
13192.450000
13215.625000
13240.075000
13263.350000
13286.125000
13308.525000
13331.900000
13355.450000
13379.225000
13402.275000
13425.050000
13447.725000
13470.975000
13494.650000
13518.175000
13541.550000
13563.925000
13586.325000
13609.725000
13633.150000
13656.950000
13680.275000
13702.825000
13725.275000
13748.625000
13771.300000
13795.825000
13819.100000
13841.750000
13864.100000
13887.500000
13910.825000
13934.725000
13958.000000
13980.575000
14003.075000
14026.425000
14049.325000
14073.675000
14096.975000
14119.500000
14142.450000
14165.625000
14190.075000
14213.350000
14236.125000
14258.525000
14281.900000
14305.450000
14329.225000
14352.275000
14375.050000
14397.725000
14420.975000
14444.650000
14468.175000
14491.550000
14513.925000
14536.325000
14559.725000
14583.150000
14606.950000
14630.275000
14652.825000
14675.275000
14698.625000
14721.300000
14745.825000
14769.100000
14791.750000
14814.100000
14837.500000
14860.825000
14884.725000
14908.000000
14930.575000
14953.075000
14976.425000
14999.325000
15023.675000
15046.975000
15069.500000
15092.450000
15115.625000
15140.075000
15163.350000
15186.125000
15208.525000
15231.900000
15255.450000
15279.225000
15302.275000
15325.050000
15347.725000
15370.975000
15394.650000
15418.175000
15441.550000
15463.925000
15486.325000
15509.725000
15533.150000
15556.950000
15580.275000
15602.825000
15625.275000
15648.625000
15671.300000
15695.825000
15719.100000
15741.750000
15764.100000
15787.500000
15810.825000
15834.725000
15858.000000
15880.575000
15903.075000
15926.425000
15949.325000
15973.675000
15996.975000
16019.500000
16042.450000
16065.625000
16090.075000
16113.350000
16136.125000
16158.525000
16181.900000
16205.450000
16229.225000
16252.275000
16275.050000
16297.725000
16320.975000
16344.650000
16368.175000
16391.550000
16413.925000
16436.325000
16459.725000
16483.150000
16506.950000
16530.275000
16552.825000
16575.275000
16598.625000
16621.300000
16645.825000
16669.100000
16691.750000
16714.100000
16737.500000
16760.825000
16784.725000
16808.000000
16830.575000
16853.075000
16876.425000
16899.325000
16923.675000
16946.975000
16969.500000
16992.450000
17015.625000
17040.075000
17063.350000
17086.125000
17108.525000
17131.900000
17155.450000
17179.225000
17202.275000
17225.050000
17247.725000
17270.975000
17294.650000
17318.175000
17341.550000
17363.925000
17386.325000
17409.725000
17433.150000
17456.950000
17480.275000
17502.825000
17525.275000
17548.625000
17571.300000
17595.825000
17619.100000
17641.750000
17664.100000
17687.500000
17710.825000
17734.725000
17758.000000
17780.575000
17803.075000
17826.425000
17849.325000
17873.675000
17896.975000
17919.500000
17942.450000
17965.625000
17990.075000
18013.350000
18036.125000
18058.525000
18081.900000
18105.450000
18129.225000
18152.275000
18175.050000
18197.725000
18220.975000
18244.650001
18268.175001
18291.550001
18313.925001
18336.325001
18359.725001
18383.150001
18406.950001
18430.275001
18452.825001
18475.275001
18498.625001
18521.300001
18545.825001
18569.100001
18591.750001
18614.100001
18637.500001
18660.825001
18684.725001
18708.000001
18730.575001
18753.075001
18776.425001
18799.325001
18823.675001
18846.975001
18869.500001
18892.450001
18915.625001
18940.075001
18963.350001
18986.125001
19008.525001
19031.900001
19055.450001
19079.225001
19102.275001
19125.050001
19147.725001
19170.975001
19194.650001
19218.175001
19241.550001
19263.925001
19286.325001
19309.725001
19333.150001
19356.950001
19380.275001
19402.825001
19425.275001
19448.625001
19471.300001
19495.825001
19519.100001
19541.750001
19564.100001
19587.500001
19610.825001
19634.725001
19658.000001
19680.575001
19703.075001
19726.425001
19749.325001
19773.675001
19796.975001
19819.500001
19842.450001
19865.625001
19890.075001
19913.350001
19936.125001
19958.525001
19981.900001
20005.450001
20029.225001
20052.275001
20075.050001
20097.725001
20121.000001
20145.125001
20169.050001
20191.800001
20215.025001
20238.750001
20262.600001
20285.950001
20308.450001
20332.000001
20355.825001
20380.100001
20402.925001
20426.475001
20451.200001
20474.800001
20497.500001
20521.125001
20545.900001
20569.425001
20593.050001
20617.950001
20641.575001
20664.825001
20690.050001
20713.775001
20737.425001
20762.375001
20786.025001
20809.775001
20834.750001
20858.325001
20882.225001
20907.200001
20930.725001
20955.725001
20980.375001
21004.350001
21029.475001
21053.575001
21079.275001
21102.975001
21128.575001
21152.850001
21177.950001
21202.700001
21227.125001
21252.650001
21277.200001
21302.675001
21327.650001
21352.650001
21377.650001
21402.675001
21427.825001
21452.725001
21478.100001
21502.875001
21529.175001
21553.975001
21579.825001
21605.525001
21630.525001
21656.825001
21681.650001
21707.850001
21733.475001
21758.425001
21784.825001
21809.925001
21835.950001
21862.400001
21887.525001
21913.675001
21940.175001
21965.375001
21991.600001
22018.075001
22043.350001
22069.500001
22096.025001
22122.325001
22148.400001
22174.850001
22201.450001
22227.775001
22254.050001
22280.450001
22307.225001
22334.450001
22360.900001
22387.275001
22413.825001
22441.225001
22468.175001
22495.625001
22522.250001
22548.675001
22575.350001
22602.700001
22630.250001
22657.675001
22685.325001
22713.100001
22740.975001
22768.775001
22796.675001
22824.575001
22852.400001
22880.250001
22908.025001
22935.825001
22963.625001
22991.500001
23019.275001
23047.075001
23074.900001
23102.700001
23130.500001
23158.300001
23186.125001
23213.975001
23242.350001
23270.775001
23298.750001
23327.425001
23356.500001
23385.075001
23413.700001
23441.925001
23470.700001
23499.250001
23529.075001
23557.925001
23586.225001
23615.250001
23644.475001
23673.650001
23702.625001
23731.725001
23761.100001
23790.500001
23819.475001
23848.675001
23879.000001
23908.150001
23937.525001
23967.875001
23997.150001
24026.600001
24057.000001
24086.225001
24116.725001
24146.875001
24176.550001
24207.150001
24237.250001
24268.000001
24298.100001
24329.200001
24359.425001
24390.350001
24420.700001
24451.550001
24482.075001
24513.400001
24544.500001
24575.100001
24606.825001
24637.500001
24669.100001
24700.850001
24732.000001
24763.625001
24795.625001
24826.675001
24858.300001
24890.400001
24922.225001
24954.050001
24985.950001
25018.200001
25050.750001
25083.175001
25115.250001
25147.400001
25180.250001
25213.100001
25245.975001
25279.125001
25312.200001
25345.450001
25378.900001
25412.225001
25445.650001
25479.125001
25512.550001
25546.000001
25579.950001
25613.650001
25647.250001
25681.000001
25715.150001
25749.125001
25783.700001
25818.150001
25852.550001
25887.025001
25921.925001
25956.900001
25991.550001
26026.325001
26061.550001
26096.925001
26132.025001
26167.850001
26202.975001
26238.775001
26274.625001
26310.650001
26346.875001
26383.125001
26419.300001
26455.775001
26492.300001
26529.350001
26566.250001
26603.025001
26640.350001
26677.600001
26714.925001
26752.550001
26790.350001
26828.400001
26866.600001
26904.725001
26943.050001
26981.600001
27020.325001
27059.300001
27098.350001
27137.450001
27176.700001
27216.500001
27256.500001
27296.625001
27336.875001
27377.475001
27418.150001
27458.800001
27500.025001
27541.350001
27582.950001
27624.725001
27666.800001
27708.925001
27751.625001
27794.400001
27837.325001
27880.525001
27924.275001
27968.325001
28012.600001
28057.150001
28102.075001
28147.275001
28192.825001
28238.750001
28285.175001
28331.875001
28379.175001
28426.575001
28474.675001
28523.350001
28572.325001
28621.825001
28671.925001
28722.500001
28773.650001
28825.275001
28877.625001
28930.575001
28984.375001
29038.800001
29094.125001
29150.350001
29207.625001
29265.900001
29325.275001
29385.800001
29447.600001
29510.775001
29575.500001
29641.975001
29710.450001
29781.350001
29855.175001
29932.725001
30015.400001
30106.275001
30200.400001
30297.975001
30398.775001
30503.825001
30617.950001
33233.600001
33345.375001
