100.000000
31.000000
1846.200000
1905.100000
1962.200000
2016.525000
2069.250000
2120.600000
2171.025000
2220.800000
2270.150000
2319.200000
2367.925000
2415.925000
2463.725000
2511.175000
2558.225000
2605.250000
2652.075000
2698.375000
2744.600000
2790.700000
2836.150000
2881.625000
2926.675000
2971.800000
3016.825000
3061.500000
3106.225000
3150.875000
3195.300000
3239.300000
3283.050000
3326.350000
3369.575000
3413.100000
3456.550000
3499.275000
3542.075000
3584.875000
3627.200000
3669.450000
3711.925000
3753.900000
3795.875000
3837.325000
3879.225000
3920.425000
3962.175000
4002.925000
4044.125000
4085.275000
4125.975000
4166.900000
4207.650000
4248.050000
4288.575000
4329.125000
4369.125000
4408.725000
4448.500000
4488.300000
4528.500000
4568.225000
4607.825000
4647.075000
4686.025000
4724.975000
4763.775000
4802.650000
4841.500000
4880.275000
4919.075000
4957.850000
4996.600000
5035.375000
5073.800000
5112.325000
5150.425000
5188.475000
5226.200000
5263.775000
5301.750000
5339.800000
5377.350000
5414.750000
5452.475000
5490.150000
5527.075000
5563.975000
5601.425000
5638.350000
5675.050000
5712.400000
5748.600000
5785.650000
5822.375000
5858.350000
5895.525000
5931.575000
5968.175000
6004.125000
6040.625000
6076.300000
6112.650000
6148.325000
6184.650000
6220.050000
6256.675000
6291.750000
6327.625000
6363.400000
6398.550000
6434.550000
6469.375000
6504.725000
6540.400000
6575.025000
6609.925000
6645.625000
6680.325000
6715.050000
6750.025000
6785.000000
6819.350000
6854.000000
6888.700000
6923.525000
6957.975000
6992.100000
7026.325000
7060.875000
7095.600000
7130.025000
7163.775000
7197.575000
7231.675000
7265.325000
7298.950000
7333.175000
7367.625000
7401.400000
7435.450000
7469.200000
7502.625000
7535.925000
7569.325000
7602.625000
7635.900000
7669.250000
7702.550000
7735.825000
7769.150000
7802.450000
7835.725000
7869.050000
7902.325000
7935.650000
7968.950000
8002.200000
8035.525000
8068.675000
8101.650000
8134.675000
8167.800000
8200.100000
8232.075000
8263.950000
8296.900000
8329.725000
8362.475000
8394.725000
8426.375000
8458.225000
8491.150000
8523.550000
8555.525000
8587.125000
8619.225000
8651.400000
8683.225000
8714.075000
8746.675000
8779.100000
8810.025000
8841.600000
8873.600000
8905.175000
8936.050000
8968.075000
8998.750000
9030.325000
9062.350000
9092.950000
9124.625000
9156.275000
9187.225000
9218.900000
9250.175000
9280.525000
9312.400000
9342.825000
9374.050000
9405.200000
9435.875000
9467.600000
9497.400000
9529.150000
9558.700000
9590.300000
9620.450000
9651.425000
9681.500000
9712.625000
9742.775000
9773.600000
9803.225000
9834.650000
9863.875000
9894.800000
9924.825000
9955.300000
9985.700000
10015.275000
10045.850000
10075.050000
10105.600000
10135.775000
10165.275000
10195.825000
10225.025000
10255.575000
10285.775000
10315.275000
10345.825000
10375.025000
10405.575000
10435.750000
10465.275000
10495.825000
10525.025000
10555.575000
10585.750000
10615.275000
10645.825000
10675.025000
10705.575000
10735.750000
10765.275000
10795.825000
10825.025000
10855.575000
10885.750000
10915.275000
10945.825000
10975.025000
11005.575000
11035.750000
11065.275000
11095.825000
11125.025000
11155.575000
11185.750000
11215.275000
11245.825000
11275.025000
11305.575000
11335.750000
11365.275000
11395.825000
11425.025000
11455.575000
11485.750000
11515.275000
11545.825000
11575.025000
11605.575000
11635.750000
11665.275000
11695.825000
11725.025000
11755.575000
11785.750000
11815.275000
11845.825000
11875.025000
11905.575000
11935.750000
11965.275000
11995.825000
12025.025000
12055.575000
12085.750000
12115.275000
12145.825000
12175.025000
12205.575000
12235.750000
12265.275000
12295.825000
12325.025000
12355.575000
12385.750000
12415.275000
12445.825000
12475.025000
12505.575000
12535.750000
12565.275000
12595.825000
12625.025000
12655.575000
12685.750000
12715.275000
12745.825000
12775.025000
12805.575000
12835.750000
12865.275000
12895.825000
12925.025000
12955.575000
12985.750000
13015.275000
13045.825000
13075.025000
13105.575000
13135.750000
13165.275000
13195.825000
13225.025000
13255.575000
13285.750000
13315.275000
13345.825000
13375.025000
13405.575000
13435.750000
13465.275000
13495.825000
13525.025000
13555.575000
13585.750000
13615.275000
13645.825000
13675.025000
13705.575000
13735.750000
13765.275000
13795.825000
13825.025000
13855.575000
13885.750000
13915.275000
13945.825000
13975.025000
14005.575000
14035.750000
14065.275000
14095.825000
14125.025000
14155.575000
14185.750000
14215.275000
14245.825000
14275.025000
14305.575000
14335.750000
14365.275000
14395.825000
14425.025000
14455.575000
14485.750000
14515.275000
14545.825000
14575.025000
14605.575000
14635.750000
14665.275000
14695.825000
14725.025000
14755.575000
14785.750000
14815.275000
14845.825000
14875.025000
14905.575000
14935.750000
14965.275000
14995.825000
15025.025000
15055.575000
15085.750000
15115.275000
15145.825000
15175.025000
15205.575000
15235.750000
15265.275000
15295.825000
15325.025000
15355.575000
15385.750000
15415.275000
15445.825000
15475.025000
15505.575000
15535.750000
15565.275000
15595.825000
15625.025000
15655.575000
15685.750000
15715.275000
15745.825000
15775.025000
15805.575000
15835.750000
15865.275000
15895.825000
15925.025000
15955.575000
15985.750000
16015.275000
16045.825000
16075.025000
16105.575000
16135.750000
16165.275000
16195.825000
16225.025000
16255.575000
16285.750000
16315.275000
16345.825000
16375.025000
16405.575000
16435.750000
16465.275000
16495.825000
16525.025000
16555.575000
16585.750000
16615.275000
16645.825000
16675.025000
16705.575000
16735.750000
16765.275000
16795.825000
16825.025000
16855.575000
16885.750000
16915.275000
16945.825000
16975.025000
17005.575000
17035.750000
17065.275000
17095.825000
17125.025000
17155.575000
17185.750000
17215.275000
17245.825000
17275.025000
17305.575000
17335.750000
17365.275000
17395.825000
17425.025000
17455.575000
17485.750000
17515.275000
17545.825000
17575.025000
17605.575000
17635.750000
17665.275000
17695.825000
17725.025000
17755.575000
17785.750000
17815.275000
17845.825000
17875.025000
17905.575000
17935.750000
17965.275000
17995.825000
18025.025000
18055.575000
18085.750000
18115.275000
18145.825000
18175.025000
18205.575000
18235.750001
18265.275001
18295.825001
18325.025001
18355.575001
18385.750001
18415.275001
18445.825001
18475.025001
18505.575001
18535.750001
18565.275001
18595.825001
18625.025001
18655.575001
18685.750001
18715.275001
18745.825001
18775.025001
18805.575001
18835.750001
18865.275001
18895.825001
18925.025001
18955.575001
18985.750001
19015.275001
19045.825001
19075.025001
19105.575001
19135.750001
19165.275001
19195.825001
19225.025001
19255.575001
19285.750001
19315.275001
19345.825001
19375.025001
19405.575001
19435.750001
19465.275001
19495.825001
19525.025001
19555.575001
19585.750001
19615.275001
19645.825001
19675.025001
19705.575001
19735.750001
19765.275001
19795.825001
19825.025001
19855.575001
19885.750001
19915.275001
19945.825001
19975.025001
20005.575001
20035.750001
20065.275001
20095.825001
20125.050001
20155.675001
20185.825001
20215.500001
20246.300001
20276.250001
20307.050001
20336.325001
20367.925001
20397.275001
20429.000001
20458.300001
20489.925001
20519.500001
20551.200001
20580.625001
20612.400001
20642.600001
20673.775001
20704.200001
20735.650001
20766.775001
20797.150001
20829.075001
20859.300001
20891.225001
20922.300001
20952.800001
20984.700001
21015.250001
21046.900001
21078.950001
21109.550001
21141.375001
21173.350001
21204.150001
21235.825001
21267.950001
21298.650001
21330.350001
21362.525001
21394.050001
21425.325001
21457.875001
21490.225001
21521.900001
21553.700001
21585.850001
21618.150001
21650.600001
21682.800001
21714.975001
21747.075001
21780.000001
21812.625001
21845.575001
21877.750001
21909.700001
21941.825001
21974.750001
22007.775001
22041.025001
22073.950001
22107.025001
22140.200001
22173.400001
22206.675001
22239.950001
22273.350001
22306.725001
22340.100001
22373.450001
22406.875001
22440.275001
22473.625001
22507.150001
22540.950001
22574.675001
22608.075001
22641.550001
22674.925001
22708.250001
22741.775001
22775.300001
22809.050001
22843.000001
22876.625001
22910.975001
22945.575001
22979.975001
23013.775001
23048.025001
23082.475001
23117.800001
23152.275001
23186.200001
23220.700001
23255.525001
23290.375001
23324.850001
23359.475001
23394.500001
23429.850001
23464.525001
23500.050001
23535.500001
23570.575001
23606.425001
23641.575001
23676.525001
23712.500001
23747.375001
23783.250001
23819.075001
23854.700001
23891.125001
23926.550001
23963.000001
23998.600001
24035.125001
24070.825001
24107.550001
24143.900001
24180.350001
24217.400001
24253.875001
24290.875001
24327.675001
24363.875001
24401.250001
24437.650001
24474.775001
24512.300001
24548.825001
24585.950001
24623.575001
24660.950001
24698.225001
24735.850001
24773.675001
24811.475001
24848.950001
24886.775001
24924.875001
24963.350001
25001.775001
25040.300001
25079.025001
25117.800001
25156.650001
25195.575001
25234.550001
25273.500001
25312.575001
25351.650001
25391.125001
25430.350001
25469.475001
25508.650001
25548.275001
25587.775001
25627.725001
25667.925001
25707.950001
25748.025001
25788.525001
25829.225001
25869.400001
25909.800001
25951.025001
25991.650001
26032.675001
26074.150001
26115.225001
26156.925001
26198.225001
26240.225001
26281.750001
26323.800001
26365.625001
26408.000001
26450.650001
26493.000001
26535.775001
26579.000001
26621.825001
26664.900001
26708.175001
26751.800001
26795.675001
26839.625001
26883.775001
26928.050001
26972.375001
27017.075001
27062.050001
27107.150001
27152.325001
27197.500001
27242.950001
27288.700001
27334.825001
27380.750001
27427.175001
27474.125001
27520.825001
27568.175001
27615.325001
27663.225001
27711.175001
27759.275001
27807.950001
27856.950001
27906.150001
27955.625001
28005.375001
28055.450001
28105.900001
28156.875001
28208.025001
28259.475001
28311.475001
28363.800001
28416.700001
28469.925001
28523.875001
28578.225001
28633.075001
28688.500001
28744.600001
28801.425001
28858.775001
28917.075001
28976.025001
29036.000001
29096.975001
29158.925001
29222.150001
29286.725001
29352.975001
29421.000001
29491.500001
29564.875001
29642.625001
29870.625001
