10.000000
20.000000
1226.375000
1308.125000
1382.175000
1450.200000
1513.475000
1573.175000
1630.000000
1684.525000
1736.875000
1787.700000
1837.175000
1885.625000
1932.975000
1979.375000
2024.650000
2069.175000
2113.000000
2156.325000
2198.725000
2240.975000
2282.700000
2324.100000
2365.000000
2405.575000
2445.850000
2485.775000
2525.275000
2564.675000
2603.925000
2642.725000
2681.300000
2719.600000
2757.875000
2795.875000
2833.475000
2870.775000
2908.075000
2945.500000
2982.200000
3019.125000
3055.775000
3092.150000
3128.950000
3164.950000
3201.250000
3237.025000
3273.250000
3308.550000
3344.325000
3379.950000
3415.200000
3450.725000
3485.850000
3520.725000
3555.675000
3590.525000
3625.000000
3659.550000
3694.150000
3728.900000
3763.200000
3797.275000
3831.400000
3865.375000
3899.275000
3933.325000
3967.400000
4001.275000
4034.825000
4068.275000
4101.675000
4135.125000
4168.475000
4201.725000
4234.925000
4268.050000
4301.150000
4334.100000
4367.125000
4399.900000
4432.150000
4464.625000
4497.175000
4529.900000
4562.475000
4594.625000
4626.425000
4658.300000
4690.575000
4722.650000
4754.400000
4786.050000
4818.075000
4849.700000
4880.850000
4912.775000
4944.325000
4975.275000
5007.025000
5038.050000
5069.375000
5101.025000
5131.800000
5163.075000
5194.275000
5224.900000
5255.850000
5286.200000
5317.675000
5348.000000
5379.200000
5409.450000
5440.250000
5470.425000
5501.275000
5530.875000
5561.600000
5591.700000
5622.025000
5652.250000
5682.050000
5712.475000
5741.850000
5771.975000
5801.775000
5831.450000
5861.450000
5891.400000
5920.700000
5950.525000
5980.275000
6009.500000
6038.950000
6068.275000
6097.250000
6126.325000
6155.650000
6184.875000
6213.750000
6242.775000
6271.750000
6301.275000
6330.200000
6358.425000
6387.325000
6416.100000
6445.575000
6473.975000
6502.625000
6530.650000
6559.075000
6587.600000
6616.375000
6644.825000
6673.550000
6701.625000
6730.200000
6758.175000
6786.050000
6813.850000
6841.750000
6869.500000
6897.275000
6925.025000
6952.775000
6980.475000
7008.200000
7035.950000
7063.675000
7091.500000
7119.175000
7146.900000
7174.625000
7202.350000
7230.175000
7257.850000
7285.575000
7313.300000
7341.075000
7368.475000
7395.950000
7423.525000
7450.775000
7477.950000
7504.875000
7531.925000
7558.400000
7585.825000
7612.775000
7640.175000
7666.800000
7693.075000
7719.500000
7746.700000
7773.650000
7800.175000
7826.375000
7852.750000
7879.725000
7906.850000
7932.950000
7958.625000
7985.800000
8012.475000
8038.400000
8064.075000
8091.225000
8117.950000
8143.175000
8169.375000
8195.850000
8221.025000
8247.150000
8273.600000
8298.700000
8324.850000
8351.250000
8376.325000
8402.475000
8428.575000
8454.125000
8480.225000
8505.750000
8530.650000
8557.000000
8581.925000
8607.900000
8633.375000
8658.300000
8684.475000
8708.550000
8734.800000
8759.550000
8785.100000
8809.875000
8835.725000
8860.775000
8885.950000
8911.100000
8935.975000
8961.025000
8985.950000
9010.800000
9035.900000
9060.250000
9085.875000
9110.000000
9135.600000
9159.850000
9185.050000
9209.300000
9234.800000
9258.425000
9283.475000
9308.150000
9332.075000
9357.125000
9380.675000
9405.675000
9430.325000
9454.225000
9479.250000
9502.825000
9526.575000
9551.500000
9575.075000
9598.825000
9623.700000
9647.275000
9670.975000
9695.875000
9719.425000
9743.100000
9768.000000
9791.600000
9814.600000
9839.575000
9863.750000
9886.550000
9911.200000
9935.250000
9958.425000
9982.050000
10006.775000
10030.350000
10052.975000
10076.475000
10100.800000
10124.800000
10147.400000
10170.925000
10195.475000
10219.175000
10241.875000
10265.375000
10289.350000
10313.600000
10336.225000
10359.775000
10383.600000
10407.650000
10430.650000
10454.300000
10478.925000
10502.475000
10525.150000
10548.675000
10572.650000
10596.750000
10619.625000
10643.175000
10667.950000
10691.475000
10713.975000
10737.500000
10761.300000
10785.150000
10808.350000
10831.800000
10855.675000
10879.500000
10902.800000
10926.175000
10949.775000
10973.725000
10997.150000
11019.825000
11043.325000
11068.075000
11091.575000
11114.025000
11137.600000
11161.800000
11185.900000
11208.475000
11232.050000
11256.375000
11280.375000
11302.975000
11326.475000
11351.125000
11374.700000
11397.375000
11420.875000
11444.900000
11469.050000
11491.875000
11515.400000
11539.675000
11563.700000
11586.250000
11609.825000
11633.775000
11658.050000
11680.675000
11704.300000
11728.925000
11752.475000
11775.150000
11798.675000
11822.625000
11846.725000
11869.625000
11893.175000
11917.950000
11941.500000
11963.975000
11987.525000
12011.300000
12035.175000
12058.350000
12081.825000
12105.675000
12129.525000
12152.800000
12176.225000
12199.850000
12223.725000
12247.150000
12269.800000
12293.325000
12318.075000
12341.575000
12364.025000
12387.600000
12411.725000
12435.900000
12458.450000
12482.050000
12506.300000
12530.375000
12553.000000
12576.500000
12601.150000
12624.700000
12647.375000
12670.875000
12694.875000
12719.025000
12741.875000
12765.400000
12789.775000
12813.675000
12836.225000
12859.800000
12883.700000
12907.950000
12930.650000
12954.300000
12978.825000
13002.500000
13025.150000
13048.675000
13072.700000
13096.875000
13119.625000
13143.150000
13167.925000
13191.475000
13213.975000
13237.500000
13261.300000
13285.100000
13308.325000
13331.650000
13355.675000
13379.500000
13402.800000
13426.175000
13449.775000
13473.725000
13497.150000
13519.825000
13543.325000
13568.075000
13591.575000
13614.025000
13637.600000
13661.775000
13685.900000
13708.475000
13732.050000
13756.375000
13780.375000
13802.975000
13826.475000
13851.125000
13874.700000
13897.375000
13920.875000
13944.875000
13969.050000
13991.875000
14015.400000
14039.700000
14063.675000
14086.250000
14109.800000
14133.775000
14158.050000
14180.675000
14204.300000
14228.900000
14252.475000
14275.150000
14298.675000
14322.650000
14346.750000
14369.625000
14393.175000
14417.950000
14441.475000
14463.975000
14487.500000
14511.300000
14535.150000
14558.350000
14581.800000
14605.675000
14629.500000
14652.800000
14676.175000
14699.775000
14723.725000
14747.150000
14769.825000
14793.325000
14818.075000
14841.575000
14864.025000
14887.600000
14911.800000
14935.900000
14958.475000
14982.050000
15006.375000
15030.375000
15052.975000
15076.475000
15101.100000
15124.700000
15147.375000
15170.875000
15194.900000
15219.075000
15241.875000
15265.400000
15289.650000
15313.700000
15336.250000
15359.825000
15383.800000
15408.050000
15430.675000
15454.300000
15478.925000
15502.475000
15525.150000
15548.675000
15572.625000
15596.700000
15619.625000
15643.175000
15667.950000
15691.500000
15713.975000
15737.525000
15761.300000
15785.175000
15808.375000
15831.850000
15855.700000
15879.550000
15902.825000
15926.250000
15949.925000
15973.725000
15997.150000
16019.850000
16043.375000
16068.100000
16091.600000
16114.050000
16137.625000
16162.125000
16185.875000
16208.450000
16232.000000
16255.925000
16280.225000
16302.925000
16326.425000
16350.325000
16374.150000
16397.350000
16420.900000
16445.025000
16469.200000
16491.900000
16515.425000
16539.900000
16563.650000
16586.225000
16609.775000
16633.600000
16657.725000
16680.650000
16704.300000
16728.950000
16752.475000
16775.150000
16798.675000
16822.625000
16846.700000
16869.625000
16893.175000
16917.950000
16941.500000
16963.975000
16987.525000
17011.300000
17035.175000
17058.375000
17081.850000
17105.700000
17129.550000
17152.825000
17176.250000
17199.925000
17223.725000
17247.150000
17269.850000
17293.375000
17318.100000
17341.600000
17364.050000
17387.625000
17412.125000
17435.875000
17458.450000
17482.000000
17505.925000
17530.225000
17552.925000
17576.425000
17600.325000
17624.150000
17647.350000
17670.875000
17694.925000
17719.125000
17741.875000
17765.400000
17789.625000
17813.700000
17836.250000
17859.825000
17883.800000
17908.075000
17930.675000
17954.300000
17978.950000
18002.475000
18025.150000
18048.675000
18072.625000
18096.675000
18119.625000
18143.175000
18167.950000
18191.500000
18213.975000
18237.525001
18261.325001
18285.200001
18308.375001
18331.875001
18355.700001
18379.600001
18402.825001
18426.300001
18450.000001
18473.750001
18497.175001
18519.950001
18544.075001
18568.200001
18591.650001
18614.175001
18637.850001
18662.550001
18685.975001
18708.475001
18732.075001
18756.650001
18780.325001
18802.950001
18826.450001
18850.450001
18874.600001
18897.375001
18920.900001
18945.350001
18969.225001
18991.900001
19015.400001
19039.775001
19063.675001
19086.225001
19109.800001
19133.675001
19157.925001
19180.650001
19204.300001
19228.825001
19252.500001
19275.150001
19298.675001
19322.700001
19346.875001
19369.625001
19393.150001
19417.925001
19441.475001
19463.975001
19487.500001
19511.300001
19535.100001
19558.325001
19581.650001
19605.650001
19629.500001
19652.800001
19676.150001
19699.750001
19723.725001
19747.150001
19769.825001
19793.325001
19818.075001
19841.575001
19864.025001
19887.600001
19911.850001
19935.900001
19958.475001
19982.050001
20006.375001
20030.375001
20052.975001
20076.475001
20101.125001
20124.750001
20147.400001
20170.950001
20195.775001
20219.300001
20242.275001
20267.050001
20291.475001
20314.075001
20338.300001
20363.025001
20386.275001
20410.775001
20435.175001
20458.475001
20483.200001
20507.550001
20530.900001
20555.900001
20580.400001
20604.225001
20629.250001
20652.825001
20676.600001
20701.525001
20725.150001
20750.025001
20774.725001
20798.625001
20823.675001
20847.350001
20872.300001
20897.050001
20920.950001
20946.000001
20970.250001
20995.900001
21019.725001
21045.725001
21069.550001
21095.075001
21119.550001
21145.550001
21169.550001
21195.600001
21219.575001
21245.700001
21269.650001
21295.800001
21319.975001
21345.975001
21370.800001
21396.225001
21421.075001
21447.025001
21472.300001
21497.250001
21523.500001
21548.325001
21574.000001
21599.525001
21625.025001
21651.350001
21676.350001
21702.425001
21728.375001
21754.125001
21780.275001
21806.400001
21831.925001
21858.100001
21884.575001
21909.750001
21935.925001
21962.450001
21987.675001
22013.800001
22040.375001
22066.575001
22092.100001
22119.125001
22145.800001
22171.375001
22197.750001
22224.825001
22251.450001
22277.875001
22304.125001
22330.475001
22357.425001
22384.675001
22411.125001
22437.450001
22463.850001
22491.300001
22518.175001
22545.600001
22572.225001
22598.650001
22625.225001
22652.650001
22680.125001
22707.400001
22734.900001
22762.475001
22790.025001
22817.675001
22845.100001
22873.125001
22901.075001
22928.950001
22956.625001
22984.450001
23012.300001
23040.125001
23067.975001
23095.775001
23123.600001
23151.425001
23179.400001
23207.425001
23235.750001
23263.700001
23291.625001
23319.450001
23347.275001
23375.150001
23403.275001
23431.800001
23459.800001
23488.275001
23517.600001
23545.975001
23574.675001
23602.800001
23631.175001
23659.950001
23688.900001
23718.000001
23746.800001
23775.175001
23804.175001
23833.250001
23862.475001
23891.475001
23920.350001
23949.825001
23979.250001
24008.200001
24037.375001
24066.950001
24096.500001
24126.050001
24155.725001
24185.550001
24215.100001
24245.275001
24274.875001
24304.500001
24334.750001
24364.000001
24394.350001
24424.475001
24454.375001
24484.825001
24514.675001
24545.675001
24575.375001
24606.500001
24636.275001
24667.625001
24697.675001
24729.075001
24759.350001
24790.375001
24820.800001
24851.825001
24882.925001
24913.775001
24945.325001
24976.200001
25007.700001
25039.000001
25070.150001
25101.925001
25133.500001
25164.875001
25196.800001
25228.950001
25260.225001
25291.975001
25324.125001
25356.600001
25388.500001
25420.525001
25452.625001
25484.950001
25517.675001
25549.925001
25582.025001
25614.225001
25647.025001
25679.950001
25712.875001
25745.825001
25779.025001
25812.125001
25845.450001
25878.900001
25912.250001
25945.650001
25979.150001
26012.575001
26046.075001
26079.975001
26113.675001
26147.250001
26180.975001
26215.100001
26248.925001
26283.275001
26317.825001
26352.175001
26386.400001
26420.875001
26455.625001
26490.425001
26525.000001
26559.825001
26595.250001
26630.350001
26665.425001
26701.150001
26736.175001
26771.975001
26807.800001
26843.550001
26879.875001
26916.000001
26952.400001
26988.725001
27024.950001
27061.625001
27098.300001
27135.250001
27172.250001
27209.225001
27246.650001
27284.300001
27321.775001
27359.400001
27397.100001
27435.100001
27473.375001
27511.550001
27550.000001
27588.550001
27627.300001
27666.350001
27705.400001
27744.625001
27784.200001
27823.825001
27863.600001
27903.625001
27943.975001
27984.575001
28025.000001
28065.900001
28107.150001
28148.375001
28190.100001
28231.825001
28273.950001
28316.425001
28359.025001
28402.200001
28445.650001
28489.250001
28533.225001
28577.550001
28622.250001
28667.525001
28713.150001
28759.175001
28805.700001
28852.600001
28900.050001
28948.050001
28996.750001
29046.000001
29095.825001
29146.250001
29197.250001
29248.850001
29301.250001
29354.250001
29408.000001
29462.550001
29517.900001
29574.100001
29631.300001
29689.625001
29749.175001
29810.175001
29872.850001
29937.400001
30004.150001
30073.525001
30144.950001
30218.000001
30292.825001
30369.200001
30446.950001
30526.125001
30606.775001
30689.200001
30773.375001
30859.025001
30945.875001
31033.650001
31122.225001
31211.600001
31301.925001
31393.625001
31487.100001
31582.575001
31681.075001
31786.900001
32108.350001
32208.425001
32525.400001
32626.125001
32950.350001
33052.075001
33403.050001
33504.775001
33879.600001
33980.825001
34355.600001
34456.875001
34831.725001
34933.025001
