10.000000
38.000000
2267.425000
2340.125000
2408.925000
2473.850000
2534.825000
2592.425000
2647.350000
2700.050000
2751.050000
2800.050000
2847.375000
2893.600000
2938.900000
2983.075000
3026.200000
3068.950000
3110.875000
3152.250000
3192.950000
3233.250000
3273.375000
3312.925000
3352.300000
3391.400000
3430.175000
3468.825000
3507.275000
3545.575000
3583.300000
3620.725000
3658.175000
3695.750000
3732.900000
3769.750000
3807.000000
3843.475000
3880.325000
3917.025000
3953.125000
3989.950000
4025.925000
4062.400000
4098.100000
4134.475000
4169.725000
4205.550000
4241.250000
4276.375000
4312.175000
4347.125000
4382.025000
4417.600000
4452.525000
4487.225000
4522.075000
4556.925000
4591.475000
4625.725000
4660.225000
4694.975000
4729.525000
4763.650000
4797.350000
4831.250000
4865.250000
4898.750000
4932.575000
4966.650000
5000.175000
5033.750000
5067.800000
5101.275000
5134.675000
5168.025000
5201.300000
5234.575000
5267.850000
5301.000000
5333.875000
5367.000000
5399.725000
5432.050000
5464.225000
5497.050000
5529.850000
5562.575000
5595.100000
5627.525000
5659.525000
5691.600000
5723.775000
5755.800000
5787.500000
5819.350000
5851.425000
5883.175000
5914.225000
5946.375000
5978.625000
6009.800000
6041.525000
6073.375000
6104.250000
6135.800000
6167.600000
6198.450000
6230.050000
6261.175000
6291.775000
6323.450000
6354.025000
6385.050000
6415.500000
6446.725000
6477.550000
6508.150000
6538.825000
6569.300000
6599.850000
6630.325000
6660.725000
6691.425000
6721.100000
6751.750000
6781.800000
6812.475000
6841.875000
6872.275000
6902.475000
6932.025000
6962.500000
6991.775000
7021.625000
7051.950000
7081.675000
7111.775000
7141.575000
7170.825000
7201.125000
7230.375000
7259.550000
7289.050000
7318.625000
7347.600000
7377.025000
7407.050000
7435.975000
7464.900000
7494.350000
7523.650000
7552.600000
7580.775000
7609.775000
7638.925000
7668.075000
7696.950000
7725.100000
7754.025000
7782.325000
7811.350000
7840.375000
7869.100000
7897.225000
7925.250000
7954.000000
7982.025000
8010.375000
8039.275000
8068.100000
8096.300000
8124.825000
8152.750000
8180.550000
8208.350000
8236.125000
8263.900000
8291.750000
8319.500000
8347.250000
8375.025000
8402.775000
8430.475000
8458.225000
8485.975000
8513.725000
8541.525000
8569.250000
8596.975000
8624.700000
8652.425000
8680.250000
8707.950000
8735.700000
8763.450000
8791.275000
8818.650000
8846.325000
8873.875000
8901.475000
8929.175000
8956.525000
8983.500000
9010.000000
9036.450000
9063.825000
9091.400000
9118.250000
9145.775000
9172.300000
9198.625000
9225.050000
9252.475000
9279.425000
9306.750000
9332.925000
9358.925000
9386.050000
9413.150000
9440.350000
9466.850000
9492.950000
9519.375000
9545.975000
9572.325000
9598.275000
9624.875000
9651.450000
9677.000000
9703.025000
9730.250000
9756.925000
9782.100000
9808.250000
9834.825000
9860.100000
9886.100000
9912.650000
9937.975000
9963.900000
9990.450000
10015.575000
10041.650000
10068.100000
10093.100000
10119.275000
10145.675000
10170.625000
10196.875000
10222.875000
10248.500000
10274.750000
10300.900000
10326.250000
10352.500000
10378.775000
10404.050000
10430.300000
10456.000000
10480.900000
10507.900000
10533.750000
10558.675000
10585.700000
10611.550000
10636.500000
10663.550000
10689.350000
10714.375000
10741.475000
10767.925000
10792.875000
10819.100000
10845.100000
10870.725000
10896.975000
10923.100000
10948.500000
10974.725000
11000.800000
11026.275000
11052.525000
11078.850000
11104.000000
11130.275000
11155.925000
11180.800000
11207.625000
11233.675000
11258.550000
11285.400000
11311.475000
11336.350000
11363.300000
11389.400000
11414.875000
11441.500000
11467.950000
11492.925000
11519.125000
11545.075000
11570.725000
11596.975000
11623.075000
11648.500000
11674.725000
11700.825000
11726.275000
11752.525000
11778.825000
11804.025000
11830.275000
11855.950000
11880.800000
11907.675000
11933.750000
11958.675000
11985.725000
12011.550000
12036.525000
12063.575000
12089.425000
12114.825000
12141.525000
12167.975000
12192.925000
12219.125000
12245.100000
12270.725000
12296.975000
12323.100000
12348.500000
12374.725000
12400.825000
12426.275000
12452.525000
12478.825000
12504.025000
12530.275000
12555.925000
12580.800000
12607.650000
12633.700000
12658.600000
12685.575000
12711.600000
12737.050000
12763.675000
12789.950000
12814.775000
12841.525000
12867.975000
12892.925000
12919.125000
12945.075000
12970.700000
12996.950000
13023.050000
13048.500000
13074.750000
13100.875000
13126.275000
13152.500000
13178.775000
13204.050000
13230.300000
13255.975000
13280.850000
13307.825000
13333.800000
13358.850000
13385.875000
13412.125000
13437.100000
13463.650000
13489.750000
13515.125000
13541.475000
13567.900000
13592.850000
13619.075000
13645.075000
13670.725000
13696.950000
13723.075000
13748.500000
13774.725000
13800.850000
13826.275000
13852.525000
13878.825000
13904.025000
13930.275000
13955.950000
13980.800000
14007.700000
14033.775000
14058.775000
14085.800000
14111.675000
14137.250000
14163.625000
14189.525000
14215.100000
14241.500000
14267.900000
14292.850000
14319.075000
14345.075000
14370.700000
14396.950000
14423.075000
14448.500000
14474.750000
14500.850000
14526.275000
14552.525000
14578.800000
14604.025000
14630.300000
14655.950000
14680.825000
14707.725000
14733.775000
14758.875000
14785.875000
14812.175000
14836.950000
14863.675000
14890.000000
14914.675000
14941.525000
14967.975000
14992.950000
15019.150000
15045.100000
15070.725000
15096.975000
15123.075000
15148.500000
15174.725000
15200.825000
15226.275000
15252.525000
15278.825000
15304.025000
15330.275000
15355.950000
15380.800000
15407.675000
15433.750000
15458.700000
15485.750000
15511.575000
15536.600000
15563.625000
15589.800000
15615.075000
15641.475000
15667.900000
15692.850000
15719.075000
15745.075000
15770.725000
15796.975000
15823.075000
15848.500000
15874.725000
15900.825000
15926.275000
15952.525000
15978.825000
16004.025000
16030.275000
16055.925000
16080.800000
16107.675000
16133.750000
16158.675000
16185.700000
16211.550000
16236.525000
16263.575000
16289.425000
16314.900000
16341.500000
16367.950000
16392.900000
16419.125000
16445.075000
16470.700000
16496.950000
16523.050000
16548.500000
16574.750000
16600.875000
16626.275000
16652.500000
16678.800000
16704.050000
16730.300000
16755.950000
16780.850000
16807.800000
16833.800000
16858.975000
16885.900000
16912.300000
16936.900000
16963.675000
16990.025000
17014.650000
17041.525000
17067.975000
17092.950000
17119.150000
17145.100000
17170.725000
17196.975000
17223.075000
17248.500000
17274.725000
17300.825000
17326.275000
17352.525000
17378.825000
17404.025000
17430.275000
17455.950000
17480.800000
17507.675000
17533.750000
17558.725000
17585.750000
17611.575000
17636.625000
17663.625000
17689.900000
17714.925000
17741.500000
17767.925000
17792.875000
17819.100000
17845.075000
17870.700000
17896.950000
17923.050000
17948.500000
17974.750000
18000.875000
18026.275000
18052.500000
18078.775000
18104.050000
18130.300000
18155.975000
18180.850000
18207.825000
18233.800001
18258.875001
18285.875001
18312.175001
18336.925001
18363.675001
18390.025001
18414.650001
18441.525001
18467.975001
18492.950001
18519.150001
18545.100001
18570.725001
18596.975001
18623.075001
18648.500001
18674.725001
18700.825001
18726.275001
18752.525001
18778.825001
18804.025001
18830.275001
18855.950001
18880.800001
18907.675001
18933.750001
18958.700001
18985.750001
19011.550001
19036.575001
19063.600001
19089.650001
19115.150001
19141.500001
19167.925001
19192.875001
19219.100001
19245.075001
19270.700001
19296.950001
19323.050001
19348.500001
19374.750001
19400.875001
19426.275001
19452.500001
19478.800001
19504.050001
19530.300001
19555.975001
19580.850001
19607.825001
19633.800001
19658.900001
19685.875001
19712.200001
19736.875001
19763.675001
19790.050001
19814.650001
19841.525001
19867.975001
19892.950001
19919.150001
19945.100001
19970.725001
19996.975001
20023.075001
20048.500001
20074.725001
20100.825001
20126.300001
20152.575001
20179.125001
20204.200001
20230.400001
20256.925001
20282.000001
20308.200001
20334.775001
20359.950001
20386.075001
20412.675001
20438.850001
20464.025001
20491.325001
20518.050001
20543.300001
20569.500001
20596.275001
20623.575001
20648.925001
20675.150001
20702.450001
20729.325001
20755.775001
20781.950001
20808.300001
20835.625001
20862.650001
20889.700001
20916.750001
20943.050001
20969.500001
20996.925001
21023.800001
21051.350001
21078.025001
21104.625001
21131.700001
21158.350001
21185.900001
21213.400001
21241.025001
21268.475001
21296.025001
21323.650001
21351.350001
21379.100001
21406.700001
21434.100001
21462.325001
21490.100001
21517.950001
21545.725001
21573.525001
21601.325001
21629.200001
21657.000001
21684.825001
21712.700001
21740.650001
21768.900001
21797.050001
21824.875001
21852.700001
21880.475001
21908.275001
21936.075001
21963.875001
21991.775001
22019.625001
22047.625001
22076.175001
22104.275001
22132.350001
22161.175001
22190.150001
22218.375001
22247.050001
22275.050001
22303.550001
22332.175001
22361.175001
22390.300001
22419.125001
22447.300001
22476.200001
22505.300001
22534.675001
22563.575001
22591.950001
22620.900001
22650.325001
22679.950001
22708.475001
22737.675001
22767.875001
22797.000001
22826.050001
22855.675001
22885.375001
22914.425001
22944.600001
22974.450001
23004.050001
23034.175001
23063.750001
23093.150001
23123.575001
23152.825001
23182.975001
23213.350001
23243.075001
23273.600001
23302.975001
23333.450001
23363.675001
23393.525001
23424.500001
23454.850001
23485.800001
23516.325001
23546.975001
23577.500001
23608.125001
23638.850001
23669.350001
23700.200001
23730.575001
23762.150001
23792.775001
23823.875001
23854.975001
23886.025001
23917.875001
23948.500001
23980.175001
24011.550001
24042.900001
24074.600001
24106.575001
24137.600001
24169.325001
24201.325001
24232.875001
24264.250001
24296.725001
24329.150001
24360.975001
24392.825001
24424.875001
24457.200001
24489.800001
24522.125001
24554.200001
24586.175001
24619.100001
24651.675001
24684.675001
24717.725001
24750.425001
24783.325001
24816.250001
24848.875001
24881.900001
24914.900001
24948.075001
24981.350001
25014.800001
25048.325001
25081.725001
25115.125001
25148.550001
25182.050001
25215.725001
25249.875001
25283.925001
25318.200001
25352.425001
25386.175001
25420.525001
25455.025001
25490.025001
25524.550001
25558.850001
25593.825001
25629.175001
25663.750001
25698.525001
25733.750001
25769.125001
25804.200001
25839.975001
25875.025001
25910.750001
25946.625001
25982.250001
26018.325001
26054.150001
26090.425001
26126.300001
26162.800001
26198.850001
26235.675001
26272.375001
26308.800001
26346.000001
26383.025001
26419.925001
26457.600001
26495.425001
26532.925001
26570.525001
26608.225001
26646.250001
26684.600001
26722.925001
26761.325001
26799.850001
26838.500001
26877.375001
26916.525001
26955.600001
26995.050001
27034.750001
27074.450001
27114.075001
27154.125001
27194.375001
27234.850001
27275.175001
27316.125001
27357.425001
27398.525001
27440.250001
27481.775001
27523.825001
27566.100001
27608.475001
27651.450001
27694.500001
27737.700001
27781.425001
27825.500001
27870.000001
27914.900001
27960.125001
28006.000001
28052.350001
28098.975001
28146.475001
28194.525001
28243.025001
28292.425001
28342.750001
28393.975001
28446.450001
28500.050001
28555.150001
28612.250001
28671.200001
28733.200001
28798.800001
28870.225001
28952.225001
