1.000000
5.000000
1065.175000
1155.100000
1240.150000
1319.900000
1394.875000
1465.000000
1531.425000
1595.025000
1655.950000
1714.200000
1770.450000
1824.825000
1877.575000
1929.100000
1979.450000
2029.000000
2077.625000
2125.650000
2173.425000
2220.350000
2267.150000
2313.375000
2359.150000
2404.600000
2449.675000
2494.350000
2538.600000
2582.625000
2626.250000
2669.475000
2712.650000
2755.450000
2797.950000
2840.475000
2882.475000
2924.550000
2966.350000
3007.850000
3048.875000
3090.100000
3130.550000
3170.925000
3211.300000
3251.450000
3291.425000
3331.075000
3370.700000
3409.975000
3449.225000
3488.575000
3527.525000
3566.400000
3605.050000
3643.350000
3681.675000
3719.550000
3757.775000
3795.775000
3833.325000
3870.650000
3908.025000
3945.600000
3982.550000
4019.475000
4056.700000
4093.025000
4129.925000
4166.575000
4202.650000
4238.850000
4274.800000
4310.875000
4346.825000
4382.600000
4418.625000
4454.125000
4489.925000
4524.900000
4559.925000
4595.500000
4630.300000
4665.100000
4699.925000
4734.700000
4769.200000
4803.700000
4838.200000
4873.150000
4907.500000
4941.575000
4975.275000
5009.275000
5043.000000
5076.425000
5109.900000
5143.250000
5176.475000
5209.725000
5242.925000
5276.075000
5309.100000
5342.425000
5375.250000
5408.150000
5441.300000
5474.000000
5506.975000
5539.775000
5572.275000
5604.375000
5636.250000
5669.000000
5701.350000
5733.325000
5765.100000
5797.025000
5829.200000
5860.900000
5892.550000
5924.600000
5956.675000
5987.600000
6019.225000
6051.050000
6081.900000
6113.450000
6144.775000
6175.700000
6207.250000
6237.900000
6269.175000
6300.000000
6330.425000
6361.200000
6391.600000
6422.275000
6452.600000
6483.175000
6513.550000
6543.725000
6574.600000
6604.650000
6635.325000
6665.250000
6695.725000
6725.025000
6755.300000
6785.250000
6815.000000
6845.375000
6874.825000
6904.200000
6934.325000
6963.625000
6992.900000
7022.350000
7051.600000
7080.500000
7109.625000
7138.850000
7168.075000
7197.000000
7225.650000
7255.250000
7284.575000
7313.400000
7341.775000
7370.600000
7398.750000
7427.725000
7456.750000
7485.075000
7513.625000
7541.700000
7569.625000
7598.050000
7626.325000
7654.325000
7682.275000
7710.725000
7738.900000
7767.375000
7795.750000
7823.625000
7851.450000
7879.450000
7907.375000
7935.600000
7963.550000
7991.425000
8019.125000
8046.850000
8074.600000
8102.325000
8130.175000
8157.850000
8185.550000
8213.275000
8241.025000
8268.350000
8295.825000
8323.375000
8350.075000
8376.450000
8402.975000
8430.325000
8457.325000
8484.675000
8511.150000
8537.450000
8563.825000
8591.100000
8618.075000
8644.475000
8670.650000
8697.100000
8723.675000
8749.975000
8775.950000
8802.600000
8829.250000
8855.375000
8880.650000
8907.425000
8933.725000
8959.625000
8985.875000
9012.400000
9037.500000
9063.650000
9090.075000
9115.150000
9141.425000
9167.725000
9192.875000
9218.875000
9244.700000
9269.575000
9295.850000
9320.775000
9346.600000
9372.250000
9397.200000
9423.425000
9447.500000
9473.625000
9498.375000
9523.750000
9548.525000
9573.800000
9598.550000
9623.775000
9648.475000
9673.700000
9698.200000
9723.675000
9747.700000
9773.625000
9797.375000
9823.325000
9847.250000
9872.125000
9896.975000
9920.875000
9945.925000
9969.600000
9994.600000
10019.250000
10043.100000
10068.100000
10091.750000
10116.475000
10141.325000
10165.050000
10190.275000
10213.850000
10237.750000
10262.750000
10286.225000
10311.150000
10335.825000
10359.650000
10384.725000
10408.300000
10432.300000
10457.450000
10481.475000
10506.975000
10530.550000
10555.300000
10580.175000
10604.150000
10629.225000
10652.800000
10676.600000
10701.550000
10725.150000
10750.000000
10774.675000
10798.550000
10823.600000
10847.225000
10871.025000
10895.975000
10919.600000
10944.475000
10969.150000
10993.025000
11018.075000
11041.725000
11065.950000
11091.425000
11115.175000
11140.275000
11163.850000
11187.775000
11212.800000
11236.250000
11261.225000
11285.850000
11309.675000
11334.750000
11358.300000
11382.375000
11407.750000
11431.875000
11456.975000
11480.550000
11505.200000
11530.200000
11554.175000
11579.225000
11602.800000
11626.625000
11651.550000
11675.150000
11700.025000
11724.700000
11748.550000
11773.600000
11797.225000
11821.025000
11845.975000
11869.600000
11894.475000
11919.150000
11943.025000
11968.075000
11991.725000
12015.950000
12041.425000
12065.175000
12090.275000
12113.850000
12137.775000
12162.800000
12186.250000
12211.225000
12235.850000
12259.675000
12284.750000
12308.300000
12332.375000
12357.750000
12381.875000
12406.975000
12430.550000
12455.200000
12480.200000
12504.175000
12529.225000
12552.800000
12576.625000
12601.550000
12625.150000
12650.025000
12674.700000
12698.550000
12723.600000
12747.225000
12771.025000
12795.975000
12819.600000
12844.475000
12869.150000
12893.025000
12918.075000
12941.725000
12965.950000
12991.425000
13015.175000
13040.275000
13063.850000
13087.775000
13112.800000
13136.250000
13161.225000
13185.850000
13209.675000
13234.750000
13258.300000
13282.375000
13307.750000
13331.875000
13356.975000
13380.550000
13405.200000
13430.200000
13454.175000
13479.225000
13502.800000
13526.625000
13551.550000
13575.150000
13600.025000
13624.700000
13648.550000
13673.600000
13697.225000
13721.025000
13745.975000
13769.600000
13794.475000
13819.150000
13843.025000
13868.075000
13891.725000
13915.950000
13941.425000
13965.175000
13990.275000
14013.850000
14037.775000
14062.800000
14086.250000
14111.225000
14135.850000
14159.675000
14184.750000
14208.300000
14232.375000
14257.750000
14281.875000
14306.975000
14330.550000
14355.200000
14380.200000
14404.175000
14429.225000
14452.800000
14476.625000
14501.550000
14525.150000
14550.025000
14574.700000
14598.550000
14623.600000
14647.225000
14671.025000
14695.975000
14719.600000
14744.475000
14769.150000
14793.025000
14818.075000
14841.725000
14865.950000
14891.425000
14915.175000
14940.275000
14963.850000
14987.775000
15012.800000
15036.250000
15061.225000
15085.850000
15109.675000
15134.750000
15158.300000
15182.375000
15207.750000
15231.875000
15256.975000
15280.550000
15305.200000
15330.200000
15354.175000
15379.225000
15402.800000
15426.625000
15451.550000
15475.150000
15500.025000
15524.700000
15548.550000
15573.600000
15597.225000
15621.025000
15645.975000
15669.600000
15694.475000
15719.150000
15743.025000
15768.075000
15791.725000
15815.950000
15841.425000
15865.175000
15890.275000
15913.850000
15937.775000
15962.800000
15986.250000
16011.225000
16035.850000
16059.675000
16084.750000
16108.300000
16132.375000
16157.750000
16181.875000
16206.975000
16230.550000
16255.200000
16280.200000
16304.175000
16329.225000
16352.800000
16376.625000
16401.550000
16425.150000
16450.025000
16474.700000
16498.550000
16523.600000
16547.225000
16571.025000
16595.975000
16619.600000
16644.475000
16669.150000
16693.025000
16718.075000
16741.725000
16765.950000
16791.425000
16815.175000
16840.275000
16863.850000
16887.775000
16912.800000
16936.250000
16961.225000
16985.850000
17009.675000
17034.750000
17058.300000
17082.375000
17107.750000
17131.875000
17156.975000
17180.550000
17205.200000
17230.200000
17254.175000
17279.225000
17302.800000
17326.625000
17351.550000
17375.150000
17400.025000
17424.700000
17448.550000
17473.600000
17497.225000
17521.025000
17545.975000
17569.600000
17594.475000
17619.150000
17643.025000
17668.075000
17691.725000
17715.950000
17741.425000
17765.175000
17790.275000
17813.850000
17837.775000
17862.800000
17886.250000
17911.225000
17935.850000
17959.675000
17984.750000
18008.300000
18032.375000
18057.750000
18081.875000
18106.975000
18130.550000
18155.200000
18180.200000
18204.175000
18229.225001
18252.800001
18276.625001
18301.550001
18325.150001
18350.025001
18374.700001
18398.550001
18423.600001
18447.225001
18471.025001
18495.975001
18519.600001
18544.475001
18569.150001
18593.025001
18618.075001
18641.725001
18665.950001
18691.425001
18715.175001
18740.275001
18763.850001
18787.775001
18812.800001
18836.250001
18861.225001
18885.850001
18909.675001
18934.750001
18958.300001
18982.375001
19007.750001
19031.875001
19056.975001
19080.550001
19105.200001
19130.200001
19154.175001
19179.225001
19202.800001
19226.625001
19251.550001
19275.150001
19300.025001
19324.700001
19348.550001
19373.600001
19397.225001
19421.025001
19445.975001
19469.600001
19494.475001
19519.150001
19543.025001
19568.075001
19591.725001
19615.950001
19641.425001
19665.175001
19690.275001
19713.850001
19737.775001
19762.800001
19786.250001
19811.225001
19835.850001
19859.675001
19884.750001
19908.300001
19932.375001
19957.750001
19981.875001
20006.975001
20030.550001
20055.200001
20080.200001
20104.175001
20129.250001
20152.850001
20177.575001
20202.475001
20226.425001
20251.475001
20275.200001
20301.125001
20325.025001
20350.000001
20374.825001
20398.825001
20424.400001
20448.775001
20474.500001
20498.825001
20524.650001
20548.875001
20574.750001
20599.225001
20624.925001
20650.250001
20675.025001
20701.250001
20725.375001
20751.475001
20776.375001
20802.300001
20827.875001
20852.825001
20879.200001
20904.175001
20930.250001
20955.800001
20980.700001
21007.125001
21032.375001
21058.275001
21084.750001
21109.850001
21135.950001
21162.475001
21187.625001
21213.750001
21240.325001
21266.075001
21292.175001
21319.200001
21345.800001
21371.200001
21397.375001
21424.450001
21451.375001
21477.650001
21503.975001
21530.425001
21557.225001
21584.500001
21610.900001
21637.250001
21663.800001
21691.275001
21718.150001
21745.650001
21772.250001
21798.650001
21825.250001
21852.650001
21880.200001
21907.650001
21935.350001
21963.150001
21991.125001
22018.850001
22046.725001
22074.575001
22102.400001
22130.250001
22158.000001
22185.800001
22213.600001
22241.475001
22269.250001
22297.050001
22324.850001
22352.650001
22380.450001
22408.250001
22436.050001
22463.875001
22491.825001
22519.850001
22548.400001
22576.400001
22605.125001
22633.900001
22662.775001
22691.475001
22719.525001
22748.300001
22776.575001
22805.675001
22834.750001
22863.575001
22892.225001
22921.175001
22951.150001
22980.225001
23008.700001
23038.450001
23068.075001
23097.100001
23126.275001
23155.925001
23185.750001
23215.100001
23245.350001
23274.850001
23304.325001
23334.650001
23363.825001
23393.950001
23424.400001
23454.325001
23484.775001
23514.200001
23545.400001
23575.075001
23605.725001
23635.925001
23666.675001
23697.050001
23727.750001
23758.150001
23788.975001
23819.425001
23850.975001
23881.675001
23912.975001
23944.300001
23975.000001
24006.800001
24037.525001
24069.175001
24101.075001
24132.050001
24163.675001
24195.700001
24227.175001
24259.050001
24291.450001
24323.550001
24355.525001
24387.375001
24419.375001
24451.800001
24484.600001
24517.150001
24549.800001
24582.025001
24614.575001
24647.325001
24680.325001
24713.450001
24746.750001
24780.150001
24813.500001
24846.925001
24880.300001
24913.650001
24947.100001
24980.475001
25013.900001
25047.575001
25081.650001
25115.400001
25149.675001
25184.275001
25218.725001
25252.925001
25287.375001
25322.075001
25356.900001
25391.525001
25426.225001
25461.225001
25496.500001
25531.775001
25567.600001
25602.725001
25638.450001
25674.400001
25710.125001
25746.300001
25782.200001
25818.575001
25855.125001
25891.525001
25928.125001
25964.625001
26001.650001
26038.575001
26075.375001
26112.775001
26150.025001
26187.275001
26224.800001
26262.600001
26300.600001
26338.700001
26376.500001
26414.825001
26453.275001
26491.900001
26530.500001
26569.350001
26608.225001
26647.300001
26686.600001
26726.225001
26766.150001
26806.525001
26846.750001
26887.125001
26927.700001
26968.475001
27009.400001
27050.850001
27092.175001
27134.100001
27175.925001
27218.100001
27260.225001
27302.700001
27345.625001
27388.550001
27431.750001
27475.050001
27518.975001
27563.200001
27607.750001
27652.450001
27697.250001
27742.525001
27788.150001
27834.325001
27880.400001
27926.850001
27973.850001
28020.900001
28068.675001
28116.825001
28165.100001
28213.825001
28263.250001
28313.200001
28363.525001
28414.175001
28465.375001
28517.425001
28569.900001
28623.150001
28676.850001
28731.375001
28786.600001
28842.700001
28899.625001
28957.600001
29016.525001
29076.350001
29137.400001
29199.700001
29263.400001
29328.675001
29395.575001
29464.275001
29535.325001
29609.000001
29686.025001
29767.375001
29855.150001
29955.375001
