2.000000
6.000000
1906.675000
1957.275000
2003.725000
2047.025000
2088.025000
2127.125000
2164.650000
2200.750000
2235.550000
2269.225000
2302.100000
2334.150000
2365.225000
2395.550000
2425.675000
2455.100000
2484.150000
2513.000000
2541.225000
2569.025000
2596.650000
2624.200000
2651.050000
2678.250000
2704.900000
2731.350000
2757.700000
2784.025000
2810.150000
2835.825000
2861.775000
2887.150000
2912.850000
2938.275000
2963.500000
2988.650000
3013.600000
3038.575000
3063.425000
3088.375000
3113.275000
3138.225000
3163.175000
3188.075000
3212.975000
3237.300000
3261.875000
3286.675000
3310.975000
3335.400000
3359.450000
3383.975000
3407.975000
3431.975000
3456.250000
3480.125000
3503.900000
3528.275000
3552.150000
3575.850000
3599.650000
3623.150000
3646.800000
3670.275000
3693.950000
3717.475000
3741.100000
3764.625000
3788.200000
3811.825000
3835.350000
3858.950000
3882.175000
3905.225000
3928.525000
3951.875000
3974.825000
3997.900000
4020.550000
4043.725000
4067.075000
4089.750000
4112.625000
4135.425000
4158.000000
4181.050000
4203.600000
4225.950000
4248.250000
4270.500000
4292.700000
4314.925000
4337.125000
4359.300000
4381.475000
4403.700000
4425.825000
4448.025000
4470.225000
4492.450000
4514.675000
4536.875000
4559.075000
4581.275000
4603.500000
4625.650000
4647.850000
4670.075000
4692.275000
4714.450000
4736.575000
4758.100000
4779.900000
4801.925000
4823.300000
4845.125000
4867.250000
4888.725000
4910.375000
4931.575000
4953.425000
4974.700000
4996.275000
5017.525000
5039.475000
5060.650000
5081.625000
5103.350000
5124.500000
5145.400000
5167.200000
5188.325000
5209.225000
5230.175000
5250.950000
5272.125000
5292.600000
5313.475000
5334.250000
5355.150000
5375.825000
5396.725000
5417.475000
5438.375000
5459.125000
5479.950000
5500.750000
5521.650000
5542.375000
5563.200000
5584.050000
5604.875000
5625.650000
5646.500000
5667.325000
5688.000000
5708.900000
5729.075000
5749.475000
5770.075000
5790.250000
5810.550000
5831.200000
5851.050000
5871.575000
5892.200000
5912.075000
5932.550000
5952.575000
5972.875000
5992.600000
6013.075000
6033.050000
6053.400000
6073.100000
6092.700000
6112.975000
6132.875000
6152.675000
6172.850000
6192.475000
6212.125000
6231.575000
6251.000000
6270.400000
6289.925000
6309.300000
6328.775000
6348.100000
6367.575000
6387.025000
6406.475000
6425.825000
6445.300000
6464.750000
6484.200000
6503.625000
6523.025000
6542.450000
6561.925000
6581.350000
6600.750000
6620.175000
6639.650000
6659.075000
6678.550000
6697.925000
6717.375000
6736.825000
6756.275000
6775.650000
6795.125000
6814.550000
6834.025000
6853.450000
6872.850000
6892.275000
6911.750000
6930.625000
6949.550000
6968.650000
6987.175000
7006.300000
7025.600000
7045.025000
7063.500000
7082.600000
7101.000000
7120.100000
7139.475000
7157.900000
7176.125000
7195.125000
7213.550000
7231.775000
7250.675000
7269.125000
7287.225000
7306.225000
7324.575000
7342.625000
7361.750000
7380.050000
7398.150000
7417.275000
7435.550000
7453.725000
7472.800000
7491.125000
7509.225000
7528.350000
7546.625000
7564.750000
7583.075000
7600.875000
7619.075000
7637.000000
7655.225000
7673.050000
7691.250000
7709.175000
7727.450000
7745.250000
7763.350000
7781.375000
7799.575000
7817.450000
7835.525000
7853.575000
7871.750000
7889.675000
7907.725000
7925.725000
7943.900000
7961.875000
7979.900000
7997.925000
8016.100000
8034.075000
8052.100000
8070.125000
8088.200000
8106.275000
8124.150000
8142.325000
8159.550000
8177.325000
8195.125000
8213.000000
8231.100000
8248.200000
8266.150000
8284.025000
8301.025000
8318.825000
8336.750000
8353.800000
8371.550000
8389.525000
8406.550000
8424.275000
8441.950000
8459.150000
8476.050000
8493.075000
8510.575000
8528.450000
8545.325000
8562.375000
8579.875000
8596.950000
8614.525000
8631.425000
8648.200000
8665.025000
8681.750000
8698.325000
8715.025000
8731.675000
8748.250000
8764.950000
8781.600000
8798.175000
8814.900000
8831.550000
8848.150000
8864.875000
8881.525000
8898.125000
8914.825000
8931.500000
8948.100000
8964.800000
8981.475000
8998.075000
9014.775000
9031.450000
9048.050000
9064.750000
9081.425000
9098.050000
9114.750000
9131.400000
9148.025000
9164.725000
9181.375000
9198.000000
9214.700000
9231.375000
9248.000000
9264.675000
9281.350000
9297.975000
9314.675000
9331.325000
9347.950000
9364.650000
9381.325000
9397.950000
9414.625000
9431.300000
9447.925000
9464.625000
9481.275000
9497.900000
9514.600000
9531.275000
9547.900000
9564.575000
9581.250000
9597.875000
9614.550000
9631.225000
9647.850000
9664.425000
9680.375000
9696.650000
9712.475000
9728.600000
9745.125000
9761.800000
9778.450000
9795.075000
9811.750000
9828.425000
9845.050000
9861.725000
9878.425000
9895.025000
9910.975000
9926.150000
9942.375000
9958.050000
9973.400000
9989.625000
10006.200000
10022.800000
10038.575000
10053.825000
10070.100000
10085.675000
10101.025000
10117.350000
10133.900000
10149.775000
10164.900000
10181.225000
10196.850000
10212.175000
10228.500000
10245.025000
10260.775000
10275.950000
10292.325000
10307.900000
10323.250000
10339.600000
10356.125000
10372.000000
10387.125000
10403.475000
10419.075000
10434.400000
10450.675000
10467.275000
10483.025000
10498.175000
10514.550000
10530.125000
10545.475000
10561.825000
10578.400000
10594.250000
10609.375000
10625.650000
10641.325000
10656.625000
10672.900000
10689.275000
10705.125000
10720.375000
10736.775000
10752.400000
10767.675000
10784.050000
10800.600000
10816.500000
10831.600000
10847.875000
10863.450000
10878.900000
10895.125000
10911.650000
10927.550000
10942.625000
10959.000000
10974.625000
10989.975000
11006.250000
11022.800000
11038.550000
11053.800000
11070.100000
11085.675000
11101.025000
11117.350000
11133.900000
11149.775000
11164.900000
11181.225000
11196.850000
11212.175000
11228.500000
11245.025000
11260.775000
11275.950000
11292.325000
11307.900000
11323.250000
11339.600000
11356.125000
11372.000000
11387.125000
11403.475000
11419.075000
11434.400000
11450.675000
11467.275000
11483.025000
11498.175000
11514.550000
11530.125000
11545.475000
11561.825000
11578.400000
11594.250000
11609.375000
11625.650000
11641.325000
11656.625000
11672.900000
11689.275000
11705.125000
11720.375000
11736.775000
11752.400000
11767.675000
11784.050000
11800.600000
11816.500000
11831.600000
11847.875000
11863.450000
11878.900000
11895.125000
11911.650000
11927.550000
11942.625000
11959.000000
11974.625000
11989.975000
12006.250000
12022.800000
12038.550000
12053.800000
12070.100000
12085.675000
12101.025000
12117.350000
12133.900000
12149.775000
12164.900000
12181.225000
12196.850000
12212.175000
12228.500000
12245.025000
12260.775000
12275.950000
12292.325000
12307.900000
12323.250000
12339.600000
12356.125000
12372.000000
12387.125000
12403.475000
12419.075000
12434.400000
12450.675000
12467.275000
12483.025000
12498.175000
12514.550000
12530.125000
12545.475000
12561.825000
12578.400000
12594.250000
12609.375000
12625.650000
12641.325000
12656.625000
12672.900000
12689.275000
12705.125000
12720.375000
12736.775000
12752.400000
12767.675000
12784.050000
12800.600000
12816.500000
12831.600000
12847.875000
12863.450000
12878.900000
12895.125000
12911.650000
12927.550000
12942.625000
12959.000000
12974.625000
12989.975000
13006.250000
13022.800000
13038.550000
13053.800000
13070.100000
13085.675000
13101.025000
13117.350000
13133.900000
13149.775000
13164.900000
13181.225000
13196.850000
13212.175000
13228.500000
13245.025000
13260.775000
13275.950000
13292.325000
13307.900000
13323.250000
13339.600000
13356.125000
13372.000000
13387.125000
13403.475000
13419.075000
13434.400000
13450.675000
13467.275000
13483.025000
13498.175000
13514.550000
13530.125000
13545.475000
13561.825000
13578.400000
13594.250000
13609.375000
13625.650000
13641.325000
13656.625000
13672.900000
13689.275000
13705.125000
13720.375000
13736.775000
13752.400000
13767.675000
13784.050000
13800.600000
13816.500000
13831.600000
13847.875000
13863.450000
13878.900000
13895.125000
13911.650000
13927.550000
13942.625000
13959.000000
13974.625000
13989.975000
14006.250000
14022.800000
14038.550000
14053.800000
14070.100000
14085.675000
14101.025000
14117.350000
14133.900000
14149.775000
14164.900000
14181.225000
14196.850000
14212.175000
14228.500000
14245.025000
14260.775000
14275.950000
14292.325000
14307.900000
14323.250000
14339.600000
14356.125000
14372.000000
14387.125000
14403.475000
14419.075000
14434.400000
14450.675000
14467.275000
14483.025000
14498.175000
14514.550000
14530.125000
14545.475000
14561.825000
14578.400000
14594.250000
14609.375000
14625.650000
14641.325000
14656.625000
14672.900000
14689.275000
14705.125000
14720.375000
14736.775000
14752.400000
14767.675000
14784.050000
14800.600000
14816.500000
14831.600000
14847.875000
14863.450000
14878.900000
14895.125000
14911.650000
14927.550000
14942.625000
14959.000000
14974.625000
14989.975000
15006.250000
15022.800000
15038.550000
15053.800000
15070.100000
15085.675000
15101.025000
15117.350000
15133.900000
15149.775000
15164.900000
15181.225000
15196.850000
15212.175000
15228.500000
15245.025000
15260.775000
15275.950000
15292.325000
15307.900000
15323.250000
15339.600000
15356.125000
15372.000000
15387.125000
15403.475000
15419.075000
15434.400000
15450.675000
15467.275000
15483.025000
15498.175000
15514.550000
15530.125000
15545.475000
15561.825000
15578.400000
15594.250000
15609.375000
15625.650000
15641.325000
15656.625000
15672.900000
15689.275000
15705.125000
15720.375000
15736.775000
15752.400000
15767.675000
15784.050000
15800.600000
15816.500000
15831.600000
15847.875000
15863.450000
15878.900000
15895.125000
15911.650000
15927.550000
15942.625000
15959.000000
15974.625000
15989.975000
16006.250000
16022.800000
16038.550000
16053.800000
16070.100000
16085.675000
16101.025000
16117.350000
16133.900000
16149.775000
16164.900000
16181.225000
16196.850000
16212.175000
16228.500000
16245.025000
16260.775000
16275.950000
16292.325000
16307.900000
16323.250000
16339.600000
16356.125000
16372.000000
16387.125000
16403.475000
16419.075000
16434.400000
16450.675000
16467.275000
16483.025000
16498.175000
16514.550000
16530.125000
16545.475000
16561.825000
16578.400000
16594.250000
16609.375000
16625.650000
16641.325000
16656.625000
16672.900000
16689.275000
16705.125000
16720.375000
16736.775000
16752.400000
16767.675000
16784.050000
16800.600000
16816.500000
16831.600000
16847.875000
16863.450000
16878.900000
16895.125000
16911.650000
16927.550000
16942.625000
16959.000000
16974.625000
16989.975000
17006.250000
17022.800000
17038.550000
17053.800000
17070.100000
17085.675000
17101.025000
17117.350000
17133.900000
17149.775000
17164.900000
17181.225000
17196.850000
17212.175000
17228.500000
17245.025000
17260.775000
17275.950000
17292.325000
17307.900000
17323.250000
17339.600000
17356.125000
17372.000000
17387.125000
17403.475000
17419.075000
17434.400000
17450.675000
17467.275000
17483.025000
17498.175000
17514.550000
17530.125000
17545.475000
17561.825000
17578.400000
17594.250000
17609.375000
17625.650000
17641.325000
17656.625000
17672.900000
17689.275000
17705.125000
17720.375000
17736.775000
17752.400000
17767.675000
17784.050000
17800.600000
17816.500000
17831.600000
17847.875000
17863.450000
17878.900000
17895.125000
17911.650000
17927.550000
17942.625000
17959.000000
17974.625000
17989.975000
18006.250000
18022.800000
18038.550000
18053.800000
18070.100000
18085.675000
18101.025000
18117.350000
18133.900000
18149.775000
18164.900000
18181.225000
18196.850000
18212.175000
18228.500001
18245.025001
18260.775001
18275.950001
18292.325001
18307.900001
18323.250001
18339.600001
18356.125001
18372.000001
18387.125001
18403.475001
18419.075001
18434.400001
18450.675001
18467.275001
18483.025001
18498.175001
18514.550001
18530.125001
18545.475001
18561.825001
18578.400001
18594.250001
18609.375001
18625.650001
18641.325001
18656.625001
18672.900001
18689.275001
18705.125001
18720.375001
18736.775001
18752.400001
18767.675001
18784.050001
18800.600001
18816.500001
18831.600001
18847.875001
18863.450001
18878.900001
18895.125001
18911.650001
18927.550001
18942.625001
18959.000001
18974.625001
18989.975001
19006.250001
19022.800001
19038.550001
19053.800001
19070.100001
19085.675001
19101.025001
19117.350001
19133.900001
19149.775001
19164.900001
19181.225001
19196.850001
19212.175001
19228.500001
19245.025001
19260.775001
19275.950001
19292.325001
19307.900001
19323.250001
19339.600001
19356.125001
19372.000001
19387.125001
19403.475001
19419.075001
19434.400001
19450.675001
19467.275001
19483.025001
19498.175001
19514.550001
19530.125001
19545.475001
19561.825001
19578.400001
19594.250001
19609.375001
19625.650001
19641.325001
19656.625001
19672.900001
19689.275001
19705.125001
19720.375001
19736.775001
19752.400001
19767.675001
19784.050001
19800.600001
19816.500001
19831.600001
19847.875001
19863.450001
19878.900001
19895.125001
19911.650001
19927.550001
19942.625001
19959.000001
19974.625001
19989.975001
20006.250001
20022.800001
20038.550001
20053.800001
20070.100001
20085.675001
20101.025001
20117.350001
20133.950001
20149.975001
20165.125001
20181.275001
20197.000001
20212.500001
20228.575001
20245.100001
20261.725001
20278.400001
20295.025001
20311.050001
20326.475001
20342.450001
20359.025001
20375.475001
20391.425001
20407.650001
20423.275001
20439.650001
20456.275001
20472.875001
20489.575001
20506.250001
20522.875001
20539.575001
20556.250001
20572.900001
20589.575001
20606.275001
20622.900001
20639.600001
20656.275001
20672.925001
20689.625001
20706.300001
20722.925001
20739.625001
20756.300001
20772.950001
20789.650001
20806.325001
20822.950001
20839.650001
20856.350001
20872.975001
20889.675001
20906.350001
20923.000001
20939.700001
20956.375001
20973.000001
20989.725001
21006.400001
21023.025001
21039.725001
21056.425001
21073.050001
21089.750001
21106.450001
21123.075001
21139.775001
21156.450001
21173.075001
21189.800001
21206.500001
21223.100001
21239.825001
21256.525001
21273.125001
21289.875001
21306.550001
21323.150001
21339.900001
21356.575001
21373.200001
21389.950001
21406.625001
21423.225001
21440.000001
21456.700001
21473.300001
21490.125001
21507.375001
21524.550001
21542.225001
21559.175001
21575.975001
21592.775001
21610.300001
21628.400001
21645.300001
21662.400001
21679.900001
21697.300001
21714.650001
21731.600001
21748.950001
21767.225001
21784.250001
21802.025001
21820.000001
21837.075001
21854.925001
21872.875001
21889.975001
21907.675001
21925.650001
21942.700001
21960.550001
21978.500001
21995.650001
22013.300001
22031.275001
22048.475001
22066.325001
22084.075001
22102.075001
22120.125001
22138.200001
22156.275001
22174.350001
22192.375001
22210.500001
22228.550001
22246.625001
22264.650001
22282.775001
22300.750001
22318.875001
22336.900001
22355.050001
22373.000001
22391.150001
22409.150001
22427.375001
22445.250001
22463.350001
22481.400001
22499.725001
22517.500001
22535.625001
22553.675001
22572.150001
22589.875001
22607.950001
22625.875001
22645.000001
22663.275001
22681.450001
22700.575001
22718.900001
22737.025001
22756.150001
22774.500001
22792.575001
22811.750001
22830.050001
22848.200001
22867.300001
22885.650001
22903.925001
22922.875001
22941.375001
22959.550001
22978.500001
22997.075001
23016.000001
23034.375001
23053.475001
23072.825001
23091.400001
23110.400001
23128.950001
23147.925001
23167.300001
23186.075001
23205.000001
23224.225001
23242.750001
23261.875001
23281.250001
23300.650001
23320.075001
23339.550001
23359.000001
23378.475001
23397.875001
23417.350001
23436.800001
23456.275001
23475.700001
23495.150001
23514.625001
23534.100001
23553.550001
23572.975001
23592.425001
23611.925001
23631.350001
23650.800001
23670.225001
23689.750001
23709.175001
23728.675001
23748.050001
23767.550001
23787.025001
23806.500001
23825.900001
23845.375001
23864.875001
23884.375001
23903.825001
23923.250001
23942.675001
23962.325001
23981.800001
24001.875001
24021.850001
24042.100001
24061.950001
24081.625001
24101.900001
24122.000001
24142.275001
24162.075001
24182.450001
24202.475001
24222.875001
24242.675001
24263.175001
24283.950001
24303.825001
24324.350001
24345.075001
24365.050001
24385.475001
24406.250001
24426.350001
24446.725001
24467.375001
24488.175001
24509.000001
24529.825001
24550.675001
24571.550001
24592.350001
24613.225001
24634.100001
24654.975001
24675.750001
24696.650001
24717.450001
24738.375001
24759.175001
24780.050001
24800.850001
24821.925001
24842.550001
24863.475001
24884.325001
24905.425001
24926.025001
24947.350001
24968.700001
24989.775001
25011.550001
25032.775001
25053.800001
25075.550001
25096.775001
25117.900001
25139.575001
25161.075001
25182.625001
25203.850001
25225.650001
25247.475001
25268.950001
25290.925001
25312.475001
25334.125001
25356.225001
25378.425001
25400.600001
25422.825001
25445.050001
25467.300001
25489.550001
25511.800001
25534.050001
25556.300001
25578.550001
25600.750001
25622.975001
25645.225001
25667.475001
25689.750001
25712.000001
25734.250001
25756.500001
25778.775001
25801.000001
25823.250001
25845.525001
25867.850001
25890.775001
25913.350001
25935.950001
25958.950001
25981.475001
26004.250001
26027.175001
26050.525001
26073.150001
26096.450001
26119.675001
26142.475001
26165.925001
26189.475001
26212.525001
26235.575001
26259.050001
26282.575001
26306.225001
26329.825001
26353.475001
26377.125001
26400.725001
26424.400001
26448.000001
26471.725001
26495.300001
26519.050001
26542.600001
26566.575001
26590.250001
26614.450001
26638.375001
26662.275001
26686.650001
26710.675001
26735.075001
26759.200001
26783.900001
26808.050001
26832.600001
26857.200001
26881.475001
26906.275001
26931.175001
26956.150001
26981.150001
27006.200001
27031.225001
27056.275001
27081.325001
27106.375001
27131.400001
27156.500001
27181.525001
27206.650001
27231.750001
27257.325001
27282.750001
27308.200001
27333.975001
27359.400001
27385.325001
27411.225001
27436.950001
27463.100001
27489.425001
27515.475001
27541.525001
27567.550001
27593.900001
27620.250001
27646.700001
27673.125001
27699.725001
27726.125001
27753.150001
27779.950001
27806.825001
27834.000001
27861.150001
27888.275001
27915.775001
27943.000001
27970.325001
27997.975001
28025.725001
28053.575001
28081.425001
28109.325001
28137.275001
28165.525001
28193.850001
28222.550001
28250.950001
28279.800001
28308.875001
28337.925001
28367.225001
28396.550001
28425.875001
28455.400001
28485.225001
28515.000001
28545.150001
28575.575001
28606.200001
28636.875001
28667.675001
28698.775001
28730.075001
28761.825001
28793.800001
28825.950001
28858.650001
28891.525001
28924.750001
28958.500001
28992.600001
29027.275001
29062.450001
29098.175001
29134.600001
29171.725001
29209.625001
29248.400001
29288.300001
29329.550001
29372.100001
29416.525001
29463.400001
29513.750001
29570.325001
