200.000000
14.000000
6723.300000
6773.325000
6823.825000
6874.925000
6925.875000
6975.900000
7024.075000
7070.725000
7117.650000
7164.750000
7210.425000
7256.450000
7300.900000
7345.275000
7389.700000
7431.725000
7473.200000
7514.825000
7556.450000
7598.000000
7639.675000
7680.050000
7720.225000
7759.325000
7798.075000
7836.975000
7875.775000
7914.650000
7953.525000
7991.425000
8028.675000
8065.250000
8101.075000
8137.125000
8173.100000
8209.225000
8245.250000
8281.375000
8317.425000
8353.550000
8389.625000
8424.625000
8459.200000
8492.950000
8527.450000
8561.900000
8595.350000
8628.825000
8662.050000
8695.275000
8728.675000
8761.950000
8795.200000
8828.575000
8861.875000
8895.150000
8928.525000
8961.800000
8995.100000
9028.425000
9060.650000
9092.425000
9123.375000
9155.175000
9186.850000
9217.575000
9248.175000
9278.800000
9309.275000
9339.775000
9370.275000
9400.800000
9431.400000
9461.925000
9492.425000
9522.950000
9553.550000
9584.075000
9614.600000
9645.125000
9675.625000
9706.225000
9735.650000
9764.775000
9795.075000
9824.500000
9853.600000
9883.050000
9911.875000
9941.125000
9970.175000
9998.250000
10026.125000
10055.000000
10084.050000
10112.050000
10139.925000
10167.600000
10195.400000
10223.175000
10250.950000
10278.875000
10306.600000
10334.350000
10362.125000
10389.900000
10417.600000
10445.375000
10473.150000
10500.950000
10528.850000
10556.575000
10584.350000
10612.125000
10639.900000
10667.600000
10695.375000
10723.150000
10750.950000
10778.850000
10806.575000
10834.350000
10862.125000
10889.900000
10917.600000
10945.375000
10973.150000
11000.925000
11028.850000
11056.575000
11084.350000
11112.125000
11139.900000
11167.600000
11195.375000
11223.150000
11250.925000
11278.850000
11306.575000
11334.350000
11362.125000
11389.900000
11417.600000
11445.375000
11473.150000
11500.925000
11528.850000
11556.575000
11584.350000
11612.125000
11639.900000
11667.600000
11695.375000
11723.150000
11750.925000
11778.850000
11806.575000
11834.350000
11862.125000
11889.900000
11917.600000
11945.375000
11973.150000
12000.925000
12028.850000
12056.575000
12084.350000
12112.125000
12139.900000
12167.600000
12195.375000
12223.150000
12250.925000
12278.850000
12306.575000
12334.350000
12362.125000
12389.900000
12417.600000
12445.375000
12473.150000
12500.925000
12528.850000
12556.575000
12584.350000
12612.125000
12639.900000
12667.600000
12695.375000
12723.150000
12750.925000
12778.850000
12806.575000
12834.350000
12862.125000
12889.900000
12917.600000
12945.375000
12973.150000
13000.925000
13028.850000
13056.575000
13084.350000
13112.125000
13139.900000
13167.600000
13195.375000
13223.150000
13250.925000
13278.850000
13306.575000
13334.350000
13362.125000
13389.900000
13417.600000
13445.375000
13473.150000
13500.925000
13528.850000
13556.575000
13584.350000
13612.125000
13639.900000
13667.600000
13695.375000
13723.150000
13750.925000
13778.850000
13806.575000
13834.350000
13862.125000
13889.900000
13917.600000
13945.375000
13973.150000
14000.925000
14028.850000
14056.575000
14084.350000
14112.125000
14139.900000
14167.600000
14195.375000
14223.150000
14250.925000
14278.850000
14306.575000
14334.350000
14362.125000
14389.900000
14417.600000
14445.375000
14473.150000
14500.925000
14528.850000
14556.575000
14584.350000
14612.125000
14639.900000
14667.600000
14695.375000
14723.150000
14750.925000
14778.850000
14806.575000
14834.350000
14862.125000
14889.900000
14917.600000
14945.375000
14973.150000
15000.925000
15028.850000
15056.575000
15084.350000
15112.125000
15139.900000
15167.600000
15195.375000
15223.150000
15250.925000
15278.850000
15306.575000
15334.350000
15362.125000
15389.900000
15417.600000
15445.375000
15473.150000
15500.925000
15528.850000
15556.575000
15584.350000
15612.125000
15639.900000
15667.600000
15695.375000
15723.150000
15750.925000
15778.850000
15806.575000
15834.350000
15862.125000
15889.900000
15917.600000
15945.375000
15973.150000
16000.925000
16028.850000
16056.575000
16084.350000
16112.125000
16139.900000
16167.600000
16195.375000
16223.150000
16250.925000
16278.850000
16306.575000
16334.350000
16362.125000
16389.900000
16417.600000
16445.375000
16473.150000
16500.925000
16528.850000
16556.575000
16584.350000
16612.125000
16639.900000
16667.600000
16695.375000
16723.150000
16750.925000
16778.850000
16806.575000
16834.350000
16862.125000
16889.900000
16917.600000
16945.375000
16973.150000
17000.925000
17028.850000
17056.575000
17084.350000
17112.125000
17139.900000
17167.600000
17195.375000
17223.150000
17250.925000
17278.850000
17306.575000
17334.350000
17362.125000
17389.900000
17417.600000
17445.375000
17473.150000
17500.925000
17528.850000
17556.575000
17584.350000
17612.125000
17639.900000
17667.600000
17695.375000
17723.150000
17750.925000
17778.850000
17806.575000
17834.350000
17862.125000
17889.900000
17917.600000
17945.375000
17973.150000
18000.925000
18028.850000
18056.575000
18084.350000
18112.125000
18139.900000
18167.600000
18195.375000
18223.150000
18250.925001
18278.850001
18306.575001
18334.350001
18362.125001
18389.900001
18417.600001
18445.375001
18473.150001
18500.925001
18528.850001
18556.575001
18584.350001
18612.125001
18639.900001
18667.600001
18695.375001
18723.150001
18750.925001
18778.850001
18806.575001
18834.350001
18862.125001
18889.900001
18917.600001
18945.375001
18973.150001
19000.925001
19028.850001
19056.575001
19084.350001
19112.125001
19139.900001
19167.600001
19195.375001
19223.150001
19250.925001
19278.850001
19306.575001
19334.350001
19362.125001
19389.900001
19417.600001
19445.375001
19473.150001
19500.925001
19528.850001
19556.575001
19584.350001
19612.125001
19639.900001
19667.600001
19695.375001
19723.150001
19750.925001
19778.850001
19806.575001
19834.350001
19862.125001
19889.900001
19917.600001
19945.375001
19973.150001
20000.925001
20028.850001
20056.575001
20084.350001
20112.150001
20139.975001
20167.675001
20195.500001
20223.400001
20252.200001
20281.325001
20310.650001
20339.675001
20368.950001
20398.000001
20428.450001
20457.800001
20487.000001
20517.325001
20547.050001
20575.900001
20606.275001
20636.800001
20667.375001
20697.925001
20728.550001
20759.125001
20789.675001
20820.225001
20850.775001
20881.425001
20912.000001
20942.525001
20973.125001
21003.875001
21034.475001
21066.175001
21097.950001
21129.925001
21161.925001
21195.050001
21227.450001
21259.200001
21292.325001
21325.525001
21358.000001
21390.000001
21422.975001
21456.350001
21489.700001
21523.025001
21556.425001
21589.800001
21623.125001
21656.625001
21690.175001
21724.350001
21759.150001
21794.200001
21828.700001
21863.575001
21898.125001
21934.125001
21970.200001
22006.400001
22042.475001
22078.725001
22114.850001
22150.950001
22188.250001
22225.800001
22263.450001
22300.900001
22339.700001
22378.650001
22417.500001
22456.500001
22495.375001
22535.375001
22575.825001
22617.450001
22659.100001
22700.825001
22742.550001
22784.475001
22826.100001
22870.200001
22914.750001
22959.300001
23004.800001
23050.925001
23098.100001
23145.475001
23193.175001
23242.700001
23292.925001
23345.700001
23402.200001
