1.000000
21.000000
1315.550000
1391.925000
1460.275000
1523.375000
1582.350000
1638.700000
1692.925000
1745.625000
1796.725000
1846.575000
1895.275000
1942.675000
1989.150000
2034.875000
2079.975000
2124.550000
2168.650000
2212.325000
2255.350000
2297.950000
2340.425000
2382.125000
2423.750000
2464.875000
2505.825000
2546.475000
2586.675000
2626.600000
2666.450000
2705.900000
2745.425000
2784.575000
2823.450000
2862.250000
2900.875000
2939.150000
2977.325000
3015.225000
3052.875000
3090.775000
3128.725000
3166.175000
3203.500000
3241.025000
3278.225000
3315.075000
3351.975000
3388.750000
3425.025000
3461.650000
3498.000000
3534.600000
3570.500000
3606.800000
3642.550000
3678.825000
3714.000000
3749.775000
3785.375000
3820.675000
3856.250000
3891.500000
3926.325000
3961.375000
3996.400000
4031.100000
4066.200000
4101.175000
4135.700000
4170.075000
4204.575000
4238.950000
4273.400000
4307.600000
4341.600000
4375.300000
4409.275000
4443.000000
4476.450000
4510.000000
4543.475000
4577.075000
4610.825000
4644.250000
4677.525000
4710.775000
4743.950000
4777.000000
4810.000000
4842.900000
4875.575000
4908.300000
4941.350000
4974.000000
5006.900000
5039.425000
5072.050000
5104.175000
5136.125000
5168.775000
5201.300000
5233.300000
5265.125000
5297.075000
5329.250000
5361.025000
5392.725000
5424.675000
5456.750000
5487.900000
5519.425000
5551.300000
5582.325000
5613.725000
5645.575000
5676.325000
5707.875000
5739.050000
5769.725000
5801.300000
5831.875000
5863.150000
5894.250000
5924.850000
5955.675000
5986.025000
6017.100000
6047.300000
6078.350000
6108.400000
6139.125000
6169.350000
6199.850000
6230.225000
6260.200000
6291.050000
6320.850000
6351.350000
6380.675000
6411.025000
6441.225000
6470.775000
6501.175000
6530.450000
6559.925000
6590.200000
6619.375000
6648.650000
6678.975000
6708.100000
6737.350000
6767.125000
6796.750000
6825.975000
6855.525000
6884.825000
6913.725000
6942.825000
6972.000000
7001.300000
7030.275000
7058.475000
7087.450000
7116.625000
7145.700000
7174.475000
7202.825000
7231.525000
7260.000000
7288.900000
7317.925000
7346.125000
7374.775000
7402.775000
7430.675000
7458.700000
7487.275000
7515.275000
7543.150000
7571.025000
7598.975000
7627.500000
7655.625000
7683.600000
7712.200000
7740.250000
7768.125000
7795.950000
7823.775000
7851.575000
7879.675000
7907.825000
7935.775000
7963.575000
7991.425000
8019.100000
8046.825000
8074.575000
8102.300000
8130.150000
8157.825000
8185.575000
8213.300000
8241.075000
8268.425000
8295.900000
8323.500000
8350.425000
8377.625000
8404.250000
8430.650000
8458.100000
8485.175000
8512.525000
8539.175000
8565.525000
8592.050000
8619.275000
8646.000000
8673.300000
8699.025000
8725.675000
8752.675000
8779.550000
8806.700000
8832.300000
8858.375000
8885.550000
8912.475000
8938.375000
8964.050000
8991.325000
9017.975000
9043.175000
9069.375000
9095.875000
9121.075000
9147.200000
9173.650000
9198.775000
9224.925000
9251.350000
9276.425000
9302.600000
9329.075000
9354.150000
9380.275000
9405.925000
9430.800000
9457.225000
9482.400000
9508.225000
9534.550000
9558.700000
9585.125000
9610.325000
9636.025000
9662.175000
9686.275000
9712.575000
9737.275000
9762.950000
9787.750000
9813.625000
9838.750000
9863.725000
9888.900000
9913.750000
9938.900000
9963.750000
9988.800000
10013.700000
10038.375000
10063.700000
10088.300000
10113.700000
10138.400000
10163.700000
10188.275000
10213.700000
10238.425000
10263.700000
10288.200000
10313.700000
10338.400000
10363.700000
10388.275000
10413.700000
10438.425000
10463.700000
10488.200000
10513.700000
10538.400000
10563.700000
10588.275000
10613.700000
10638.425000
10663.700000
10688.200000
10713.700000
10738.400000
10763.700000
10788.275000
10813.700000
10838.425000
10863.700000
10888.200000
10913.700000
10938.400000
10963.700000
10988.275000
11013.700000
11038.425000
11063.700000
11088.200000
11113.700000
11138.400000
11163.700000
11188.275000
11213.700000
11238.425000
11263.700000
11288.200000
11313.700000
11338.400000
11363.700000
11388.275000
11413.700000
11438.425000
11463.700000
11488.200000
11513.700000
11538.400000
11563.700000
11588.275000
11613.700000
11638.425000
11663.700000
11688.200000
11713.700000
11738.400000
11763.700000
11788.275000
11813.700000
11838.425000
11863.700000
11888.200000
11913.700000
11938.400000
11963.700000
11988.275000
12013.700000
12038.425000
12063.700000
12088.200000
12113.700000
12138.400000
12163.700000
12188.275000
12213.700000
12238.425000
12263.700000
12288.200000
12313.700000
12338.400000
12363.700000
12388.275000
12413.700000
12438.425000
12463.700000
12488.200000
12513.700000
12538.400000
12563.700000
12588.275000
12613.700000
12638.425000
12663.700000
12688.200000
12713.700000
12738.400000
12763.700000
12788.275000
12813.700000
12838.425000
12863.700000
12888.200000
12913.700000
12938.400000
12963.700000
12988.275000
13013.700000
13038.425000
13063.700000
13088.200000
13113.700000
13138.400000
13163.700000
13188.275000
13213.700000
13238.425000
13263.700000
13288.200000
13313.700000
13338.400000
13363.700000
13388.275000
13413.700000
13438.425000
13463.700000
13488.200000
13513.700000
13538.400000
13563.700000
13588.275000
13613.700000
13638.425000
13663.700000
13688.200000
13713.700000
13738.400000
13763.700000
13788.275000
13813.700000
13838.425000
13863.700000
13888.200000
13913.700000
13938.400000
13963.700000
13988.275000
14013.700000
14038.425000
14063.700000
14088.200000
14113.700000
14138.400000
14163.700000
14188.275000
14213.700000
14238.425000
14263.700000
14288.200000
14313.700000
14338.400000
14363.700000
14388.275000
14413.700000
14438.425000
14463.700000
14488.200000
14513.700000
14538.400000
14563.700000
14588.275000
14613.700000
14638.425000
14663.700000
14688.200000
14713.700000
14738.400000
14763.700000
14788.275000
14813.700000
14838.425000
14863.700000
14888.200000
14913.700000
14938.400000
14963.700000
14988.275000
15013.700000
15038.425000
15063.700000
15088.200000
15113.700000
15138.400000
15163.700000
15188.275000
15213.700000
15238.425000
15263.700000
15288.200000
15313.700000
15338.400000
15363.700000
15388.275000
15413.700000
15438.425000
15463.700000
15488.200000
15513.700000
15538.400000
15563.700000
15588.275000
15613.700000
15638.425000
15663.700000
15688.200000
15713.700000
15738.400000
15763.700000
15788.275000
15813.700000
15838.425000
15863.700000
15888.200000
15913.700000
15938.400000
15963.700000
15988.275000
16013.700000
16038.425000
16063.700000
16088.200000
16113.700000
16138.400000
16163.700000
16188.275000
16213.700000
16238.425000
16263.700000
16288.200000
16313.700000
16338.400000
16363.700000
16388.275000
16413.700000
16438.425000
16463.700000
16488.200000
16513.700000
16538.400000
16563.700000
16588.275000
16613.700000
16638.425000
16663.700000
16688.200000
16713.700000
16738.400000
16763.700000
16788.275000
16813.700000
16838.425000
16863.700000
16888.200000
16913.700000
16938.400000
16963.700000
16988.275000
17013.700000
17038.425000
17063.700000
17088.200000
17113.700000
17138.400000
17163.700000
17188.275000
17213.700000
17238.425000
17263.700000
17288.200000
17313.700000
17338.400000
17363.700000
17388.275000
17413.700000
17438.425000
17463.700000
17488.200000
17513.700000
17538.400000
17563.700000
17588.275000
17613.700000
17638.425000
17663.700000
17688.200000
17713.700000
17738.400000
17763.700000
17788.275000
17813.700000
17838.425000
17863.700000
17888.200000
17913.700000
17938.400000
17963.700000
17988.275000
18013.700000
18038.425000
18063.700000
18088.200000
18113.700000
18138.400000
18163.700000
18188.275000
18213.700000
18238.425001
18263.700001
18288.200001
18313.700001
18338.400001
18363.700001
18388.275001
18413.700001
18438.425001
18463.700001
18488.200001
18513.700001
18538.400001
18563.700001
18588.275001
18613.700001
18638.425001
18663.700001
18688.200001
18713.700001
18738.400001
18763.700001
18788.275001
18813.700001
18838.425001
18863.700001
18888.200001
18913.700001
18938.400001
18963.700001
18988.275001
19013.700001
19038.425001
19063.700001
19088.200001
19113.700001
19138.400001
19163.700001
19188.275001
19213.700001
19238.425001
19263.700001
19288.200001
19313.700001
19338.400001
19363.700001
19388.275001
19413.700001
19438.425001
19463.700001
19488.200001
19513.700001
19538.400001
19563.700001
19588.275001
19613.700001
19638.425001
19663.700001
19688.200001
19713.700001
19738.400001
19763.700001
19788.275001
19813.700001
19838.425001
19863.700001
19888.200001
19913.700001
19938.400001
19963.700001
19988.275001
20013.700001
20038.425001
20063.700001
20088.200001
20113.700001
20138.675001
20163.700001
20188.600001
20213.700001
20238.800001
20263.725001
20288.900001
20313.775001
20339.000001
20363.825001
20389.350001
20413.975001
20440.300001
20464.650001
20491.275001
20516.750001
20541.700001
20568.000001
20592.875001
20618.650001
20644.525001
20669.500001
20695.850001
20720.825001
20746.950001
20773.075001
20798.500001
20824.700001
20851.075001
20876.275001
20902.500001
20929.075001
20954.225001
20980.375001
21006.900001
21032.075001
21058.225001
21084.775001
21110.650001
21136.225001
21163.375001
21190.225001
21215.800001
21242.000001
21269.150001
21295.825001
21321.950001
21348.100001
21374.900001
21401.550001
21428.750001
21455.300001
21481.375001
21508.250001
21535.525001
21562.625001
21589.750001
21616.775001
21643.075001
21669.550001
21696.975001
21723.875001
21751.350001
21778.850001
21805.650001
21832.200001
21859.275001
21886.150001
21913.700001
21941.375001
21968.750001
21996.525001
22024.425001
22052.300001
22080.200001
22107.950001
22135.750001
22163.550001
22191.425001
22219.150001
22246.950001
22274.750001
22302.550001
22330.350001
22358.125001
22385.925001
22413.725001
22441.600001
22469.400001
22497.200001
22525.025001
22552.875001
22580.675001
22608.525001
22636.675001
22665.250001
22693.225001
22721.925001
22750.925001
22779.575001
22808.125001
22836.125001
22864.625001
22893.300001
22922.350001
22951.350001
22980.225001
23008.375001
23037.350001
23066.550001
23095.750001
23124.700001
23153.325001
23183.000001
23212.500001
23241.525001
23270.575001
23300.000001
23329.525001
23358.350001
23387.650001
23417.875001
23447.050001
23476.325001
23506.625001
23535.925001
23565.350001
23595.700001
23624.975001
23655.150001
23685.425001
23715.250001
23745.750001
23775.150001
23805.600001
23835.800001
23866.000001
23896.825001
23926.800001
23957.825001
23988.350001
24019.175001
24049.800001
24080.325001
24111.050001
24141.600001
24172.525001
24202.925001
24234.500001
24265.050001
24296.175001
24327.300001
24358.275001
24390.050001
24420.775001
24452.375001
24484.100001
24515.300001
24546.975001
24579.000001
24610.025001
24641.675001
24673.625001
24705.450001
24737.050001
24769.200001
24801.350001
24833.300001
24865.175001
24897.175001
24929.825001
24962.450001
24994.850001
25027.375001
25059.725001
25092.250001
25124.950001
25157.925001
25191.050001
25224.075001
25257.275001
25290.375001
25323.550001
25356.875001
25390.200001
25423.550001
25456.975001
25490.425001
25523.950001
25557.825001
25591.525001
25625.025001
25658.550001
25692.675001
25726.425001
25760.725001
25795.300001
25829.800001
25863.875001
25898.350001
25932.975001
25967.875001
26002.475001
26037.175001
26072.125001
26107.100001
26141.850001
26176.975001
26212.550001
26247.500001
26283.125001
26318.750001
26354.325001
26390.250001
26425.900001
26462.250001
26498.075001
26534.575001
26570.575001
26607.050001
26643.175001
26680.025001
26716.800001
26753.475001
26790.675001
26827.700001
26864.700001
26902.250001
26939.950001
26977.425001
27015.000001
27052.650001
27090.675001
27128.975001
27167.175001
27205.525001
27243.950001
27282.600001
27321.350001
27360.325001
27399.525001
27438.775001
27478.150001
27517.850001
27557.550001
27597.300001
27637.275001
27677.500001
27717.975001
27758.300001
27798.950001
27840.100001
27881.075001
27922.650001
27964.025001
28005.925001
28047.900001
28090.325001
28132.825001
28175.575001
28218.775001
28262.250001
28305.725001
28349.550001
28393.725001
28438.300001
28483.150001
28528.375001
28573.900001
28619.675001
28665.975001
28712.775001
28759.800001
28807.475001
28855.600001
28904.175001
28953.400001
29003.325001
29053.950001
29105.325001
29157.575001
29210.725001
29264.750001
29319.725001
29375.625001
29432.550001
29490.525001
29549.450001
29609.525001
29670.750001
29733.300001
29797.275001
29862.950001
29930.600001
30000.700001
30073.975001
30149.750001
30227.375001
30306.725001
30387.800001
30470.625001
30555.725001
30643.650001
30734.350001
30827.350001
30922.475001
31020.150001
31121.925001
31364.575001
31458.525001
31561.900001
31779.900001
31873.575001
31974.900001
32081.275001
32196.275001
32305.725001
32523.075001
32616.575001
32717.450001
32822.850001
32932.500001
33128.550001
33223.225001
33325.000001
33431.250001
33541.625001
33656.075001
33765.250001
33983.625001
34076.975001
34177.725001
34282.875001
34391.975001
34505.850001
34615.375001
34820.625001
34914.650001
