10.000000
26.000000
1400.250000
1477.400000
1547.550000
1611.750000
1671.475000
1728.200000
1782.375000
1834.850000
1885.675000
1935.325000
1983.575000
2030.500000
2076.275000
2120.975000
2164.900000
2208.075000
2250.700000
2292.575000
2334.050000
2374.775000
2414.950000
2454.750000
2494.225000
2533.150000
2571.750000
2609.900000
2647.850000
2685.750000
2723.425000
2760.650000
2797.600000
2834.725000
2871.150000
2907.900000
2944.375000
2980.450000
3016.675000
3052.575000
3088.500000
3124.375000
3159.875000
3195.675000
3230.650000
3266.150000
3301.450000
3336.175000
3371.000000
3406.125000
3441.175000
3475.800000
3510.600000
3545.500000
3579.975000
3614.000000
3648.275000
3682.250000
3716.525000
3750.525000
3784.650000
3818.350000
3852.200000
3885.875000
3919.325000
3952.650000
3985.925000
4019.250000
4052.500000
4085.725000
4118.975000
4152.150000
4185.325000
4218.300000
4251.275000
4284.100000
4316.875000
4349.175000
4381.775000
4413.875000
4446.500000
4479.175000
4511.175000
4543.050000
4574.975000
4607.175000
4639.025000
4670.700000
4702.550000
4734.600000
4766.175000
4797.550000
4829.525000
4861.025000
4892.150000
4923.800000
4955.250000
4986.100000
5017.875000
5048.525000
5079.975000
5111.050000
5141.700000
5173.125000
5203.875000
5234.825000
5265.225000
5296.000000
5326.325000
5357.100000
5387.375000
5418.075000
5448.225000
5479.100000
5508.600000
5539.175000
5569.300000
5599.200000
5629.975000
5659.750000
5690.200000
5719.525000
5749.575000
5779.825000
5809.525000
5839.475000
5869.275000
5898.575000
5928.800000
5958.100000
5987.375000
6017.050000
6046.650000
6075.925000
6105.525000
6134.825000
6163.750000
6192.825000
6222.000000
6251.325000
6280.275000
6308.525000
6337.500000
6366.625000
6395.700000
6424.450000
6452.850000
6481.525000
6510.000000
6538.875000
6567.875000
6596.075000
6624.725000
6652.775000
6680.675000
6708.675000
6737.200000
6765.275000
6793.150000
6821.000000
6848.900000
6876.975000
6905.550000
6933.450000
6961.375000
6989.750000
7018.025000
7045.850000
7073.675000
7101.475000
7129.350000
7157.100000
7184.850000
7212.575000
7240.325000
7268.025000
7295.725000
7323.425000
7351.025000
7378.650000
7406.050000
7433.500000
7460.800000
7487.600000
7514.175000
7541.650000
7569.075000
7596.075000
7623.575000
7650.525000
7677.650000
7704.225000
7730.600000
7758.000000
7784.900000
7812.100000
7838.750000
7865.050000
7891.650000
7918.375000
7945.650000
7971.325000
7997.925000
8024.900000
8051.500000
8077.875000
8104.050000
8130.400000
8157.025000
8183.175000
8208.475000
8235.500000
8262.375000
8287.650000
8313.775000
8340.325000
8365.625000
8391.700000
8418.125000
8443.275000
8469.375000
8495.800000
8520.850000
8547.000000
8573.250000
8598.450000
8624.500000
8650.275000
8675.225000
8701.475000
8726.450000
8752.500000
8777.900000
8802.850000
8829.175000
8854.025000
8879.775000
8905.400000
8930.450000
8955.775000
8980.550000
9006.575000
9030.700000
9056.925000
9080.775000
9106.950000
9130.800000
9156.950000
9180.750000
9206.875000
9230.675000
9256.550000
9280.625000
9305.850000
9330.500000
9355.525000
9380.350000
9404.450000
9429.950000
9454.300000
9479.450000
9503.425000
9529.250000
9552.900000
9577.800000
9602.525000
9626.375000
9651.425000
9675.050000
9698.925000
9723.850000
9747.425000
9772.250000
9796.800000
9820.675000
9845.725000
9869.375000
9893.075000
9918.050000
9941.650000
9965.250000
9990.075000
10013.750000
10036.600000
10061.400000
10085.850000
10108.550000
10133.100000
10157.250000
10180.600000
10204.350000
10229.250000
10252.750000
10276.275000
10300.450000
10324.825000
10348.000000
10373.050000
10397.125000
10420.650000
10444.750000
10469.125000
10492.225000
10517.450000
10541.600000
10564.575000
10589.875000
10613.750000
10636.625000
10661.400000
10685.875000
10708.550000
10733.150000
10757.250000
10780.600000
10804.350000
10829.250000
10852.750000
10876.275000
10900.450000
10924.825000
10947.975000
10973.050000
10997.125000
11020.650000
11044.750000
11069.125000
11092.225000
11117.450000
11141.600000
11164.575000
11189.875000
11213.750000
11236.650000
11261.500000
11285.925000
11308.625000
11333.350000
11357.475000
11380.700000
11405.050000
11429.750000
11453.025000
11476.850000
11501.550000
11525.050000
11548.675000
11573.550000
11597.125000
11620.575000
11644.725000
11669.100000
11692.225000
11717.400000
11741.600000
11764.575000
11789.900000
11813.750000
11836.575000
11861.325000
11885.800000
11908.525000
11932.950000
11957.325000
11980.650000
12004.450000
12029.300000
12052.775000
12076.350000
12101.125000
12124.850000
12147.975000
12173.000000
12197.125000
12220.650000
12244.750000
12269.150000
12292.225000
12317.475000
12341.600000
12364.550000
12389.825000
12413.775000
12436.775000
12462.100000
12485.975000
12508.775000
12533.550000
12558.000000
12580.750000
12605.450000
12629.575000
12652.900000
12676.525000
12701.400000
12724.950000
12748.475000
12772.575000
12796.950000
12819.850000
12844.475000
12868.400000
12891.825000
12915.525000
12940.375000
12963.825000
12987.375000
13011.475000
13035.900000
13058.575000
13083.225000
13107.275000
13130.600000
13154.375000
13179.250000
13202.750000
13226.300000
13250.600000
13274.875000
13298.350000
13322.475000
13346.800000
13369.850000
13394.500000
13418.450000
13441.850000
13465.675000
13490.450000
13513.875000
13537.525000
13562.350000
13585.975000
13608.650000
13633.375000
13657.550000
13680.725000
13705.350000
13729.525000
13752.875000
13776.500000
13801.375000
13824.925000
13848.425000
13872.500000
13896.850000
13919.825000
13944.425000
13968.350000
13991.800000
14015.475000
14040.325000
14063.800000
14087.200000
14111.425000
14135.875000
14158.550000
14183.150000
14207.250000
14230.600000
14254.350000
14279.250000
14302.725000
14326.275000
14350.425000
14374.800000
14397.825000
14422.600000
14447.025000
14470.075000
14494.975000
14519.325000
14542.900000
14567.525000
14591.575000
14614.325000
14639.050000
14663.475000
14686.300000
14710.600000
14735.200000
14758.450000
14782.250000
14807.075000
14830.525000
14854.250000
14879.125000
14902.675000
14926.025000
14950.300000
14974.675000
14997.575000
15022.075000
15046.075000
15069.525000
15093.175000
15118.050000
15141.625000
15164.775000
15189.800000
15213.775000
15236.725000
15261.900000
15286.000000
15309.225000
15334.225000
15358.225000
15381.350000
15406.700000
15430.425000
15453.925000
15478.000000
15502.250000
15525.475000
15550.175000
15574.475000
15597.675000
15622.350000
15646.475000
15669.875000
15694.575000
15718.700000
15742.300000
15767.850000
15791.575000
15814.200000
15838.925000
15863.050000
15886.250000
15910.150000
15934.925000
15958.350000
15982.000000
16006.875000
16030.450000
16053.975000
16078.000000
16102.275000
16125.475000
16150.175000
16174.425000
16197.700000
16222.400000
16246.700000
16269.925000
16294.650000
16319.025000
16342.325000
16367.825000
16391.575000
16414.200000
16438.900000
16463.025000
16486.225000
16510.050000
16534.850000
16558.300000
16581.925000
16606.700000
16630.425000
16653.800000
16678.050000
16702.425000
16725.375000
16749.975000
16773.900000
16797.325000
16820.950000
16845.825000
16869.375000
16892.950000
16917.750000
16941.550000
16964.150000
16988.825000
17012.850000
17036.175000
17059.850000
17084.725000
17108.250000
17131.450000
17156.550000
17180.425000
17204.000000
17228.025000
17252.300000
17275.450000
17300.150000
17324.300000
17347.675000
17372.350000
17396.475000
17419.850000
17444.550000
17468.675000
17492.225000
17517.700000
17541.575000
17564.250000
17588.975000
17613.300000
17636.300000
17660.775000
17685.050000
17708.375000
17732.100000
17756.975000
17780.475000
17804.125000
17828.375000
17852.650000
17876.125000
17900.250000
17924.575000
17947.600000
17972.200000
17996.100000
18019.550000
18043.200000
18068.075000
18091.650000
18115.000000
18139.225000
18163.650000
18186.325000
18210.875000
18235.025001
18258.375001
18282.050001
18306.950001
18330.475001
18354.075001
18378.100001
18402.500001
18425.400001
18450.000001
18473.900001
18497.325001
18520.975001
18545.850001
18569.400001
18592.975001
18617.800001
18641.550001
18664.150001
18688.800001
18712.825001
18736.150001
18759.850001
18784.725001
18808.225001
18831.350001
18856.675001
18880.425001
18903.900001
18928.000001
18952.250001
18975.475001
19000.175001
19024.475001
19047.675001
19072.350001
19096.500001
19119.875001
19144.575001
19168.800001
19192.475001
19217.900001
19241.575001
19264.225001
19288.925001
19313.125001
19336.275001
19360.375001
19385.175001
19408.450001
19432.250001
19457.075001
19480.525001
19504.225001
19529.125001
19552.675001
19576.025001
19600.300001
19624.700001
19647.575001
19672.075001
19696.075001
19719.525001
19743.175001
19768.050001
19791.625001
19814.775001
19839.800001
19863.775001
19886.725001
19911.950001
19936.000001
19959.150001
19984.375001
20008.200001
20031.025001
20055.825001
20080.300001
20103.175001
20127.825001
20151.925001
20175.350001
20200.100001
20224.500001
20248.325001
20273.425001
20297.150001
20320.825001
20345.825001
20369.450001
20393.200001
20418.150001
20441.775001
20466.600001
20491.375001
20515.100001
20540.300001
20563.900001
20588.600001
20613.575001
20637.525001
20662.625001
20686.250001
20711.375001
20736.025001
20760.475001
20785.900001
20810.000001
20835.625001
20859.900001
20885.525001
20909.950001
20935.675001
20960.025001
20985.800001
21010.225001
21035.925001
21061.000001
21085.975001
21111.125001
21136.025001
21161.275001
21186.075001
21211.875001
21236.350001
21262.625001
21287.475001
21313.425001
21338.900001
21363.850001
21390.175001
21414.700001
21441.325001
21466.950001
21491.900001
21518.175001
21543.200001
21569.300001
21595.675001
21620.750001
21646.925001
21673.275001
21698.550001
21724.775001
21751.225001
21776.400001
21802.625001
21829.200001
21854.575001
21880.550001
21907.150001
21933.350001
21958.625001
21985.775001
22012.475001
22038.500001
22064.125001
22091.425001
22118.075001
22144.375001
22170.550001
22197.125001
22223.775001
22250.975001
22277.250001
22304.125001
22330.525001
22357.850001
22384.875001
22412.200001
22438.875001
22465.300001
22491.875001
22519.275001
22546.300001
22573.725001
22601.275001
22628.575001
22655.800001
22683.175001
22709.875001
22737.100001
22764.000001
22791.625001
22819.250001
22846.875001
22874.575001
22902.375001
22930.250001
22958.000001
22985.800001
23013.600001
23041.475001
23069.250001
23097.050001
23124.850001
23152.650001
23180.450001
23208.250001
23236.050001
23263.850001
23291.775001
23319.625001
23347.650001
23376.175001
23404.275001
23432.450001
23461.200001
23490.100001
23518.325001
23547.000001
23575.075001
23603.800001
23632.175001
23661.125001
23690.200001
23719.000001
23747.350001
23776.275001
23805.425001
23834.650001
23863.575001
23892.450001
23921.925001
23951.350001
23980.375001
24009.450001
24038.875001
24068.225001
24097.250001
24126.475001
24156.675001
24185.925001
24215.275001
24245.525001
24274.875001
24304.425001
24334.700001
24363.925001
24394.125001
24424.250001
24454.225001
24484.700001
24514.075001
24544.625001
24574.825001
24605.250001
24635.725001
24666.225001
24696.900001
24727.425001
24758.075001
24788.775001
24819.300001
24850.075001
24880.525001
24911.700001
24942.700001
24973.800001
25004.775001
25035.950001
25067.675001
25098.500001
25130.125001
25161.500001
25192.875001
25224.550001
25256.500001
25287.725001
25319.375001
25351.350001
25383.075001
25414.700001
25446.950001
25479.200001
25511.100001
25542.975001
25574.975001
25607.500001
25640.200001
25672.475001
25705.025001
25737.475001
25769.875001
25802.675001
25835.625001
25868.650001
25901.700001
25934.825001
25968.025001
26001.250001
26034.600001
26067.975001
26101.325001
26134.800001
26168.275001
26202.000001
26235.825001
26269.425001
26303.050001
26337.050001
26370.900001
26405.250001
26439.625001
26474.000001
26508.250001
26542.750001
26577.350001
26612.325001
26646.950001
26681.700001
26716.700001
26751.675001
26786.500001
26821.975001
26857.350001
26892.750001
26928.600001
26963.925001
26999.825001
27035.675001
27071.675001
27107.925001
27144.200001
27180.375001
27216.850001
27253.100001
27290.050001
27326.475001
27363.475001
27400.700001
27437.700001
27474.900001
27512.450001
27549.900001
27587.400001
27625.050001
27663.150001
27701.375001
27739.750001
27778.250001
27816.875001
27855.550001
27894.400001
27933.375001
27972.625001
28012.225001
28051.750001
28091.500001
28131.425001
28171.675001
28212.275001
28252.700001
28293.400001
28334.600001
28375.750001
28417.525001
28459.250001
28501.350001
28543.525001
28586.050001
28629.050001
28672.125001
28715.475001
28759.275001
28803.475001
28848.075001
28893.000001
28938.400001
28984.375001
29030.600001
29077.450001
29124.850001
29172.950001
29221.725001
29271.200001
29321.600001
29373.075001
29425.500001
29479.200001
29534.125001
29590.375001
29647.925001
29707.025001
29767.625001
29829.900001
29893.875001
29959.750001
30027.800001
30098.550001
30170.425001
30243.750001
30318.775001
30395.950001
30475.525001
30557.375001
30641.500001
30728.225001
30818.650001
30915.900001
31186.800001
31283.525001
31545.975001
31641.525001
31878.150001
31973.775001
32187.600001
32284.125001
32499.425001
32595.825001
32810.500001
32906.925001
33121.725001
33218.150001
33432.975001
33529.400001
33744.300001
33840.725001
34055.550001
34151.975001
34366.725001
34463.125001
34677.750001
34774.175001
34988.625001
