1.000000
26.000000
1456.400000
1530.050000
1596.050000
1656.975000
1714.175000
1769.125000
1821.900000
1873.050000
1922.525000
1970.500000
2017.700000
2063.600000
2108.575000
2152.900000
2196.775000
2240.100000
2282.600000
2324.725000
2366.350000
2407.525000
2448.200000
2488.575000
2528.825000
2568.475000
2607.950000
2647.075000
2685.925000
2724.700000
2763.375000
2801.875000
2840.250000
2878.425000
2916.475000
2954.075000
2991.600000
3029.250000
3066.575000
3103.725000
3141.075000
3178.225000
3215.025000
3251.850000
3288.575000
3324.925000
3361.375000
3397.400000
3433.800000
3469.700000
3505.825000
3541.600000
3577.475000
3613.325000
3648.725000
3684.575000
3719.575000
3755.125000
3790.475000
3825.300000
3860.500000
3895.775000
3930.400000
3965.100000
3999.875000
4034.650000
4069.125000
4103.475000
4137.875000
4172.325000
4206.800000
4241.000000
4274.950000
4308.575000
4342.675000
4376.325000
4409.875000
4443.425000
4477.175000
4510.975000
4544.425000
4577.775000
4611.050000
4644.325000
4677.500000
4710.650000
4743.675000
4776.550000
4809.500000
4842.200000
4874.975000
4907.950000
4940.825000
4973.625000
5006.475000
5038.875000
5070.875000
5102.975000
5135.650000
5168.075000
5200.150000
5231.950000
5263.775000
5295.925000
5327.850000
5359.475000
5391.450000
5423.450000
5455.025000
5486.250000
5518.175000
5549.700000
5580.650000
5612.500000
5643.325000
5674.800000
5706.450000
5737.375000
5768.775000
5800.025000
5830.550000
5862.175000
5892.800000
5923.725000
5954.275000
5985.375000
6016.350000
6047.000000
6077.650000
6108.075000
6138.675000
6169.175000
6199.400000
6230.225000
6260.350000
6291.250000
6320.950000
6351.425000
6380.900000
6411.325000
6441.450000
6470.900000
6501.325000
6530.550000
6560.575000
6590.825000
6620.525000
6650.650000
6680.350000
6709.675000
6739.700000
6769.250000
6798.450000
6828.000000
6857.650000
6886.450000
6916.325000
6945.800000
6974.825000
7003.875000
7033.125000
7062.475000
7091.450000
7119.775000
7148.625000
7177.775000
7206.925000
7235.750000
7263.900000
7292.800000
7321.000000
7350.000000
7379.075000
7407.600000
7436.000000
7463.950000
7492.600000
7520.825000
7548.800000
7577.425000
7605.850000
7634.650000
7662.700000
7691.250000
7719.275000
7747.150000
7774.950000
7802.750000
7830.500000
7858.250000
7886.000000
7913.775000
7941.600000
7969.325000
7997.075000
8024.800000
8052.550000
8080.300000
8108.025000
8135.775000
8163.525000
8191.350000
8218.975000
8246.725000
8274.475000
8302.200000
8330.100000
8357.725000
8385.425000
8413.075000
8440.625000
8468.100000
8495.675000
8522.375000
8548.775000
8575.550000
8602.750000
8630.225000
8657.175000
8684.600000
8711.100000
8737.425000
8763.825000
8791.250000
8818.100000
8844.675000
8870.825000
8897.200000
8923.975000
8951.275000
8976.775000
9002.975000
9030.225000
9056.950000
9083.100000
9108.475000
9135.675000
9162.450000
9187.800000
9213.850000
9240.475000
9266.750000
9292.025000
9318.950000
9345.700000
9370.850000
9397.050000
9423.525000
9448.600000
9474.800000
9501.225000
9526.275000
9552.450000
9578.725000
9604.075000
9630.225000
9655.750000
9680.625000
9707.025000
9731.975000
9758.025000
9783.425000
9808.325000
9834.675000
9858.700000
9885.000000
9909.850000
9935.825000
9961.075000
9986.000000
10011.325000
10036.075000
10061.950000
10086.225000
10112.500000
10136.325000
10162.550000
10186.500000
10212.675000
10237.375000
10262.925000
10287.650000
10313.550000
10338.525000
10363.750000
10388.975000
10413.800000
10439.050000
10463.825000
10489.200000
10513.875000
10540.000000
10563.975000
10590.250000
10614.025000
10640.300000
10664.125000
10690.350000
10714.350000
10740.500000
10765.250000
10791.050000
10816.225000
10841.600000
10867.100000
10891.750000
10918.000000
10941.950000
10968.075000
10992.750000
11018.225000
11043.025000
11068.350000
11093.100000
11118.775000
11143.725000
11169.375000
11194.750000
11219.475000
11245.650000
11269.600000
11295.800000
11319.775000
11345.875000
11370.525000
11396.000000
11420.775000
11446.100000
11470.850000
11496.350000
11521.075000
11547.000000
11571.675000
11597.150000
11622.450000
11647.225000
11673.325000
11697.350000
11723.575000
11747.500000
11773.650000
11798.175000
11823.800000
11848.575000
11873.925000
11898.675000
11924.400000
11949.200000
11974.925000
12000.225000
12025.000000
12051.050000
12075.125000
12101.350000
12125.300000
12151.425000
12176.050000
12201.550000
12226.325000
12251.650000
12276.400000
12301.950000
12326.625000
12352.550000
12377.325000
12402.700000
12428.000000
12452.775000
12478.875000
12502.900000
12529.175000
12553.150000
12579.325000
12604.100000
12629.700000
12654.475000
12680.325000
12705.525000
12730.425000
12755.675000
12780.475000
12805.800000
12830.525000
12856.400000
12880.675000
12906.950000
12930.775000
12957.025000
12981.125000
13007.350000
13032.100000
13058.000000
13083.025000
13108.200000
13133.400000
13158.250000
13183.500000
13208.275000
13233.625000
13258.325000
13284.400000
13308.425000
13334.675000
13358.500000
13384.750000
13408.575000
13434.800000
13458.875000
13485.125000
13509.850000
13535.750000
13560.700000
13585.975000
13611.200000
13636.025000
13661.300000
13686.075000
13711.475000
13736.125000
13762.375000
13786.200000
13812.475000
13836.275000
13862.525000
13886.375000
13912.600000
13936.900000
13963.150000
13988.325000
14013.775000
14039.050000
14063.825000
14089.175000
14113.875000
14139.950000
14163.975000
14190.250000
14214.050000
14240.300000
14264.125000
14290.350000
14314.425000
14340.625000
14365.375000
14391.350000
14416.000000
14441.600000
14467.400000
14491.875000
14518.075000
14542.600000
14568.250000
14593.050000
14618.450000
14643.175000
14669.075000
14693.525000
14719.325000
14744.525000
14769.400000
14794.775000
14819.475000
14845.675000
14869.600000
14895.800000
14919.775000
14945.875000
14970.550000
14996.000000
15020.775000
15046.075000
15070.850000
15096.350000
15121.050000
15146.975000
15171.525000
15197.150000
15222.475000
15247.225000
15273.375000
15297.350000
15323.575000
15347.500000
15373.650000
15398.175000
15423.800000
15448.575000
15473.925000
15498.675000
15524.400000
15549.200000
15574.925000
15600.200000
15625.000000
15651.050000
15675.125000
15701.350000
15725.300000
15751.425000
15776.050000
15801.550000
15826.325000
15851.650000
15876.400000
15901.925000
15926.600000
15952.525000
15977.225000
16002.725000
16028.050000
16052.800000
16079.025000
16102.925000
16129.200000
16153.175000
16179.350000
16204.125000
16229.825000
16255.050000
16280.450000
16305.700000
16330.500000
16355.900000
16380.575000
16406.800000
16430.650000
16456.925000
16480.725000
16506.975000
16530.850000
16557.050000
16581.625000
16607.275000
16632.000000
16657.875000
16682.925000
16708.200000
16733.450000
16758.250000
16783.525000
16808.300000
16833.775000
16858.375000
16884.650000
16908.475000
16934.725000
16958.525000
16984.775000
17008.700000
17034.875000
17059.550000
17085.075000
17109.800000
17135.675000
17160.625000
17185.975000
17211.225000
17236.025000
17261.325000
17286.075000
17311.675000
17336.200000
17362.500000
17386.300000
17412.550000
17436.425000
17462.625000
17487.200000
17512.825000
17537.550000
17563.425000
17588.425000
17613.750000
17639.000000
17663.800000
17689.100000
17713.850000
17739.400000
17763.950000
17790.250000
17814.050000
17840.300000
17864.125000
17890.375000
17914.450000
17940.700000
17965.425000
17991.400000
18016.300000
18041.600000
18066.925000
18091.700000
18117.900000
18141.825000
18168.025000
18192.200000
18218.175000
18243.000001
18268.325001
18293.075001
18318.675001
18343.425001
18369.300001
18394.425001
18419.375001
18444.600001
18469.425001
18495.150001
18519.625001
18545.825001
18570.100001
18596.025001
18620.825001
18646.200001
18670.925001
18696.800001
18721.275001
18747.100001
18772.275001
18797.150001
18822.425001
18847.225001
18873.200001
18897.375001
18923.575001
18947.575001
18973.675001
18998.375001
19023.775001
19048.550001
19073.875001
19098.625001
19124.125001
19148.825001
19174.750001
19199.350001
19224.925001
19250.275001
19275.025001
19301.175001
19325.125001
19351.350001
19375.300001
19401.425001
19426.000001
19451.550001
19476.350001
19501.675001
19526.425001
19552.025001
19576.750001
19602.625001
19627.700001
19652.700001
19677.875001
19702.725001
19728.075001
19752.800001
19779.050001
19802.925001
19829.200001
19853.225001
19879.400001
19904.200001
19930.000001
19955.300001
19980.425001
20005.650001
20030.475001
20055.750001
20080.525001
20106.225001
20130.700001
20157.000001
20181.525001
20207.675001
20233.275001
20258.250001
20284.300001
20308.550001
20334.900001
20359.800001
20385.850001
20411.250001
20436.150001
20462.550001
20487.500001
20513.600001
20539.200001
20564.050001
20590.600001
20616.600001
20641.725001
20668.125001
20693.225001
20719.350001
20745.825001
20770.900001
20797.100001
20823.600001
20848.750001
20874.925001
20901.425001
20926.850001
20952.900001
20980.050001
21006.900001
21032.350001
21058.375001
21085.550001
21112.500001
21138.725001
21164.125001
21191.475001
21218.125001
21244.550001
21270.750001
21297.175001
21324.000001
21351.325001
21377.825001
21404.200001
21430.550001
21457.975001
21484.925001
21512.375001
21538.950001
21565.375001
21591.975001
21619.325001
21646.725001
21673.900001
21701.425001
21729.100001
21756.250001
21783.700001
21811.150001
21838.125001
21865.450001
21892.900001
21919.725001
21947.225001
21974.850001
22002.550001
22030.275001
22058.025001
22085.800001
22113.600001
22141.475001
22169.225001
22197.025001
22224.825001
22252.625001
22280.400001
22308.200001
22336.000001
22363.800001
22391.675001
22419.475001
22447.300001
22475.175001
22503.325001
22531.850001
22559.800001
22588.200001
22617.625001
22645.950001
22674.650001
22702.750001
22730.750001
22759.500001
22787.800001
22816.950001
22845.850001
22874.675001
22902.875001
22931.800001
22960.800001
22990.175001
23019.100001
23047.500001
23076.450001
23105.775001
23135.075001
23163.850001
23193.000001
23222.425001
23251.800001
23280.675001
23310.050001
23340.200001
23369.325001
23398.575001
23428.925001
23458.125001
23487.525001
23517.900001
23547.150001
23576.575001
23606.975001
23636.175001
23666.625001
23696.750001
23726.425001
23757.000001
23786.400001
23817.600001
23847.300001
23877.900001
23908.125001
23938.675001
23969.175001
23999.700001
24030.300001
24061.000001
24091.550001
24122.300001
24152.750001
24183.875001
24214.600001
24246.000001
24276.550001
24307.975001
24339.075001
24369.875001
24401.475001
24432.625001
24463.850001
24495.725001
24526.575001
24558.150001
24590.150001
24621.175001
24652.775001
24684.800001
24716.650001
24748.300001
24780.300001
24812.500001
24844.475001
24876.275001
24908.225001
24940.750001
24973.450001
25005.625001
25037.700001
25070.175001
25102.750001
25135.650001
25168.450001
25201.400001
25234.500001
25267.675001
25300.850001
25334.200001
25367.725001
25401.100001
25434.500001
25467.925001
25501.300001
25534.775001
25568.250001
25601.925001
25635.775001
25669.375001
25702.900001
25736.650001
25770.725001
25804.825001
25839.100001
25873.500001
25907.850001
25942.050001
25976.375001
26011.000001
26045.750001
26080.325001
26115.000001
26149.950001
26184.900001
26219.600001
26254.900001
26290.375001
26325.350001
26360.925001
26396.475001
26431.975001
26467.925001
26503.500001
26539.850001
26575.650001
26612.200001
26648.175001
26684.700001
26720.750001
26757.400001
26794.075001
26830.550001
26867.725001
26904.375001
26941.450001
26978.875001
27015.975001
27053.400001
27091.200001
27129.050001
27166.675001
27204.325001
27242.250001
27280.400001
27318.750001
27357.275001
27395.800001
27434.550001
27473.375001
27512.350001
27551.375001
27590.575001
27630.050001
27669.450001
27709.050001
27748.800001
27788.800001
27829.100001
27869.275001
27909.675001
27950.425001
27991.375001
28032.325001
28073.675001
28115.025001
28156.850001
28198.525001
28240.750001
28283.150001
28325.650001
28368.700001
28411.975001
28455.375001
28498.850001
28542.775001
28586.975001
28631.550001
28676.325001
28721.500001
28767.250001
28813.250001
28859.550001
28906.425001
28953.625001
29001.375001
29049.550001
29098.275001
29147.575001
29197.525001
29248.225001
29299.750001
29352.175001
29405.625001
29460.200001
29516.200001
29573.800001
29633.100001
29694.375001
29757.750001
29823.450001
29891.700001
29962.925001
30037.525001
30115.700001
30195.000001
30275.575001
30357.325001
30440.400001
30525.025001
30611.700001
30701.450001
30795.725001
30895.875001
31075.375001
31166.150001
31264.500001
31369.325001
31549.075001
31639.925001
31738.325001
31843.450001
32023.750001
32114.725001
32213.525001
32321.900001
32503.000001
32594.225001
32693.800001
32873.925001
32965.275001
33065.225001
33247.600001
33339.250001
33440.300001
33643.900001
33734.625001
33836.175001
34066.375001
34158.025001
34431.200001
34526.825001
34896.250001
34991.050001
