200.000000
3.000000
1792.850000
1840.025000
1882.500000
1921.750000
1959.025000
1994.700000
2028.750000
2061.950000
2094.350000
2125.875000
2157.325000
2188.125000
2218.700000
2248.800000
2278.600000
2308.075000
2337.250000
2366.400000
2395.300000
2424.325000
2453.350000
2481.775000
2510.350000
2538.675000
2567.200000
2595.275000
2623.225000
2651.050000
2678.850000
2706.525000
2734.200000
2761.900000
2789.625000
2817.325000
2845.025000
2872.675000
2899.925000
2927.100000
2954.225000
2981.275000
3008.200000
3035.275000
3062.025000
3088.950000
3115.775000
3142.400000
3169.000000
3195.375000
3221.850000
3248.050000
3274.450000
3300.775000
3327.150000
3353.475000
3379.800000
3406.175000
3432.325000
3458.100000
3484.050000
3510.075000
3535.650000
3561.725000
3587.125000
3613.025000
3638.475000
3664.350000
3689.700000
3714.900000
3740.225000
3765.575000
3790.950000
3816.200000
3841.275000
3866.350000
3891.275000
3916.250000
3941.175000
3966.150000
3991.075000
4016.050000
4041.000000
4065.975000
4090.925000
4115.875000
4140.800000
4165.075000
4189.625000
4214.475000
4239.275000
4263.400000
4288.025000
4312.125000
4336.700000
4360.775000
4385.225000
4409.175000
4433.800000
4457.725000
4481.550000
4506.050000
4529.900000
4553.675000
4577.700000
4601.050000
4624.750000
4648.125000
4671.900000
4695.300000
4718.950000
4742.450000
4766.150000
4789.675000
4813.250000
4836.825000
4860.425000
4884.025000
4907.575000
4931.200000
4954.725000
4978.400000
5001.750000
5024.750000
5047.875000
5070.750000
5093.850000
5117.250000
5140.000000
5163.125000
5186.025000
5209.000000
5231.550000
5254.700000
5277.475000
5300.550000
5323.050000
5345.550000
5368.425000
5391.075000
5413.525000
5435.975000
5458.775000
5481.275000
5503.625000
5525.850000
5548.075000
5570.300000
5592.500000
5614.750000
5636.950000
5659.150000
5681.350000
5703.575000
5725.725000
5747.925000
5770.150000
5792.350000
5814.575000
5836.800000
5859.000000
5881.225000
5903.425000
5925.600000
5947.800000
5970.000000
5992.225000
6014.375000
6035.875000
6057.625000
6079.750000
6101.075000
6122.900000
6145.025000
6167.175000
6188.550000
6210.300000
6231.500000
6253.400000
6274.725000
6296.375000
6317.525000
6339.500000
6360.725000
6381.650000
6403.375000
6424.500000
6445.425000
6467.225000
6488.350000
6509.250000
6530.300000
6551.000000
6572.750000
6593.850000
6614.700000
6635.650000
6656.475000
6677.625000
6698.050000
6719.000000
6739.750000
6760.675000
6781.350000
6802.250000
6823.000000
6843.950000
6864.625000
6885.475000
6906.300000
6927.200000
6947.900000
6968.775000
6989.600000
7010.425000
7031.225000
7052.050000
7072.850000
7093.675000
7114.500000
7135.275000
7156.175000
7176.050000
7196.600000
7217.300000
7237.300000
7257.650000
7278.425000
7298.200000
7318.750000
7339.500000
7359.275000
7379.800000
7400.550000
7420.275000
7440.925000
7461.625000
7481.375000
7501.200000
7521.475000
7541.375000
7561.725000
7581.400000
7601.050000
7620.525000
7640.875000
7660.675000
7680.275000
7700.575000
7720.175000
7739.825000
7759.300000
7778.825000
7798.125000
7817.600000
7837.050000
7856.500000
7875.850000
7895.325000
7914.775000
7934.225000
7953.650000
7973.050000
7992.475000
8011.950000
8031.375000
8050.775000
8070.200000
8089.700000
8109.100000
8128.575000
8147.950000
8167.400000
8186.850000
8206.300000
8225.675000
8245.150000
8264.600000
8284.050000
8303.475000
8322.875000
8342.325000
8361.775000
8381.225000
8400.625000
8420.050000
8439.525000
8458.950000
8478.425000
8497.800000
8517.250000
8536.675000
8556.150000
8575.525000
8595.000000
8613.525000
8632.650000
8651.075000
8670.100000
8689.500000
8708.000000
8727.050000
8745.400000
8764.550000
8783.925000
8802.375000
8820.525000
8839.550000
8857.975000
8876.075000
8895.075000
8913.450000
8931.650000
8950.600000
8969.025000
8987.125000
9006.175000
9024.525000
9042.575000
9061.725000
9080.000000
9098.100000
9117.250000
9135.525000
9153.700000
9172.775000
9191.100000
9209.175000
9228.350000
9246.600000
9264.700000
9283.400000
9300.925000
9319.125000
9336.950000
9355.300000
9373.025000
9391.250000
9409.150000
9427.525000
9445.225000
9463.325000
9481.350000
9499.650000
9517.400000
9535.525000
9553.550000
9571.775000
9589.650000
9607.700000
9625.700000
9643.950000
9661.850000
9679.900000
9697.900000
9716.125000
9734.050000
9752.125000
9770.100000
9788.250000
9806.250000
9824.300000
9842.325000
9860.425000
9878.450000
9896.475000
9914.525000
9931.875000
9949.575000
9967.325000
9985.325000
10003.400000
10020.425000
10038.300000
10056.225000
10073.275000
10091.050000
10108.975000
10125.950000
10143.875000
10161.750000
10178.900000
10196.575000
10214.525000
10231.575000
10249.400000
10267.275000
10284.425000
10302.125000
10320.050000
10337.125000
10354.925000
10372.850000
10390.000000
10407.650000
10425.600000
10442.625000
10460.500000
10478.450000
10495.450000
10513.200000
10531.200000
10548.175000
10566.125000
10583.975000
10601.000000
10618.800000
10636.750000
10653.825000
10671.625000
10689.525000
10706.650000
10724.350000
10742.275000
10759.350000
10777.175000
10795.075000
10812.225000
10829.875000
10847.825000
10864.925000
10882.725000
10900.625000
10917.675000
10935.425000
10953.425000
10970.400000
10988.275000
11006.200000
11023.225000
11041.025000
11058.975000
11075.950000
11093.875000
11111.750000
11128.900000
11146.575000
11164.525000
11181.575000
11199.400000
11217.275000
11234.425000
11252.125000
11270.050000
11287.125000
11304.925000
11322.850000
11340.000000
11357.650000
11375.600000
11392.625000
11410.500000
11428.450000
11445.450000
11463.200000
11481.200000
11498.175000
11516.125000
11533.975000
11551.000000
11568.800000
11586.750000
11603.825000
11621.625000
11639.525000
11656.650000
11674.350000
11692.275000
11709.350000
11727.175000
11745.075000
11762.225000
11779.875000
11797.825000
11814.925000
11832.725000
11850.625000
11867.675000
11885.425000
11903.425000
11920.400000
11938.275000
11956.200000
11973.225000
11991.025000
12008.975000
12025.950000
12043.875000
12061.750000
12078.900000
12096.575000
12114.525000
12131.575000
12149.400000
12167.275000
12184.425000
12202.125000
12220.050000
12237.125000
12254.925000
12272.850000
12290.000000
12307.650000
12325.600000
12342.625000
12360.500000
12378.450000
12395.450000
12413.200000
12431.200000
12448.175000
12466.125000
12483.975000
12501.000000
12518.800000
12536.750000
12553.825000
12571.625000
12589.525000
12606.650000
12624.350000
12642.275000
12659.350000
12677.175000
12695.075000
12712.225000
12729.875000
12747.825000
12764.925000
12782.725000
12800.625000
12817.675000
12835.425000
12853.425000
12870.400000
12888.275000
12906.200000
12923.225000
12941.025000
12958.975000
12975.950000
12993.875000
13011.750000
13028.900000
13046.575000
13064.525000
13081.575000
13099.400000
13117.275000
13134.425000
13152.125000
13170.050000
13187.125000
13204.925000
13222.850000
13240.000000
13257.650000
13275.600000
13292.625000
13310.500000
13328.450000
13345.450000
13363.200000
13381.200000
13398.175000
13416.125000
13433.975000
13451.000000
13468.800000
13486.750000
13503.825000
13521.625000
13539.525000
13556.650000
13574.350000
13592.275000
13609.350000
13627.175000
13645.075000
13662.225000
13679.875000
13697.825000
13714.925000
13732.725000
13750.625000
13767.675000
13785.425000
13803.425000
13820.400000
13838.275000
13856.200000
13873.225000
13891.025000
13908.975000
13925.950000
13943.875000
13961.750000
13978.900000
13996.575000
14014.525000
14031.575000
14049.400000
14067.275000
14084.425000
14102.125000
14120.050000
14137.125000
14154.925000
14172.850000
14190.000000
14207.650000
14225.600000
14242.625000
14260.500000
14278.450000
14295.450000
14313.200000
14331.200000
14348.175000
14366.125000
14383.975000
14401.000000
14418.800000
14436.750000
14453.825000
14471.625000
14489.525000
14506.650000
14524.350000
14542.275000
14559.350000
14577.175000
14595.075000
14612.225000
14629.875000
14647.825000
14664.925000
14682.725000
14700.625000
14717.675000
14735.425000
14753.425000
14770.400000
14788.275000
14806.200000
14823.225000
14841.025000
14858.975000
14875.950000
14893.875000
14911.750000
14928.900000
14946.575000
14964.525000
14981.575000
14999.400000
15017.275000
15034.425000
15052.125000
15070.050000
15087.125000
15104.925000
15122.850000
15140.000000
15157.650000
15175.600000
15192.625000
15210.500000
15228.450000
15245.450000
15263.200000
15281.200000
15298.175000
15316.125000
15333.975000
15351.000000
15368.800000
15386.750000
15403.825000
15421.625000
15439.525000
15456.650000
15474.350000
15492.275000
15509.350000
15527.175000
15545.075000
15562.225000
15579.875000
15597.825000
15614.925000
15632.725000
15650.625000
15667.675000
15685.425000
15703.425000
15720.400000
15738.275000
15756.200000
15773.225000
15791.025000
15808.975000
15825.950000
15843.875000
15861.750000
15878.900000
15896.575000
15914.525000
15931.575000
15949.400000
15967.275000
15984.425000
16002.125000
16020.050000
16037.125000
16054.925000
16072.850000
16090.000000
16107.650000
16125.600000
16142.625000
16160.500000
16178.450000
16195.450000
16213.200000
16231.200000
16248.175000
16266.125000
16283.975000
16301.000000
16318.800000
16336.750000
16353.825000
16371.625000
16389.525000
16406.650000
16424.350000
16442.275000
16459.350000
16477.175000
16495.075000
16512.225000
16529.875000
16547.825000
16564.925000
16582.725000
16600.625000
16617.675000
16635.425000
16653.425000
16670.400000
16688.275000
16706.200000
16723.225000
16741.025000
16758.975000
16775.950000
16793.875000
16811.750000
16828.900000
16846.575000
16864.525000
16881.575000
16899.400000
16917.275000
16934.425000
16952.125000
16970.050000
16987.125000
17004.925000
17022.850000
17040.000000
17057.650000
17075.600000
17092.625000
17110.500000
17128.450000
17145.450000
17163.200000
17181.200000
17198.175000
17216.125000
17233.975000
17251.000000
17268.800000
17286.750000
17303.825000
17321.625000
17339.525000
17356.650000
17374.350000
17392.275000
17409.350000
17427.175000
17445.075000
17462.225000
17479.875000
17497.825000
17514.925000
17532.725000
17550.625000
17567.675000
17585.425000
17603.425000
17620.400000
17638.275000
17656.200000
17673.225000
17691.025000
17708.975000
17725.950000
17743.875000
17761.750000
17778.900000
17796.575000
17814.525000
17831.575000
17849.400000
17867.275000
17884.425000
17902.125000
17920.050000
17937.125000
17954.925000
17972.850000
17990.000000
18007.650000
18025.600000
18042.625000
18060.500000
18078.450000
18095.450000
18113.200000
18131.200000
18148.175000
18166.125000
18183.975000
18201.000000
18218.800000
18236.750001
18253.825001
18271.625001
18289.525001
18306.650001
18324.350001
18342.275001
18359.350001
18377.175001
18395.075001
18412.225001
18429.875001
18447.825001
18464.925001
18482.725001
18500.625001
18517.675001
18535.425001
18553.425001
18570.400001
18588.275001
18606.200001
18623.225001
18641.025001
18658.975001
18675.950001
18693.875001
18711.750001
18728.900001
18746.575001
18764.525001
18781.575001
18799.400001
18817.275001
18834.425001
18852.125001
18870.050001
18887.125001
18904.925001
18922.850001
18940.000001
18957.650001
18975.600001
18992.625001
19010.500001
19028.450001
19045.450001
19063.200001
19081.200001
19098.175001
19116.125001
19133.975001
19151.000001
19168.800001
19186.750001
19203.825001
19221.625001
19239.525001
19256.650001
19274.350001
19292.275001
19309.350001
19327.175001
19345.075001
19362.225001
19379.875001
19397.825001
19414.925001
19432.725001
19450.625001
19467.675001
19485.425001
19503.425001
19520.400001
19538.275001
19556.200001
19573.225001
19591.025001
19608.975001
19625.950001
19643.875001
19661.750001
19678.900001
19696.575001
19714.525001
19731.575001
19749.400001
19767.275001
19784.425001
19802.125001
19820.050001
19837.125001
19854.925001
19872.850001
19890.000001
19907.650001
19925.600001
19942.625001
19960.500001
19978.450001
19995.450001
20013.200001
20031.200001
20048.175001
20066.125001
20083.975001
20101.000001
20118.800001
20136.750001
20153.900001
20171.700001
20189.550001
20207.525001
20225.600001
20242.700001
20260.575001
20278.475001
20296.500001
20314.550001
20332.625001
20350.650001
20368.750001
20386.775001
20404.900001
20422.900001
20441.025001
20459.025001
20477.200001
20495.125001
20513.225001
20531.275001
20549.475001
20567.375001
20585.475001
20603.550001
20621.775001
20639.650001
20657.725001
20675.750001
20694.075001
20711.900001
20730.000001
20748.000001
20766.525001
20784.175001
20802.325001
20820.225001
20838.675001
20856.425001
20874.600001
20892.475001
20911.625001
20929.875001
20948.000001
20967.225001
20985.450001
21003.650001
21022.775001
21041.100001
21059.225001
21078.375001
21096.675001
21114.825001
21133.950001
21152.275001
21170.350001
21189.500001
21207.825001
21225.975001
21245.050001
21263.425001
21281.700001
21300.625001
21319.150001
21337.350001
21356.225001
21375.425001
21394.100001
21412.500001
21431.250001
21450.575001
21469.200001
21488.175001
21506.675001
21525.650001
21545.050001
21563.775001
21582.700001
21601.950001
21620.425001
21639.600001
21658.975001
21678.425001
21697.800001
21717.275001
21736.725001
21756.200001
21775.600001
21795.075001
21814.525001
21834.000001
21853.450001
21872.875001
21892.325001
21911.800001
21931.250001
21950.675001
21970.125001
21989.625001
22009.075001
22028.550001
22047.925001
22067.400001
22086.875001
22106.350001
22125.750001
22145.225001
22164.700001
22184.175001
22203.625001
22223.050001
22242.475001
22262.000001
22281.425001
22300.875001
22320.300001
22339.850001
22359.275001
22378.800001
22398.125001
22417.650001
22437.125001
22456.675001
22475.975001
22495.550001
22515.050001
22535.275001
22555.150001
22575.525001
22595.225001
22614.975001
22635.325001
22655.375001
22675.575001
22695.325001
22715.925001
22735.800001
22756.225001
22775.925001
22796.500001
22817.250001
22837.050001
22857.600001
22878.400001
22898.200001
22918.775001
22939.525001
22959.575001
22979.925001
23000.650001
23021.325001
23042.250001
23063.025001
23083.950001
23104.775001
23125.600001
23146.475001
23167.325001
23188.200001
23209.025001
23229.875001
23250.700001
23271.650001
23292.375001
23313.250001
23334.125001
23355.025001
23375.750001
23396.700001
23417.475001
23438.475001
23459.175001
23480.075001
23500.875001
23522.600001
23543.750001
23564.675001
23585.700001
23606.575001
23628.350001
23649.475001
23670.325001
23692.175001
23713.300001
23734.400001
23756.150001
23777.475001
23798.275001
23820.025001
23841.325001
23863.050001
23884.275001
23906.200001
23928.325001
23949.925001
23971.525001
23992.725001
24014.575001
24036.675001
24058.275001
24079.900001
24102.025001
24124.150001
24145.750001
24167.425001
24189.575001
24211.775001
24234.000001
24256.225001
24278.475001
24300.675001
24322.900001
24345.125001
24367.375001
24389.625001
24411.875001
24434.125001
24456.375001
24478.625001
24500.825001
24523.050001
24545.300001
24567.550001
24589.850001
24612.125001
24634.375001
24656.650001
24679.000001
24701.325001
24724.175001
24746.725001
24769.875001
24792.400001
24814.925001
24838.000001
24860.700001
24883.925001
24906.550001
24929.775001
24952.950001
24975.700001
24998.550001
25021.625001
25045.050001
25068.025001
25091.100001
25114.550001
25138.050001
25161.700001
25185.275001
25208.925001
25232.525001
25256.225001
25279.825001
25303.500001
25327.150001
25350.725001
25374.425001
25397.975001
25421.750001
25445.275001
25469.025001
25492.550001
25516.625001
25540.200001
25564.400001
25588.300001
25612.125001
25636.525001
25660.500001
25684.475001
25708.925001
25732.975001
25757.475001
25781.500001
25806.175001
25830.475001
25854.875001
25879.700001
25903.925001
25928.525001
25953.425001
25978.400001
26003.375001
26028.400001
26053.425001
26078.450001
26103.475001
26128.525001
26153.525001
26178.575001
26203.600001
26228.675001
26253.675001
26278.775001
26303.800001
26328.950001
26354.100001
26379.700001
26405.050001
26430.825001
26456.300001
26481.700001
26507.525001
26533.250001
26559.025001
26585.050001
26610.725001
26636.775001
26663.025001
26689.400001
26715.525001
26741.600001
26767.550001
26793.875001
26820.175001
26846.625001
26873.025001
26899.550001
26925.875001
26952.475001
26979.025001
27006.075001
27032.775001
27059.475001
27086.650001
27113.475001
27140.850001
27167.750001
27195.100001
27222.725001
27250.300001
27277.550001
27304.950001
27332.625001
27360.375001
27388.175001
27416.050001
27443.925001
27471.800001
27499.750001
27528.025001
27556.225001
27584.350001
27612.875001
27641.200001
27669.950001
27698.250001
27727.050001
27756.100001
27785.100001
27814.175001
27842.925001
27871.975001
27900.975001
27930.200001
27959.450001
27989.125001
28018.750001
28048.300001
28078.375001
28108.225001
28138.225001
28168.600001
28198.975001
28229.525001
28260.100001
28290.875001
28321.650001
28352.500001
28383.700001
28414.775001
28446.250001
28477.650001
28509.175001
28541.025001
28572.975001
28605.025001
28637.150001
28669.700001
28702.225001
28735.125001
28768.000001
28801.025001
28834.350001
28867.825001
28901.700001
28935.650001
28970.050001
29004.650001
29039.550001
29074.575001
29109.975001
29145.525001
29181.475001
29217.750001
29254.450001
29291.475001
29328.875001
29366.825001
29405.125001
29444.000001
29483.525001
29523.575001
29564.475001
29606.225001
29648.875001
29692.650001
29737.750001
29784.475001
29833.175001
29884.575001
29939.800001
30002.275001
30209.075001
30273.750001
30487.000001
30551.275001
30768.375001
30832.600001
31066.150001
31130.725001
31434.825001
31499.350001
31833.225001
31897.225001
32219.300001
32283.275001
32603.300001
32667.250001
32986.775001
33050.750001
33370.100001
33434.050001
33753.250001
33817.200001
34136.450001
34200.450001
34519.725001
34583.700001
34902.925001
34966.900001
