1.000000
34.000000
1928.025000
1997.350000
2059.650000
2116.975000
2170.500000
2221.525000
2270.650000
2318.350000
2364.425000
2409.600000
2453.800000
2497.125000
2540.025000
2581.875000
2623.550000
2664.375000
2705.300000
2745.750000
2785.750000
2825.350000
2864.900000
2904.150000
2943.050000
2981.850000
3020.500000
3058.875000
3097.250000
3135.650000
3173.800000
3211.950000
3249.800000
3287.275000
3324.800000
3362.400000
3399.550000
3436.450000
3473.700000
3510.600000
3547.275000
3584.350000
3620.675000
3657.275000
3693.375000
3729.975000
3766.300000
3802.425000
3838.425000
3874.500000
3910.125000
3945.975000
3981.350000
4017.400000
4052.650000
4087.725000
4123.350000
4158.175000
4193.025000
4228.125000
4263.175000
4297.875000
4332.875000
4367.900000
4402.400000
4436.450000
4470.800000
4505.300000
4539.825000
4573.975000
4608.075000
4641.800000
4675.700000
4709.625000
4743.125000
4776.600000
4810.275000
4844.175000
4877.700000
4911.075000
4944.450000
4977.725000
5010.950000
5044.100000
5077.050000
5110.150000
5143.050000
5175.950000
5208.450000
5241.500000
5274.400000
5307.325000
5340.250000
5372.975000
5405.550000
5437.575000
5469.650000
5502.350000
5534.800000
5567.225000
5599.075000
5631.025000
5663.550000
5695.775000
5727.575000
5758.975000
5791.400000
5823.450000
5854.875000
5886.200000
5918.150000
5949.625000
5980.625000
6012.550000
6043.350000
6074.825000
6106.600000
6137.375000
6168.825000
6200.100000
6230.600000
6262.300000
6292.850000
6323.825000
6354.375000
6385.625000
6416.600000
6447.075000
6477.800000
6508.175000
6538.825000
6569.250000
6599.750000
6630.275000
6660.525000
6691.400000
6721.050000
6751.600000
6781.575000
6812.375000
6841.775000
6872.125000
6902.300000
6931.975000
6962.450000
6991.725000
7021.375000
7051.625000
7080.725000
7110.900000
7140.700000
7169.850000
7199.925000
7229.675000
7258.525000
7288.325000
7318.150000
7347.175000
7376.300000
7405.750000
7435.225000
7463.925000
7493.050000
7522.375000
7551.525000
7580.400000
7608.750000
7637.875000
7667.825000
7696.600000
7725.075000
7754.050000
7782.675000
7812.350000
7841.175000
7869.425000
7897.700000
7926.350000
7955.175000
7984.150000
8012.875000
8041.500000
8069.425000
8097.350000
8125.450000
8154.075000
8181.975000
8209.850000
8237.825000
8266.450000
8294.500000
8322.875000
8351.375000
8379.475000
8407.775000
8435.875000
8463.700000
8491.550000
8519.300000
8547.075000
8574.825000
8602.575000
8630.325000
8658.075000
8685.825000
8713.575000
8741.400000
8769.050000
8796.775000
8824.550000
8852.275000
8880.175000
8907.825000
8935.575000
8963.325000
8991.125000
9018.450000
9045.950000
9073.550000
9100.875000
9127.925000
9154.525000
9181.025000
9208.275000
9235.775000
9262.775000
9290.250000
9316.950000
9343.150000
9369.550000
9396.950000
9423.725000
9450.950000
9476.825000
9503.350000
9530.450000
9557.300000
9584.575000
9610.200000
9636.225000
9663.550000
9690.325000
9716.625000
9742.100000
9769.225000
9795.850000
9821.100000
9847.250000
9873.825000
9900.075000
9925.350000
9952.450000
9979.175000
10004.325000
10030.450000
10057.000000
10082.100000
10108.225000
10134.750000
10159.850000
10185.975000
10212.525000
10237.600000
10263.750000
10290.300000
10315.375000
10341.600000
10368.075000
10393.125000
10419.325000
10445.825000
10470.875000
10497.100000
10523.600000
10548.650000
10574.875000
10601.350000
10626.425000
10652.650000
10679.200000
10704.325000
10730.425000
10756.975000
10782.050000
10808.200000
10834.725000
10859.825000
10885.975000
10912.500000
10937.575000
10963.750000
10990.300000
11015.375000
11041.575000
11068.050000
11093.125000
11119.325000
11145.825000
11170.875000
11197.100000
11223.575000
11248.650000
11274.875000
11301.350000
11326.425000
11352.650000
11379.200000
11404.325000
11430.425000
11456.975000
11482.050000
11508.200000
11534.725000
11559.825000
11585.975000
11612.500000
11637.575000
11663.750000
11690.300000
11715.375000
11741.575000
11768.050000
11793.125000
11819.325000
11845.825000
11870.875000
11897.100000
11923.575000
11948.650000
11974.875000
12001.350000
12026.425000
12052.650000
12079.200000
12104.325000
12130.425000
12156.975000
12182.050000
12208.200000
12234.725000
12259.825000
12285.975000
12312.500000
12337.575000
12363.750000
12390.300000
12415.375000
12441.575000
12468.050000
12493.125000
12519.325000
12545.825000
12570.875000
12597.100000
12623.575000
12648.650000
12674.875000
12701.350000
12726.425000
12752.650000
12779.200000
12804.325000
12830.425000
12856.975000
12882.050000
12908.200000
12934.725000
12959.825000
12985.975000
13012.500000
13037.575000
13063.750000
13090.300000
13115.375000
13141.575000
13168.050000
13193.125000
13219.325000
13245.825000
13270.875000
13297.100000
13323.575000
13348.650000
13374.875000
13401.350000
13426.425000
13452.650000
13479.200000
13504.325000
13530.425000
13556.975000
13582.050000
13608.200000
13634.725000
13659.825000
13685.975000
13712.500000
13737.575000
13763.750000
13790.300000
13815.375000
13841.575000
13868.050000
13893.125000
13919.325000
13945.825000
13970.875000
13997.100000
14023.575000
14048.650000
14074.875000
14101.350000
14126.425000
14152.650000
14179.200000
14204.325000
14230.425000
14256.975000
14282.050000
14308.200000
14334.725000
14359.825000
14385.975000
14412.500000
14437.575000
14463.750000
14490.300000
14515.375000
14541.575000
14568.050000
14593.125000
14619.325000
14645.825000
14670.875000
14697.100000
14723.575000
14748.650000
14774.875000
14801.350000
14826.425000
14852.650000
14879.200000
14904.325000
14930.425000
14956.975000
14982.050000
15008.200000
15034.725000
15059.825000
15085.975000
15112.500000
15137.575000
15163.750000
15190.300000
15215.375000
15241.575000
15268.050000
15293.125000
15319.325000
15345.825000
15370.875000
15397.100000
15423.575000
15448.650000
15474.875000
15501.350000
15526.425000
15552.650000
15579.200000
15604.325000
15630.425000
15656.975000
15682.050000
15708.200000
15734.725000
15759.825000
15785.975000
15812.500000
15837.575000
15863.750000
15890.300000
15915.375000
15941.575000
15968.050000
15993.125000
16019.325000
16045.825000
16070.875000
16097.100000
16123.575000
16148.650000
16174.875000
16201.350000
16226.425000
16252.650000
16279.200000
16304.325000
16330.425000
16356.975000
16382.050000
16408.200000
16434.725000
16459.825000
16485.975000
16512.500000
16537.575000
16563.750000
16590.300000
16615.375000
16641.575000
16668.050000
16693.125000
16719.325000
16745.825000
16770.875000
16797.100000
16823.575000
16848.650000
16874.875000
16901.350000
16926.425000
16952.650000
16979.200000
17004.325000
17030.425000
17056.975000
17082.050000
17108.200000
17134.725000
17159.825000
17185.975000
17212.500000
17237.575000
17263.750000
17290.300000
17315.375000
17341.575000
17368.050000
17393.125000
17419.325000
17445.825000
17470.875000
17497.100000
17523.575000
17548.650000
17574.875000
17601.350000
17626.425000
17652.650000
17679.200000
17704.325000
17730.425000
17756.975000
17782.050000
17808.200000
17834.725000
17859.825000
17885.975000
17912.500000
17937.575000
17963.750000
17990.300000
18015.375000
18041.575000
18068.050000
18093.125000
18119.325000
18145.825000
18170.875000
18197.100000
18223.575000
18248.650001
18274.875001
18301.350001
18326.425001
18352.650001
18379.200001
18404.325001
18430.425001
18456.975001
18482.050001
18508.200001
18534.725001
18559.825001
18585.975001
18612.500001
18637.575001
18663.750001
18690.300001
18715.375001
18741.575001
18768.050001
18793.125001
18819.325001
18845.825001
18870.875001
18897.100001
18923.575001
18948.650001
18974.875001
19001.350001
19026.425001
19052.650001
19079.200001
19104.325001
19130.425001
19156.975001
19182.050001
19208.200001
19234.725001
19259.825001
19285.975001
19312.500001
19337.575001
19363.750001
19390.300001
19415.375001
19441.575001
19468.050001
19493.125001
19519.325001
19545.825001
19570.875001
19597.100001
19623.575001
19648.650001
19674.875001
19701.350001
19726.425001
19752.650001
19779.200001
19804.325001
19830.425001
19856.975001
19882.050001
19908.200001
19934.725001
19959.825001
19985.975001
20012.500001
20037.575001
20063.750001
20090.300001
20115.375001
20141.600001
20168.100001
20193.225001
20219.425001
20245.925001
20271.675001
20297.500001
20324.675001
20351.375001
20376.600001
20402.825001
20429.975001
20456.950001
20483.125001
20508.500001
20535.825001
20562.600001
20588.975001
20615.075001
20641.625001
20668.400001
20695.775001
20722.075001
20748.400001
20774.950001
20802.125001
20829.450001
20856.900001
20883.425001
20909.775001
20936.175001
20963.650001
20991.075001
21018.275001
21045.825001
21073.375001
21100.150001
21126.575001
21153.975001
21180.600001
21208.150001
21235.775001
21263.425001
21291.275001
21318.850001
21346.775001
21374.600001
21402.375001
21430.250001
21458.000001
21485.800001
21513.575001
21541.450001
21569.200001
21597.000001
21624.800001
21652.600001
21680.375001
21708.150001
21735.950001
21763.750001
21791.625001
21819.400001
21847.225001
21875.025001
21902.850001
21930.625001
21958.450001
21986.300001
22014.325001
22042.950001
22070.900001
22098.975001
22127.900001
22156.875001
22185.400001
22213.800001
22241.950001
22270.675001
22298.825001
22327.950001
22357.000001
22385.800001
22413.925001
22442.900001
22471.625001
22501.350001
22530.300001
22558.475001
22587.550001
22617.175001
22646.650001
22675.450001
22705.275001
22734.775001
22763.750001
22792.925001
22822.450001
22852.100001
22881.375001
22911.350001
22941.325001
22970.600001
23000.750001
23030.400001
23059.775001
23090.200001
23119.425001
23148.925001
23179.425001
23208.600001
23239.025001
23269.200001
23298.725001
23329.375001
23359.000001
23390.200001
23419.675001
23450.700001
23480.625001
23511.325001
23541.625001
23572.250001
23602.650001
23633.325001
23663.725001
23694.575001
23724.975001
23756.200001
23786.800001
23818.250001
23848.750001
23880.225001
23911.225001
23941.900001
23973.575001
24004.350001
24035.825001
24067.725001
24098.550001
24130.250001
24162.175001
24193.125001
24224.825001
24256.875001
24288.325001
24319.975001
24352.350001
24384.625001
24416.525001
24448.250001
24480.350001
24512.625001
24544.925001
24577.025001
24609.475001
24641.675001
24674.350001
24707.100001
24740.025001
24772.450001
24805.225001
24837.600001
24870.375001
24902.975001
24935.950001
24969.125001
25002.325001
25035.675001
25069.050001
25102.425001
25135.800001
25169.200001
25202.600001
25235.950001
25269.375001
25302.800001
25336.200001
25369.900001
25403.950001
25437.600001
25471.675001
25506.175001
25540.575001
25574.775001
25608.650001
25643.050001
25677.650001
25712.400001
25746.925001
25781.525001
25816.575001
25851.425001
25886.050001
25920.875001
25956.475001
25991.575001
26026.550001
26062.350001
26097.350001
26133.125001
26168.900001
26204.625001
26240.775001
26276.450001
26312.700001
26348.550001
26384.950001
26420.925001
26457.675001
26494.325001
26530.625001
26567.800001
26604.350001
26641.425001
26678.825001
26715.750001
26752.925001
26790.525001
26828.050001
26865.450001
26903.050001
26941.225001
26979.400001
27017.775001
27056.000001
27094.475001
27133.025001
27171.675001
27210.625001
27249.700001
27288.775001
27328.025001
27367.700001
27407.250001
27446.950001
27486.625001
27526.625001
27567.000001
27607.475001
27648.000001
27688.850001
27729.900001
27770.875001
27812.400001
27853.825001
27895.700001
27937.425001
27979.750001
28022.175001
28064.675001
28107.750001
28151.075001
28194.400001
28237.900001
28281.800001
28325.950001
28370.475001
28415.225001
28460.350001
28506.000001
28551.950001
28598.200001
28645.025001
28692.125001
28739.900001
28787.900001
28836.475001
28885.775001
28935.725001
28986.200001
29037.475001
29089.700001
29142.750001
29196.825001
29251.975001
29308.250001
29365.850001
29425.100001
29486.250001
29549.850001
29616.825001
29688.825001
29770.400001
