100.000000
30.000000
1779.900000
1842.425000
1901.150000
1956.725000
2009.875000
2062.125000
2113.275000
2163.600000
2213.350000
2262.625000
2311.175000
2359.325000
2407.475000
2455.150000
2502.500000
2549.475000
2596.475000
2642.900000
2689.125000
2735.325000
2780.925000
2826.325000
2871.675000
2917.125000
2962.275000
3007.075000
3051.600000
3096.000000
3140.275000
3184.425000
3228.325000
3271.975000
3315.175000
3358.250000
3401.500000
3444.425000
3487.050000
3530.050000
3572.725000
3614.950000
3657.400000
3699.325000
3741.450000
3783.175000
3824.725000
3866.300000
3907.825000
3948.750000
3990.175000
4030.650000
4071.425000
4112.500000
4152.750000
4193.000000
4233.375000
4273.675000
4313.650000
4353.625000
4393.400000
4433.275000
4473.275000
4512.950000
4552.450000
4591.625000
4630.550000
4669.500000
4708.300000
4747.125000
4785.900000
4824.725000
4863.500000
4902.300000
4941.150000
4979.925000
5018.425000
5056.875000
5095.250000
5133.275000
5170.775000
5208.300000
5246.375000
5284.525000
5321.950000
5359.225000
5396.900000
5434.575000
5471.475000
5508.375000
5545.825000
5582.750000
5619.500000
5656.850000
5693.050000
5730.125000
5767.025000
5803.100000
5840.125000
5876.125000
5912.700000
5948.500000
5984.975000
6020.675000
6057.025000
6092.750000
6129.125000
6164.175000
6200.375000
6235.875000
6271.125000
6307.100000
6342.325000
6378.500000
6413.675000
6448.600000
6484.475000
6519.275000
6554.150000
6589.675000
6624.725000
6659.400000
6694.400000
6729.425000
6763.725000
6798.300000
6833.075000
6867.950000
6902.400000
6936.175000
6970.600000
7005.100000
7040.000000
7074.200000
7108.150000
7141.925000
7176.000000
7209.700000
7243.275000
7277.325000
7311.325000
7345.600000
7379.350000
7413.275000
7446.950000
7480.325000
7513.675000
7547.025000
7580.325000
7613.625000
7646.975000
7680.250000
7713.550000
7746.875000
7780.175000
7813.450000
7846.750000
7880.100000
7913.350000
7946.550000
7979.975000
8013.125000
8046.000000
8079.125000
8111.875000
8144.550000
8176.425000
8208.350000
8241.350000
8273.700000
8306.600000
8338.675000
8370.550000
8402.600000
8435.025000
8467.750000
8498.800000
8530.500000
8563.075000
8595.625000
8626.525000
8658.200000
8690.375000
8722.000000
8752.925000
8785.250000
8817.675000
8848.500000
8880.250000
8912.300000
8942.950000
8974.650000
9006.575000
9037.250000
9068.975000
9100.500000
9130.900000
9162.725000
9193.100000
9224.650000
9255.625000
9286.000000
9317.850000
9347.900000
9379.800000
9410.550000
9441.500000
9472.325000
9502.650000
9533.400000
9563.675000
9594.425000
9624.775000
9655.425000
9685.800000
9716.150000
9746.925000
9776.500000
9807.550000
9837.425000
9868.075000
9897.325000
9928.175000
9958.100000
9987.675000
10018.150000
10047.325000
10077.775000
10107.925000
10137.400000
10168.000000
10197.150000
10226.675000
10257.300000
10286.225000
10317.375000
10347.075000
10376.450000
10407.025000
10436.075000
10466.625000
10496.775000
10526.250000
10556.900000
10586.000000
10616.125000
10646.750000
10676.250000
10706.900000
10736.000000
10766.150000
10796.750000
10826.250000
10856.900000
10886.000000
10916.150000
10946.750000
10976.250000
11006.900000
11036.000000
11066.150000
11096.750000
11126.250000
11156.900000
11186.000000
11216.150000
11246.750000
11276.250000
11306.900000
11336.000000
11366.150000
11396.750000
11426.250000
11456.900000
11486.000000
11516.150000
11546.750000
11576.250000
11606.900000
11636.000000
11666.150000
11696.750000
11726.250000
11756.900000
11786.000000
11816.150000
11846.750000
11876.250000
11906.900000
11936.000000
11966.150000
11996.750000
12026.250000
12056.900000
12086.000000
12116.150000
12146.750000
12176.250000
12206.900000
12236.000000
12266.150000
12296.750000
12326.250000
12356.900000
12386.000000
12416.150000
12446.750000
12476.250000
12506.900000
12536.000000
12566.150000
12596.750000
12626.250000
12656.900000
12686.000000
12716.150000
12746.750000
12776.250000
12806.900000
12836.000000
12866.150000
12896.750000
12926.250000
12956.900000
12986.000000
13016.150000
13046.750000
13076.250000
13106.900000
13136.000000
13166.150000
13196.750000
13226.250000
13256.900000
13286.000000
13316.150000
13346.750000
13376.250000
13406.900000
13436.000000
13466.150000
13496.750000
13526.250000
13556.900000
13586.000000
13616.150000
13646.750000
13676.250000
13706.900000
13736.000000
13766.150000
13796.750000
13826.250000
13856.900000
13886.000000
13916.150000
13946.750000
13976.250000
14006.900000
14036.000000
14066.150000
14096.750000
14126.250000
14156.900000
14186.000000
14216.150000
14246.750000
14276.250000
14306.900000
14336.000000
14366.150000
14396.750000
14426.250000
14456.900000
14486.000000
14516.150000
14546.750000
14576.250000
14606.900000
14636.000000
14666.150000
14696.750000
14726.250000
14756.900000
14786.000000
14816.150000
14846.750000
14876.250000
14906.900000
14936.000000
14966.150000
14996.750000
15026.250000
15056.900000
15086.000000
15116.150000
15146.750000
15176.250000
15206.900000
15236.000000
15266.150000
15296.750000
15326.250000
15356.900000
15386.000000
15416.150000
15446.750000
15476.250000
15506.900000
15536.000000
15566.150000
15596.750000
15626.250000
15656.900000
15686.000000
15716.150000
15746.750000
15776.250000
15806.900000
15836.000000
15866.150000
15896.750000
15926.250000
15956.900000
15986.000000
16016.150000
16046.750000
16076.250000
16106.900000
16136.000000
16166.150000
16196.750000
16226.250000
16256.900000
16286.000000
16316.150000
16346.750000
16376.250000
16406.900000
16436.000000
16466.150000
16496.750000
16526.250000
16556.900000
16586.000000
16616.150000
16646.750000
16676.250000
16706.900000
16736.000000
16766.150000
16796.750000
16826.250000
16856.900000
16886.000000
16916.150000
16946.750000
16976.250000
17006.900000
17036.000000
17066.150000
17096.750000
17126.250000
17156.900000
17186.000000
17216.150000
17246.750000
17276.250000
17306.900000
17336.000000
17366.150000
17396.750000
17426.250000
17456.900000
17486.000000
17516.150000
17546.750000
17576.250000
17606.900000
17636.000000
17666.150000
17696.750000
17726.250000
17756.900000
17786.000000
17816.150000
17846.750000
17876.250000
17906.900000
17936.000000
17966.150000
17996.750000
18026.250000
18056.900000
18086.000000
18116.150000
18146.750000
18176.250000
18206.900000
18236.000001
18266.150001
18296.750001
18326.250001
18356.900001
18386.000001
18416.150001
18446.750001
18476.250001
18506.900001
18536.000001
18566.150001
18596.750001
18626.250001
18656.900001
18686.000001
18716.150001
18746.750001
18776.250001
18806.900001
18836.000001
18866.150001
18896.750001
18926.250001
18956.900001
18986.000001
19016.150001
19046.750001
19076.250001
19106.900001
19136.000001
19166.150001
19196.750001
19226.250001
19256.900001
19286.000001
19316.150001
19346.750001
19376.250001
19406.900001
19436.000001
19466.150001
19496.750001
19526.250001
19556.900001
19586.000001
19616.150001
19646.750001
19676.250001
19706.900001
19736.000001
19766.150001
19796.750001
19826.250001
19856.900001
19886.000001
19916.150001
19946.750001
19976.250001
20006.900001
20036.000001
20066.150001
20096.750001
20126.275001
20156.925001
20186.050001
20216.725001
20246.925001
20276.400001
20307.150001
20336.350001
20367.900001
20397.200001
20428.150001
20458.175001
20488.850001
20519.225001
20549.725001
20580.275001
20610.975001
20641.475001
20672.175001
20702.600001
20733.450001
20763.750001
20795.525001
20825.475001
20857.100001
20887.475001
20919.025001
20950.075001
20980.500001
21012.425001
21042.925001
21074.575001
21106.175001
21137.275001
21169.050001
21201.075001
21231.800001
21263.525001
21295.625001
21326.325001
21358.050001
21390.200001
21420.950001
21452.650001
21484.800001
21516.700001
21548.150001
21580.300001
21612.550001
21644.475001
21676.150001
21708.100001
21740.600001
21773.325001
21805.400001
21837.225001
21869.325001
21902.150001
21934.900001
21967.875001
22000.125001
22032.175001
22064.375001
22097.125001
22130.200001
22163.325001
22196.475001
22230.000001
22263.325001
22296.675001
22330.125001
22363.450001
22396.825001
22430.200001
22463.525001
22496.925001
22530.250001
22563.600001
22597.000001
22630.325001
22663.675001
22697.100001
22730.425001
22763.800001
22797.225001
22830.600001
22864.050001
22898.100001
22931.950001
22966.200001
23001.000001
23035.300001
23069.325001
23103.425001
23137.700001
23172.300001
23206.975001
23241.425001
23275.675001
23310.725001
23345.750001
23380.300001
23414.900001
23449.975001
23485.075001
23519.525001
23554.675001
23590.275001
23624.950001
23659.975001
23695.750001
23730.500001
23766.300001
23802.100001
23837.450001
23873.525001
23908.475001
23944.650001
23980.325001
24016.500001
24052.475001
24088.625001
24124.750001
24161.000001
24197.050001
24233.475001
24269.500001
24306.700001
24342.875001
24380.000001
24417.150001
24453.900001
24491.200001
24528.750001
24565.350001
24602.550001
24640.175001
24677.325001
24714.625001
24752.475001
24790.300001
24827.925001
24865.300001
24902.875001
24941.250001
24979.575001
25017.950001
25056.450001
25095.025001
25133.475001
25171.975001
25210.525001
25249.250001
25288.275001
25327.375001
25366.575001
25405.600001
25445.050001
25484.675001
25524.125001
25563.625001
25602.950001
25642.725001
25682.500001
25723.000001
25763.350001
25803.525001
25844.075001
25884.725001
25924.950001
25965.400001
26006.650001
26047.200001
26088.300001
26129.950001
26170.950001
26212.650001
26254.050001
26295.875001
26337.425001
26379.775001
26421.950001
26463.900001
26506.725001
26548.900001
26591.625001
26634.700001
26677.675001
26720.650001
26763.825001
26807.650001
26851.525001
26895.625001
26939.875001
26984.375001
27029.050001
27073.650001
27118.575001
27163.600001
27208.550001
27253.975001
27299.575001
27345.675001
27391.625001
27437.675001
27484.475001
27530.975001
27578.150001
27625.200001
27672.925001
27720.625001
27768.875001
27817.525001
27866.200001
27915.050001
27964.100001
28013.675001
28063.575001
28113.750001
28164.150001
28215.025001
28266.400001
28318.250001
28370.325001
28423.150001
28476.100001
28529.850001
28584.025001
28638.600001
28693.675001
28749.425001
28805.900001
28863.050001
28920.750001
28979.500001
29038.825001
29099.075001
29160.475001
29223.150001
29287.000001
29352.450001
29419.575001
29488.625001
29560.300001
29635.450001
29715.525001
