1.000000
2.000000
1013.825000
1104.950000
1191.400000
1273.050000
1350.825000
1425.100000
1496.525000
1565.075000
1630.775000
1693.675000
1753.875000
1811.400000
1866.900000
1920.525000
1973.000000
2024.150000
2074.300000
2123.550000
2171.925000
2219.600000
2266.975000
2313.675000
2359.950000
2406.125000
2451.900000
2497.100000
2541.900000
2586.250000
2630.425000
2674.475000
2718.250000
2761.675000
2804.950000
2847.800000
2890.550000
2932.875000
2974.875000
3016.750000
3058.125000
3099.600000
3141.000000
3181.900000
3222.875000
3263.500000
3303.925000
3344.150000
3384.375000
3424.200000
3463.750000
3502.975000
3542.325000
3581.575000
3620.500000
3659.275000
3697.950000
3736.225000
3774.675000
3812.975000
3851.200000
3888.875000
3926.300000
3963.700000
4001.300000
4038.550000
4075.575000
4112.925000
4149.875000
4186.150000
4223.250000
4259.525000
4295.925000
4331.900000
4368.125000
4404.000000
4440.125000
4475.600000
4511.750000
4547.175000
4582.725000
4618.275000
4653.225000
4688.625000
4723.625000
4758.200000
4792.925000
4827.675000
4862.400000
4896.850000
4930.875000
4965.175000
4999.300000
5033.825000
5068.050000
5102.000000
5135.875000
5169.400000
5202.775000
5236.050000
5269.375000
5302.650000
5335.875000
5369.175000
5402.400000
5435.650000
5468.900000
5501.950000
5534.975000
5567.925000
5600.600000
5633.250000
5665.300000
5697.300000
5730.075000
5762.475000
5794.500000
5826.225000
5858.125000
5890.275000
5921.975000
5953.550000
5985.700000
6017.825000
6048.650000
6080.300000
6112.100000
6143.000000
6174.525000
6205.750000
6236.200000
6267.900000
6298.400000
6329.625000
6360.350000
6391.500000
6422.175000
6452.600000
6483.225000
6513.600000
6544.100000
6574.650000
6605.000000
6635.675000
6665.450000
6695.850000
6725.275000
6755.600000
6785.675000
6815.250000
6845.625000
6874.875000
6904.300000
6934.525000
6963.675000
6992.950000
7022.575000
7052.225000
7081.400000
7111.075000
7140.350000
7169.300000
7198.250000
7227.400000
7256.900000
7285.750000
7313.950000
7342.900000
7371.150000
7400.325000
7429.275000
7457.950000
7486.025000
7514.000000
7542.725000
7570.800000
7598.700000
7626.675000
7655.425000
7683.425000
7711.725000
7740.300000
7768.200000
7796.100000
7824.300000
7852.525000
7880.350000
7908.100000
7935.850000
7963.625000
7991.450000
8019.125000
8046.850000
8074.575000
8102.300000
8130.175000
8157.825000
8185.525000
8213.225000
8240.900000
8268.250000
8295.775000
8323.025000
8350.075000
8376.425000
8402.925000
8430.325000
8457.200000
8484.550000
8510.975000
8537.225000
8563.750000
8590.625000
8617.900000
8643.375000
8669.600000
8696.700000
8723.575000
8749.050000
8775.175000
8802.075000
8829.150000
8854.575000
8880.550000
8907.075000
8933.050000
8958.350000
8984.850000
9010.250000
9036.075000
9062.550000
9087.575000
9113.650000
9139.725000
9165.100000
9191.350000
9216.900000
9241.800000
9268.050000
9292.975000
9318.550000
9344.100000
9369.375000
9395.375000
9419.725000
9445.850000
9470.550000
9495.950000
9520.700000
9545.950000
9570.675000
9595.925000
9620.450000
9645.900000
9669.975000
9695.850000
9719.675000
9745.675000
9769.475000
9794.450000
9819.250000
9843.150000
9868.175000
9891.900000
9917.700000
9941.650000
9965.525000
9990.525000
10013.975000
10038.875000
10063.500000
10087.050000
10112.475000
10136.050000
10159.850000
10184.800000
10208.325000
10232.200000
10257.125000
10280.600000
10305.425000
10330.125000
10354.075000
10379.150000
10402.725000
10426.450000
10451.400000
10475.000000
10498.725000
10523.675000
10547.250000
10571.025000
10595.925000
10619.525000
10643.350000
10668.250000
10691.850000
10716.750000
10741.400000
10764.675000
10790.275000
10813.825000
10837.650000
10862.600000
10886.100000
10910.000000
10934.925000
10958.375000
10983.050000
11007.850000
11031.700000
11056.900000
11080.500000
11104.350000
11129.325000
11152.825000
11176.600000
11201.500000
11225.075000
11248.875000
11273.750000
11297.325000
11321.375000
11346.625000
11370.775000
11395.800000
11419.425000
11443.175000
11468.125000
11491.725000
11515.600000
11540.550000
11563.975000
11588.775000
11613.400000
11637.075000
11662.475000
11686.050000
11709.850000
11734.800000
11758.325000
11782.200000
11807.125000
11830.625000
11855.425000
11880.125000
11904.075000
11929.150000
11952.725000
11976.450000
12001.400000
12025.000000
12048.725000
12073.675000
12097.250000
12121.025000
12145.925000
12169.525000
12193.350000
12218.250000
12241.850000
12266.750000
12291.400000
12314.675000
12340.275000
12363.825000
12387.650000
12412.600000
12436.100000
12460.000000
12484.925000
12508.375000
12533.050000
12557.850000
12581.700000
12606.900000
12630.500000
12654.350000
12679.325000
12702.825000
12726.600000
12751.500000
12775.075000
12798.875000
12823.750000
12847.325000
12871.375000
12896.625000
12920.775000
12945.800000
12969.425000
12993.175000
13018.125000
13041.725000
13065.600000
13090.550000
13113.975000
13138.775000
13163.400000
13187.075000
13212.475000
13236.050000
13259.850000
13284.800000
13308.325000
13332.200000
13357.125000
13380.625000
13405.425000
13430.125000
13454.075000
13479.150000
13502.725000
13526.450000
13551.400000
13575.000000
13598.725000
13623.675000
13647.250000
13671.025000
13695.925000
13719.525000
13743.350000
13768.250000
13791.850000
13816.750000
13841.400000
13864.675000
13890.275000
13913.825000
13937.650000
13962.600000
13986.100000
14010.000000
14034.925000
14058.375000
14083.050000
14107.850000
14131.700000
14156.900000
14180.500000
14204.350000
14229.325000
14252.825000
14276.600000
14301.500000
14325.075000
14348.875000
14373.750000
14397.325000
14421.375000
14446.625000
14470.775000
14495.800000
14519.425000
14543.175000
14568.125000
14591.725000
14615.600000
14640.550000
14663.975000
14688.775000
14713.400000
14737.075000
14762.475000
14786.050000
14809.850000
14834.800000
14858.325000
14882.200000
14907.125000
14930.625000
14955.425000
14980.125000
15004.075000
15029.150000
15052.725000
15076.450000
15101.400000
15125.000000
15148.725000
15173.675000
15197.250000
15221.025000
15245.925000
15269.525000
15293.350000
15318.250000
15341.850000
15366.750000
15391.400000
15414.675000
15440.275000
15463.825000
15487.650000
15512.600000
15536.100000
15560.000000
15584.925000
15608.375000
15633.050000
15657.850000
15681.700000
15706.900000
15730.500000
15754.350000
15779.325000
15802.825000
15826.600000
15851.500000
15875.075000
15898.875000
15923.750000
15947.325000
15971.375000
15996.625000
16020.775000
16045.800000
16069.425000
16093.175000
16118.125000
16141.725000
16165.600000
16190.550000
16213.975000
16238.775000
16263.400000
16287.075000
16312.475000
16336.050000
16359.850000
16384.800000
16408.325000
16432.200000
16457.125000
16480.625000
16505.425000
16530.125000
16554.075000
16579.150000
16602.725000
16626.450000
16651.400000
16675.000000
16698.725000
16723.675000
16747.250000
16771.025000
16795.925000
16819.525000
16843.350000
16868.250000
16891.850000
16916.750000
16941.400000
16964.675000
16990.275000
17013.825000
17037.650000
17062.600000
17086.100000
17110.000000
17134.925000
17158.375000
17183.050000
17207.850000
17231.700000
17256.900000
17280.500000
17304.350000
17329.325000
17352.825000
17376.600000
17401.500000
17425.075000
17448.875000
17473.750000
17497.325000
17521.375000
17546.625000
17570.775000
17595.800000
17619.425000
17643.175000
17668.125000
17691.725000
17715.600000
17740.550000
17763.975000
17788.775000
17813.400000
17837.075000
17862.475000
17886.050000
17909.850000
17934.800000
17958.325000
17982.200000
18007.125000
18030.625000
18055.425000
18080.125000
18104.075000
18129.150000
18152.725000
18176.450000
18201.400000
18225.000000
18248.725001
18273.675001
18297.250001
18321.025001
18345.925001
18369.525001
18393.350001
18418.250001
18441.850001
18466.750001
18491.400001
18514.675001
18540.275001
18563.825001
18587.650001
18612.600001
18636.100001
18660.000001
18684.925001
18708.375001
18733.050001
18757.850001
18781.700001
18806.900001
18830.500001
18854.350001
18879.325001
18902.825001
18926.600001
18951.500001
18975.075001
18998.875001
19023.750001
19047.325001
19071.375001
19096.625001
19120.775001
19145.800001
19169.425001
19193.175001
19218.125001
19241.725001
19265.600001
19290.550001
19313.975001
19338.775001
19363.400001
19387.075001
19412.475001
19436.050001
19459.850001
19484.800001
19508.325001
19532.200001
19557.125001
19580.625001
19605.425001
19630.125001
19654.075001
19679.150001
19702.725001
19726.450001
19751.400001
19775.000001
19798.725001
19823.675001
19847.250001
19871.025001
19895.925001
19919.525001
19943.350001
19968.250001
19991.850001
20016.750001
20041.400001
20064.675001
20090.275001
20113.850001
20137.725001
20162.700001
20186.200001
20211.175001
20235.875001
20259.750001
20284.850001
20308.425001
20333.500001
20358.175001
20382.275001
20407.950001
20432.075001
20457.550001
20482.075001
20507.700001
20532.175001
20557.975001
20582.375001
20608.125001
20633.225001
20658.175001
20683.375001
20708.225001
20733.525001
20758.300001
20784.525001
20808.500001
20834.800001
20859.675001
20885.675001
20911.175001
20936.100001
20962.475001
20987.400001
21013.550001
21039.125001
21064.025001
21090.525001
21116.475001
21141.750001
21168.150001
21193.325001
21219.425001
21245.875001
21271.100001
21297.225001
21323.725001
21349.900001
21375.450001
21402.525001
21429.250001
21455.525001
21481.075001
21508.150001
21534.900001
21561.350001
21587.575001
21613.875001
21641.325001
21668.125001
21695.350001
21722.125001
21748.550001
21775.050001
21802.500001
21829.925001
21857.225001
21884.725001
21912.250001
21939.075001
21966.575001
21993.150001
22020.575001
22047.400001
22074.950001
22102.600001
22130.300001
22158.025001
22185.800001
22213.600001
22241.475001
22269.250001
22297.050001
22324.850001
22352.650001
22380.450001
22408.250001
22436.050001
22463.850001
22491.825001
22519.900001
22548.450001
22576.425001
22605.225001
22633.825001
22662.675001
22691.450001
22719.500001
22748.275001
22776.600001
22805.725001
22834.775001
22863.625001
22892.500001
22921.850001
22951.325001
22980.325001
23009.275001
23038.850001
23068.175001
23097.175001
23126.375001
23156.600001
23185.875001
23215.250001
23245.575001
23274.875001
23304.500001
23334.775001
23363.950001
23394.375001
23424.550001
23454.475001
23485.000001
23515.050001
23545.750001
23575.750001
23606.925001
23637.025001
23668.075001
23698.425001
23729.450001
23759.800001
23791.225001
23822.175001
23852.750001
23884.475001
23915.150001
23946.700001
23978.500001
24009.675001
24041.400001
24073.325001
24104.500001
24136.000001
24168.050001
24199.825001
24231.550001
24263.625001
24295.850001
24327.925001
24359.775001
24391.850001
24424.600001
24457.200001
24490.100001
24522.825001
24555.675001
24588.525001
24621.050001
24654.100001
24687.025001
24720.350001
24753.800001
24787.075001
24820.575001
24854.050001
24887.425001
24920.825001
24954.700001
24988.800001
25023.175001
25057.350001
25091.550001
25125.725001
25160.325001
25195.500001
25230.150001
25264.800001
25299.850001
25334.800001
25369.450001
25404.600001
25440.200001
25475.075001
25510.775001
25546.550001
25582.150001
25618.125001
25653.950001
25690.200001
25726.125001
25762.575001
25798.600001
25835.450001
25872.250001
25908.650001
25945.850001
25982.950001
26020.175001
26057.900001
26095.650001
26133.175001
26170.700001
26208.350001
26246.700001
26285.125001
26323.575001
26362.300001
26401.100001
26440.100001
26479.175001
26518.300001
26557.800001
26597.200001
26636.875001
26676.750001
26717.125001
26757.575001
26798.100001
26838.825001
26879.850001
26920.775001
26962.250001
27003.650001
27045.600001
27087.300001
27129.575001
27171.950001
27214.275001
27257.325001
27300.525001
27343.950001
27387.450001
27431.225001
27475.325001
27519.575001
27564.000001
27608.925001
27654.225001
27699.775001
27745.725001
27791.750001
27838.350001
27885.500001
27932.925001
27980.500001
28028.825001
28077.300001
28126.200001
28175.550001
28225.450001
28275.875001
28326.725001
28378.325001
28430.400001
28483.050001
28536.225001
28590.275001
28645.050001
28700.700001
28757.100001
28814.050001
28872.075001
28931.050001
28991.275001
29052.600001
29115.150001
29179.300001
29245.025001
29312.550001
29381.975001
29453.875001
29528.800001
29607.500001
29691.200001
29782.175001
29889.100001
