200.000000
12.000000
4199.875000
4251.125000
4303.675000
4355.375000
4406.525000
4456.525000
4505.100000
4552.450000
4598.225000
4642.900000
4687.150000
4731.375000
4774.500000
4817.475000
4859.200000
4900.775000
4941.350000
4981.375000
5020.350000
5059.225000
5097.975000
5135.775000
5173.100000
5210.450000
5247.850000
5284.225000
5320.250000
5356.350000
5392.325000
5427.650000
5462.050000
5496.675000
5531.300000
5564.875000
5598.150000
5631.475000
5664.725000
5697.975000
5731.275000
5763.700000
5795.450000
5828.450000
5860.575000
5892.450000
5924.350000
5956.300000
5987.175000
6017.725000
6048.175000
6078.775000
6109.225000
6139.725000
6170.200000
6200.725000
6231.275000
6261.800000
6292.250000
6322.725000
6352.275000
6381.450000
6410.850000
6439.750000
6468.950000
6497.975000
6527.150000
6556.300000
6584.675000
6613.250000
6642.300000
6670.300000
6698.150000
6725.925000
6753.725000
6781.450000
6809.200000
6836.950000
6864.675000
6892.425000
6920.175000
6947.925000
6975.675000
7003.475000
7031.150000
7058.025000
7084.575000
7111.825000
7139.425000
7166.425000
7192.525000
7219.150000
7245.275000
7272.600000
7298.375000
7324.600000
7350.750000
7377.300000
7403.550000
7429.900000
7456.275000
7482.550000
7509.000000
7534.400000
7560.450000
7586.625000
7612.025000
7637.200000
7662.225000
7687.175000
7712.125000
7737.075000
7762.050000
7787.025000
7812.000000
7836.975000
7861.950000
7886.925000
7911.925000
7936.900000
7961.875000
7986.875000
8011.850000
8036.850000
8061.825000
8086.825000
8111.800000
8136.775000
8161.775000
8186.625000
8211.725000
8235.750000
8259.475000
8284.025000
8307.950000
8331.575000
8356.225000
8380.075000
8403.725000
8428.425000
8452.275000
8475.825000
8500.575000
8524.425000
8548.000000
8571.975000
8595.225000
8618.925000
8642.425000
8666.275000
8689.650000
8713.250000
8736.850000
8760.525000
8784.050000
8807.625000
8831.250000
8854.075000
8877.300000
8900.650000
8923.175000
8946.450000
8970.075000
8992.550000
9015.175000
9038.250000
9061.750000
9084.200000
9106.575000
9128.825000
9150.925000
9173.150000
9195.350000
9217.575000
9239.825000
9262.025000
9284.225000
9306.425000
9328.650000
9350.800000
9373.025000
9395.250000
9417.450000
9439.700000
9461.925000
9484.125000
9506.325000
9528.550000
9550.725000
9572.950000
9595.150000
9617.375000
9639.625000
9661.825000
9684.050000
9706.250000
9728.475000
9750.650000
9772.875000
9795.100000
9817.300000
9839.550000
9861.775000
9883.975000
9906.200000
9928.425000
9950.600000
9972.800000
9995.025000
10017.250000
10038.625000
10059.275000
10080.325000
10100.900000
10122.850000
10145.025000
10166.550000
10187.050000
10208.050000
10228.750000
10250.625000
10272.775000
10294.200000
10314.800000
10335.825000
10356.500000
10378.450000
10400.550000
10421.975000
10442.525000
10463.625000
10484.300000
10506.200000
10528.375000
10549.775000
10570.300000
10592.250000
10613.375000
10634.250000
10656.200000
10678.375000
10699.800000
10720.300000
10742.250000
10763.375000
10784.250000
10806.200000
10828.375000
10849.800000
10870.300000
10892.250000
10913.375000
10934.250000
10956.200000
10978.375000
10999.800000
11020.300000
11042.250000
11063.375000
11084.250000
11106.200000
11128.375000
11149.800000
11170.300000
11192.250000
11213.375000
11234.250000
11256.200000
11278.375000
11299.800000
11320.300000
11342.250000
11363.375000
11384.250000
11406.200000
11428.375000
11449.800000
11470.300000
11492.250000
11513.375000
11534.250000
11556.200000
11578.375000
11599.800000
11620.300000
11642.250000
11663.375000
11684.250000
11706.200000
11728.375000
11749.800000
11770.300000
11792.250000
11813.375000
11834.250000
11856.200000
11878.375000
11899.800000
11920.300000
11942.250000
11963.375000
11984.250000
12006.200000
12028.375000
12049.800000
12070.300000
12092.250000
12113.375000
12134.250000
12156.200000
12178.375000
12199.800000
12220.300000
12242.250000
12263.375000
12284.250000
12306.200000
12328.375000
12349.800000
12370.300000
12392.250000
12413.375000
12434.250000
12456.200000
12478.375000
12499.800000
12520.300000
12542.250000
12563.375000
12584.250000
12606.200000
12628.375000
12649.800000
12670.300000
12692.250000
12713.375000
12734.250000
12756.200000
12778.375000
12799.800000
12820.300000
12842.250000
12863.375000
12884.250000
12906.200000
12928.375000
12949.800000
12970.300000
12992.250000
13013.375000
13034.250000
13056.200000
13078.375000
13099.800000
13120.300000
13142.250000
13163.375000
13184.250000
13206.200000
13228.375000
13249.800000
13270.300000
13292.250000
13313.375000
13334.250000
13356.200000
13378.375000
13399.800000
13420.300000
13442.250000
13463.375000
13484.250000
13506.200000
13528.375000
13549.800000
13570.300000
13592.250000
13613.375000
13634.250000
13656.200000
13678.375000
13699.800000
13720.300000
13742.250000
13763.375000
13784.250000
13806.200000
13828.375000
13849.800000
13870.300000
13892.250000
13913.375000
13934.250000
13956.200000
13978.375000
13999.800000
14020.300000
14042.250000
14063.375000
14084.250000
14106.200000
14128.375000
14149.800000
14170.300000
14192.250000
14213.375000
14234.250000
14256.200000
14278.375000
14299.800000
14320.300000
14342.250000
14363.375000
14384.250000
14406.200000
14428.375000
14449.800000
14470.300000
14492.250000
14513.375000
14534.250000
14556.200000
14578.375000
14599.800000
14620.300000
14642.250000
14663.375000
14684.250000
14706.200000
14728.375000
14749.800000
14770.300000
14792.250000
14813.375000
14834.250000
14856.200000
14878.375000
14899.800000
14920.300000
14942.250000
14963.375000
14984.250000
15006.200000
15028.375000
15049.800000
15070.300000
15092.250000
15113.375000
15134.250000
15156.200000
15178.375000
15199.800000
15220.300000
15242.250000
15263.375000
15284.250000
15306.200000
15328.375000
15349.800000
15370.300000
15392.250000
15413.375000
15434.250000
15456.200000
15478.375000
15499.800000
15520.300000
15542.250000
15563.375000
15584.250000
15606.200000
15628.375000
15649.800000
15670.300000
15692.250000
15713.375000
15734.250000
15756.200000
15778.375000
15799.800000
15820.300000
15842.250000
15863.375000
15884.250000
15906.200000
15928.375000
15949.800000
15970.300000
15992.250000
16013.375000
16034.250000
16056.200000
16078.375000
16099.800000
16120.300000
16142.250000
16163.375000
16184.250000
16206.200000
16228.375000
16249.800000
16270.300000
16292.250000
16313.375000
16334.250000
16356.200000
16378.375000
16399.800000
16420.300000
16442.250000
16463.375000
16484.250000
16506.200000
16528.375000
16549.800000
16570.300000
16592.250000
16613.375000
16634.250000
16656.200000
16678.375000
16699.800000
16720.300000
16742.250000
16763.375000
16784.250000
16806.200000
16828.375000
16849.800000
16870.300000
16892.250000
16913.375000
16934.250000
16956.200000
16978.375000
16999.800000
17020.300000
17042.250000
17063.375000
17084.250000
17106.200000
17128.375000
17149.800000
17170.300000
17192.250000
17213.375000
17234.250000
17256.200000
17278.375000
17299.800000
17320.300000
17342.250000
17363.375000
17384.250000
17406.200000
17428.375000
17449.800000
17470.300000
17492.250000
17513.375000
17534.250000
17556.200000
17578.375000
17599.800000
17620.300000
17642.250000
17663.375000
17684.250000
17706.200000
17728.375000
17749.800000
17770.300000
17792.250000
17813.375000
17834.250000
17856.200000
17878.375000
17899.800000
17920.300000
17942.250000
17963.375000
17984.250000
18006.200000
18028.375000
18049.800000
18070.300000
18092.250000
18113.375000
18134.250000
18156.200000
18178.375000
18199.800000
18220.300000
18242.250001
18263.375001
18284.250001
18306.200001
18328.375001
18349.800001
18370.300001
18392.250001
18413.375001
18434.250001
18456.200001
18478.375001
18499.800001
18520.300001
18542.250001
18563.375001
18584.250001
18606.200001
18628.375001
18649.800001
18670.300001
18692.250001
18713.375001
18734.250001
18756.200001
18778.375001
18799.800001
18820.300001
18842.250001
18863.375001
18884.250001
18906.200001
18928.375001
18949.800001
18970.300001
18992.250001
19013.375001
19034.250001
19056.200001
19078.375001
19099.800001
19120.300001
19142.250001
19163.375001
19184.250001
19206.200001
19228.375001
19249.800001
19270.300001
19292.250001
19313.375001
19334.250001
19356.200001
19378.375001
19399.800001
19420.300001
19442.250001
19463.375001
19484.250001
19506.200001
19528.375001
19549.800001
19570.300001
19592.250001
19613.375001
19634.250001
19656.200001
19678.375001
19699.800001
19720.300001
19742.250001
19763.375001
19784.250001
19806.200001
19828.375001
19849.800001
19870.300001
19892.250001
19913.375001
19934.250001
19956.200001
19978.375001
19999.800001
20020.300001
20042.250001
20063.375001
20084.250001
20106.200001
20128.400001
20150.525001
20172.075001
20192.600001
20214.550001
20235.725001
20256.625001
20278.475001
20300.625001
20322.850001
20345.075001
20367.300001
20389.550001
20411.775001
20434.000001
20456.225001
20478.475001
20500.650001
20522.900001
20545.125001
20567.350001
20589.600001
20611.850001
20634.075001
20656.300001
20678.550001
20700.725001
20722.950001
20745.200001
20767.425001
20789.700001
20811.925001
20834.150001
20856.400001
20878.650001
20900.825001
20923.050001
20945.300001
20967.525001
20989.825001
21012.050001
21034.300001
21056.525001
21078.800001
21100.950001
21123.200001
21145.450001
21167.725001
21190.875001
21213.625001
21236.800001
21259.325001
21282.675001
21306.225001
21328.875001
21352.150001
21375.675001
21398.325001
21421.775001
21445.125001
21468.775001
21492.375001
21516.175001
21539.625001
21563.275001
21586.900001
21610.650001
21634.125001
21657.800001
21681.400001
21705.275001
21728.650001
21752.425001
21775.850001
21800.600001
21824.525001
21848.100001
21872.850001
21896.850001
21920.375001
21945.100001
21969.350001
21992.825001
22017.350001
22042.300001
22067.300001
22092.300001
22117.325001
22142.325001
22167.350001
22192.350001
22217.375001
22242.375001
22267.400001
22292.400001
22317.425001
22342.450001
22367.450001
22392.475001
22417.500001
22442.525001
22467.550001
22492.575001
22517.600001
22542.625001
22567.675001
22592.725001
22617.800001
22642.950001
22668.825001
22695.100001
22720.450001
22746.600001
22772.925001
22799.100001
22825.675001
22852.125001
22878.575001
22905.075001
22931.375001
22957.800001
22984.200001
23010.975001
23037.050001
23063.575001
23089.900001
23117.325001
23145.050001
23172.825001
23200.600001
23228.450001
23256.250001
23284.025001
23311.825001
23339.625001
23367.400001
23395.200001
23423.000001
23450.800001
23478.700001
23506.500001
23534.325001
23562.175001
23590.150001
23618.725001
23647.850001
23676.000001
23705.000001
23734.100001
23763.250001
23792.425001
23821.850001
23850.825001
23880.150001
23909.300001
23939.550001
23969.400001
23999.225001
24029.100001
24059.150001
24089.675001
24120.200001
24150.800001
24181.425001
24212.075001
24242.625001
24273.325001
24304.925001
24336.825001
24368.775001
24400.775001
24432.925001
24464.800001
24497.825001
24530.225001
24563.200001
24596.450001
24629.950001
24663.400001
24697.100001
24731.275001
24765.000001
24799.525001
24834.200001
24869.150001
24903.900001
24939.700001
24975.775001
25012.000001
25048.150001
25085.400001
25123.025001
25160.850001
25198.275001
25236.975001
25275.900001
25315.150001
25355.475001
25395.650001
25437.025001
25479.625001
25523.075001
25567.525001
25612.375001
25658.975001
25706.675001
25756.500001
25808.000001
25862.800001
25921.550001
