10.000000
22.000000
1276.050000
1356.175000
1429.025000
1495.500000
1557.225000
1615.125000
1670.425000
1723.675000
1774.950000
1824.875000
1873.625000
1921.025000
1967.800000
2013.375000
2058.100000
2102.125000
2145.575000
2188.100000
2230.300000
2271.925000
2313.225000
2354.025000
2394.425000
2434.575000
2474.275000
2513.675000
2552.625000
2591.425000
2630.000000
2668.250000
2706.400000
2744.150000
2781.575000
2819.000000
2856.350000
2893.100000
2930.050000
2966.750000
3002.900000
3039.400000
3075.475000
3111.925000
3147.675000
3183.650000
3219.275000
3254.900000
3290.525000
3325.775000
3361.125000
3396.250000
3431.125000
3466.375000
3501.275000
3535.825000
3570.400000
3605.100000
3639.850000
3674.175000
3708.275000
3742.450000
3776.375000
3810.300000
3844.400000
3878.175000
3912.200000
3945.775000
3979.325000
4012.725000
4046.025000
4079.425000
4112.625000
4145.800000
4179.050000
4212.100000
4245.150000
4278.000000
4310.775000
4343.125000
4375.575000
4408.175000
4440.825000
4473.500000
4505.625000
4537.525000
4569.475000
4601.650000
4633.675000
4665.400000
4697.175000
4729.250000
4760.900000
4792.425000
4824.450000
4856.425000
4887.575000
4919.175000
4950.875000
4981.900000
5013.400000
5044.625000
5075.300000
5106.875000
5137.425000
5168.500000
5199.275000
5230.350000
5261.100000
5291.600000
5322.275000
5352.650000
5383.250000
5413.625000
5444.050000
5474.625000
5504.875000
5535.600000
5565.475000
5595.875000
5625.525000
5656.075000
5685.975000
5715.675000
5745.875000
5775.150000
5805.275000
5835.000000
5864.050000
5893.850000
5923.725000
5952.800000
5982.050000
6011.975000
6041.450000
6070.525000
6099.900000
6129.275000
6158.150000
6187.000000
6216.525000
6245.725000
6274.625000
6303.000000
6331.875000
6360.825000
6390.025000
6418.600000
6447.175000
6475.500000
6504.225000
6532.875000
6561.650000
6590.425000
6619.025000
6647.150000
6675.075000
6703.025000
6730.925000
6759.300000
6787.425000
6815.275000
6843.075000
6870.825000
6898.575000
6926.300000
6954.100000
6981.750000
7009.275000
7036.925000
7064.650000
7092.700000
7120.050000
7147.575000
7175.050000
7202.675000
7230.300000
7257.950000
7285.600000
7313.300000
7341.075000
7368.475000
7395.950000
7423.525000
7450.725000
7477.950000
7504.850000
7531.925000
7558.400000
7585.825000
7612.800000
7640.175000
7666.825000
7693.100000
7719.525000
7746.775000
7773.675000
7800.225000
7826.400000
7852.775000
7879.825000
7906.925000
7933.150000
7958.625000
7985.800000
8012.500000
8038.525000
8064.050000
8091.225000
8117.975000
8143.200000
8169.400000
8195.875000
8221.100000
8247.200000
8273.650000
8298.775000
8324.900000
8351.325000
8376.400000
8402.550000
8428.925000
8454.075000
8480.200000
8505.750000
8530.650000
8557.025000
8581.975000
8608.000000
8633.425000
8658.325000
8684.600000
8708.725000
8734.925000
8759.775000
8785.675000
8810.975000
8836.000000
8861.200000
8886.050000
8911.275000
8936.050000
8961.250000
8986.025000
9011.150000
9035.975000
9060.950000
9085.900000
9110.150000
9135.800000
9159.925000
9185.350000
9209.800000
9234.975000
9258.650000
9284.650000
9308.350000
9333.275000
9358.050000
9382.000000
9407.050000
9430.625000
9455.575000
9480.275000
9504.175000
9529.225000
9552.800000
9576.550000
9601.475000
9625.075000
9648.825000
9673.700000
9697.275000
9720.975000
9745.875000
9769.425000
9793.100000
9818.025000
9841.600000
9864.800000
9889.550000
9913.750000
9936.550000
9961.225000
9985.400000
10008.450000
10032.150000
10056.925000
10080.400000
10103.050000
10126.575000
10151.350000
10174.850000
10197.475000
10221.000000
10245.800000
10269.300000
10291.975000
10315.600000
10340.325000
10363.750000
10386.300000
10409.950000
10434.725000
10458.175000
10480.750000
10504.475000
10529.250000
10552.675000
10575.350000
10598.875000
10623.650000
10647.125000
10669.825000
10693.425000
10718.150000
10741.650000
10764.175000
10788.225000
10812.725000
10836.075000
10859.225000
10883.525000
10907.675000
10930.675000
10954.375000
10979.175000
11002.625000
11025.250000
11048.775000
11073.575000
11097.075000
11119.675000
11143.225000
11168.050000
11191.575000
11214.050000
11237.675000
11262.425000
11285.925000
11308.475000
11332.100000
11356.850000
11380.375000
11403.000000
11426.525000
11451.325000
11474.825000
11497.425000
11520.975000
11545.750000
11569.275000
11591.925000
11615.500000
11640.275000
11663.725000
11686.275000
11709.900000
11734.650000
11758.150000
11780.700000
11804.400000
11829.200000
11852.650000
11875.250000
11898.800000
11923.575000
11947.075000
11969.700000
11993.250000
12018.050000
12041.575000
12064.050000
12087.675000
12112.450000
12135.925000
12158.475000
12182.100000
12206.875000
12230.375000
12253.000000
12276.525000
12301.325000
12324.825000
12347.425000
12370.975000
12395.750000
12419.275000
12441.925000
12465.525000
12490.275000
12513.725000
12536.275000
12559.900000
12584.650000
12608.150000
12630.700000
12654.400000
12679.200000
12702.650000
12725.250000
12748.800000
12773.575000
12797.075000
12819.700000
12843.250000
12868.050000
12891.575000
12914.050000
12937.675000
12962.450000
12985.925000
13008.475000
13032.100000
13056.875000
13080.375000
13103.000000
13126.525000
13151.325000
13174.825000
13197.425000
13220.975000
13245.750000
13269.275000
13291.950000
13315.525000
13340.275000
13363.725000
13386.275000
13409.900000
13434.650000
13458.150000
13480.700000
13504.400000
13529.200000
13552.650000
13575.250000
13598.800000
13623.575000
13647.075000
13669.700000
13693.250000
13718.050000
13741.575000
13764.050000
13787.675000
13812.450000
13835.925000
13858.475000
13882.100000
13906.875000
13930.375000
13953.000000
13976.525000
14001.325000
14024.825000
14047.425000
14070.975000
14095.750000
14119.275000
14141.950000
14165.525000
14190.275000
14213.725000
14236.275000
14259.900000
14284.650000
14308.150000
14330.700000
14354.400000
14379.200000
14402.650000
14425.250000
14448.800000
14473.575000
14497.075000
14519.700000
14543.250000
14568.050000
14591.575000
14614.050000
14637.675000
14662.450000
14685.925000
14708.475000
14732.100000
14756.875000
14780.375000
14803.000000
14826.525000
14851.325000
14874.825000
14897.425000
14920.975000
14945.750000
14969.275000
14991.950000
15015.525000
15040.275000
15063.725000
15086.275000
15109.900000
15134.650000
15158.150000
15180.700000
15204.400000
15229.200000
15252.650000
15275.250000
15298.800000
15323.575000
15347.075000
15369.700000
15393.250000
15418.050000
15441.575000
15464.050000
15487.675000
15512.450000
15535.925000
15558.475000
15582.100000
15606.875000
15630.375000
15653.000000
15676.525000
15701.325000
15724.825000
15747.425000
15770.975000
15795.750000
15819.275000
15841.950000
15865.525000
15890.275000
15913.725000
15936.275000
15959.900000
15984.650000
16008.150000
16030.700000
16054.400000
16079.200000
16102.650000
16125.250000
16148.800000
16173.575000
16197.075000
16219.700000
16243.250000
16268.050000
16291.575000
16314.050000
16337.675000
16362.450000
16385.925000
16408.475000
16432.100000
16456.875000
16480.375000
16503.000000
16526.525000
16551.325000
16574.825000
16597.425000
16620.975000
16645.750000
16669.275000
16691.950000
16715.525000
16740.275000
16763.725000
16786.275000
16809.900000
16834.650000
16858.150000
16880.700000
16904.400000
16929.200000
16952.650000
16975.250000
16998.800000
17023.575000
17047.075000
17069.700000
17093.250000
17118.050000
17141.575000
17164.050000
17187.675000
17212.450000
17235.925000
17258.475000
17282.100000
17306.875000
17330.375000
17353.000000
17376.525000
17401.325000
17424.825000
17447.425000
17470.975000
17495.750000
17519.275000
17541.950000
17565.525000
17590.275000
17613.725000
17636.275000
17659.900000
17684.650000
17708.150000
17730.700000
17754.400000
17779.200000
17802.650000
17825.250000
17848.800000
17873.575000
17897.075000
17919.700000
17943.250000
17968.050000
17991.575000
18014.050000
18037.675000
18062.450000
18085.925000
18108.475000
18132.100000
18156.875000
18180.375000
18203.000000
18226.525001
18251.325001
18274.825001
18297.425001
18320.975001
18345.750001
18369.275001
18391.950001
18415.525001
18440.275001
18463.725001
18486.275001
18509.900001
18534.650001
18558.150001
18580.700001
18604.400001
18629.200001
18652.650001
18675.250001
18698.800001
18723.575001
18747.075001
18769.700001
18793.250001
18818.050001
18841.575001
18864.050001
18887.675001
18912.450001
18935.925001
18958.475001
18982.100001
19006.875001
19030.375001
19053.000001
19076.525001
19101.325001
19124.825001
19147.425001
19170.975001
19195.750001
19219.275001
19241.950001
19265.525001
19290.275001
19313.725001
19336.275001
19359.900001
19384.650001
19408.150001
19430.700001
19454.400001
19479.200001
19502.650001
19525.250001
19548.800001
19573.575001
19597.075001
19619.700001
19643.250001
19668.050001
19691.575001
19714.050001
19737.675001
19762.450001
19785.925001
19808.475001
19832.100001
19856.875001
19880.375001
19903.000001
19926.525001
19951.325001
19974.825001
19997.425001
20020.975001
20045.750001
20069.275001
20091.950001
20115.550001
20140.325001
20163.775001
20186.425001
20211.050001
20235.025001
20258.350001
20282.050001
20306.925001
20330.475001
20354.150001
20379.075001
20402.675001
20426.300001
20451.225001
20474.925001
20498.600001
20523.575001
20547.200001
20570.925001
20595.875001
20619.500001
20643.375001
20668.350001
20692.475001
20718.050001
20741.750001
20766.700001
20791.475001
20815.325001
20840.425001
20864.025001
20889.175001
20913.800001
20938.450001
20963.675001
20987.750001
21013.375001
21037.675001
21063.325001
21087.725001
21113.475001
21137.825001
21163.600001
21188.300001
21213.750001
21238.925001
21263.800001
21289.025001
21313.850001
21339.250001
21363.950001
21390.225001
21414.350001
21440.600001
21465.525001
21491.525001
21517.250001
21542.625001
21568.675001
21594.575001
21619.550001
21645.875001
21670.875001
21697.000001
21723.175001
21748.500001
21774.700001
21801.025001
21826.325001
21852.550001
21879.100001
21904.275001
21930.425001
21956.950001
21982.250001
22008.300001
22034.900001
22061.075001
22086.350001
22113.525001
22140.250001
22166.425001
22192.400001
22219.325001
22245.925001
22272.375001
22298.550001
22324.975001
22351.725001
22379.100001
22405.550001
22431.850001
22458.300001
22485.650001
22512.675001
22540.075001
22566.825001
22593.175001
22619.900001
22647.175001
22674.650001
22701.725001
22729.325001
22756.875001
22784.275001
22811.550001
22839.050001
22866.600001
22893.325001
22920.775001
22948.175001
22975.475001
23002.975001
23030.525001
23058.200001
23085.925001
23113.675001
23141.525001
23169.300001
23197.100001
23224.900001
23252.700001
23280.475001
23308.275001
23336.100001
23363.925001
23391.900001
23420.125001
23448.550001
23476.500001
23505.275001
23533.625001
23562.500001
23591.175001
23619.425001
23647.800001
23676.450001
23705.475001
23734.575001
23763.375001
23791.850001
23820.725001
23849.800001
23879.150001
23908.050001
23936.550001
23966.200001
23995.800001
24024.825001
24054.025001
24083.350001
24112.825001
24141.875001
24171.175001
24201.325001
24230.475001
24259.875001
24290.150001
24319.425001
24348.900001
24379.275001
24408.500001
24438.825001
24469.000001
24498.700001
24529.275001
24558.975001
24590.075001
24619.725001
24650.650001
24680.675001
24711.425001
24741.750001
24772.600001
24802.900001
24834.125001
24864.750001
24895.925001
24926.425001
24957.800001
24988.875001
25019.550001
25051.225001
25081.975001
25113.500001
25145.175001
25176.350001
25208.000001
25239.925001
25271.000001
25302.700001
25334.700001
25366.500001
25398.175001
25430.300001
25462.500001
25494.475001
25526.325001
25558.300001
25590.950001
25623.550001
25655.950001
25688.600001
25720.850001
25753.525001
25786.125001
25819.150001
25852.175001
25885.450001
25918.750001
25952.150001
25985.625001
26019.075001
26052.500001
26085.875001
26119.325001
26152.750001
26186.150001
26219.825001
26253.875001
26287.575001
26321.725001
26356.125001
26390.525001
26424.775001
26459.025001
26493.675001
26528.850001
26563.475001
26598.225001
26633.200001
26668.200001
26702.975001
26738.275001
26773.725001
26808.900001
26844.675001
26880.275001
26916.025001
26952.100001
26988.075001
27024.425001
27060.725001
27097.000001
27133.400001
27169.700001
27206.700001
27243.150001
27280.200001
27317.550001
27354.650001
27391.925001
27429.550001
27467.375001
27505.225001
27542.975001
27580.800001
27619.125001
27657.600001
27696.200001
27734.950001
27773.775001
27812.800001
27852.075001
27891.500001
27930.850001
27970.600001
28010.550001
28050.950001
28091.325001
28131.800001
28172.600001
28213.575001
28254.850001
28296.475001
28338.275001
28380.325001
28422.625001
28465.100001
28507.975001
28551.225001
28594.650001
28638.450001
28682.650001
28727.275001
28772.250001
28817.700001
28863.500001
28909.725001
28956.650001
29003.975001
29052.000001
29100.800001
29150.200001
29200.350001
29251.325001
29303.000001
29355.575001
29408.925001
29463.200001
29518.300001
29574.200001
29631.025001
29688.800001
29747.625001
29807.725001
29869.200001
29932.300001
29997.450001
30065.100001
30134.925001
30206.225001
30279.200001
30354.175001
30431.225001
30510.075001
30590.300001
30671.650001
30754.000001
30837.300001
30921.200001
31005.450001
31089.950001
31174.600001
31259.450001
31344.475001
31429.600001
31514.925001
31600.425001
31686.050001
31771.900001
31857.925001
31944.200001
32030.775001
32117.725001
32205.125001
32293.125001
32381.775001
32471.100001
32560.950001
32651.200001
32741.650001
32832.275001
32922.975001
33013.725001
33104.550001
33195.400001
33286.325001
33377.375001
33468.475001
33559.775001
33651.425001
33743.700001
33837.100001
33931.550001
34026.475001
34121.475001
34216.450001
34311.400001
34406.300001
34501.150001
34595.975001
34690.800001
34785.575001
34880.325001
34975.075001
