100.000000
33.000000
1968.600000
2030.000000
2087.425000
2142.325000
2195.725000
2247.400000
2298.275000
2348.425000
2398.100000
2447.300000
2496.350000
2545.050000
2593.050000
2641.175000
2688.700000
2735.900000
2782.900000
2829.975000
2876.275000
2922.700000
2968.925000
3014.600000
3060.200000
3105.675000
3151.100000
3196.075000
3241.075000
3285.750000
3330.250000
3374.550000
3418.825000
3462.925000
3506.825000
3550.225000
3593.200000
3636.100000
3679.450000
3722.175000
3764.625000
3807.650000
3850.100000
3892.150000
3934.625000
3976.200000
4018.200000
4059.575000
4101.350000
4142.600000
4184.350000
4225.100000
4266.325000
4307.475000
4348.150000
4388.925000
4429.800000
4470.100000
4510.675000
4551.250000
4591.375000
4630.925000
4670.700000
4710.475000
4750.650000
4790.475000
4830.100000
4869.325000
4908.250000
4947.200000
4986.025000
5024.900000
5063.675000
5102.500000
5141.375000
5180.150000
5218.925000
5257.700000
5296.250000
5334.725000
5373.200000
5411.125000
5448.625000
5486.125000
5524.350000
5562.475000
5599.975000
5637.225000
5674.750000
5712.450000
5749.525000
5786.300000
5823.800000
5860.850000
5897.350000
5934.725000
5970.925000
6007.975000
6044.975000
6081.400000
6118.375000
6154.750000
6191.425000
6227.750000
6263.700000
6300.000000
6335.875000
6372.025000
6408.000000
6443.775000
6480.175000
6515.575000
6551.550000
6586.700000
6623.250000
6658.200000
6693.350000
6729.275000
6763.875000
6798.850000
6834.650000
6869.325000
6904.200000
6939.825000
6974.725000
7009.325000
7044.400000
7079.400000
7113.700000
7148.250000
7183.050000
7217.950000
7252.425000
7286.150000
7320.550000
7355.025000
7390.025000
7424.250000
7458.175000
7491.900000
7525.975000
7559.700000
7593.225000
7627.200000
7661.450000
7695.675000
7729.550000
7763.425000
7797.000000
7830.350000
7863.675000
7897.050000
7930.350000
7963.625000
7996.975000
8030.275000
8063.550000
8096.900000
8130.200000
8163.475000
8196.775000
8230.125000
8263.400000
8296.625000
8330.025000
8363.250000
8396.200000
8429.275000
8462.325000
8494.675000
8526.500000
8558.400000
8591.425000
8623.800000
8656.750000
8688.775000
8720.600000
8752.625000
8785.250000
8817.950000
8849.700000
8880.925000
8913.525000
8945.775000
8977.450000
9008.425000
9041.200000
9073.450000
9104.475000
9135.950000
9168.050000
9198.800000
9230.375000
9262.450000
9293.075000
9324.750000
9356.775000
9387.350000
9419.075000
9450.925000
9481.600000
9513.400000
9544.650000
9575.000000
9606.900000
9637.250000
9668.700000
9699.825000
9730.375000
9761.550000
9791.775000
9823.475000
9853.400000
9884.950000
9915.125000
9945.975000
9976.175000
10007.100000
10037.025000
10068.125000
10098.125000
10129.350000
10158.825000
10190.325000
10220.075000
10251.400000
10280.725000
10312.375000
10341.775000
10373.375000
10402.775000
10433.775000
10463.775000
10494.550000
10524.800000
10555.450000
10585.825000
10616.350000
10646.925000
10676.575000
10707.850000
10737.700000
10768.925000
10798.700000
10830.075000
10859.875000
10891.225000
10920.875000
10951.925000
10981.950000
11013.150000
11043.075000
11074.000000
11104.150000
11135.075000
11165.075000
11195.875000
11225.825000
11257.050000
11286.425000
11317.975000
11347.350000
11379.050000
11408.300000
11439.500000
11469.450000
11500.975000
11530.500000
11561.350000
11591.550000
11622.125000
11652.550000
11682.950000
11713.575000
11743.350000
11774.575000
11804.800000
11835.800000
11866.275000
11896.950000
11926.600000
11957.875000
11987.725000
12018.925000
12048.700000
12080.075000
12109.875000
12141.225000
12170.875000
12201.925000
12231.950000
12263.150000
12293.075000
12324.000000
12354.150000
12385.075000
12415.075000
12445.875000
12475.825000
12507.050000
12536.425000
12567.975000
12597.350000
12629.050000
12658.300000
12689.525000
12719.450000
12751.000000
12780.500000
12811.325000
12841.550000
12872.125000
12902.525000
12932.950000
12963.575000
12993.375000
13024.575000
13054.800000
13085.800000
13116.300000
13146.950000
13176.600000
13207.875000
13237.725000
13268.925000
13298.700000
13330.075000
13359.875000
13391.225000
13420.875000
13451.925000
13481.950000
13513.150000
13543.075000
13574.000000
13604.150000
13635.075000
13665.075000
13695.875000
13725.825000
13757.050000
13786.425000
13817.975000
13847.350000
13879.050000
13908.300000
13939.525000
13969.450000
14001.000000
14030.500000
14061.350000
14091.550000
14122.125000
14152.525000
14182.950000
14213.575000
14243.375000
14274.575000
14304.800000
14335.800000
14366.275000
14396.950000
14426.600000
14457.875000
14487.725000
14518.925000
14548.700000
14580.075000
14609.875000
14641.225000
14670.875000
14701.925000
14731.950000
14763.150000
14793.075000
14824.000000
14854.150000
14885.075000
14915.075000
14945.875000
14975.825000
15007.050000
15036.425000
15067.975000
15097.350000
15129.050000
15158.300000
15189.525000
15219.450000
15251.000000
15280.500000
15311.350000
15341.550000
15372.125000
15402.525000
15432.950000
15463.575000
15493.375000
15524.575000
15554.800000
15585.800000
15616.300000
15646.950000
15676.600000
15707.875000
15737.725000
15768.925000
15798.700000
15830.075000
15859.875000
15891.225000
15920.875000
15951.925000
15981.950000
16013.150000
16043.075000
16074.000000
16104.150000
16135.075000
16165.075000
16195.875000
16225.825000
16257.050000
16286.425000
16317.975000
16347.350000
16379.050000
16408.300000
16439.525000
16469.450000
16501.000000
16530.500000
16561.350000
16591.550000
16622.125000
16652.525000
16682.950000
16713.575000
16743.375000
16774.575000
16804.800000
16835.800000
16866.275000
16896.950000
16926.600000
16957.875000
16987.725000
17018.925000
17048.700000
17080.075000
17109.875000
17141.225000
17170.875000
17201.925000
17231.950000
17263.150000
17293.075000
17324.000000
17354.150000
17385.075000
17415.075000
17445.875000
17475.825000
17507.050000
17536.425000
17567.975000
17597.350000
17629.050000
17658.300000
17689.525000
17719.450000
17751.000000
17780.500000
17811.350000
17841.550000
17872.125000
17902.525000
17932.950000
17963.575000
17993.375000
18024.575000
18054.800000
18085.800000
18116.275000
18146.950000
18176.600000
18207.875000
18237.725001
18268.925001
18298.700001
18330.075001
18359.875001
18391.225001
18420.875001
18451.925001
18481.950001
18513.150001
18543.075001
18574.000001
18604.150001
18635.075001
18665.075001
18695.875001
18725.825001
18757.050001
18786.425001
18817.975001
18847.350001
18879.050001
18908.300001
18939.525001
18969.450001
19001.000001
19030.500001
19061.350001
19091.550001
19122.125001
19152.525001
19182.950001
19213.575001
19243.375001
19274.575001
19304.800001
19335.800001
19366.275001
19396.950001
19426.600001
19457.875001
19487.725001
19518.925001
19548.700001
19580.075001
19609.875001
19641.225001
19670.875001
19701.925001
19731.950001
19763.150001
19793.075001
19824.000001
19854.150001
19885.075001
19915.075001
19945.875001
19975.825001
20007.050001
20036.425001
20067.975001
20097.350001
20129.075001
20158.325001
20190.075001
20219.525001
20251.250001
20280.625001
20312.425001
20342.650001
20373.775001
20404.200001
20435.675001
20466.800001
20497.150001
20529.100001
20559.325001
20591.250001
20622.300001
20652.775001
20684.725001
20715.250001
20746.925001
20779.000001
20809.525001
20841.375001
20873.375001
20904.150001
20935.825001
20967.950001
20998.650001
21030.350001
21062.525001
21094.000001
21125.325001
21157.900001
21190.250001
21221.875001
21253.675001
21285.875001
21318.150001
21350.675001
21382.925001
21414.850001
21447.100001
21480.025001
21512.625001
21545.575001
21577.725001
21609.650001
21641.750001
21674.700001
21707.725001
21740.975001
21773.900001
21806.975001
21840.175001
21873.375001
21906.600001
21939.900001
21973.350001
22006.725001
22040.100001
22073.450001
22106.850001
22140.250001
22173.600001
22207.075001
22240.750001
22274.550001
22308.050001
22341.525001
22374.875001
22408.200001
22441.675001
22475.075001
22508.425001
22542.525001
22576.300001
22610.100001
22644.450001
22679.075001
22713.350001
22747.175001
22781.250001
22815.800001
22851.100001
22885.625001
22919.625001
22954.175001
22988.900001
23023.700001
23058.150001
23092.825001
23127.825001
23163.050001
23197.675001
23233.125001
23268.325001
23302.950001
23338.500001
23374.050001
23409.200001
23445.525001
23480.450001
23516.300001
23552.250001
23587.625001
23623.700001
23659.225001
23695.750001
23731.200001
23768.000001
23803.875001
23840.350001
23876.200001
23912.925001
23948.825001
23985.700001
24022.350001
24058.375001
24095.700001
24131.950001
24169.100001
24206.550001
24243.050001
24280.300001
24317.925001
24355.100001
24392.425001
24430.225001
24468.025001
24505.550001
24542.900001
24580.450001
24618.675001
24656.975001
24695.400001
24733.400001
24771.275001
24809.550001
24847.650001
24886.000001
24924.725001
24963.500001
25002.425001
25041.425001
25080.300001
25119.275001
25158.200001
25197.225001
25236.200001
25275.675001
25315.200001
25355.025001
25395.400001
25435.525001
25475.250001
25515.200001
25555.525001
25595.950001
25636.050001
25676.375001
25717.650001
25758.175001
25798.775001
25840.225001
25880.975001
25922.600001
25963.775001
26005.475001
26047.050001
26088.875001
26130.550001
26173.125001
26215.150001
26257.825001
26300.750001
26343.200001
26385.975001
26429.300001
26472.400001
26515.425001
26558.675001
26602.500001
26646.525001
26690.925001
26735.400001
26780.075001
26824.700001
26869.350001
26913.975001
26959.025001
27004.375001
27049.925001
27095.825001
27141.650001
27187.600001
27234.325001
27280.700001
27327.625001
27374.750001
27422.075001
27469.525001
27517.775001
27565.725001
27614.000001
27663.000001
27712.275001
27761.625001
27811.300001
27861.250001
27911.675001
27962.575001
28013.625001
28064.975001
28116.950001
28169.250001
28221.925001
28275.025001
28328.950001
28383.025001
28437.575001
28492.825001
28548.525001
28605.050001
28662.425001
28720.275001
28779.200001
28838.600001
28898.875001
28960.225001
29022.875001
29086.675001
29152.050001
29219.075001
29287.700001
29358.900001
29433.125001
29512.000001
29859.475001
