1.000000
20.000000
1291.725000
1368.875000
1437.700000
1501.100000
1560.450000
1617.325000
1671.900000
1724.750000
1776.025000
1826.025000
1874.825000
1922.600000
1969.350000
2015.225000
2060.575000
2105.425000
2149.600000
2193.225000
2236.400000
2279.525000
2322.050000
2364.000000
2406.050000
2447.450000
2488.725000
2529.775000
2570.425000
2610.850000
2651.100000
2691.025000
2730.500000
2769.725000
2808.775000
2847.750000
2886.400000
2924.950000
2963.475000
3001.825000
3040.150000
3078.000000
3115.650000
3153.250000
3191.100000
3228.850000
3266.025000
3303.050000
3340.250000
3376.875000
3413.675000
3450.500000
3486.975000
3523.600000
3559.650000
3595.900000
3631.800000
3667.950000
3703.700000
3739.850000
3775.150000
3810.850000
3846.350000
3881.725000
3917.250000
3952.475000
3987.375000
4022.375000
4057.325000
4091.850000
4126.350000
4161.025000
4195.700000
4230.150000
4264.100000
4298.400000
4332.525000
4366.975000
4401.200000
4435.075000
4469.075000
4502.675000
4536.075000
4569.525000
4602.850000
4636.075000
4669.400000
4702.650000
4735.850000
4769.150000
4802.375000
4835.625000
4868.850000
4901.950000
4934.975000
4967.950000
5000.850000
5033.400000
5065.725000
5098.300000
5130.475000
5163.150000
5195.750000
5227.825000
5259.675000
5291.625000
5323.725000
5355.650000
5387.300000
5419.200000
5451.250000
5482.775000
5514.075000
5545.950000
5577.475000
5608.400000
5640.275000
5671.025000
5702.550000
5734.025000
5765.100000
5796.400000
5827.675000
5858.250000
5889.625000
5920.475000
5951.475000
5981.925000
6012.850000
6043.125000
6073.925000
6104.275000
6134.975000
6165.175000
6195.800000
6225.850000
6256.825000
6286.200000
6316.850000
6346.950000
6376.525000
6407.000000
6436.225000
6466.650000
6496.575000
6526.275000
6556.675000
6585.950000
6615.350000
6645.600000
6674.825000
6704.175000
6733.925000
6763.600000
6792.850000
6822.275000
6851.525000
6880.450000
6909.550000
6938.825000
6968.075000
6997.000000
7025.725000
7055.275000
7084.600000
7113.475000
7141.825000
7170.675000
7199.050000
7228.750000
7257.450000
7285.975000
7313.975000
7342.750000
7370.850000
7399.075000
7427.975000
7456.825000
7484.950000
7513.475000
7541.575000
7569.425000
7597.275000
7625.075000
7652.900000
7680.600000
7708.350000
7736.075000
7763.825000
7791.650000
7819.375000
7847.100000
7874.850000
7902.575000
7930.325000
7958.050000
7985.800000
8013.550000
8041.375000
8069.000000
8096.725000
8124.475000
8152.200000
8180.125000
8207.725000
8235.425000
8263.075000
8290.575000
8318.075000
8345.600000
8372.325000
8398.700000
8425.300000
8452.625000
8480.000000
8507.100000
8534.475000
8561.000000
8587.325000
8613.800000
8641.050000
8668.100000
8694.575000
8720.750000
8747.150000
8773.800000
8800.675000
8826.575000
8852.825000
8879.975000
8906.900000
8932.600000
8958.475000
8985.625000
9012.425000
9037.675000
9063.800000
9090.350000
9115.925000
9141.825000
9168.275000
9194.300000
9219.525000
9245.925000
9271.025000
9297.125000
9323.525000
9348.550000
9374.675000
9400.425000
9425.700000
9452.300000
9478.075000
9502.925000
9529.300000
9554.250000
9580.250000
9605.625000
9630.525000
9656.775000
9680.725000
9707.000000
9731.675000
9757.325000
9782.075000
9807.975000
9832.975000
9858.175000
9883.350000
9908.200000
9933.300000
9958.175000
9983.150000
10008.125000
10032.475000
10058.100000
10082.275000
10107.975000
10132.125000
10157.775000
10182.100000
10207.775000
10232.100000
10257.775000
10282.100000
10307.775000
10332.100000
10357.775000
10382.100000
10407.775000
10432.100000
10457.775000
10482.100000
10507.775000
10532.100000
10557.775000
10582.100000
10607.775000
10632.100000
10657.775000
10682.100000
10707.775000
10732.100000
10757.775000
10782.100000
10807.775000
10832.100000
10857.775000
10882.100000
10907.775000
10932.100000
10957.775000
10982.100000
11007.775000
11032.100000
11057.775000
11082.100000
11107.775000
11132.100000
11157.775000
11182.100000
11207.775000
11232.100000
11257.775000
11282.100000
11307.775000
11332.100000
11357.775000
11382.100000
11407.775000
11432.100000
11457.775000
11482.100000
11507.775000
11532.100000
11557.775000
11582.100000
11607.775000
11632.100000
11657.775000
11682.100000
11707.775000
11732.100000
11757.775000
11782.100000
11807.775000
11832.100000
11857.775000
11882.100000
11907.775000
11932.100000
11957.775000
11982.100000
12007.775000
12032.100000
12057.775000
12082.100000
12107.775000
12132.100000
12157.775000
12182.100000
12207.775000
12232.100000
12257.775000
12282.100000
12307.775000
12332.100000
12357.775000
12382.100000
12407.775000
12432.100000
12457.775000
12482.100000
12507.775000
12532.100000
12557.775000
12582.100000
12607.775000
12632.100000
12657.775000
12682.100000
12707.775000
12732.100000
12757.775000
12782.100000
12807.775000
12832.100000
12857.775000
12882.100000
12907.775000
12932.100000
12957.775000
12982.100000
13007.775000
13032.100000
13057.775000
13082.100000
13107.775000
13132.100000
13157.775000
13182.100000
13207.775000
13232.100000
13257.775000
13282.100000
13307.775000
13332.100000
13357.775000
13382.100000
13407.775000
13432.100000
13457.775000
13482.100000
13507.775000
13532.100000
13557.775000
13582.100000
13607.775000
13632.100000
13657.775000
13682.100000
13707.775000
13732.100000
13757.775000
13782.100000
13807.775000
13832.100000
13857.775000
13882.100000
13907.775000
13932.100000
13957.775000
13982.100000
14007.775000
14032.100000
14057.775000
14082.100000
14107.775000
14132.100000
14157.775000
14182.100000
14207.775000
14232.100000
14257.775000
14282.100000
14307.775000
14332.100000
14357.775000
14382.100000
14407.775000
14432.100000
14457.775000
14482.100000
14507.775000
14532.100000
14557.775000
14582.100000
14607.775000
14632.100000
14657.775000
14682.100000
14707.775000
14732.100000
14757.775000
14782.100000
14807.775000
14832.100000
14857.775000
14882.100000
14907.775000
14932.100000
14957.775000
14982.100000
15007.775000
15032.100000
15057.775000
15082.100000
15107.775000
15132.100000
15157.775000
15182.100000
15207.775000
15232.100000
15257.775000
15282.100000
15307.775000
15332.100000
15357.775000
15382.100000
15407.775000
15432.100000
15457.775000
15482.100000
15507.775000
15532.100000
15557.775000
15582.100000
15607.775000
15632.100000
15657.775000
15682.100000
15707.775000
15732.100000
15757.775000
15782.100000
15807.775000
15832.100000
15857.775000
15882.100000
15907.775000
15932.100000
15957.775000
15982.100000
16007.775000
16032.100000
16057.775000
16082.100000
16107.775000
16132.100000
16157.775000
16182.100000
16207.775000
16232.100000
16257.775000
16282.100000
16307.775000
16332.100000
16357.775000
16382.100000
16407.775000
16432.100000
16457.775000
16482.100000
16507.775000
16532.100000
16557.775000
16582.100000
16607.775000
16632.100000
16657.775000
16682.100000
16707.775000
16732.100000
16757.775000
16782.100000
16807.775000
16832.100000
16857.775000
16882.100000
16907.775000
16932.100000
16957.775000
16982.100000
17007.775000
17032.100000
17057.775000
17082.100000
17107.775000
17132.100000
17157.775000
17182.100000
17207.775000
17232.100000
17257.775000
17282.100000
17307.775000
17332.100000
17357.775000
17382.100000
17407.775000
17432.100000
17457.775000
17482.100000
17507.775000
17532.100000
17557.775000
17582.100000
17607.775000
17632.100000
17657.775000
17682.100000
17707.775000
17732.100000
17757.775000
17782.100000
17807.775000
17832.100000
17857.775000
17882.100000
17907.775000
17932.100000
17957.775000
17982.100000
18007.775000
18032.100000
18057.775000
18082.100000
18107.775000
18132.100000
18157.775000
18182.100000
18207.775000
18232.100001
18257.775001
18282.100001
18307.775001
18332.100001
18357.775001
18382.100001
18407.775001
18432.100001
18457.775001
18482.100001
18507.775001
18532.100001
18557.775001
18582.100001
18607.775001
18632.100001
18657.775001
18682.100001
18707.775001
18732.100001
18757.775001
18782.100001
18807.775001
18832.100001
18857.775001
18882.100001
18907.775001
18932.100001
18957.775001
18982.100001
19007.775001
19032.100001
19057.775001
19082.100001
19107.775001
19132.100001
19157.775001
19182.100001
19207.775001
19232.100001
19257.775001
19282.100001
19307.775001
19332.100001
19357.775001
19382.100001
19407.775001
19432.100001
19457.775001
19482.100001
19507.775001
19532.100001
19557.775001
19582.100001
19607.775001
19632.100001
19657.775001
19682.100001
19707.775001
19732.100001
19757.775001
19782.100001
19807.775001
19832.100001
19857.775001
19882.100001
19907.775001
19932.100001
19957.775001
19982.100001
20007.775001
20032.100001
20057.775001
20082.100001
20107.800001
20132.150001
20157.950001
20182.225001
20208.025001
20232.450001
20258.150001
20283.275001
20308.200001
20333.375001
20358.225001
20383.525001
20408.300001
20434.450001
20458.475001
20484.775001
20509.500001
20535.450001
20561.100001
20586.050001
20612.400001
20636.700001
20663.475001
20689.025001
20713.925001
20740.350001
20765.350001
20791.500001
20817.900001
20842.950001
20869.125001
20895.550001
20920.725001
20946.975001
20973.450001
20998.575001
21024.825001
21051.325001
21076.475001
21102.700001
21129.300001
21155.450001
21180.675001
21207.825001
21234.675001
21260.500001
21286.375001
21313.600001
21340.325001
21366.750001
21392.900001
21419.350001
21446.000001
21473.275001
21499.100001
21526.100001
21552.725001
21580.050001
21607.075001
21634.375001
21661.075001
21687.475001
21713.900001
21741.450001
21768.375001
21795.825001
21823.375001
21850.175001
21876.750001
21904.150001
21930.700001
21958.200001
21985.800001
22013.450001
22041.275001
22068.925001
22096.775001
22124.600001
22152.400001
22180.250001
22208.025001
22235.825001
22263.600001
22291.475001
22319.250001
22347.050001
22374.850001
22402.650001
22430.425001
22458.225001
22486.025001
22513.825001
22541.750001
22569.575001
22597.525001
22625.975001
22654.225001
22682.300001
22711.050001
22739.925001
22768.250001
22796.950001
22825.025001
22853.675001
22882.175001
22911.125001
22940.225001
22969.025001
22997.325001
23026.250001
23055.400001
23084.650001
23113.575001
23142.400001
23171.925001
23201.350001
23230.350001
23259.400001
23288.875001
23318.200001
23347.200001
23376.400001
23406.600001
23435.875001
23465.225001
23495.500001
23524.850001
23554.325001
23584.650001
23613.825001
23643.750001
23674.225001
23704.200001
23734.675001
23763.975001
23794.500001
23824.725001
23855.050001
23885.725001
23916.175001
23946.900001
23977.350001
24008.050001
24038.725001
24069.250001
24100.000001
24130.450001
24161.325001
24191.850001
24223.400001
24254.050001
24285.325001
24316.700001
24347.325001
24379.125001
24409.825001
24441.450001
24473.250001
24504.300001
24535.875001
24567.900001
24598.900001
24630.525001
24662.575001
24694.400001
24726.100001
24758.075001
24790.325001
24822.325001
24854.225001
24886.100001
24918.800001
24951.400001
24983.975001
25016.725001
25048.800001
25081.525001
25113.925001
25146.950001
25180.050001
25213.250001
25246.525001
25280.025001
25313.400001
25346.825001
25380.250001
25413.600001
25447.025001
25480.400001
25513.775001
25547.250001
25580.725001
25614.550001
25648.525001
25682.500001
25716.900001
25751.225001
25785.550001
25819.675001
25854.125001
25888.675001
25923.450001
25958.025001
25992.775001
26027.700001
26062.675001
26097.375001
26132.625001
26168.125001
26203.150001
26238.775001
26274.400001
26309.900001
26345.800001
26381.500001
26417.850001
26453.750001
26490.175001
26526.150001
26562.625001
26598.750001
26635.600001
26672.350001
26709.000001
26746.175001
26783.250001
26820.350001
26857.875001
26895.575001
26933.050001
26970.600001
27008.250001
27046.300001
27084.600001
27122.925001
27161.275001
27199.775001
27238.425001
27277.300001
27316.425001
27355.475001
27394.700001
27434.300001
27473.850001
27513.575001
27553.475001
27593.625001
27634.225001
27674.675001
27715.200001
27756.200001
27797.175001
27838.450001
27880.075001
27921.800001
27963.650001
28005.800001
28048.100001
28090.900001
28133.925001
28177.050001
28220.525001
28264.050001
28308.050001
28352.375001
28397.000001
28441.850001
28487.125001
28532.850001
28579.075001
28625.375001
28672.300001
28719.550001
28767.550001
28815.900001
28864.825001
28914.250001
28964.300001
29015.050001
29066.525001
29118.800001
29171.825001
29225.600001
29280.300001
29335.775001
29392.125001
29449.425001
29507.775001
29567.125001
29627.550001
29689.225001
29752.350001
29817.150001
29883.975001
29953.225001
30025.475001
30101.550001
30179.050001
30258.275001
30339.450001
30422.875001
30508.525001
30595.875001
30684.575001
30774.500001
30865.750001
30958.450001
31053.000001
31149.325001
31246.750001
31345.025001
31444.150001
31544.325001
31645.900001
31749.575001
31856.875001
32077.450001
32172.225001
32277.550001
32551.550001
32646.000001
32752.450001
33026.550001
33121.500001
33229.150001
33504.275001
33599.325001
33707.200001
33982.600001
34077.675001
34185.525001
34460.700001
34555.775001
34663.700001
34938.725001
