10.000000
32.000000
1701.925000
1775.725000
1842.675000
1903.625000
1960.325000
2013.850000
2064.925000
2114.125000
2162.275000
2208.775000
2254.475000
2299.075000
2342.925000
2385.875000
2428.225000
2469.575000
2510.500000
2551.075000
2590.875000
2630.225000
2669.125000
2707.700000
2745.950000
2783.825000
2821.325000
2858.550000
2895.875000
2932.800000
2969.500000
3006.400000
3042.800000
3079.275000
3115.175000
3151.350000
3187.075000
3223.225000
3258.475000
3294.225000
3329.800000
3365.075000
3400.425000
3435.675000
3470.600000
3505.575000
3540.425000
3574.950000
3609.500000
3644.125000
3678.925000
3713.250000
3747.325000
3781.525000
3815.475000
3849.600000
3883.525000
3917.750000
3951.425000
3985.125000
4018.925000
4052.500000
4085.875000
4119.225000
4152.525000
4185.775000
4219.050000
4252.250000
4285.500000
4318.575000
4351.550000
4384.575000
4417.450000
4450.075000
4482.350000
4514.875000
4547.200000
4579.875000
4612.450000
4644.550000
4676.350000
4708.250000
4740.475000
4772.400000
4804.125000
4835.900000
4867.975000
4899.350000
4930.775000
4962.725000
4994.275000
5025.225000
5057.025000
5088.150000
5119.425000
5151.175000
5181.900000
5213.300000
5244.475000
5275.050000
5306.575000
5337.125000
5368.175000
5398.575000
5429.650000
5460.025000
5491.175000
5521.550000
5552.500000
5582.975000
5613.550000
5643.600000
5674.450000
5704.550000
5735.100000
5765.075000
5795.650000
5825.050000
5855.375000
5885.450000
5915.225000
5945.600000
5974.925000
6004.475000
6034.700000
6063.825000
6093.150000
6123.375000
6152.600000
6181.825000
6211.275000
6240.925000
6269.975000
6299.675000
6329.250000
6358.175000
6387.100000
6416.575000
6445.800000
6474.750000
6503.125000
6532.050000
6561.125000
6590.250000
6619.075000
6647.300000
6676.100000
6704.600000
6733.475000
6762.450000
6791.125000
6819.400000
6847.425000
6875.950000
6904.275000
6932.450000
6961.125000
6989.675000
7018.150000
7046.325000
7074.775000
7102.675000
7130.500000
7158.275000
7186.050000
7213.825000
7241.650000
7269.400000
7297.150000
7324.900000
7352.625000
7380.375000
7408.100000
7435.850000
7463.575000
7491.400000
7519.050000
7546.750000
7574.500000
7602.250000
7630.125000
7657.775000
7685.475000
7713.175000
7740.875000
7768.300000
7795.850000
7823.375000
7850.125000
7876.550000
7903.500000
7930.550000
7958.000000
7985.000000
8012.425000
8038.950000
8065.300000
8091.775000
8119.075000
8145.925000
8172.600000
8198.750000
8225.100000
8252.300000
8279.300000
8305.675000
8331.775000
8358.200000
8384.875000
8411.175000
8436.725000
8463.725000
8490.350000
8516.550000
8541.925000
8568.775000
8595.750000
8620.925000
8647.150000
8673.625000
8698.775000
8724.925000
8751.375000
8776.475000
8802.650000
8829.150000
8854.225000
8880.350000
8906.350000
8931.800000
8958.000000
8983.525000
9008.425000
9034.800000
9059.750000
9085.800000
9111.200000
9136.125000
9162.425000
9186.550000
9212.850000
9237.750000
9263.675000
9288.925000
9313.825000
9339.150000
9363.900000
9389.850000
9414.025000
9440.275000
9464.075000
9490.275000
9514.050000
9540.225000
9564.000000
9590.050000
9613.950000
9639.175000
9663.850000
9688.875000
9713.700000
9737.725000
9763.275000
9787.600000
9812.800000
9836.450000
9862.475000
9886.150000
9911.075000
9935.875000
9959.725000
9984.825000
10008.400000
10033.250000
10058.000000
10081.775000
10106.950000
10130.550000
10154.725000
10180.200000
10204.175000
10229.250000
10252.850000
10276.675000
10301.650000
10325.250000
10350.325000
10374.900000
10398.675000
10423.700000
10447.300000
10471.325000
10496.725000
10520.825000
10545.875000
10569.500000
10593.400000
10618.400000
10642.525000
10668.075000
10691.750000
10716.050000
10741.450000
10765.175000
10790.300000
10813.900000
10837.800000
10862.875000
10886.325000
10911.400000
10935.975000
10959.800000
10984.850000
11008.400000
11033.075000
11057.950000
11081.775000
11106.975000
11130.575000
11154.750000
11180.225000
11204.175000
11229.250000
11252.850000
11276.675000
11301.650000
11325.275000
11350.350000
11374.925000
11398.700000
11423.700000
11447.325000
11471.450000
11496.900000
11520.800000
11545.875000
11569.500000
11593.350000
11618.325000
11642.050000
11667.950000
11691.675000
11715.500000
11740.525000
11764.000000
11788.950000
11813.650000
11837.375000
11862.525000
11886.100000
11910.025000
11935.075000
11958.525000
11983.575000
12008.175000
12032.000000
12057.050000
12080.600000
12105.400000
12130.200000
12154.125000
12179.250000
12202.825000
12226.625000
12251.600000
12275.200000
12300.125000
12324.800000
12348.600000
12373.650000
12397.275000
12421.100000
12446.075000
12469.675000
12494.675000
12519.325000
12543.100000
12568.125000
12591.775000
12616.550000
12641.375000
12664.850000
12690.325000
12713.900000
12737.900000
12763.225000
12787.350000
12812.525000
12836.125000
12860.075000
12885.225000
12908.800000
12934.700000
12958.325000
12982.275000
13007.375000
13030.875000
13056.700000
13080.525000
13104.450000
13129.550000
13153.125000
13178.975000
13202.750000
13226.525000
13251.500000
13275.125000
13299.725000
13324.600000
13348.550000
13373.625000
13397.275000
13421.075000
13446.050000
13469.650000
13494.600000
13519.275000
13543.075000
13568.125000
13591.750000
13616.325000
13641.375000
13664.975000
13690.300000
13713.900000
13737.800000
13762.875000
13786.325000
13811.375000
13835.975000
13859.775000
13884.825000
13908.375000
13933.000000
13957.975000
13981.800000
14006.975000
14030.575000
14054.775000
14080.225000
14104.175000
14129.275000
14152.850000
14176.675000
14201.650000
14225.275000
14250.375000
14274.925000
14298.700000
14323.725000
14347.325000
14371.650000
14396.950000
14420.800000
14445.875000
14469.500000
14493.350000
14518.325000
14542.050000
14567.950000
14591.675000
14615.500000
14640.525000
14664.000000
14688.950000
14713.650000
14737.375000
14762.525000
14786.100000
14810.025000
14835.075000
14858.525000
14883.550000
14908.175000
14932.000000
14957.050000
14980.600000
15005.400000
15030.200000
15054.125000
15079.250000
15102.825000
15126.625000
15151.600000
15175.200000
15200.125000
15224.800000
15248.600000
15273.650000
15297.275000
15321.100000
15346.075000
15369.675000
15394.675000
15419.325000
15443.100000
15468.125000
15491.775000
15516.550000
15541.375000
15564.850000
15590.325000
15613.900000
15637.900000
15663.225000
15687.350000
15712.525000
15736.125000
15760.075000
15785.225000
15808.775000
15834.700000
15858.325000
15882.250000
15907.350000
15930.825000
15956.400000
15980.550000
16004.725000
16030.200000
16054.175000
16079.275000
16102.850000
16126.700000
16151.675000
16175.300000
16200.600000
16225.000000
16248.800000
16273.775000
16297.400000
16322.275000
16346.975000
16370.775000
16395.850000
16419.475000
16443.325000
16468.300000
16491.950000
16517.675000
16541.675000
16565.500000
16590.525000
16614.000000
16638.950000
16663.625000
16687.350000
16712.525000
16736.100000
16760.025000
16785.075000
16808.525000
16833.550000
16858.175000
16881.975000
16907.025000
16930.600000
16955.375000
16980.200000
17004.125000
17029.250000
17052.825000
17076.625000
17101.600000
17125.200000
17150.150000
17174.825000
17198.600000
17223.650000
17247.275000
17271.100000
17296.075000
17319.675000
17344.675000
17369.325000
17393.100000
17418.125000
17441.775000
17466.550000
17491.375000
17514.850000
17540.325000
17563.900000
17587.900000
17613.225000
17637.350000
17662.525000
17686.125000
17710.075000
17735.200000
17758.750000
17784.675000
17808.325000
17832.200000
17857.225000
17880.725000
17905.750000
17930.400000
17954.250000
17979.300000
18002.875000
18027.000000
18052.450000
18076.350000
18101.425000
18125.050000
18148.875000
18173.850000
18197.450000
18222.450000
18247.075001
18270.850001
18295.900001
18319.525001
18343.425001
18368.525001
18392.925001
18418.075001
18441.725001
18465.700001
18491.125001
18515.125001
18540.325001
18563.900001
18587.825001
18612.950001
18636.425001
18662.200001
18686.075001
18709.900001
18734.925001
18758.450001
18783.350001
18808.050001
18831.800001
18856.975001
18880.575001
18904.775001
18930.225001
18954.175001
18979.275001
19002.850001
19026.675001
19051.650001
19075.275001
19100.375001
19124.925001
19148.700001
19173.725001
19197.325001
19221.675001
19246.950001
19270.800001
19295.875001
19319.500001
19343.350001
19368.325001
19392.025001
19417.925001
19441.675001
19465.475001
19490.500001
19514.000001
19538.925001
19563.625001
19587.350001
19612.525001
19636.100001
19660.000001
19685.050001
19708.525001
19733.525001
19758.150001
19781.950001
19807.025001
19830.600001
19855.300001
19880.200001
19904.150001
19929.250001
19952.825001
19976.650001
20001.600001
20025.200001
20050.150001
20074.825001
20098.600001
20123.650001
20147.300001
20171.625001
20197.025001
20220.900001
20245.950001
20269.625001
20295.025001
20319.475001
20344.425001
20369.275001
20393.225001
20418.375001
20443.000001
20468.175001
20492.375001
20518.175001
20542.700001
20568.175001
20592.725001
20618.175001
20642.850001
20668.200001
20692.925001
20718.250001
20743.025001
20768.350001
20793.125001
20818.925001
20844.175001
20869.400001
20894.975001
20919.725001
20945.925001
20970.800001
20996.675001
21022.300001
21047.275001
21073.600001
21098.500001
21124.425001
21150.225001
21175.175001
21201.500001
21226.525001
21252.650001
21279.100001
21304.175001
21330.325001
21356.650001
21381.875001
21408.100001
21434.575001
21459.725001
21485.950001
21512.475001
21537.675001
21563.825001
21590.400001
21616.575001
21641.975001
21669.000001
21695.800001
21721.175001
21747.350001
21774.325001
21801.375001
21827.600001
21853.775001
21880.425001
21907.175001
21934.000001
21960.850001
21987.075001
22013.825001
22041.100001
22068.150001
22095.375001
22122.100001
22148.550001
22175.075001
22202.500001
22229.675001
22257.075001
22284.575001
22311.275001
22338.025001
22365.275001
22392.050001
22419.425001
22447.000001
22474.475001
22502.125001
22530.100001
22557.850001
22585.650001
22613.475001
22641.350001
22669.050001
22696.875001
22724.675001
22752.475001
22780.300001
22808.075001
22835.875001
22863.675001
22891.550001
22919.325001
22947.150001
22974.950001
23002.775001
23030.550001
23058.350001
23086.175001
23114.000001
23142.200001
23170.675001
23198.650001
23226.675001
23255.525001
23284.300001
23312.800001
23341.500001
23369.525001
23398.125001
23426.550001
23455.600001
23484.675001
23513.475001
23541.825001
23570.725001
23599.700001
23629.150001
23658.025001
23686.350001
23715.450001
23745.150001
23774.625001
23803.700001
23833.275001
23862.650001
23891.700001
23920.850001
23950.950001
23980.350001
24009.650001
24039.600001
24069.300001
24098.650001
24129.075001
24158.275001
24187.975001
24218.225001
24247.875001
24278.825001
24308.300001
24338.650001
24368.975001
24398.775001
24429.450001
24459.525001
24490.250001
24520.300001
24551.325001
24581.475001
24612.525001
24642.875001
24673.700001
24704.200001
24735.200001
24766.225001
24797.100001
24828.325001
24859.250001
24890.750001
24922.000001
24952.825001
24984.600001
25015.375001
25046.950001
25078.850001
25109.825001
25141.525001
25173.450001
25204.950001
25236.375001
25268.600001
25301.025001
25332.825001
25364.800001
25397.050001
25429.350001
25461.500001
25493.675001
25526.150001
25558.300001
25591.150001
25623.750001
25656.700001
25689.175001
25722.000001
25754.625001
25787.475001
25820.400001
25853.375001
25886.325001
25919.475001
25952.700001
25985.950001
26019.325001
26052.675001
26086.050001
26119.525001
26153.050001
26186.850001
26220.775001
26254.800001
26289.000001
26323.400001
26357.675001
26391.850001
26426.200001
26460.800001
26495.625001
26530.250001
26564.925001
26599.900001
26634.875001
26669.625001
26704.925001
26740.400001
26775.500001
26811.100001
26846.750001
26882.275001
26918.175001
26953.975001
26990.150001
27026.025001
27062.450001
27098.500001
27135.025001
27171.425001
27208.175001
27245.175001
27281.950001
27319.100001
27356.500001
27393.650001
27431.025001
27468.850001
27506.800001
27544.500001
27582.300001
27620.425001
27658.500001
27696.975001
27735.600001
27774.450001
27813.450001
27852.500001
27891.650001
27930.825001
27970.400001
28010.075001
28050.025001
28090.225001
28130.400001
28170.775001
28211.525001
28252.500001
28293.600001
28335.150001
28376.625001
28418.650001
28460.850001
28503.175001
28545.975001
28588.950001
28632.175001
28675.850001
28719.850001
28764.175001
28808.950001
28854.175001
28899.800001
28945.925001
28992.500001
29039.800001
29087.450001
29135.825001
29184.925001
29234.800001
29285.500001
29337.175001
29390.000001
29444.050001
29499.675001
29557.200001
29616.925001
29679.450001
29745.200001
29814.900001
29889.675001
29971.750001
30164.550001
30466.975001
31089.800001
31645.500001
32174.425001
32702.300001
33245.500001
33774.150001
34301.900001
34845.675001
