20.000000
0.000000
1487.450000
1542.725000
1594.050000
1642.325000
1687.350000
1730.150000
1771.100000
1810.425000
1848.175000
1884.950000
1920.300000
1954.900000
1988.450000
2021.400000
2053.575000
2085.225000
2116.125000
2146.575000
2176.325000
2206.075000
2235.300000
2264.325000
2292.550000
2320.500000
2348.175000
2375.775000
2403.425000
2430.600000
2457.575000
2484.275000
2510.825000
2537.075000
2563.350000
2589.650000
2615.925000
2642.200000
2667.850000
2693.725000
2719.425000
2745.075000
2770.375000
2795.650000
2820.750000
2846.000000
2871.275000
2896.525000
2921.600000
2946.625000
2971.600000
2996.550000
3021.475000
3046.400000
3070.950000
3095.300000
3120.050000
3144.850000
3169.050000
3193.550000
3217.600000
3242.175000
3266.250000
3290.200000
3314.450000
3338.325000
3362.125000
3385.825000
3409.350000
3433.025000
3456.525000
3480.075000
3503.650000
3527.250000
3550.750000
3574.375000
3597.900000
3621.475000
3645.075000
3668.600000
3692.175000
3715.025000
3738.225000
3761.700000
3784.500000
3807.600000
3830.600000
3853.500000
3876.025000
3899.100000
3921.825000
3944.950000
3967.475000
3989.975000
4012.475000
4035.225000
4057.725000
4080.100000
4102.450000
4124.675000
4146.875000
4169.050000
4191.225000
4213.350000
4235.550000
4257.750000
4279.950000
4302.175000
4324.350000
4346.550000
4368.750000
4390.950000
4413.100000
4435.275000
4457.375000
4478.950000
4500.725000
4522.825000
4544.975000
4566.775000
4588.250000
4609.625000
4631.250000
4653.125000
4674.475000
4695.675000
4717.325000
4738.575000
4759.575000
4781.175000
4802.325000
4823.275000
4845.000000
4866.175000
4887.050000
4908.025000
4928.850000
4950.250000
4970.950000
4992.250000
5013.225000
5034.150000
5055.075000
5075.800000
5096.700000
5117.450000
5138.325000
5159.100000
5179.925000
5200.725000
5221.600000
5242.350000
5263.175000
5284.025000
5304.825000
5325.625000
5346.375000
5367.275000
5387.300000
5407.700000
5428.475000
5448.325000
5468.825000
5489.525000
5509.375000
5529.850000
5550.550000
5570.325000
5590.950000
5611.100000
5631.225000
5650.950000
5670.675000
5690.975000
5710.850000
5731.100000
5750.825000
5770.400000
5790.200000
5809.825000
5829.825000
5849.625000
5869.150000
5889.050000
5908.950000
5928.600000
5948.050000
5967.550000
5987.025000
6006.475000
6025.825000
6045.300000
6064.725000
6084.200000
6103.625000
6123.025000
6142.425000
6161.900000
6181.325000
6200.750000
6220.175000
6239.625000
6259.050000
6278.525000
6297.900000
6317.350000
6336.800000
6356.250000
6375.625000
6395.075000
6414.525000
6433.975000
6453.400000
6472.825000
6492.200000
6511.650000
6530.250000
6549.350000
6567.825000
6586.825000
6606.175000
6624.775000
6643.700000
6662.175000
6681.225000
6700.525000
6719.000000
6737.300000
6756.250000
6774.700000
6792.750000
6811.775000
6830.100000
6848.225000
6867.300000
6885.600000
6903.800000
6922.825000
6941.175000
6959.275000
6978.400000
6996.675000
7014.775000
7033.325000
7051.000000
7069.225000
7087.050000
7105.325000
7123.100000
7141.325000
7159.200000
7177.500000
7195.275000
7213.375000
7231.400000
7249.600000
7267.450000
7285.550000
7303.600000
7321.750000
7339.675000
7357.725000
7375.725000
7393.900000
7411.875000
7429.900000
7447.925000
7466.100000
7484.075000
7502.100000
7520.125000
7538.175000
7556.250000
7574.250000
7592.300000
7609.575000
7627.325000
7645.125000
7663.075000
7681.150000
7698.200000
7716.125000
7734.000000
7751.025000
7768.825000
7786.725000
7803.775000
7821.550000
7839.525000
7856.525000
7874.275000
7891.750000
7909.075000
7925.950000
7942.925000
7960.475000
7978.400000
7995.300000
8012.350000
8029.850000
8046.900000
8064.450000
8081.400000
8098.175000
8115.025000
8131.700000
8148.275000
8165.000000
8181.650000
8198.200000
8214.925000
8231.575000
8248.175000
8264.875000
8281.550000
8298.125000
8314.850000
8331.500000
8348.100000
8364.800000
8381.475000
8398.075000
8414.775000
8431.450000
8448.050000
8464.750000
8481.425000
8498.025000
8514.725000
8531.400000
8548.000000
8564.700000
8581.375000
8598.000000
8614.675000
8631.350000
8647.975000
8664.650000
8681.325000
8697.950000
8714.650000
8731.300000
8747.925000
8764.625000
8781.300000
8797.925000
8814.600000
8831.275000
8847.900000
8864.575000
8881.250000
8897.875000
8914.550000
8931.225000
8947.850000
8964.525000
8981.175000
8997.825000
9013.725000
9029.950000
9045.675000
9061.900000
9078.500000
9095.075000
9111.750000
9128.425000
9145.050000
9161.650000
9178.375000
9194.875000
9210.750000
9226.050000
9242.350000
9258.050000
9273.500000
9289.625000
9306.200000
9322.650000
9338.450000
9353.825000
9370.100000
9385.675000
9401.050000
9417.350000
9433.125000
9448.175000
9464.525000
9480.075000
9495.425000
9511.775000
9527.525000
9542.575000
9558.100000
9573.225000
9589.550000
9605.125000
9620.300000
9635.775000
9650.925000
9667.300000
9682.850000
9698.050000
9713.475000
9728.750000
9745.025000
9760.550000
9775.800000
9791.300000
9806.450000
9822.175000
9837.025000
9852.375000
9867.500000
9883.025000
9898.025000
9913.375000
9928.650000
9944.150000
9959.150000
9974.500000
9989.700000
10005.125000
10020.200000
10035.550000
10050.775000
10066.300000
10081.325000
10096.650000
10111.900000
10127.325000
10142.400000
10157.725000
10172.975000
10188.400000
10203.575000
10218.900000
10234.125000
10249.550000
10264.650000
10279.950000
10295.200000
10310.625000
10325.750000
10341.125000
10356.350000
10371.775000
10386.875000
10402.200000
10417.425000
10432.850000
10447.975000
10463.300000
10478.600000
10494.000000
10509.100000
10524.425000
10539.675000
10555.050000
10570.200000
10585.525000
10600.750000
10616.275000
10631.325000
10646.650000
10661.900000
10677.325000
10692.400000
10707.725000
10722.975000
10738.400000
10753.575000
10768.900000
10784.125000
10799.550000
10814.650000
10829.950000
10845.200000
10860.625000
10875.750000
10891.125000
10906.350000
10921.775000
10936.875000
10952.200000
10967.425000
10982.850000
10997.975000
11013.300000
11028.600000
11044.000000
11059.100000
11074.425000
11089.675000
11105.050000
11120.200000
11135.525000
11150.750000
11166.275000
11181.325000
11196.650000
11211.900000
11227.325000
11242.400000
11257.725000
11272.975000
11288.400000
11303.575000
11318.900000
11334.125000
11349.550000
11364.650000
11379.950000
11395.200000
11410.625000
11425.750000
11441.125000
11456.350000
11471.775000
11486.875000
11502.200000
11517.425000
11532.850000
11547.975000
11563.300000
11578.600000
11594.000000
11609.100000
11624.425000
11639.675000
11655.050000
11670.200000
11685.525000
11700.750000
11716.275000
11731.325000
11746.650000
11761.900000
11777.325000
11792.400000
11807.725000
11822.975000
11838.400000
11853.575000
11868.900000
11884.125000
11899.550000
11914.650000
11929.950000
11945.200000
11960.625000
11975.750000
11991.125000
12006.350000
12021.775000
12036.875000
12052.200000
12067.425000
12082.850000
12097.975000
12113.300000
12128.600000
12144.000000
12159.100000
12174.425000
12189.675000
12205.050000
12220.200000
12235.525000
12250.750000
12266.275000
12281.325000
12296.650000
12311.900000
12327.325000
12342.400000
12357.725000
12372.975000
12388.400000
12403.575000
12418.900000
12434.125000
12449.550000
12464.650000
12479.950000
12495.200000
12510.625000
12525.750000
12541.125000
12556.350000
12571.775000
12586.875000
12602.200000
12617.425000
12632.850000
12647.975000
12663.300000
12678.600000
12694.000000
12709.100000
12724.425000
12739.675000
12755.050000
12770.200000
12785.525000
12800.750000
12816.275000
12831.325000
12846.650000
12861.900000
12877.325000
12892.400000
12907.725000
12922.975000
12938.400000
12953.575000
12968.900000
12984.125000
12999.550000
13014.650000
13029.950000
13045.200000
13060.625000
13075.750000
13091.125000
13106.350000
13121.775000
13136.875000
13152.200000
13167.425000
13182.850000
13197.975000
13213.300000
13228.600000
13244.000000
13259.100000
13274.425000
13289.675000
13305.050000
13320.200000
13335.525000
13350.750000
13366.275000
13381.325000
13396.650000
13411.900000
13427.325000
13442.400000
13457.725000
13472.975000
13488.400000
13503.575000
13518.900000
13534.125000
13549.550000
13564.650000
13579.950000
13595.200000
13610.625000
13625.750000
13641.125000
13656.350000
13671.775000
13686.875000
13702.200000
13717.425000
13732.850000
13747.975000
13763.300000
13778.600000
13794.000000
13809.100000
13824.425000
13839.675000
13855.050000
13870.200000
13885.525000
13900.750000
13916.275000
13931.325000
13946.650000
13961.900000
13977.325000
13992.400000
14007.725000
14022.975000
14038.400000
14053.575000
14068.900000
14084.125000
14099.550000
14114.650000
14129.950000
14145.200000
14160.625000
14175.750000
14191.125000
14206.350000
14221.775000
14236.875000
14252.200000
14267.425000
14282.850000
14297.975000
14313.300000
14328.600000
14344.000000
14359.100000
14374.425000
14389.675000
14405.050000
14420.200000
14435.525000
14450.750000
14466.275000
14481.325000
14496.650000
14511.900000
14527.325000
14542.400000
14557.725000
14572.975000
14588.400000
14603.575000
14618.900000
14634.125000
14649.550000
14664.650000
14679.950000
14695.200000
14710.625000
14725.750000
14741.125000
14756.350000
14771.775000
14786.875000
14802.200000
14817.425000
14832.850000
14847.975000
14863.300000
14878.600000
14894.000000
14909.100000
14924.425000
14939.675000
14955.050000
14970.200000
14985.525000
15000.750000
15016.275000
15031.325000
15046.650000
15061.900000
15077.325000
15092.400000
15107.725000
15122.975000
15138.400000
15153.575000
15168.900000
15184.125000
15199.550000
15214.650000
15229.950000
15245.200000
15260.625000
15275.750000
15291.125000
15306.350000
15321.775000
15336.875000
15352.200000
15367.425000
15382.850000
15397.975000
15413.300000
15428.600000
15444.000000
15459.100000
15474.425000
15489.675000
15505.050000
15520.200000
15535.525000
15550.750000
15566.275000
15581.325000
15596.650000
15611.900000
15627.325000
15642.400000
15657.725000
15672.975000
15688.400000
15703.575000
15718.900000
15734.125000
15749.550000
15764.650000
15779.950000
15795.200000
15810.625000
15825.750000
15841.125000
15856.350000
15871.775000
15886.875000
15902.200000
15917.425000
15932.850000
15947.975000
15963.300000
15978.600000
15994.000000
16009.100000
16024.425000
16039.675000
16055.050000
16070.200000
16085.525000
16100.750000
16116.275000
16131.325000
16146.650000
16161.900000
16177.325000
16192.400000
16207.725000
16222.975000
16238.400000
16253.575000
16268.900000
16284.125000
16299.550000
16314.650000
16329.950000
16345.200000
16360.625000
16375.750000
16391.125000
16406.350000
16421.775000
16436.875000
16452.200000
16467.425000
16482.850000
16497.975000
16513.300000
16528.600000
16544.000000
16559.100000
16574.425000
16589.675000
16605.050000
16620.200000
16635.525000
16650.750000
16666.275000
16681.325000
16696.650000
16711.900000
16727.325000
16742.400000
16757.725000
16772.975000
16788.400000
16803.575000
16818.900000
16834.125000
16849.550000
16864.650000
16879.950000
16895.200000
16910.625000
16925.750000
16941.125000
16956.350000
16971.775000
16986.875000
17002.200000
17017.425000
17032.850000
17047.975000
17063.300000
17078.600000
17094.000000
17109.100000
17124.425000
17139.675000
17155.050000
17170.200000
17185.525000
17200.750000
17216.275000
17231.325000
17246.650000
17261.900000
17277.325000
17292.400000
17307.725000
17322.975000
17338.400000
17353.575000
17368.900000
17384.125000
17399.550000
17414.650000
17429.950000
17445.200000
17460.625000
17475.750000
17491.125000
17506.350000
17521.775000
17536.875000
17552.200000
17567.425000
17582.850000
17597.975000
17613.300000
17628.600000
17644.000000
17659.100000
17674.425000
17689.675000
17705.050000
17720.200000
17735.525000
17750.750000
17766.275000
17781.325000
17796.650000
17811.900000
17827.325000
17842.400000
17857.725000
17872.975000
17888.400000
17903.575000
17918.900000
17934.125000
17949.550000
17964.650000
17979.950000
17995.200000
18010.625000
18025.750000
18041.125000
18056.350000
18071.775000
18086.875000
18102.200000
18117.425000
18132.850000
18147.975000
18163.300000
18178.600000
18194.000000
18209.100000
18224.425000
18239.675001
18255.050001
18270.200001
18285.525001
18300.750001
18316.275001
18331.325001
18346.650001
18361.900001
18377.325001
18392.400001
18407.725001
18422.975001
18438.400001
18453.575001
18468.900001
18484.125001
18499.550001
18514.650001
18529.950001
18545.200001
18560.625001
18575.750001
18591.125001
18606.350001
18621.775001
18636.875001
18652.200001
18667.425001
18682.850001
18697.975001
18713.300001
18728.600001
18744.000001
18759.100001
18774.425001
18789.675001
18805.050001
18820.200001
18835.525001
18850.750001
18866.275001
18881.325001
18896.650001
18911.900001
18927.325001
18942.400001
18957.725001
18972.975001
18988.400001
19003.575001
19018.900001
19034.125001
19049.550001
19064.650001
19079.950001
19095.200001
19110.625001
19125.750001
19141.125001
19156.350001
19171.775001
19186.875001
19202.200001
19217.425001
19232.850001
19247.975001
19263.300001
19278.600001
19294.000001
19309.100001
19324.425001
19339.675001
19355.050001
19370.200001
19385.525001
19400.750001
19416.275001
19431.325001
19446.650001
19461.900001
19477.325001
19492.400001
19507.725001
19522.975001
19538.400001
19553.575001
19568.900001
19584.125001
19599.550001
19614.650001
19629.950001
19645.200001
19660.625001
19675.750001
19691.125001
19706.350001
19721.775001
19736.875001
19752.200001
19767.425001
19782.850001
19797.975001
19813.300001
19828.600001
19844.000001
19859.100001
19874.425001
19889.675001
19905.050001
19920.200001
19935.525001
19950.750001
19966.275001
19981.325001
19996.650001
20011.900001
20027.325001
20042.400001
20057.725001
20072.975001
20088.400001
20103.575001
20118.900001
20134.150001
20149.575001
20164.675001
20180.000001
20195.225001
20210.700001
20225.775001
20241.200001
20256.400001
20271.925001
20286.950001
20302.300001
20317.500001
20333.050001
20348.050001
20363.425001
20378.700001
20394.975001
20410.525001
20425.800001
20441.325001
20456.475001
20472.800001
20488.350001
20503.650001
20519.150001
20534.300001
20550.600001
20566.275001
20581.450001
20597.000001
20612.150001
20628.450001
20644.125001
20659.275001
20675.525001
20691.200001
20706.550001
20722.875001
20738.575001
20753.800001
20770.075001
20785.650001
20801.050001
20817.350001
20833.875001
20849.750001
20864.950001
20881.250001
20896.975001
20913.025001
20928.750001
20945.125001
20961.750001
20978.400001
20995.000001
21010.925001
21026.200001
21042.400001
21058.975001
21075.100001
21091.150001
21107.525001
21123.250001
21139.650001
21156.275001
21172.875001
21189.550001
21206.225001
21222.875001
21239.575001
21256.250001
21272.900001
21289.575001
21306.275001
21322.900001
21339.600001
21356.275001
21372.925001
21389.625001
21406.300001
21422.950001
21439.650001
21456.325001
21472.950001
21489.650001
21506.350001
21522.975001
21539.675001
21556.375001
21573.000001
21589.700001
21606.375001
21623.025001
21639.725001
21656.400001
21673.025001
21689.750001
21706.425001
21723.050001
21739.775001
21756.475001
21773.075001
21789.800001
21806.500001
21823.125001
21839.850001
21856.525001
21873.150001
21889.875001
21906.575001
21923.175001
21939.925001
21956.625001
21973.225001
21990.000001
22006.700001
22023.300001
22040.100001
22057.325001
22074.500001
22092.050001
22109.125001
22125.925001
22142.750001
22160.275001
22178.300001
22195.275001
22212.375001
22229.875001
22247.150001
22264.600001
22281.550001
22298.675001
22316.225001
22334.000001
22350.950001
22368.775001
22386.700001
22403.775001
22421.600001
22439.550001
22456.700001
22474.400001
22492.325001
22509.500001
22527.275001
22545.125001
22563.125001
22581.225001
22598.375001
22616.250001
22634.075001
22652.100001
22670.125001
22688.225001
22706.275001
22724.350001
22742.375001
22760.500001
22778.550001
22796.625001
22814.650001
22832.775001
22850.750001
22868.900001
22886.900001
22905.075001
22923.025001
22941.200001
22959.175001
22977.450001
22995.275001
23013.400001
23031.450001
23049.875001
23067.575001
23085.725001
23103.725001
23122.750001
23141.100001
23159.225001
23178.375001
23196.675001
23214.825001
23233.950001
23252.275001
23270.375001
23289.525001
23307.825001
23326.000001
23345.075001
23363.450001
23381.750001
23400.675001
23419.200001
23438.000001
23456.525001
23475.625001
23495.000001
23513.450001
23532.600001
23551.050001
23570.125001
23589.525001
23608.175001
23627.200001
23646.425001
23665.025001
23684.100001
23703.475001
23722.850001
23742.275001
23761.775001
23781.200001
23800.650001
23820.075001
23839.575001
23859.025001
23878.500001
23897.900001
23917.375001
23936.850001
23956.325001
23975.725001
23995.200001
24014.675001
24034.150001
24053.600001
24073.025001
24092.475001
24112.000001
24131.425001
24150.875001
24170.325001
24189.850001
24209.300001
24228.825001
24248.175001
24267.700001
24287.175001
24306.750001
24326.100001
24345.725001
24365.900001
24385.625001
24406.150001
24425.825001
24445.625001
24465.950001
24485.775001
24506.225001
24525.925001
24546.475001
24567.200001
24587.050001
24607.600001
24628.400001
24648.200001
24668.800001
24689.525001
24709.550001
24729.950001
24750.675001
24771.325001
24792.250001
24813.050001
24833.975001
24854.800001
24875.650001
24896.525001
24917.375001
24938.225001
24959.075001
24979.925001
25000.750001
25021.725001
25042.450001
25063.350001
25084.200001
25105.150001
25125.850001
25146.875001
25167.600001
25188.750001
25209.400001
25230.475001
25251.350001
25272.850001
25294.025001
25314.950001
25336.675001
25357.825001
25379.500001
25400.800001
25422.775001
25444.175001
25465.875001
25487.125001
25509.000001
25530.775001
25552.275001
25574.250001
25595.950001
25617.500001
25639.600001
25661.750001
25683.975001
25706.200001
25728.450001
25750.650001
25772.875001
25795.125001
25817.375001
25839.650001
25861.900001
25884.150001
25906.400001
25928.650001
25950.875001
25973.125001
25995.375001
26017.650001
26040.000001
26062.350001
26085.075001
26107.700001
26130.225001
26153.325001
26175.825001
26198.375001
26221.450001
26244.350001
26267.325001
26290.150001
26313.200001
26336.650001
26359.400001
26382.650001
26406.200001
26429.675001
26453.325001
26476.525001
26499.800001
26523.025001
26546.600001
26570.175001
26593.850001
26617.450001
26641.150001
26664.750001
26688.475001
26712.100001
26735.825001
26759.450001
26783.800001
26807.725001
26831.625001
26856.100001
26880.100001
26904.550001
26928.725001
26953.375001
26978.000001
27002.275001
27027.000001
27051.800001
27076.125001
27100.775001
27125.675001
27150.650001
27175.650001
27200.700001
27225.725001
27250.775001
27275.825001
27300.900001
27325.975001
27351.125001
27376.275001
27401.925001
27427.375001
27453.275001
27478.750001
27504.675001
27530.350001
27556.275001
27582.400001
27608.500001
27634.350001
27660.500001
27686.850001
27713.225001
27739.675001
27766.175001
27792.575001
27819.200001
27845.775001
27872.775001
27899.600001
27926.575001
27953.600001
27981.050001
28008.200001
28035.500001
28063.125001
28090.900001
28118.700001
28146.550001
28174.450001
28202.375001
28230.400001
28258.800001
28287.000001
28315.550001
28344.025001
28372.850001
28401.850001
28431.000001
28460.175001
28489.550001
28518.925001
28548.300001
28578.225001
28607.925001
28638.025001
28668.275001
28698.400001
28728.850001
28759.400001
28790.225001
28821.325001
28852.525001
28884.050001
28915.825001
28947.825001
28979.975001
29012.300001
29045.025001
29078.025001
29111.175001
29144.725001
29178.525001
29212.700001
29247.150001
29281.950001
29317.300001
29353.175001
29389.500001
29426.250001
29463.625001
29501.750001
29540.600001
29580.150001
29620.575001
29661.975001
29704.425001
29748.025001
29792.875001
29839.300001
29887.500001
29938.100001
29992.075001
30052.000001
30135.075001
30411.450001
30477.650001
30706.500001
30772.700001
31015.800001
31081.775001
31318.750001
31384.725001
31620.725001
31686.700001
31922.525001
31988.500001
32224.250001
32290.250001
32525.975001
32591.925001
32827.750001
32893.725001
33129.475001
33195.425001
33431.175001
33497.150001
33732.925001
33798.900001
34034.650001
34100.600001
34336.350001
34402.325001
34638.075001
34704.025001
34939.800001
