20.000000
10.000000
2283.850000
2335.925000
2387.150000
2437.100000
2485.725000
2533.000000
2579.375000
2624.550000
2668.875000
2712.125000
2754.550000
2796.075000
2836.975000
2877.125000
2917.150000
2956.300000
2994.750000
3031.925000
3068.875000
3105.150000
3141.100000
3175.975000
3210.650000
3245.175000
3278.800000
3312.000000
3345.150000
3377.475000
3409.225000
3441.025000
3472.225000
3503.000000
3533.200000
3563.200000
3592.575000
3621.875000
3650.775000
3679.750000
3707.950000
3735.800000
3763.425000
3791.125000
3818.650000
3845.425000
3872.775000
3899.450000
3925.800000
3952.175000
3978.525000
4004.000000
4029.850000
4055.250000
4080.300000
4105.300000
4130.100000
4155.025000
4179.925000
4204.775000
4229.075000
4253.550000
4278.350000
4302.350000
4325.975000
4350.225000
4374.200000
4397.975000
4421.700000
4445.225000
4468.825000
4492.375000
4515.775000
4539.475000
4562.200000
4585.400000
4608.100000
4631.225000
4653.725000
4676.000000
4698.250000
4720.450000
4742.625000
4764.850000
4787.025000
4809.200000
4831.400000
4853.600000
4875.750000
4897.950000
4920.150000
4942.350000
4964.550000
4986.700000
5008.200000
5029.950000
5051.175000
5072.950000
5095.025000
5116.475000
5137.350000
5159.025000
5180.125000
5201.025000
5222.825000
5244.000000
5264.825000
5285.725000
5306.525000
5327.550000
5348.100000
5369.000000
5389.775000
5410.625000
5431.375000
5452.225000
5473.000000
5493.875000
5514.650000
5535.425000
5556.300000
5576.275000
5596.725000
5617.400000
5637.325000
5657.750000
5678.500000
5698.225000
5718.725000
5739.475000
5759.275000
5779.125000
5799.400000
5819.200000
5839.575000
5859.250000
5878.875000
5898.250000
5917.725000
5937.175000
5956.625000
5975.975000
5995.400000
6014.850000
6034.300000
6053.725000
6073.100000
6092.525000
6112.000000
6131.425000
6150.825000
6170.250000
6189.725000
6209.150000
6228.600000
6247.975000
6267.425000
6286.875000
6306.325000
6325.700000
6345.150000
6364.600000
6384.050000
6403.475000
6422.900000
6442.250000
6461.750000
6480.300000
6499.325000
6517.725000
6536.850000
6556.200000
6574.700000
6592.825000
6611.875000
6630.250000
6648.325000
6667.375000
6685.725000
6703.875000
6722.900000
6741.275000
6759.350000
6778.475000
6796.775000
6814.850000
6833.450000
6851.225000
6869.975000
6888.400000
6906.475000
6924.625000
6942.550000
6960.800000
6978.700000
6996.800000
7014.775000
7032.925000
7050.825000
7068.975000
7086.950000
7105.075000
7123.025000
7141.150000
7159.150000
7177.250000
7195.225000
7213.275000
7231.325000
7248.975000
7267.375000
7285.150000
7303.500000
7320.575000
7338.425000
7356.325000
7373.375000
7391.150000
7409.050000
7426.050000
7443.900000
7461.825000
7478.850000
7496.500000
7513.725000
7531.350000
7548.225000
7565.425000
7582.950000
7600.700000
7617.600000
7634.525000
7651.300000
7668.800000
7685.775000
7703.475000
7720.325000
7737.175000
7753.900000
7770.500000
7787.225000
7803.875000
7820.450000
7837.175000
7853.825000
7870.425000
7887.125000
7903.775000
7920.375000
7937.075000
7953.750000
7970.350000
7987.050000
8003.725000
8020.325000
8037.025000
8053.700000
8070.300000
8087.000000
8103.675000
8120.300000
8136.975000
8153.650000
8170.275000
8186.950000
8203.625000
8220.250000
8236.950000
8253.600000
8270.225000
8286.925000
8303.600000
8320.200000
8336.900000
8353.575000
8370.200000
8386.875000
8403.550000
8420.175000
8436.850000
8453.525000
8470.150000
8486.425000
8502.600000
8518.900000
8534.550000
8550.800000
8567.400000
8584.075000
8600.700000
8617.350000
8634.000000
8650.650000
8667.325000
8683.300000
8698.650000
8714.750000
8730.450000
8745.825000
8761.950000
8778.500000
8794.925000
8810.800000
8826.025000
8842.375000
8857.950000
8873.250000
8889.625000
8905.350000
8920.450000
8935.925000
8951.050000
8967.375000
8983.025000
8998.175000
9013.600000
9028.825000
9045.125000
9060.725000
9075.900000
9091.375000
9106.550000
9122.850000
9138.425000
9153.700000
9169.075000
9184.275000
9199.875000
9214.850000
9230.125000
9245.325000
9260.825000
9275.875000
9291.250000
9306.450000
9321.925000
9337.000000
9352.300000
9367.500000
9382.950000
9398.050000
9413.350000
9428.650000
9444.050000
9459.175000
9474.425000
9489.725000
9505.075000
9520.250000
9535.500000
9550.775000
9566.200000
9581.350000
9595.675000
9610.825000
9625.800000
9640.250000
9655.350000
9670.250000
9684.600000
9699.750000
9714.700000
9728.975000
9744.100000
9759.100000
9773.275000
9788.400000
9803.550000
9817.700000
9832.800000
9847.925000
9862.175000
9876.275000
9891.200000
9906.325000
9920.450000
9934.625000
9949.625000
9963.700000
9978.600000
9992.675000
10006.775000
10020.775000
10035.575000
10050.700000
10064.875000
10078.925000
10092.825000
10106.825000
10120.750000
10135.525000
10150.700000
10164.850000
10178.900000
10192.800000
10206.800000
10220.700000
10235.450000
10250.700000
10264.850000
10278.900000
10292.800000
10306.800000
10320.700000
10335.425000
10350.700000
10364.850000
10378.900000
10392.800000
10406.800000
10420.700000
10435.425000
10450.700000
10464.850000
10478.900000
10492.800000
10506.800000
10520.700000
10535.425000
10550.700000
10564.850000
10578.900000
10592.800000
10606.800000
10620.700000
10635.425000
10650.700000
10664.850000
10678.900000
10692.800000
10706.800000
10720.700000
10735.425000
10750.700000
10764.850000
10778.900000
10792.800000
10806.800000
10820.700000
10835.425000
10850.700000
10864.850000
10878.900000
10892.800000
10906.800000
10920.700000
10935.425000
10950.700000
10964.850000
10978.900000
10992.800000
11006.800000
11020.700000
11035.425000
11050.700000
11064.850000
11078.900000
11092.800000
11106.800000
11120.700000
11135.425000
11150.700000
11164.850000
11178.900000
11192.800000
11206.800000
11220.700000
11235.425000
11250.700000
11264.850000
11278.900000
11292.800000
11306.800000
11320.700000
11335.425000
11350.700000
11364.850000
11378.900000
11392.800000
11406.800000
11420.700000
11435.425000
11450.700000
11464.850000
11478.900000
11492.800000
11506.800000
11520.700000
11535.425000
11550.700000
11564.850000
11578.900000
11592.800000
11606.800000
11620.700000
11635.425000
11650.700000
11664.850000
11678.900000
11692.800000
11706.800000
11720.700000
11735.425000
11750.700000
11764.850000
11778.900000
11792.800000
11806.800000
11820.700000
11835.425000
11850.700000
11864.850000
11878.900000
11892.800000
11906.800000
11920.700000
11935.425000
11950.700000
11964.850000
11978.900000
11992.800000
12006.800000
12020.700000
12035.425000
12050.700000
12064.850000
12078.900000
12092.800000
12106.800000
12120.700000
12135.425000
12150.700000
12164.850000
12178.900000
12192.800000
12206.800000
12220.700000
12235.425000
12250.700000
12264.850000
12278.900000
12292.800000
12306.800000
12320.700000
12335.425000
12350.700000
12364.850000
12378.900000
12392.800000
12406.800000
12420.700000
12435.425000
12450.700000
12464.850000
12478.900000
12492.800000
12506.800000
12520.700000
12535.425000
12550.700000
12564.850000
12578.900000
12592.800000
12606.800000
12620.700000
12635.425000
12650.700000
12664.850000
12678.900000
12692.800000
12706.800000
12720.700000
12735.425000
12750.700000
12764.850000
12778.900000
12792.800000
12806.800000
12820.700000
12835.425000
12850.700000
12864.850000
12878.900000
12892.800000
12906.800000
12920.700000
12935.425000
12950.700000
12964.850000
12978.900000
12992.800000
13006.800000
13020.700000
13035.425000
13050.700000
13064.850000
13078.900000
13092.800000
13106.800000
13120.700000
13135.425000
13150.700000
13164.850000
13178.900000
13192.800000
13206.800000
13220.700000
13235.425000
13250.700000
13264.850000
13278.900000
13292.800000
13306.800000
13320.700000
13335.425000
13350.700000
13364.850000
13378.900000
13392.800000
13406.800000
13420.700000
13435.425000
13450.700000
13464.850000
13478.900000
13492.800000
13506.800000
13520.700000
13535.425000
13550.700000
13564.850000
13578.900000
13592.800000
13606.800000
13620.700000
13635.425000
13650.700000
13664.850000
13678.900000
13692.800000
13706.800000
13720.700000
13735.425000
13750.700000
13764.850000
13778.900000
13792.800000
13806.800000
13820.700000
13835.425000
13850.700000
13864.850000
13878.900000
13892.800000
13906.800000
13920.700000
13935.425000
13950.700000
13964.850000
13978.900000
13992.800000
14006.800000
14020.700000
14035.425000
14050.700000
14064.850000
14078.900000
14092.800000
14106.800000
14120.700000
14135.425000
14150.700000
14164.850000
14178.900000
14192.800000
14206.800000
14220.700000
14235.425000
14250.700000
14264.850000
14278.900000
14292.800000
14306.800000
14320.700000
14335.425000
14350.700000
14364.850000
14378.900000
14392.800000
14406.800000
14420.700000
14435.425000
14450.700000
14464.850000
14478.900000
14492.800000
14506.800000
14520.700000
14535.425000
14550.700000
14564.850000
14578.900000
14592.800000
14606.800000
14620.700000
14635.425000
14650.700000
14664.850000
14678.900000
14692.800000
14706.800000
14720.700000
14735.425000
14750.700000
14764.850000
14778.900000
14792.800000
14806.800000
14820.700000
14835.425000
14850.700000
14864.850000
14878.900000
14892.800000
14906.800000
14920.700000
14935.425000
14950.700000
14964.850000
14978.900000
14992.800000
15006.800000
15020.700000
15035.425000
15050.700000
15064.850000
15078.900000
15092.800000
15106.800000
15120.700000
15135.425000
15150.700000
15164.850000
15178.900000
15192.800000
15206.800000
15220.700000
15235.425000
15250.700000
15264.850000
15278.900000
15292.800000
15306.800000
15320.700000
15335.425000
15350.700000
15364.850000
15378.900000
15392.800000
15406.800000
15420.700000
15435.425000
15450.700000
15464.850000
15478.900000
15492.800000
15506.800000
15520.700000
15535.425000
15550.700000
15564.850000
15578.900000
15592.800000
15606.800000
15620.700000
15635.425000
15650.700000
15664.850000
15678.900000
15692.800000
15706.800000
15720.700000
15735.425000
15750.700000
15764.850000
15778.900000
15792.800000
15806.800000
15820.700000
15835.425000
15850.700000
15864.850000
15878.900000
15892.800000
15906.800000
15920.700000
15935.425000
15950.700000
15964.850000
15978.900000
15992.800000
16006.800000
16020.700000
16035.425000
16050.700000
16064.850000
16078.900000
16092.800000
16106.800000
16120.700000
16135.425000
16150.700000
16164.850000
16178.900000
16192.800000
16206.800000
16220.700000
16235.425000
16250.700000
16264.850000
16278.900000
16292.800000
16306.800000
16320.700000
16335.425000
16350.700000
16364.850000
16378.900000
16392.800000
16406.800000
16420.700000
16435.425000
16450.700000
16464.850000
16478.900000
16492.800000
16506.800000
16520.700000
16535.425000
16550.700000
16564.850000
16578.900000
16592.800000
16606.800000
16620.700000
16635.425000
16650.700000
16664.850000
16678.900000
16692.800000
16706.800000
16720.700000
16735.425000
16750.700000
16764.850000
16778.900000
16792.800000
16806.800000
16820.700000
16835.425000
16850.700000
16864.850000
16878.900000
16892.800000
16906.800000
16920.700000
16935.425000
16950.700000
16964.850000
16978.900000
16992.800000
17006.800000
17020.700000
17035.425000
17050.700000
17064.850000
17078.900000
17092.800000
17106.800000
17120.700000
17135.425000
17150.700000
17164.850000
17178.900000
17192.800000
17206.800000
17220.700000
17235.425000
17250.700000
17264.850000
17278.900000
17292.800000
17306.800000
17320.700000
17335.425000
17350.700000
17364.850000
17378.900000
17392.800000
17406.800000
17420.700000
17435.425000
17450.700000
17464.850000
17478.900000
17492.800000
17506.800000
17520.700000
17535.425000
17550.700000
17564.850000
17578.900000
17592.800000
17606.800000
17620.700000
17635.425000
17650.700000
17664.850000
17678.900000
17692.800000
17706.800000
17720.700000
17735.425000
17750.700000
17764.850000
17778.900000
17792.800000
17806.800000
17820.700000
17835.425000
17850.700000
17864.850000
17878.900000
17892.800000
17906.800000
17920.700000
17935.425000
17950.700000
17964.850000
17978.900000
17992.800000
18006.800000
18020.700000
18035.425000
18050.700000
18064.850000
18078.900000
18092.800000
18106.800000
18120.700000
18135.425000
18150.700000
18164.850000
18178.900000
18192.800000
18206.800000
18220.700000
18235.425001
18250.700001
18264.850001
18278.900001
18292.800001
18306.800001
18320.700001
18335.425001
18350.700001
18364.850001
18378.900001
18392.800001
18406.800001
18420.700001
18435.425001
18450.700001
18464.850001
18478.900001
18492.800001
18506.800001
18520.700001
18535.425001
18550.700001
18564.850001
18578.900001
18592.800001
18606.800001
18620.700001
18635.425001
18650.700001
18664.850001
18678.900001
18692.800001
18706.800001
18720.700001
18735.425001
18750.700001
18764.850001
18778.900001
18792.800001
18806.800001
18820.700001
18835.425001
18850.700001
18864.850001
18878.900001
18892.800001
18906.800001
18920.700001
18935.425001
18950.700001
18964.850001
18978.900001
18992.800001
19006.800001
19020.700001
19035.425001
19050.700001
19064.850001
19078.900001
19092.800001
19106.800001
19120.700001
19135.425001
19150.700001
19164.850001
19178.900001
19192.800001
19206.800001
19220.700001
19235.425001
19250.700001
19264.850001
19278.900001
19292.800001
19306.800001
19320.700001
19335.425001
19350.700001
19364.850001
19378.900001
19392.800001
19406.800001
19420.700001
19435.425001
19450.700001
19464.850001
19478.900001
19492.800001
19506.800001
19520.700001
19535.425001
19550.700001
19564.850001
19578.900001
19592.800001
19606.800001
19620.700001
19635.425001
19650.700001
19664.850001
19678.900001
19692.800001
19706.800001
19720.700001
19735.425001
19750.700001
19764.850001
19778.900001
19792.800001
19806.800001
19820.700001
19835.425001
19850.700001
19864.850001
19878.900001
19892.800001
19906.800001
19920.700001
19935.425001
19950.700001
19964.850001
19978.900001
19992.800001
20006.800001
20020.700001
20035.425001
20050.700001
20064.850001
20078.900001
20092.800001
20106.800001
20120.750001
20135.550001
20150.700001
20164.875001
20178.975001
20192.925001
20207.775001
20222.950001
20237.150001
20251.150001
20266.225001
20280.375001
20295.225001
20309.450001
20323.550001
20338.550001
20353.550001
20367.700001
20382.800001
20397.950001
20412.225001
20427.325001
20442.400001
20456.700001
20471.850001
20486.875001
20501.100001
20516.325001
20531.350001
20545.575001
20560.750001
20575.775001
20590.250001
20605.400001
20620.275001
20635.500001
20650.775001
20666.200001
20681.375001
20695.850001
20711.800001
20726.175001
20741.325001
20756.425001
20771.825001
20786.950001
20802.250001
20817.500001
20832.925001
20848.050001
20863.375001
20878.675001
20894.175001
20909.225001
20924.575001
20939.775001
20955.250001
20970.325001
20985.675001
21000.900001
21016.650001
21031.600001
21046.925001
21062.075001
21078.400001
21094.025001
21109.250001
21124.675001
21139.875001
21156.200001
21171.900001
21187.075001
21202.525001
21217.675001
21234.050001
21249.775001
21264.900001
21280.350001
21295.500001
21311.850001
21327.775001
21342.825001
21359.075001
21374.700001
21390.000001
21406.325001
21422.875001
21438.700001
21453.975001
21470.200001
21485.850001
21501.200001
21517.450001
21534.050001
21550.675001
21567.325001
21584.000001
21600.675001
21617.350001
21634.025001
21650.675001
21667.375001
21684.050001
21700.700001
21717.375001
21734.075001
21750.725001
21767.400001
21784.100001
21800.725001
21817.425001
21834.125001
21850.750001
21867.425001
21884.125001
21900.775001
21917.450001
21934.150001
21950.775001
21967.475001
21984.175001
22000.800001
22017.475001
22034.200001
22050.825001
22067.500001
22084.200001
22100.850001
22117.525001
22134.225001
22150.875001
22167.550001
22184.250001
22200.900001
22217.575001
22234.300001
22250.925001
22267.600001
22284.325001
22300.950001
22317.625001
22334.350001
22350.975001
22367.675001
22384.400001
22401.025001
22417.700001
22434.450001
22451.100001
22467.775001
22484.575001
22501.250001
22518.050001
22535.525001
22552.650001
22570.175001
22587.100001
22604.025001
22621.600001
22639.575001
22656.550001
22673.475001
22691.150001
22708.950001
22725.975001
22743.750001
22761.825001
22778.925001
22796.675001
22814.600001
22831.750001
22849.575001
22867.400001
22884.900001
22902.575001
22920.250001
22938.300001
22956.350001
22974.350001
22992.425001
23010.525001
23028.600001
23046.650001
23064.700001
23082.825001
23100.800001
23118.950001
23136.950001
23155.125001
23173.050001
23191.250001
23209.225001
23227.500001
23245.325001
23263.450001
23281.500001
23299.950001
23317.675001
23335.800001
23353.800001
23372.850001
23391.200001
23409.300001
23428.450001
23446.800001
23464.925001
23484.025001
23502.400001
23520.475001
23539.625001
23558.000001
23576.125001
23595.175001
23613.650001
23632.600001
23651.025001
23670.175001
23689.575001
23708.125001
23727.225001
23745.625001
23764.700001
23784.075001
23803.500001
23822.925001
23842.350001
23861.850001
23881.275001
23900.725001
23920.175001
23939.675001
23959.125001
23978.600001
23998.000001
24017.475001
24036.950001
24056.425001
24075.825001
24095.300001
24114.775001
24134.250001
24153.725001
24173.125001
24192.600001
24212.125001
24231.575001
24251.000001
24270.450001
24290.025001
24309.500001
24329.250001
24349.450001
24369.225001
24389.600001
24409.325001
24429.500001
24449.775001
24470.125001
24489.975001
24510.475001
24531.125001
24551.050001
24571.650001
24592.350001
24612.675001
24633.150001
24653.600001
24674.375001
24695.175001
24716.100001
24736.875001
24757.725001
24778.600001
24799.525001
24820.250001
24841.200001
24862.000001
24882.975001
24903.725001
24924.675001
24945.425001
24967.225001
24988.400001
25009.325001
25030.500001
25052.025001
25073.175001
25095.100001
25116.900001
25138.400001
25159.600001
25181.350001
25203.450001
25225.550001
25247.600001
25269.350001
25291.175001
25313.250001
25335.450001
25357.700001
25379.950001
25402.225001
25424.500001
25446.750001
25469.025001
25491.325001
25513.525001
25535.800001
25558.150001
25581.100001
25603.675001
25626.050001
25648.550001
25671.650001
25695.050001
25717.700001
25741.050001
25764.550001
25787.575001
25810.800001
25834.150001
25857.725001
25881.350001
25905.025001
25928.675001
25952.375001
25975.925001
26000.100001
26024.275001
26048.125001
26072.825001
26096.950001
26121.400001
26145.575001
26170.200001
26195.150001
26220.125001
26245.175001
26270.200001
26295.275001
26320.325001
26345.400001
26370.475001
26395.775001
26421.575001
26447.675001
26473.275001
26499.425001
26525.725001
26552.175001
26578.650001
26605.175001
26631.600001
26658.750001
26685.675001
26713.125001
26740.825001
26768.650001
26796.600001
26824.525001
26852.550001
26881.150001
26909.400001
26938.250001
26967.425001
26996.700001
27025.925001
27056.100001
27085.900001
27116.175001
27146.725001
27177.525001
27208.950001
27240.425001
27272.600001
27304.925001
27337.275001
27370.250001
27403.700001
27437.375001
27471.775001
27506.600001
27542.400001
27578.700001
27615.600001
27653.575001
27692.400001
27731.675001
27772.150001
27813.675001
27856.700001
27901.250001
27948.150001
27998.100001
28052.175001
28117.875001
