100.000000
8.000000
1356.000000
1429.325000
1498.950000
1566.000000
1631.175000
1694.750000
1756.925000
1817.850000
1877.425000
1935.975000
1993.550000
2050.475000
2106.675000
2162.050000
2216.650000
2270.450000
2323.825000
2376.275000
2428.700000
2480.325000
2531.475000
2582.075000
2632.175000
2681.875000
2731.275000
2780.375000
2829.250000
2877.500000
2925.325000
2973.250000
3020.500000
3067.825000
3114.250000
3160.800000
3207.100000
3252.725000
3298.300000
3343.725000
3388.950000
3434.075000
3479.050000
3523.500000
3567.875000
3612.075000
3655.975000
3699.600000
3742.875000
3785.900000
3829.150000
3871.875000
3914.225000
3956.900000
3998.750000
4041.150000
4083.150000
4124.775000
4166.500000
4207.925000
4249.125000
4290.550000
4331.400000
4372.475000
4413.275000
4453.900000
4494.325000
4534.675000
4574.700000
4614.550000
4654.575000
4694.375000
4734.275000
4773.725000
4813.275000
4852.525000
4891.525000
4930.350000
4969.200000
5007.975000
5046.800000
5085.575000
5124.300000
5162.875000
5201.225000
5239.225000
5277.050000
5315.000000
5352.600000
5390.400000
5427.875000
5465.050000
5502.450000
5540.075000
5576.700000
5613.650000
5651.075000
5687.475000
5724.500000
5761.200000
5797.300000
5834.375000
5870.500000
5907.025000
5942.900000
5979.275000
6015.025000
6051.250000
6086.600000
6123.175000
6158.275000
6194.200000
6230.000000
6265.200000
6301.075000
6335.900000
6370.800000
6406.575000
6441.450000
6476.175000
6511.100000
6545.875000
6580.350000
6614.975000
6649.725000
6684.550000
6719.025000
6752.975000
6787.275000
6821.100000
6855.500000
6889.975000
6923.800000
6957.925000
6991.600000
7025.025000
7058.350000
7091.900000
7125.175000
7158.350000
7191.700000
7224.900000
7258.125000
7291.475000
7324.700000
7357.975000
7391.350000
7424.550000
7457.850000
7491.225000
7524.350000
7557.675000
7590.900000
7623.675000
7656.750000
7688.975000
7720.900000
7753.075000
7785.750000
7818.175000
7851.000000
7883.125000
7914.975000
7947.025000
7979.350000
8011.150000
8042.850000
8074.725000
8106.875000
8138.550000
8169.750000
8201.800000
8233.425000
8264.325000
8296.550000
8328.850000
8359.600000
8391.325000
8423.100000
8454.050000
8485.600000
8517.450000
8548.300000
8579.925000
8611.000000
8641.550000
8673.150000
8703.725000
8734.850000
8765.150000
8795.925000
8826.200000
8857.050000
8887.200000
8918.025000
8948.075000
8979.175000
9008.450000
9039.575000
9069.400000
9099.925000
9130.175000
9159.775000
9190.300000
9219.500000
9249.875000
9280.100000
9309.600000
9340.100000
9369.300000
9398.575000
9429.075000
9458.125000
9487.425000
9517.825000
9546.975000
9576.175000
9605.750000
9635.525000
9664.075000
9693.275000
9723.425000
9752.450000
9780.750000
9809.850000
9839.800000
9869.075000
9897.325000
9926.275000
9955.500000
9984.650000
10013.500000
10041.725000
10070.575000
10098.700000
10127.900000
10156.925000
10185.725000
10213.800000
10242.775000
10270.925000
10300.075000
10329.175000
10357.950000
10386.025000
10414.575000
10443.525000
10473.400000
10502.075000
10530.475000
10558.700000
10587.525000
10616.700000
10645.725000
10674.550000
10702.750000
10731.375000
10760.700000
10790.150000
10818.950000
10847.175000
10876.025000
10905.025000
10934.600000
10963.425000
10991.675000
11020.500000
11048.700000
11077.900000
11106.925000
11135.725000
11163.800000
11192.775000
11220.925000
11250.075000
11279.175000
11307.950000
11336.025000
11364.575000
11393.525000
11423.375000
11452.050000
11480.475000
11508.650000
11537.475000
11566.650000
11595.700000
11624.525000
11652.750000
11681.400000
11710.700000
11740.150000
11768.950000
11797.175000
11826.025000
11855.025000
11884.600000
11913.425000
11941.675000
11970.500000
11998.700000
12027.900000
12056.925000
12085.725000
12113.800000
12142.775000
12170.925000
12200.075000
12229.175000
12257.950000
12286.025000
12314.575000
12343.525000
12373.375000
12402.050000
12430.475000
12458.650000
12487.475000
12516.650000
12545.700000
12574.525000
12602.750000
12631.400000
12660.700000
12690.150000
12718.950000
12747.175000
12776.025000
12805.025000
12834.600000
12863.425000
12891.675000
12920.500000
12948.700000
12977.900000
13006.925000
13035.725000
13063.800000
13092.775000
13120.925000
13150.075000
13179.175000
13207.950000
13236.025000
13264.575000
13293.525000
13323.375000
13352.050000
13380.475000
13408.650000
13437.475000
13466.650000
13495.700000
13524.525000
13552.750000
13581.400000
13610.700000
13640.150000
13668.950000
13697.175000
13726.025000
13755.025000
13784.600000
13813.425000
13841.675000
13870.500000
13898.700000
13927.900000
13956.925000
13985.725000
14013.800000
14042.775000
14070.925000
14100.075000
14129.175000
14157.950000
14186.025000
14214.575000
14243.525000
14273.375000
14302.050000
14330.475000
14358.650000
14387.475000
14416.650000
14445.700000
14474.525000
14502.750000
14531.400000
14560.700000
14590.150000
14618.950000
14647.175000
14676.025000
14705.025000
14734.600000
14763.425000
14791.675000
14820.500000
14848.700000
14877.900000
14906.925000
14935.725000
14963.800000
14992.775000
15020.925000
15050.075000
15079.175000
15107.950000
15136.025000
15164.575000
15193.525000
15223.375000
15252.050000
15280.475000
15308.650000
15337.475000
15366.650000
15395.700000
15424.525000
15452.750000
15481.400000
15510.700000
15540.150000
15568.950000
15597.175000
15626.025000
15655.025000
15684.600000
15713.425000
15741.675000
15770.500000
15798.700000
15827.900000
15856.925000
15885.725000
15913.800000
15942.775000
15970.925000
16000.075000
16029.175000
16057.950000
16086.025000
16114.575000
16143.525000
16173.375000
16202.050000
16230.475000
16258.650000
16287.475000
16316.650000
16345.700000
16374.525000
16402.750000
16431.400000
16460.700000
16490.150000
16518.950000
16547.175000
16576.025000
16605.025000
16634.600000
16663.425000
16691.675000
16720.500000
16748.700000
16777.900000
16806.925000
16835.725000
16863.800000
16892.775000
16920.925000
16950.075000
16979.175000
17007.950000
17036.025000
17064.575000
17093.525000
17123.375000
17152.050000
17180.475000
17208.650000
17237.475000
17266.650000
17295.700000
17324.525000
17352.750000
17381.400000
17410.700000
17440.150000
17468.950000
17497.175000
17526.025000
17555.025000
17584.600000
17613.425000
17641.675000
17670.500000
17698.700000
17727.900000
17756.925000
17785.725000
17813.800000
17842.775000
17870.925000
17900.075000
17929.175000
17957.950000
17986.025000
18014.575000
18043.525000
18073.375000
18102.050000
18130.475000
18158.650000
18187.475000
18216.650000
18245.700001
18274.525001
18302.750001
18331.400001
18360.700001
18390.150001
18418.950001
18447.175001
18476.025001
18505.025001
18534.600001
18563.425001
18591.675001
18620.500001
18648.700001
18677.900001
18706.925001
18735.725001
18763.800001
18792.775001
18820.925001
18850.075001
18879.175001
18907.950001
18936.025001
18964.575001
18993.525001
19023.375001
19052.050001
19080.475001
19108.650001
19137.475001
19166.650001
19195.700001
19224.525001
19252.750001
19281.400001
19310.700001
19340.150001
19368.950001
19397.175001
19426.025001
19455.025001
19484.600001
19513.425001
19541.675001
19570.500001
19598.700001
19627.900001
19656.925001
19685.725001
19713.800001
19742.775001
19770.925001
19800.075001
19829.175001
19857.950001
19886.025001
19914.575001
19943.525001
19973.375001
20002.050001
20030.475001
20058.650001
20087.475001
20116.700001
20145.750001
20174.650001
20202.825001
20231.825001
20261.025001
20290.275001
20319.200001
20347.975001
20377.750001
20407.025001
20435.900001
20465.050001
20494.600001
20523.975001
20552.825001
20582.150001
20612.400001
20641.525001
20670.725001
20701.150001
20730.325001
20759.700001
20790.150001
20819.325001
20848.675001
20879.225001
20908.275001
20938.725001
20969.000001
20998.575001
21029.250001
21058.400001
21089.100001
21119.225001
21149.500001
21180.250001
21210.800001
21241.400001
21271.850001
21302.500001
21333.225001
21363.625001
21394.500001
21424.850001
21456.125001
21486.300001
21517.975001
21548.400001
21580.025001
21611.100001
21641.700001
21673.450001
21704.150001
21735.700001
21767.750001
21798.450001
21830.200001
21862.250001
21893.025001
21924.750001
21956.825001
21988.150001
22019.775001
22052.175001
22084.600001
22116.500001
22148.175001
22180.300001
22212.625001
22245.200001
22277.525001
22309.525001
22341.600001
22374.400001
22407.150001
22440.050001
22472.525001
22505.275001
22537.475001
22570.225001
22602.850001
22635.825001
22669.075001
22702.325001
22735.675001
22769.075001
22802.425001
22835.750001
22869.175001
22902.525001
22935.850001
22969.275001
23002.650001
23035.975001
23069.450001
23102.925001
23136.500001
23170.575001
23204.400001
23238.650001
23273.250001
23307.675001
23341.725001
23376.075001
23410.700001
23445.650001
23480.200001
23514.750001
23549.850001
23584.750001
23619.300001
23654.150001
23689.650001
23724.775001
23759.700001
23795.550001
23830.425001
23866.175001
23902.125001
23937.550001
23973.525001
24009.000001
24045.625001
24081.250001
24117.925001
24153.900001
24190.325001
24226.250001
24263.050001
24299.750001
24335.975001
24373.275001
24409.675001
24446.825001
24484.325001
24520.925001
24558.100001
24595.700001
24633.075001
24670.475001
24708.075001
24745.925001
24784.075001
24822.150001
24859.825001
24898.050001
24936.100001
24974.675001
25013.400001
25052.325001
25091.325001
25130.225001
25169.225001
25208.150001
25247.175001
25286.200001
25325.800001
25365.375001
25405.300001
25445.525001
25485.625001
25525.875001
25566.500001
25607.000001
25647.225001
25687.950001
25729.175001
25770.025001
25811.500001
25852.675001
25894.300001
25935.825001
25977.750001
26019.475001
26062.050001
26104.250001
26146.875001
26189.925001
26232.875001
26276.000001
26319.275001
26362.950001
26406.850001
26450.975001
26495.400001
26539.975001
26584.625001
26629.525001
26674.550001
26719.675001
26765.025001
26810.800001
26856.950001
26902.875001
26949.400001
26996.525001
27043.650001
27091.275001
27138.900001
27186.750001
27235.400001
27284.350001
27333.275001
27382.575001
27432.325001
27482.375001
27532.925001
27584.125001
27635.650001
27687.400001
27739.900001
27792.700001
27846.150001
27899.950001
27954.275001
28009.300001
28064.975001
28121.300001
28178.700001
28236.500001
28295.450001
28355.100001
28415.575001
28477.050001
28539.950001
28603.850001
28669.200001
28736.000001
28804.575001
28875.250001
28948.375001
29024.725001
29104.875001
29190.525001
29287.325001
