20.000000
2.000000
1513.825000
1568.875000
1620.250000
1668.275000
1713.400000
1756.425000
1797.650000
1836.900000
1874.650000
1911.175000
1946.575000
1981.175000
2014.625000
2047.250000
2078.800000
2109.700000
2139.875000
2169.900000
2199.200000
2228.225000
2256.375000
2284.150000
2311.775000
2338.750000
2365.425000
2392.125000
2418.525000
2444.825000
2470.400000
2496.325000
2521.775000
2547.050000
2572.450000
2597.725000
2622.875000
2647.900000
2672.875000
2697.825000
2722.750000
2747.375000
2771.725000
2796.350000
2820.425000
2845.025000
2869.075000
2892.950000
2917.275000
2941.200000
2964.925000
2988.750000
3012.325000
3035.900000
3059.325000
3082.900000
3106.425000
3129.975000
3153.550000
3177.125000
3200.675000
3224.250000
3247.800000
3270.775000
3293.925000
3317.300000
3340.450000
3363.350000
3386.700000
3409.350000
3432.500000
3455.250000
3478.400000
3500.925000
3523.500000
3546.400000
3568.975000
3591.525000
3614.275000
3636.825000
3659.200000
3681.475000
3703.725000
3725.875000
3748.075000
3770.275000
3792.475000
3814.700000
3836.900000
3859.075000
3881.275000
3903.500000
3925.650000
3947.850000
3970.050000
3992.250000
4014.400000
4036.050000
4057.725000
4079.775000
4101.200000
4122.925000
4145.000000
4166.575000
4188.175000
4209.400000
4231.200000
4252.475000
4274.075000
4295.300000
4317.200000
4338.375000
4359.375000
4380.925000
4402.175000
4423.150000
4444.625000
4465.850000
4486.900000
4507.850000
4528.750000
4549.725000
4570.325000
4591.250000
4612.000000
4632.850000
4653.625000
4674.450000
4695.225000
4716.125000
4736.875000
4757.675000
4778.525000
4799.350000
4820.100000
4840.975000
4861.775000
4882.475000
4903.375000
4923.450000
4943.900000
4964.550000
4984.825000
5005.050000
5025.625000
5045.525000
5066.025000
5086.425000
5106.450000
5126.275000
5146.575000
5167.200000
5186.975000
5207.025000
5227.150000
5246.975000
5267.275000
5286.975000
5306.675000
5326.100000
5345.675000
5365.175000
5385.225000
5405.025000
5424.650000
5444.500000
5464.300000
5484.075000
5503.625000
5523.075000
5542.525000
5562.025000
5581.425000
5600.850000
5620.250000
5639.725000
5659.150000
5678.625000
5697.975000
5717.425000
5736.875000
5756.325000
5775.700000
5795.150000
5814.600000
5834.050000
5853.500000
5872.900000
5892.325000
5911.775000
5931.200000
5950.625000
5970.025000
5989.500000
6008.350000
6027.275000
6046.475000
6065.000000
6084.075000
6103.400000
6122.775000
6141.375000
6160.350000
6178.850000
6197.875000
6217.225000
6235.650000
6254.075000
6272.925000
6291.475000
6309.675000
6328.500000
6346.900000
6365.000000
6384.000000
6402.325000
6420.400000
6439.525000
6457.800000
6475.925000
6495.025000
6513.300000
6531.475000
6550.500000
6568.825000
6586.975000
6605.250000
6623.125000
6641.325000
6659.225000
6677.525000
6695.300000
6713.400000
6731.425000
6749.625000
6767.475000
6785.575000
6803.600000
6821.775000
6839.700000
6857.750000
6875.750000
6893.925000
6911.875000
6929.925000
6947.950000
6966.100000
6984.075000
7002.125000
7020.125000
7038.200000
7056.275000
7074.275000
7092.325000
7109.650000
7127.375000
7145.150000
7163.100000
7181.175000
7198.225000
7216.150000
7234.025000
7251.075000
7268.825000
7286.750000
7303.800000
7321.575000
7339.525000
7356.550000
7374.300000
7391.750000
7409.100000
7425.975000
7442.975000
7460.500000
7478.425000
7495.325000
7512.375000
7529.850000
7546.925000
7564.475000
7581.425000
7598.200000
7615.025000
7631.750000
7648.325000
7665.050000
7681.700000
7698.250000
7714.950000
7731.600000
7748.200000
7764.900000
7781.550000
7798.150000
7814.850000
7831.525000
7848.125000
7864.825000
7881.500000
7898.100000
7914.800000
7931.450000
7948.075000
7964.775000
7981.425000
7998.050000
8014.750000
8031.400000
8048.025000
8064.725000
8081.375000
8098.000000
8114.700000
8131.375000
8147.975000
8164.675000
8181.350000
8197.975000
8214.650000
8231.325000
8247.950000
8264.625000
8281.300000
8297.925000
8314.625000
8331.275000
8347.900000
8364.600000
8381.250000
8397.900000
8414.575000
8431.225000
8447.875000
8464.525000
8481.175000
8497.825000
8513.750000
8529.950000
8545.725000
8561.925000
8578.500000
8595.100000
8611.775000
8628.425000
8645.050000
8661.450000
8677.550000
8692.775000
8709.075000
8725.475000
8741.325000
8756.875000
8772.950000
8789.550000
8805.375000
8820.525000
8836.825000
8852.475000
8867.775000
8884.050000
8900.550000
8916.375000
8931.550000
8947.850000
8963.400000
8978.850000
8995.100000
9010.775000
9025.925000
9042.250000
9057.800000
9073.150000
9089.550000
9105.125000
9120.325000
9135.775000
9150.950000
9167.300000
9182.850000
9198.075000
9213.500000
9228.750000
9245.025000
9260.550000
9275.800000
9291.300000
9306.475000
9322.100000
9337.000000
9352.350000
9367.525000
9383.000000
9398.050000
9413.375000
9428.650000
9444.150000
9459.150000
9474.500000
9489.725000
9505.125000
9520.225000
9535.550000
9550.775000
9566.275000
9581.350000
9596.650000
9611.900000
9627.300000
9642.400000
9657.725000
9672.975000
9688.325000
9703.550000
9718.825000
9734.100000
9748.550000
9763.450000
9778.575000
9793.100000
9807.925000
9822.975000
9838.250000
9853.525000
9867.825000
9882.900000
9897.925000
9912.350000
9927.400000
9942.375000
9956.700000
9971.775000
9986.800000
10001.025000
10016.200000
10031.200000
10045.425000
10060.525000
10075.650000
10089.925000
10104.950000
10120.075000
10134.350000
10148.500000
10163.325000
10178.500000
10192.650000
10207.700000
10222.900000
10237.125000
10252.125000
10267.350000
10281.575000
10296.575000
10311.800000
10325.950000
10341.075000
10356.250000
10370.400000
10385.450000
10400.675000
10414.900000
10429.925000
10445.125000
10459.350000
10474.350000
10489.575000
10503.800000
10518.775000
10534.025000
10548.175000
10563.225000
10578.500000
10592.625000
10607.700000
10622.900000
10637.125000
10652.125000
10667.350000
10681.575000
10696.575000
10711.800000
10725.950000
10741.075000
10756.250000
10770.400000
10785.450000
10800.675000
10814.900000
10829.925000
10845.125000
10859.350000
10874.350000
10889.575000
10903.800000
10918.775000
10934.025000
10948.175000
10963.225000
10978.500000
10992.625000
11007.700000
11022.900000
11037.125000
11052.125000
11067.350000
11081.575000
11096.575000
11111.800000
11125.950000
11141.075000
11156.250000
11170.400000
11185.450000
11200.675000
11214.900000
11229.925000
11245.125000
11259.350000
11274.350000
11289.575000
11303.800000
11318.775000
11334.025000
11348.175000
11363.225000
11378.500000
11392.625000
11407.700000
11422.900000
11437.125000
11452.125000
11467.350000
11481.575000
11496.575000
11511.800000
11525.950000
11541.075000
11556.250000
11570.400000
11585.450000
11600.675000
11614.900000
11629.925000
11645.125000
11659.350000
11674.350000
11689.575000
11703.800000
11718.775000
11734.025000
11748.175000
11763.225000
11778.500000
11792.625000
11807.700000
11822.900000
11837.125000
11852.125000
11867.350000
11881.575000
11896.575000
11911.800000
11925.950000
11941.075000
11956.250000
11970.400000
11985.450000
12000.675000
12014.900000
12029.925000
12045.125000
12059.350000
12074.350000
12089.575000
12103.800000
12118.775000
12134.025000
12148.175000
12163.225000
12178.500000
12192.625000
12207.700000
12222.900000
12237.125000
12252.125000
12267.350000
12281.575000
12296.575000
12311.800000
12325.950000
12341.075000
12356.250000
12370.400000
12385.450000
12400.675000
12414.900000
12429.925000
12445.125000
12459.350000
12474.350000
12489.575000
12503.800000
12518.775000
12534.025000
12548.175000
12563.225000
12578.500000
12592.625000
12607.700000
12622.900000
12637.125000
12652.125000
12667.350000
12681.575000
12696.575000
12711.800000
12725.950000
12741.075000
12756.250000
12770.400000
12785.450000
12800.675000
12814.900000
12829.925000
12845.125000
12859.350000
12874.350000
12889.575000
12903.800000
12918.775000
12934.025000
12948.175000
12963.225000
12978.500000
12992.625000
13007.700000
13022.900000
13037.125000
13052.125000
13067.350000
13081.575000
13096.575000
13111.800000
13125.950000
13141.075000
13156.250000
13170.400000
13185.450000
13200.675000
13214.900000
13229.925000
13245.125000
13259.350000
13274.350000
13289.575000
13303.800000
13318.775000
13334.025000
13348.175000
13363.225000
13378.500000
13392.625000
13407.700000
13422.900000
13437.125000
13452.125000
13467.350000
13481.575000
13496.575000
13511.800000
13525.950000
13541.075000
13556.250000
13570.400000
13585.450000
13600.675000
13614.900000
13629.925000
13645.125000
13659.350000
13674.350000
13689.575000
13703.800000
13718.775000
13734.025000
13748.175000
13763.225000
13778.500000
13792.625000
13807.700000
13822.900000
13837.125000
13852.125000
13867.350000
13881.575000
13896.575000
13911.800000
13925.950000
13941.075000
13956.250000
13970.400000
13985.450000
14000.675000
14014.900000
14029.925000
14045.125000
14059.350000
14074.350000
14089.575000
14103.800000
14118.775000
14134.025000
14148.175000
14163.225000
14178.500000
14192.625000
14207.700000
14222.900000
14237.125000
14252.125000
14267.350000
14281.575000
14296.575000
14311.800000
14325.950000
14341.075000
14356.250000
14370.400000
14385.450000
14400.675000
14414.900000
14429.925000
14445.125000
14459.350000
14474.350000
14489.575000
14503.800000
14518.775000
14534.025000
14548.175000
14563.225000
14578.500000
14592.625000
14607.700000
14622.900000
14637.125000
14652.125000
14667.350000
14681.575000
14696.575000
14711.800000
14725.950000
14741.075000
14756.250000
14770.400000
14785.450000
14800.675000
14814.900000
14829.925000
14845.125000
14859.350000
14874.350000
14889.575000
14903.800000
14918.775000
14934.025000
14948.175000
14963.225000
14978.500000
14992.625000
15007.700000
15022.900000
15037.125000
15052.125000
15067.350000
15081.575000
15096.575000
15111.800000
15125.950000
15141.075000
15156.250000
15170.400000
15185.450000
15200.675000
15214.900000
15229.925000
15245.125000
15259.350000
15274.350000
15289.575000
15303.800000
15318.775000
15334.025000
15348.175000
15363.225000
15378.500000
15392.625000
15407.700000
15422.900000
15437.125000
15452.125000
15467.350000
15481.575000
15496.575000
15511.800000
15525.950000
15541.075000
15556.250000
15570.400000
15585.450000
15600.675000
15614.900000
15629.925000
15645.125000
15659.350000
15674.350000
15689.575000
15703.800000
15718.775000
15734.025000
15748.175000
15763.225000
15778.500000
15792.625000
15807.700000
15822.900000
15837.125000
15852.125000
15867.350000
15881.575000
15896.575000
15911.800000
15925.950000
15941.075000
15956.250000
15970.400000
15985.450000
16000.675000
16014.900000
16029.925000
16045.125000
16059.350000
16074.350000
16089.575000
16103.800000
16118.775000
16134.025000
16148.175000
16163.225000
16178.500000
16192.625000
16207.700000
16222.900000
16237.125000
16252.125000
16267.350000
16281.575000
16296.575000
16311.800000
16325.950000
16341.075000
16356.250000
16370.400000
16385.450000
16400.675000
16414.900000
16429.925000
16445.125000
16459.350000
16474.350000
16489.575000
16503.800000
16518.775000
16534.025000
16548.175000
16563.225000
16578.500000
16592.625000
16607.700000
16622.900000
16637.125000
16652.125000
16667.350000
16681.575000
16696.575000
16711.800000
16725.950000
16741.075000
16756.250000
16770.400000
16785.450000
16800.675000
16814.900000
16829.925000
16845.125000
16859.350000
16874.350000
16889.575000
16903.800000
16918.775000
16934.025000
16948.175000
16963.225000
16978.500000
16992.625000
17007.700000
17022.900000
17037.125000
17052.125000
17067.350000
17081.575000
17096.575000
17111.800000
17125.950000
17141.075000
17156.250000
17170.400000
17185.450000
17200.675000
17214.900000
17229.925000
17245.125000
17259.350000
17274.350000
17289.575000
17303.800000
17318.775000
17334.025000
17348.175000
17363.225000
17378.500000
17392.625000
17407.700000
17422.900000
17437.125000
17452.125000
17467.350000
17481.575000
17496.575000
17511.800000
17525.950000
17541.075000
17556.250000
17570.400000
17585.450000
17600.675000
17614.900000
17629.925000
17645.125000
17659.350000
17674.350000
17689.575000
17703.800000
17718.775000
17734.025000
17748.175000
17763.225000
17778.500000
17792.625000
17807.700000
17822.900000
17837.125000
17852.125000
17867.350000
17881.575000
17896.575000
17911.800000
17925.950000
17941.075000
17956.250000
17970.400000
17985.450000
18000.675000
18014.900000
18029.925000
18045.125000
18059.350000
18074.350000
18089.575000
18103.800000
18118.775000
18134.025000
18148.175000
18163.225000
18178.500000
18192.625000
18207.700000
18222.900000
18237.125001
18252.125001
18267.350001
18281.575001
18296.575001
18311.800001
18325.950001
18341.075001
18356.250001
18370.400001
18385.450001
18400.675001
18414.900001
18429.925001
18445.125001
18459.350001
18474.350001
18489.575001
18503.800001
18518.775001
18534.025001
18548.175001
18563.225001
18578.500001
18592.625001
18607.700001
18622.900001
18637.125001
18652.125001
18667.350001
18681.575001
18696.575001
18711.800001
18725.950001
18741.075001
18756.250001
18770.400001
18785.450001
18800.675001
18814.900001
18829.925001
18845.125001
18859.350001
18874.350001
18889.575001
18903.800001
18918.775001
18934.025001
18948.175001
18963.225001
18978.500001
18992.625001
19007.700001
19022.900001
19037.125001
19052.125001
19067.350001
19081.575001
19096.575001
19111.800001
19125.950001
19141.075001
19156.250001
19170.400001
19185.450001
19200.675001
19214.900001
19229.925001
19245.125001
19259.350001
19274.350001
19289.575001
19303.800001
19318.775001
19334.025001
19348.175001
19363.225001
19378.500001
19392.625001
19407.700001
19422.900001
19437.125001
19452.125001
19467.350001
19481.575001
19496.575001
19511.800001
19525.950001
19541.075001
19556.250001
19570.400001
19585.450001
19600.675001
19614.900001
19629.925001
19645.125001
19659.350001
19674.350001
19689.575001
19703.800001
19718.775001
19734.025001
19748.175001
19763.225001
19778.500001
19792.625001
19807.700001
19822.900001
19837.125001
19852.125001
19867.350001
19881.575001
19896.575001
19911.800001
19925.950001
19941.075001
19956.250001
19970.400001
19985.450001
20000.675001
20014.900001
20029.925001
20045.125001
20059.350001
20074.350001
20089.575001
20103.800001
20118.825001
20134.050001
20148.200001
20163.275001
20178.525001
20192.700001
20207.725001
20222.925001
20237.250001
20252.250001
20267.375001
20281.750001
20296.725001
20311.875001
20326.125001
20341.200001
20356.325001
20370.650001
20385.600001
20400.750001
20416.125001
20431.300001
20446.075001
20461.800001
20476.150001
20491.250001
20506.350001
20521.700001
20536.875001
20552.175001
20567.425001
20582.825001
20597.975001
20613.300001
20628.600001
20644.025001
20659.125001
20674.475001
20689.700001
20705.125001
20720.225001
20735.575001
20750.825001
20766.425001
20781.400001
20796.750001
20811.975001
20827.550001
20842.500001
20857.850001
20873.075001
20888.675001
20903.700001
20919.075001
20934.250001
20950.550001
20966.200001
20981.425001
20996.875001
21012.075001
21028.425001
21044.025001
21059.225001
21074.750001
21089.900001
21106.225001
21121.875001
21137.050001
21152.700001
21167.775001
21184.025001
21199.775001
21214.900001
21231.050001
21246.775001
21262.175001
21278.500001
21294.825001
21310.650001
21325.950001
21342.325001
21357.950001
21373.375001
21389.625001
21406.200001
21422.750001
21438.575001
21453.975001
21470.150001
21485.950001
21502.150001
21517.725001
21534.100001
21550.650001
21567.300001
21583.975001
21600.625001
21617.300001
21633.975001
21650.625001
21667.325001
21684.000001
21700.650001
21717.325001
21734.025001
21750.675001
21767.350001
21784.050001
21800.675001
21817.375001
21834.075001
21850.700001
21867.375001
21884.075001
21900.725001
21917.400001
21934.100001
21950.725001
21967.425001
21984.125001
22000.750001
22017.425001
22034.150001
22050.775001
22067.450001
22084.175001
22100.800001
22117.475001
22134.200001
22150.825001
22167.500001
22184.225001
22200.850001
22217.525001
22234.250001
22250.875001
22267.550001
22284.275001
22300.900001
22317.575001
22334.325001
22350.925001
22367.625001
22384.350001
22400.975001
22417.650001
22434.400001
22451.025001
22467.700001
22484.475001
22501.100001
22517.775001
22534.650001
22551.950001
22569.050001
22585.975001
22603.475001
22620.300001
22637.250001
22654.775001
22672.725001
22689.750001
22706.850001
22724.350001
22741.950001
22759.150001
22776.075001
22793.800001
22811.750001
22828.800001
22846.550001
22864.350001
22881.500001
22899.350001
22917.325001
22934.475001
22952.175001
22970.100001
22987.300001
23005.025001
23022.925001
23040.950001
23059.000001
23076.175001
23094.025001
23111.850001
23129.875001
23147.900001
23166.050001
23184.075001
23202.125001
23220.150001
23238.275001
23256.325001
23274.400001
23292.425001
23310.550001
23328.600001
23346.700001
23364.700001
23382.850001
23400.800001
23418.975001
23436.950001
23455.150001
23473.075001
23491.275001
23509.225001
23527.600001
23545.375001
23563.525001
23581.525001
23600.525001
23618.875001
23637.000001
23656.000001
23674.425001
23692.550001
23711.725001
23730.025001
23748.175001
23767.300001
23785.625001
23803.900001
23822.875001
23841.350001
23859.550001
23878.500001
23897.025001
23915.950001
23934.375001
23953.475001
23972.775001
23991.375001
24010.375001
24028.975001
24047.925001
24067.300001
24086.100001
24105.000001
24124.275001
24142.825001
24161.900001
24181.250001
24200.650001
24220.075001
24239.550001
24259.000001
24278.475001
24297.875001
24317.350001
24336.825001
24356.300001
24375.700001
24395.175001
24414.650001
24434.125001
24453.575001
24473.000001
24492.450001
24511.950001
24531.400001
24550.825001
24570.275001
24589.800001
24609.250001
24628.750001
24648.125001
24667.625001
24687.100001
24706.625001
24726.000001
24745.525001
24765.025001
24784.925001
24804.925001
24824.700001
24845.025001
24864.750001
24884.600001
24904.825001
24924.725001
24945.075001
24964.850001
24985.350001
25005.700001
25025.750001
25045.825001
25066.150001
25086.725001
25106.725001
25127.175001
25147.850001
25167.950001
25188.350001
25209.025001
25229.800001
25250.625001
25271.300001
25292.275001
25313.100001
25334.025001
25354.875001
25375.700001
25396.600001
25417.425001
25438.300001
25459.125001
25480.000001
25500.825001
25521.800001
25542.525001
25563.425001
25584.300001
25605.275001
25625.950001
25647.050001
25667.825001
25689.450001
25710.575001
25731.575001
25753.325001
25774.500001
25795.575001
25817.300001
25838.575001
25860.100001
25881.450001
25903.400001
25924.775001
25946.525001
25967.900001
25989.650001
26011.725001
26033.875001
26055.950001
26077.875001
26099.550001
26121.575001
26143.700001
26165.925001
26188.125001
26210.350001
26232.625001
26254.875001
26277.175001
26299.425001
26321.700001
26343.975001
26366.250001
26388.475001
26410.750001
26433.050001
26455.425001
26478.300001
26500.775001
26523.200001
26545.650001
26568.575001
26591.225001
26614.300001
26636.950001
26659.675001
26682.650001
26706.000001
26728.775001
26752.025001
26775.425001
26798.225001
26821.575001
26845.050001
26868.550001
26892.200001
26915.675001
26939.425001
26963.075001
26986.775001
27010.425001
27034.100001
27057.750001
27081.425001
27105.125001
27128.800001
27152.575001
27176.150001
27200.475001
27224.425001
27248.275001
27272.750001
27296.800001
27321.000001
27345.225001
27369.900001
27394.225001
27418.750001
27443.325001
27467.700001
27492.400001
27517.325001
27542.275001
27567.300001
27592.325001
27617.375001
27642.425001
27667.500001
27692.550001
27717.650001
27742.725001
27768.000001
27793.525001
27818.975001
27844.800001
27870.275001
27896.200001
27921.875001
27947.850001
27973.900001
27999.850001
28025.800001
28052.100001
28078.500001
28104.900001
28131.350001
28157.825001
28184.350001
28211.025001
28237.850001
28264.700001
28291.825001
28318.850001
28346.200001
28373.325001
28400.750001
28428.425001
28456.200001
28484.025001
28511.900001
28539.800001
28567.750001
28595.950001
28624.300001
28652.750001
28681.325001
28710.125001
28739.050001
28767.900001
28796.975001
28826.125001
28855.600001
28885.275001
28915.000001
28945.075001
28975.400001
29005.900001
29036.575001
29067.400001
29098.300001
29129.650001
29161.125001
29192.725001
29224.675001
29256.900001
29289.525001
29322.450001
29355.625001
29389.225001
29423.100001
29457.475001
29492.275001
29527.475001
29563.200001
29599.500001
29636.475001
29674.150001
29712.650001
29752.100001
29792.675001
29834.650001
29878.400001
29924.375001
29973.450001
30027.200001
30090.775001
30725.275001
30791.600001
31404.425001
31470.200001
32007.550001
32073.325001
32599.000001
32664.775001
33186.400001
33252.150001
33771.100001
33836.850001
34355.675001
34421.450001
34941.075001
