2.000000
11.000000
3109.775000
3160.850000
3211.975000
3262.025000
3310.475000
3357.875000
3403.900000
3448.325000
3492.550000
3535.675000
3578.575000
3620.250000
3660.950000
3700.875000
3740.000000
3778.725000
3817.375000
3855.025000
3892.400000
3928.800000
3964.750000
4000.700000
4035.675000
4070.250000
4104.750000
4138.575000
4172.000000
4205.025000
4237.525000
4270.150000
4302.300000
4334.175000
4366.025000
4397.800000
4428.700000
4459.250000
4489.750000
4520.175000
4550.675000
4580.350000
4609.475000
4639.375000
4668.800000
4697.975000
4727.075000
4756.250000
4784.425000
4812.775000
4841.125000
4869.050000
4896.800000
4924.500000
4952.200000
4979.900000
5007.550000
5034.475000
5061.825000
5088.825000
5115.075000
5142.225000
5168.900000
5195.275000
5221.775000
5247.975000
5274.375000
5300.700000
5326.225000
5352.200000
5378.475000
5403.800000
5429.400000
5455.000000
5480.200000
5506.050000
5531.350000
5556.425000
5581.425000
5606.400000
5631.375000
5656.350000
5681.300000
5706.300000
5731.250000
5756.250000
5781.150000
5806.150000
5830.225000
5854.325000
5878.575000
5902.700000
5926.100000
5950.625000
5974.525000
5998.100000
6022.250000
6045.400000
6069.075000
6092.500000
6116.300000
6139.700000
6163.300000
6186.875000
6210.500000
6234.075000
6257.625000
6281.250000
6304.050000
6327.275000
6350.675000
6373.225000
6396.475000
6419.500000
6442.400000
6464.875000
6487.250000
6509.525000
6531.725000
6553.900000
6575.975000
6598.150000
6620.350000
6642.550000
6664.800000
6687.000000
6709.200000
6731.400000
6753.625000
6775.775000
6798.000000
6820.200000
6842.425000
6864.650000
6886.850000
6909.075000
6931.275000
6953.500000
6975.650000
6997.875000
7020.075000
7042.275000
7063.650000
7085.425000
7106.625000
7128.500000
7150.625000
7172.750000
7194.225000
7214.975000
7236.750000
7257.875000
7278.825000
7300.625000
7321.900000
7342.550000
7363.550000
7384.300000
7405.550000
7425.950000
7446.900000
7467.525000
7488.575000
7509.200000
7530.050000
7550.800000
7571.850000
7592.450000
7613.300000
7634.125000
7655.025000
7675.750000
7696.625000
7717.400000
7738.275000
7759.075000
7779.850000
7800.700000
7820.600000
7841.125000
7861.825000
7881.700000
7902.175000
7922.900000
7942.650000
7963.200000
7984.000000
8003.775000
8023.375000
8043.100000
8063.275000
8084.000000
8103.700000
8123.225000
8142.725000
8162.250000
8181.675000
8201.000000
8220.425000
8239.925000
8259.350000
8278.775000
8298.125000
8317.575000
8337.050000
8356.475000
8375.875000
8395.300000
8414.775000
8434.225000
8453.650000
8473.050000
8492.475000
8511.950000
8531.400000
8550.775000
8570.225000
8589.700000
8609.125000
8628.575000
8647.975000
8667.400000
8686.875000
8706.325000
8725.725000
8745.150000
8764.625000
8784.075000
8803.500000
8822.900000
8842.350000
8861.825000
8881.200000
8900.650000
8920.075000
8939.550000
8958.100000
8976.325000
8995.200000
9014.525000
9033.975000
9052.500000
9070.525000
9089.600000
9108.000000
9126.050000
9145.125000
9163.500000
9181.625000
9200.675000
9219.075000
9237.100000
9256.225000
9274.575000
9292.575000
9311.775000
9330.050000
9348.100000
9367.300000
9385.575000
9403.700000
9422.825000
9441.150000
9459.200000
9478.275000
9496.625000
9514.725000
9533.025000
9550.800000
9569.000000
9586.950000
9605.175000
9623.000000
9641.200000
9659.150000
9677.400000
9695.200000
9713.300000
9731.350000
9749.550000
9767.425000
9785.500000
9803.575000
9821.700000
9839.650000
9857.675000
9875.725000
9892.950000
9910.775000
9928.550000
9945.600000
9963.325000
9981.300000
9998.325000
10016.250000
10034.050000
10051.000000
10068.850000
10086.825000
10103.850000
10121.600000
10139.600000
10156.600000
10174.275000
10192.350000
10209.400000
10227.150000
10245.125000
10262.150000
10279.925000
10297.900000
10314.950000
10332.775000
10350.675000
10367.650000
10385.475000
10403.500000
10420.450000
10438.325000
10456.275000
10473.200000
10491.075000
10509.025000
10525.975000
10543.725000
10561.825000
10578.850000
10596.350000
10614.550000
10631.600000
10649.300000
10667.350000
10684.375000
10702.050000
10720.125000
10737.175000
10755.000000
10772.900000
10789.925000
10807.700000
10825.675000
10842.650000
10860.550000
10878.500000
10895.425000
10913.250000
10931.250000
10948.200000
10966.175000
10984.050000
11000.975000
11018.350000
11035.800000
11053.550000
11070.475000
11088.350000
11106.275000
11123.200000
11141.075000
11159.025000
11175.975000
11193.725000
11211.825000
11228.850000
11246.350000
11264.550000
11281.600000
11299.300000
11317.350000
11334.375000
11352.050000
11370.125000
11387.175000
11405.000000
11422.900000
11439.925000
11457.700000
11475.675000
11492.650000
11510.550000
11528.500000
11545.425000
11563.250000
11581.250000
11598.200000
11616.175000
11634.050000
11650.975000
11668.350000
11685.800000
11703.550000
11720.475000
11738.350000
11756.275000
11773.200000
11791.075000
11809.025000
11825.975000
11843.725000
11861.825000
11878.850000
11896.350000
11914.550000
11931.600000
11949.300000
11967.350000
11984.375000
12002.050000
12020.125000
12037.175000
12055.000000
12072.900000
12089.925000
12107.700000
12125.675000
12142.650000
12160.550000
12178.500000
12195.425000
12213.250000
12231.250000
12248.200000
12266.175000
12284.050000
12300.975000
12318.350000
12335.800000
12353.550000
12370.475000
12388.350000
12406.275000
12423.200000
12441.075000
12459.025000
12475.975000
12493.725000
12511.825000
12528.850000
12546.350000
12564.550000
12581.600000
12599.300000
12617.350000
12634.375000
12652.050000
12670.125000
12687.175000
12705.000000
12722.900000
12739.925000
12757.700000
12775.675000
12792.650000
12810.550000
12828.500000
12845.425000
12863.250000
12881.250000
12898.200000
12916.175000
12934.050000
12950.975000
12968.350000
12985.800000
13003.550000
13020.475000
13038.350000
13056.275000
13073.200000
13091.075000
13109.025000
13125.975000
13143.725000
13161.825000
13178.850000
13196.350000
13214.550000
13231.600000
13249.300000
13267.350000
13284.375000
13302.050000
13320.125000
13337.175000
13355.000000
13372.900000
13389.925000
13407.700000
13425.675000
13442.650000
13460.550000
13478.500000
13495.425000
13513.250000
13531.250000
13548.200000
13566.175000
13584.050000
13600.975000
13618.350000
13635.800000
13653.550000
13670.475000
13688.350000
13706.275000
13723.200000
13741.075000
13759.025000
13775.975000
13793.725000
13811.825000
13828.850000
13846.350000
13864.550000
13881.600000
13899.300000
13917.350000
13934.375000
13952.050000
13970.125000
13987.175000
14005.000000
14022.900000
14039.925000
14057.700000
14075.675000
14092.650000
14110.550000
14128.500000
14145.425000
14163.250000
14181.250000
14198.200000
14216.175000
14234.050000
14250.975000
14268.350000
14285.800000
14303.550000
14320.475000
14338.350000
14356.275000
14373.200000
14391.075000
14409.025000
14425.975000
14443.725000
14461.825000
14478.850000
14496.350000
14514.550000
14531.600000
14549.300000
14567.350000
14584.375000
14602.050000
14620.125000
14637.175000
14655.000000
14672.900000
14689.925000
14707.700000
14725.675000
14742.650000
14760.550000
14778.500000
14795.425000
14813.250000
14831.250000
14848.200000
14866.175000
14884.050000
14900.975000
14918.350000
14935.800000
14953.550000
14970.475000
14988.350000
15006.275000
15023.200000
15041.075000
15059.025000
15075.975000
15093.725000
15111.825000
15128.850000
15146.350000
15164.550000
15181.600000
15199.300000
15217.350000
15234.375000
15252.050000
15270.125000
15287.175000
15305.000000
15322.900000
15339.925000
15357.700000
15375.675000
15392.650000
15410.550000
15428.500000
15445.425000
15463.250000
15481.250000
15498.200000
15516.175000
15534.050000
15550.975000
15568.350000
15585.800000
15603.550000
15620.475000
15638.350000
15656.275000
15673.200000
15691.075000
15709.025000
15725.975000
15743.725000
15761.825000
15778.850000
15796.350000
15814.550000
15831.600000
15849.300000
15867.350000
15884.375000
15902.050000
15920.125000
15937.175000
15955.000000
15972.900000
15989.925000
16007.700000
16025.675000
16042.650000
16060.550000
16078.500000
16095.425000
16113.250000
16131.250000
16148.200000
16166.175000
16184.050000
16200.975000
16218.350000
16235.800000
16253.550000
16270.475000
16288.350000
16306.275000
16323.200000
16341.075000
16359.025000
16375.975000
16393.725000
16411.825000
16428.850000
16446.350000
16464.550000
16481.600000
16499.300000
16517.350000
16534.375000
16552.050000
16570.125000
16587.175000
16605.000000
16622.900000
16639.925000
16657.700000
16675.675000
16692.650000
16710.550000
16728.500000
16745.425000
16763.250000
16781.250000
16798.200000
16816.175000
16834.050000
16850.975000
16868.350000
16885.800000
16903.550000
16920.475000
16938.350000
16956.275000
16973.200000
16991.075000
17009.025000
17025.975000
17043.725000
17061.825000
17078.850000
17096.350000
17114.550000
17131.600000
17149.300000
17167.350000
17184.375000
17202.050000
17220.125000
17237.175000
17255.000000
17272.900000
17289.925000
17307.700000
17325.675000
17342.650000
17360.550000
17378.500000
17395.425000
17413.250000
17431.250000
17448.200000
17466.175000
17484.050000
17500.975000
17518.350000
17535.800000
17553.550000
17570.475000
17588.350000
17606.275000
17623.200000
17641.075000
17659.025000
17675.975000
17693.725000
17711.825000
17728.850000
17746.350000
17764.550000
17781.600000
17799.300000
17817.350000
17834.375000
17852.050000
17870.125000
17887.175000
17905.000000
17922.900000
17939.925000
17957.700000
17975.675000
17992.650000
18010.550000
18028.500000
18045.425000
18063.250000
18081.250000
18098.200000
18116.175000
18134.050000
18150.975000
18168.350000
18185.800000
18203.550000
18220.475000
18238.350001
18256.275001
18273.200001
18291.075001
18309.025001
18325.975001
18343.725001
18361.825001
18378.850001
18396.350001
18414.550001
18431.600001
18449.300001
18467.350001
18484.375001
18502.050001
18520.125001
18537.175001
18555.000001
18572.900001
18589.925001
18607.700001
18625.675001
18642.650001
18660.550001
18678.500001
18695.425001
18713.250001
18731.250001
18748.200001
18766.175001
18784.050001
18800.975001
18818.350001
18835.800001
18853.550001
18870.475001
18888.350001
18906.275001
18923.200001
18941.075001
18959.025001
18975.975001
18993.725001
19011.825001
19028.850001
19046.350001
19064.550001
19081.600001
19099.300001
19117.350001
19134.375001
19152.050001
19170.125001
19187.175001
19205.000001
19222.900001
19239.925001
19257.700001
19275.675001
19292.650001
19310.550001
19328.500001
19345.425001
19363.250001
19381.250001
19398.200001
19416.175001
19434.050001
19450.975001
19468.350001
19485.800001
19503.550001
19520.475001
19538.350001
19556.275001
19573.200001
19591.075001
19609.025001
19625.975001
19643.725001
19661.825001
19678.850001
19696.350001
19714.550001
19731.600001
19749.300001
19767.350001
19784.375001
19802.050001
19820.125001
19837.175001
19855.000001
19872.900001
19889.925001
19907.700001
19925.675001
19942.650001
19960.550001
19978.500001
19995.425001
20013.250001
20031.250001
20048.200001
20066.175001
20084.050001
20100.975001
20118.775001
20136.825001
20153.900001
20171.750001
20189.600001
20206.700001
20224.450001
20242.375001
20259.650001
20277.525001
20295.175001
20313.175001
20331.300001
20348.550001
20367.250001
20384.450001
20402.300001
20420.200001
20438.375001
20456.350001
20474.450001
20492.425001
20510.650001
20528.600001
20546.700001
20564.700001
20582.925001
20600.800001
20618.975001
20636.950001
20655.225001
20673.025001
20691.250001
20709.225001
20728.075001
20745.625001
20763.600001
20781.500001
20800.600001
20818.925001
20837.025001
20856.175001
20874.500001
20892.550001
20911.775001
20930.050001
20948.150001
20967.325001
20985.650001
21003.825001
21022.900001
21041.350001
21059.400001
21078.500001
21096.950001
21115.025001
21134.075001
21152.675001
21170.725001
21189.650001
21208.900001
21228.450001
21247.100001
21266.150001
21284.425001
21303.550001
21322.900001
21342.325001
21361.800001
21381.250001
21400.675001
21420.125001
21439.600001
21459.050001
21478.525001
21497.925001
21517.400001
21536.875001
21556.325001
21575.750001
21595.200001
21614.675001
21634.125001
21653.600001
21673.000001
21692.450001
21711.950001
21731.400001
21750.800001
21770.275001
21789.750001
21809.225001
21828.675001
21848.075001
21867.550001
21887.050001
21906.500001
21925.900001
21945.375001
21964.900001
21984.350001
22003.825001
22023.200001
22042.675001
22062.250001
22081.725001
22101.125001
22120.600001
22140.975001
22161.750001
22181.500001
22201.125001
22221.550001
22242.275001
22262.100001
22282.675001
22303.475001
22323.225001
22343.900001
22364.575001
22384.575001
22405.075001
22425.700001
22445.900001
22467.200001
22487.225001
22507.775001
22528.575001
22549.500001
22570.200001
22591.125001
22611.900001
22632.850001
22653.600001
22674.500001
22695.250001
22716.400001
22736.975001
22757.850001
22778.700001
22800.525001
22821.750001
22842.525001
22863.525001
22884.325001
22906.200001
22927.500001
22948.175001
22970.075001
22991.325001
23012.225001
23034.050001
23056.175001
23078.375001
23100.575001
23122.800001
23145.050001
23167.300001
23189.550001
23211.775001
23234.025001
23256.250001
23278.500001
23300.700001
23322.925001
23345.175001
23367.400001
23389.675001
23411.900001
23434.150001
23456.375001
23478.625001
23500.825001
23523.050001
23545.300001
23567.550001
23589.850001
23612.100001
23634.350001
23656.600001
23678.900001
23701.075001
23723.350001
23745.725001
23768.775001
23792.175001
23814.825001
23838.125001
23861.775001
23884.425001
23907.700001
23931.250001
23954.750001
23978.500001
24002.075001
24025.700001
24049.425001
24072.975001
24096.675001
24120.225001
24144.050001
24167.500001
24191.300001
24214.800001
24238.850001
24262.250001
24286.375001
24310.550001
24334.350001
24358.975001
24383.300001
24407.650001
24431.675001
24456.300001
24481.225001
24506.250001
24531.250001
24556.275001
24581.300001
24606.325001
24631.350001
24656.375001
24681.400001
24706.450001
24731.475001
24756.550001
24781.600001
24806.725001
24832.050001
24857.725001
24884.000001
24909.400001
24935.450001
24961.825001
24988.150001
25014.600001
25041.075001
25067.450001
25094.025001
25120.300001
25146.900001
25173.200001
25200.625001
25227.725001
25254.875001
25281.700001
25309.100001
25336.825001
25364.625001
25392.425001
25420.225001
25448.050001
25475.900001
25503.850001
25531.825001
25560.450001
25589.575001
25618.275001
25647.300001
25675.925001
25705.200001
25734.325001
25763.800001
25793.625001
25823.275001
25853.600001
25884.125001
25914.725001
25945.350001
25976.025001
26007.575001
26039.600001
26071.550001
26103.650001
26135.775001
26168.150001
26200.875001
26234.200001
26267.575001
26301.125001
26335.500001
26370.250001
26405.275001
26441.000001
26477.075001
26513.450001
26550.750001
26588.325001
26626.025001
26664.775001
26703.975001
26744.125001
26785.375001
26827.450001
26870.375001
26914.825001
26960.675001
27008.475001
27058.925001
27112.450001
27171.875001
