100.000000
37.000000
2377.250000
2437.250000
2495.900000
2552.325000
2607.450000
2661.050000
2713.850000
2766.025000
2818.200000
2869.375000
2920.050000
2970.475000
3020.475000
3070.150000
3119.525000
3168.950000
3218.075000
3266.525000
3314.375000
3362.700000
3410.000000
3457.775000
3505.050000
3552.325000
3598.675000
3645.575000
3691.650000
3737.375000
3783.200000
3829.175000
3874.625000
3919.550000
3964.225000
4008.825000
4053.550000
4098.025000
4142.450000
4186.300000
4230.375000
4274.425000
4318.350000
4362.150000
4405.400000
4448.275000
4491.475000
4534.625000
4576.825000
4619.375000
4662.250000
4704.150000
4746.625000
4788.725000
4830.400000
4872.175000
4913.675000
4955.300000
4996.825000
5037.700000
5079.325000
5119.850000
5160.925000
5201.925000
5242.575000
5283.275000
5323.850000
5363.775000
5403.975000
5444.100000
5484.575000
5524.550000
5563.875000
5603.625000
5643.050000
5682.375000
5721.950000
5761.225000
5800.925000
5840.300000
5879.650000
5918.900000
5957.975000
5996.875000
6035.725000
6074.550000
6113.375000
6152.150000
6191.050000
6229.825000
6268.200000
6306.725000
6344.475000
6381.900000
6419.425000
6457.675000
6495.775000
6533.175000
6570.375000
6608.025000
6645.750000
6682.700000
6719.625000
6757.250000
6794.175000
6830.550000
6868.025000
6904.300000
6941.400000
6978.175000
7014.025000
7051.275000
7087.200000
7123.850000
7159.675000
7196.250000
7231.975000
7268.550000
7304.300000
7340.875000
7376.350000
7412.650000
7448.025000
7484.600000
7519.475000
7555.425000
7591.275000
7626.225000
7662.325000
7697.100000
7731.975000
7767.925000
7802.625000
7837.375000
7873.100000
7908.050000
7942.775000
7977.725000
8012.775000
8047.100000
8081.550000
8116.575000
8151.350000
8185.800000
8219.575000
8254.050000
8288.400000
8323.475000
8357.850000
8391.650000
8425.300000
8459.300000
8493.050000
8526.550000
8560.800000
8595.175000
8629.550000
8663.500000
8697.025000
8730.400000
8763.725000
8797.100000
8830.400000
8863.700000
8897.050000
8930.325000
8963.625000
8996.975000
9030.250000
9063.550000
9096.875000
9130.200000
9163.475000
9196.775000
9230.125000
9263.400000
9296.625000
9330.075000
9363.300000
9396.250000
9429.375000
9462.400000
9494.950000
9527.325000
9559.575000
9591.625000
9624.575000
9657.150000
9690.050000
9721.300000
9753.575000
9785.900000
9818.275000
9851.075000
9882.100000
9913.775000
9946.075000
9978.475000
10009.775000
10041.575000
10073.675000
10105.450000
10136.125000
10168.650000
10201.250000
10232.000000
10263.700000
10295.850000
10326.925000
10358.300000
10391.075000
10423.475000
10454.375000
10485.950000
10518.125000
10549.550000
10580.575000
10613.350000
10645.725000
10676.425000
10708.150000
10740.375000
10771.700000
10802.975000
10835.650000
10867.975000
10898.675000
10930.375000
10962.600000
10994.125000
11025.075000
11057.775000
11090.200000
11120.875000
11152.650000
11184.825000
11216.600000
11247.325000
11280.100000
11312.425000
11343.100000
11374.850000
11407.050000
11438.725000
11469.525000
11502.075000
11534.625000
11565.400000
11597.100000
11629.425000
11661.050000
11691.950000
11724.525000
11756.875000
11787.650000
11819.325000
11851.450000
11883.150000
11913.875000
11946.300000
11979.000000
12009.700000
12041.525000
12073.625000
12105.325000
12136.075000
12168.475000
12201.000000
12231.925000
12263.675000
12295.825000
12326.625000
12358.200000
12390.525000
12422.175000
12453.000000
12485.650000
12517.975000
12548.650000
12580.375000
12612.600000
12644.125000
12675.075000
12707.775000
12740.200000
12770.875000
12802.650000
12834.825000
12866.600000
12897.325000
12930.100000
12962.425000
12993.100000
13024.850000
13057.050000
13088.725000
13119.525000
13152.075000
13184.625000
13215.400000
13247.100000
13279.425000
13311.050000
13341.950000
13374.525000
13406.875000
13437.650000
13469.325000
13501.450000
13533.150000
13563.875000
13596.300000
13629.000000
13659.700000
13691.525000
13723.625000
13755.325000
13786.075000
13818.475000
13851.000000
13881.925000
13913.675000
13945.825000
13976.625000
14008.200000
14040.525000
14072.175000
14103.000000
14135.650000
14167.975000
14198.650000
14230.375000
14262.600000
14294.125000
14325.075000
14357.775000
14390.200000
14420.875000
14452.650000
14484.825000
14516.600000
14547.325000
14580.100000
14612.425000
14643.100000
14674.850000
14707.050000
14738.725000
14769.525000
14802.075000
14834.625000
14865.400000
14897.100000
14929.425000
14961.050000
14991.950000
15024.525000
15056.875000
15087.650000
15119.325000
15151.450000
15183.150000
15213.875000
15246.300000
15279.000000
15309.700000
15341.525000
15373.625000
15405.325000
15436.075000
15468.475000
15501.000000
15531.925000
15563.675000
15595.825000
15626.625000
15658.200000
15690.525000
15722.175000
15753.000000
15785.650000
15817.975000
15848.650000
15880.375000
15912.600000
15944.125000
15975.075000
16007.775000
16040.200000
16070.875000
16102.650000
16134.825000
16166.600000
16197.325000
16230.100000
16262.425000
16293.100000
16324.850000
16357.050000
16388.725000
16419.525000
16452.075000
16484.625000
16515.400000
16547.100000
16579.425000
16611.050000
16641.950000
16674.525000
16706.875000
16737.650000
16769.325000
16801.450000
16833.150000
16863.875000
16896.300000
16929.000000
16959.700000
16991.525000
17023.625000
17055.325000
17086.075000
17118.475000
17151.000000
17181.925000
17213.675000
17245.825000
17276.625000
17308.200000
17340.525000
17372.175000
17403.000000
17435.650000
17467.975000
17498.650000
17530.375000
17562.600000
17594.125000
17625.075000
17657.775000
17690.200000
17720.875000
17752.650000
17784.825000
17816.600000
17847.325000
17880.100000
17912.425000
17943.100000
17974.850000
18007.050000
18038.725000
18069.525000
18102.075000
18134.625000
18165.400000
18197.100000
18229.425001
18261.050001
18291.950001
18324.525001
18356.875001
18387.650001
18419.325001
18451.450001
18483.150001
18513.875001
18546.300001
18579.000001
18609.700001
18641.525001
18673.625001
18705.325001
18736.075001
18768.475001
18801.000001
18831.925001
18863.675001
18895.825001
18926.625001
18958.200001
18990.525001
19022.175001
19053.000001
19085.650001
19117.975001
19148.650001
19180.375001
19212.600001
19244.125001
19275.075001
19307.775001
19340.200001
19370.875001
19402.650001
19434.825001
19466.600001
19497.325001
19530.100001
19562.425001
19593.100001
19624.850001
19657.050001
19688.725001
19719.525001
19752.075001
19784.625001
19815.400001
19847.100001
19879.425001
19911.050001
19941.950001
19974.525001
20006.875001
20037.650001
20069.325001
20101.450001
20133.225001
20163.950001
20196.750001
20229.225001
20261.025001
20292.625001
20324.800001
20357.300001
20390.100001
20421.375001
20453.900001
20485.925001
20518.800001
20551.500001
20584.550001
20616.875001
20648.600001
20680.575001
20713.600001
20746.650001
20780.050001
20813.300001
20846.500001
20880.075001
20913.400001
20946.725001
20980.150001
21013.475001
21046.825001
21080.200001
21113.525001
21146.900001
21180.250001
21213.600001
21246.975001
21280.300001
21313.650001
21347.050001
21380.375001
21413.725001
21447.125001
21480.450001
21513.825001
21547.250001
21580.600001
21614.025001
21648.125001
21681.950001
21716.350001
21751.150001
21785.500001
21819.375001
21853.600001
21887.925001
21923.325001
21957.875001
21991.850001
22026.275001
22061.075001
22095.900001
22130.375001
22164.900001
22200.025001
22235.375001
22270.000001
22305.575001
22341.175001
22376.050001
22411.875001
22447.075001
22482.000001
22518.025001
22552.800001
22588.625001
22624.550001
22659.750001
22695.900001
22730.975001
22767.875001
22802.950001
22839.725001
22875.275001
22912.275001
22947.900001
22984.875001
23020.725001
23057.725001
23094.350001
23130.450001
23167.875001
23204.075001
23241.325001
23278.725001
23315.175001
23352.450001
23390.075001
23426.450001
23463.700001
23501.375001
23538.700001
23575.900001
23613.650001
23651.500001
23689.400001
23726.950001
23764.900001
23802.725001
23841.300001
23879.900001
23918.475001
23957.100001
23995.775001
24034.575001
24073.450001
24112.375001
24151.325001
24190.350001
24229.675001
24269.025001
24308.100001
24347.150001
24386.100001
24425.300001
24464.775001
24504.450001
24544.375001
24584.600001
24624.625001
24664.125001
24704.275001
24744.850001
24785.600001
24826.000001
24867.050001
24907.950001
24948.500001
24990.025001
25030.575001
25071.925001
25113.500001
25155.075001
25196.925001
25238.650001
25280.400001
25322.525001
25364.175001
25406.950001
25448.825001
25491.550001
25534.600001
25577.200001
25620.275001
25663.650001
25707.250001
25751.075001
25794.625001
25838.350001
25882.150001
25926.150001
25970.350001
26014.775001
26059.425001
26104.150001
26148.800001
26194.125001
26239.925001
26285.700001
26331.350001
26377.550001
26424.000001
26470.300001
26517.625001
26564.125001
26611.375001
26658.425001
26706.550001
26754.200001
26802.500001
26851.225001
26899.775001
26948.475001
26997.600001
27047.175001
27097.100001
27147.225001
27197.625001
27248.400001
27299.650001
27351.575001
27403.500001
27456.400001
27509.175001
27562.950001
27616.775001
27670.800001
27725.550001
27780.900001
27836.725001
27893.225001
27950.525001
28008.425001
28067.300001
28126.525001
28186.825001
28248.175001
28310.425001
28374.375001
28439.150001
28505.525001
28573.800001
28644.100001
28717.150001
28794.875001
28985.300001
