100.000000
5.000000
1359.825000
1434.550000
1505.775000
1574.200000
1640.575000
1705.150000
1768.525000
1830.475000
1891.375000
1951.250000
2009.900000
2067.975000
2124.875000
2181.100000
2236.600000
2291.525000
2345.825000
2399.400000
2452.575000
2505.200000
2557.500000
2609.075000
2660.325000
2711.050000
2761.250000
2811.025000
2860.500000
2909.600000
2958.175000
3006.800000
3054.825000
3102.575000
3149.950000
3196.950000
3243.775000
3290.550000
3336.425000
3382.350000
3428.175000
3473.600000
3518.900000
3563.725000
3608.200000
3652.575000
3696.875000
3741.150000
3785.200000
3829.050000
3872.275000
3915.175000
3958.075000
4001.125000
4043.500000
4085.875000
4128.500000
4170.500000
4212.550000
4254.050000
4295.725000
4336.950000
4378.800000
4419.475000
4460.525000
4501.475000
4541.825000
4582.100000
4622.650000
4663.050000
4702.825000
4742.750000
4782.550000
4822.425000
4862.200000
4901.475000
4941.000000
4980.225000
5019.200000
5058.025000
5096.900000
5135.675000
5174.475000
5213.250000
5251.700000
5290.100000
5328.300000
5366.475000
5404.050000
5441.575000
5479.500000
5517.375000
5554.950000
5592.450000
5630.100000
5667.725000
5704.375000
5741.400000
5778.725000
5815.100000
5851.950000
5888.625000
5924.825000
5961.150000
5997.075000
6033.300000
6069.200000
6105.350000
6141.325000
6176.775000
6212.850000
6248.275000
6284.375000
6319.350000
6354.975000
6390.625000
6425.525000
6460.950000
6495.925000
6530.450000
6565.200000
6600.075000
6634.850000
6669.250000
6703.875000
6738.475000
6773.375000
6807.825000
6841.800000
6876.025000
6909.875000
6944.200000
6978.675000
7012.625000
7046.675000
7080.350000
7113.725000
7147.150000
7180.425000
7213.725000
7247.050000
7280.325000
7313.600000
7346.925000
7380.200000
7413.475000
7446.800000
7480.125000
7513.375000
7546.600000
7579.975000
7613.100000
7645.900000
7679.000000
7711.175000
7743.125000
7775.200000
7807.950000
7840.425000
7873.175000
7905.375000
7937.175000
7969.225000
8001.375000
8033.250000
8064.850000
8096.950000
8129.125000
8160.675000
8192.275000
8224.525000
8256.700000
8287.475000
8319.150000
8351.100000
8381.850000
8413.450000
8445.350000
8476.150000
8507.775000
8538.900000
8569.400000
8601.125000
8631.525000
8662.825000
8693.050000
8724.300000
8755.375000
8785.825000
8816.675000
8847.000000
8877.600000
8908.000000
8938.550000
8969.100000
8998.750000
9029.775000
9059.650000
9090.250000
9119.525000
9149.975000
9180.175000
9209.700000
9240.200000
9269.375000
9298.750000
9329.200000
9358.200000
9387.625000
9417.950000
9447.050000
9476.275000
9506.625000
9535.800000
9565.000000
9594.625000
9623.900000
9652.725000
9681.850000
9711.175000
9740.425000
9769.275000
9798.250000
9827.475000
9856.900000
9885.750000
9913.875000
9942.900000
9971.300000
10001.175000
10030.075000
10058.225000
10086.225000
10115.100000
10143.200000
10172.300000
10201.275000
10230.125000
10258.225000
10286.225000
10315.100000
10343.225000
10372.300000
10401.275000
10430.125000
10458.225000
10486.225000
10515.100000
10543.225000
10572.300000
10601.275000
10630.125000
10658.225000
10686.225000
10715.100000
10743.225000
10772.300000
10801.275000
10830.125000
10858.225000
10886.225000
10915.100000
10943.225000
10972.300000
11001.275000
11030.125000
11058.225000
11086.225000
11115.100000
11143.225000
11172.300000
11201.275000
11230.125000
11258.225000
11286.225000
11315.100000
11343.225000
11372.300000
11401.275000
11430.125000
11458.225000
11486.225000
11515.100000
11543.225000
11572.300000
11601.275000
11630.125000
11658.225000
11686.225000
11715.100000
11743.225000
11772.300000
11801.275000
11830.125000
11858.225000
11886.225000
11915.100000
11943.225000
11972.300000
12001.275000
12030.125000
12058.225000
12086.225000
12115.100000
12143.225000
12172.300000
12201.275000
12230.125000
12258.225000
12286.225000
12315.100000
12343.225000
12372.300000
12401.275000
12430.125000
12458.225000
12486.225000
12515.100000
12543.225000
12572.300000
12601.275000
12630.125000
12658.225000
12686.225000
12715.100000
12743.225000
12772.300000
12801.275000
12830.125000
12858.225000
12886.225000
12915.100000
12943.225000
12972.300000
13001.275000
13030.125000
13058.225000
13086.225000
13115.100000
13143.225000
13172.300000
13201.275000
13230.125000
13258.225000
13286.225000
13315.100000
13343.225000
13372.300000
13401.275000
13430.125000
13458.225000
13486.225000
13515.100000
13543.225000
13572.300000
13601.275000
13630.125000
13658.225000
13686.225000
13715.100000
13743.225000
13772.300000
13801.275000
13830.125000
13858.225000
13886.225000
13915.100000
13943.225000
13972.300000
14001.275000
14030.125000
14058.225000
14086.225000
14115.100000
14143.225000
14172.300000
14201.275000
14230.125000
14258.225000
14286.225000
14315.100000
14343.225000
14372.300000
14401.275000
14430.125000
14458.225000
14486.225000
14515.100000
14543.225000
14572.300000
14601.275000
14630.125000
14658.225000
14686.225000
14715.100000
14743.225000
14772.300000
14801.275000
14830.125000
14858.225000
14886.225000
14915.100000
14943.225000
14972.300000
15001.275000
15030.125000
15058.225000
15086.225000
15115.100000
15143.225000
15172.300000
15201.275000
15230.125000
15258.225000
15286.225000
15315.100000
15343.225000
15372.300000
15401.275000
15430.125000
15458.225000
15486.225000
15515.100000
15543.225000
15572.300000
15601.275000
15630.125000
15658.225000
15686.225000
15715.100000
15743.225000
15772.300000
15801.275000
15830.125000
15858.225000
15886.225000
15915.100000
15943.225000
15972.300000
16001.275000
16030.125000
16058.225000
16086.225000
16115.100000
16143.225000
16172.300000
16201.275000
16230.125000
16258.225000
16286.225000
16315.100000
16343.225000
16372.300000
16401.275000
16430.125000
16458.225000
16486.225000
16515.100000
16543.225000
16572.300000
16601.275000
16630.125000
16658.225000
16686.225000
16715.100000
16743.225000
16772.300000
16801.275000
16830.125000
16858.225000
16886.225000
16915.100000
16943.225000
16972.300000
17001.275000
17030.125000
17058.225000
17086.225000
17115.100000
17143.225000
17172.300000
17201.275000
17230.125000
17258.225000
17286.225000
17315.100000
17343.225000
17372.300000
17401.275000
17430.125000
17458.225000
17486.225000
17515.100000
17543.225000
17572.300000
17601.275000
17630.125000
17658.225000
17686.225000
17715.100000
17743.225000
17772.300000
17801.275000
17830.125000
17858.225000
17886.225000
17915.100000
17943.225000
17972.300000
18001.275000
18030.125000
18058.225000
18086.225000
18115.100000
18143.225000
18172.300000
18201.275000
18230.125001
18258.225001
18286.225001
18315.100001
18343.225001
18372.300001
18401.275001
18430.125001
18458.225001
18486.225001
18515.100001
18543.225001
18572.300001
18601.275001
18630.125001
18658.225001
18686.225001
18715.100001
18743.225001
18772.300001
18801.275001
18830.125001
18858.225001
18886.225001
18915.100001
18943.225001
18972.300001
19001.275001
19030.125001
19058.225001
19086.225001
19115.100001
19143.225001
19172.300001
19201.275001
19230.125001
19258.225001
19286.225001
19315.100001
19343.225001
19372.300001
19401.275001
19430.125001
19458.225001
19486.225001
19515.100001
19543.225001
19572.300001
19601.275001
19630.125001
19658.225001
19686.225001
19715.100001
19743.225001
19772.300001
19801.275001
19830.125001
19858.225001
19886.225001
19915.100001
19943.225001
19972.300001
20001.275001
20030.125001
20058.225001
20086.225001
20115.125001
20143.600001
20173.450001
20202.325001
20230.525001
20259.550001
20288.700001
20317.975001
20346.925001
20375.375001
20405.100001
20434.725001
20463.625001
20492.825001
20522.250001
20551.500001
20580.425001
20609.675001
20639.975001
20669.200001
20698.450001
20728.950001
20758.075001
20787.450001
20817.900001
20847.075001
20876.425001
20906.925001
20936.025001
20966.550001
20996.725001
21026.350001
21056.975001
21086.150001
21117.575001
21147.175001
21177.825001
21208.050001
21238.650001
21269.150001
21299.675001
21330.275001
21361.000001
21391.500001
21422.275001
21452.650001
21483.850001
21514.075001
21545.725001
21576.200001
21607.750001
21638.925001
21669.475001
21701.250001
21731.900001
21763.500001
21795.525001
21826.275001
21857.975001
21890.075001
21920.825001
21952.550001
21984.650001
22016.375001
22047.700001
22080.175001
22112.425001
22144.300001
22176.075001
22208.075001
22240.500001
22273.225001
22305.450001
22337.375001
22369.400001
22402.325001
22435.150001
22468.000001
22501.050001
22533.600001
22566.550001
22598.675001
22631.675001
22664.000001
22697.075001
22730.250001
22763.525001
22796.900001
22830.250001
22863.575001
22897.000001
22930.350001
22963.700001
22997.125001
23030.500001
23063.875001
23097.625001
23131.650001
23165.325001
23199.575001
23234.350001
23268.700001
23302.750001
23337.150001
23371.700001
23406.800001
23441.375001
23475.950001
23510.950001
23545.800001
23580.375001
23615.200001
23650.875001
23685.850001
23720.800001
23756.725001
23791.650001
23827.300001
23863.350001
23898.700001
23934.775001
23970.450001
24006.850001
24042.700001
24079.175001
24115.075001
24151.475001
24187.525001
24224.400001
24261.100001
24297.375001
24334.600001
24370.950001
24408.025001
24445.575001
24482.725001
24520.250001
24557.950001
24595.725001
24633.275001
24670.700001
24708.250001
24746.625001
24784.975001
24823.400001
24862.025001
24900.900001
24939.875001
24978.950001
25017.875001
25056.900001
25095.875001
25135.300001
25174.700001
25213.825001
25253.525001
25293.150001
25333.125001
25373.375001
25413.475001
25453.875001
25494.375001
25535.025001
25575.600001
25616.850001
25657.900001
25698.975001
25740.625001
25781.900001
25823.675001
25865.250001
25907.625001
25949.950001
25992.300001
26035.300001
26078.500001
26121.500001
26164.800001
26208.150001
26251.900001
26295.825001
26340.000001
26384.425001
26429.050001
26473.625001
26518.700001
26563.725001
26609.100001
26655.025001
26701.200001
26747.125001
26793.425001
26840.275001
26887.125001
26934.625001
26981.975001
27030.075001
27078.725001
27127.300001
27176.175001
27225.325001
27274.875001
27324.825001
27375.075001
27425.925001
27477.325001
27529.350001
27581.475001
27634.475001
27687.500001
27741.375001
27795.825001
27850.925001
27906.775001
27963.125001
28020.175001
28078.000001
28136.300001
28195.775001
28256.100001
28317.600001
28380.075001
28443.475001
28508.150001
28574.275001
28641.900001
28711.100001
28782.300001
28855.975001
28932.425001
29012.575001
29097.625001
29191.400001
