200.000000
5.000000
1936.325000
1984.075000
2027.000000
2067.100000
2104.675000
2140.600000
2174.925000
2208.025000
2240.700000
2272.700000
2303.700000
2334.250000
2364.575000
2394.550000
2424.175000
2453.525000
2482.625000
2511.725000
2540.500000
2568.900000
2597.500000
2625.700000
2653.725000
2681.550000
2709.300000
2737.000000
2764.700000
2792.400000
2820.100000
2847.825000
2875.500000
2902.900000
2929.975000
2957.425000
2984.350000
3011.700000
3038.500000
3065.250000
3092.250000
3118.950000
3145.450000
3172.100000
3198.250000
3224.675000
3250.900000
3277.300000
3303.600000
3329.925000
3356.275000
3382.575000
3408.950000
3435.200000
3461.500000
3487.075000
3513.125000
3539.325000
3564.775000
3590.825000
3616.425000
3642.225000
3667.550000
3692.750000
3718.150000
3743.625000
3768.900000
3794.150000
3819.175000
3844.250000
3869.125000
3894.100000
3918.975000
3943.950000
3968.875000
3993.850000
4018.800000
4043.775000
4068.725000
4093.650000
4118.575000
4142.800000
4167.400000
4192.250000
4217.150000
4241.400000
4265.950000
4290.050000
4314.525000
4338.725000
4363.075000
4387.000000
4411.650000
4435.550000
4459.375000
4483.850000
4507.700000
4531.475000
4555.350000
4578.875000
4602.525000
4625.900000
4649.700000
4673.075000
4696.725000
4720.225000
4743.925000
4767.425000
4791.075000
4814.625000
4838.200000
4861.825000
4885.375000
4908.975000
4932.500000
4956.175000
4979.650000
5003.250000
5025.950000
5049.325000
5072.800000
5095.475000
5118.725000
5142.150000
5164.775000
5188.000000
5210.750000
5233.950000
5256.475000
5279.625000
5302.250000
5325.375000
5347.925000
5370.325000
5392.650000
5414.950000
5437.175000
5459.350000
5481.525000
5503.750000
5525.875000
5548.075000
5570.275000
5592.500000
5614.725000
5636.925000
5659.125000
5681.350000
5703.550000
5725.725000
5747.925000
5770.125000
5792.350000
5814.575000
5836.775000
5859.000000
5881.200000
5903.425000
5925.600000
5947.800000
5970.000000
5992.200000
6013.725000
6035.425000
6057.525000
6079.000000
6100.675000
6122.800000
6144.950000
6166.500000
6188.100000
6209.300000
6231.175000
6252.475000
6274.125000
6295.300000
6317.250000
6338.475000
6359.400000
6381.125000
6402.275000
6423.200000
6445.000000
6466.200000
6487.025000
6508.025000
6528.825000
6550.500000
6571.625000
6592.450000
6613.400000
6634.250000
6655.225000
6675.800000
6696.750000
6717.475000
6738.425000
6759.125000
6779.975000
6800.775000
6821.725000
6842.400000
6863.250000
6884.075000
6904.950000
6925.675000
6946.550000
6967.350000
6988.200000
7009.000000
7029.825000
7050.650000
7071.350000
7092.250000
7112.950000
7133.925000
7153.850000
7174.350000
7195.075000
7215.025000
7235.425000
7256.200000
7275.950000
7296.525000
7317.250000
7337.050000
7357.575000
7378.375000
7398.075000
7418.650000
7439.225000
7459.100000
7478.925000
7498.450000
7518.700000
7538.725000
7558.925000
7578.625000
7598.175000
7617.775000
7637.250000
7656.800000
7676.025000
7695.475000
7714.900000
7734.375000
7753.750000
7773.150000
7792.550000
7812.075000
7831.450000
7850.875000
7870.275000
7889.800000
7909.200000
7928.675000
7948.025000
7967.475000
7986.925000
8006.375000
8025.750000
8045.225000
8064.675000
8084.125000
8103.550000
8122.950000
8142.400000
8161.875000
8181.300000
8200.700000
8220.125000
8239.600000
8259.025000
8278.500000
8297.875000
8317.325000
8336.775000
8356.225000
8375.625000
8395.075000
8414.525000
8433.975000
8453.425000
8472.825000
8492.250000
8511.725000
8530.525000
8549.450000
8567.950000
8586.850000
8606.200000
8625.525000
8645.000000
8663.450000
8682.600000
8700.950000
8720.075000
8739.475000
8757.875000
8776.125000
8795.100000
8813.550000
8831.750000
8850.650000
8869.125000
8887.200000
8906.200000
8924.575000
8942.600000
8961.750000
8980.050000
8998.150000
9017.275000
9035.550000
9053.725000
9072.800000
9091.125000
9109.225000
9128.375000
9146.650000
9164.750000
9183.900000
9202.175000
9220.250000
9239.300000
9257.625000
9275.750000
9294.300000
9311.975000
9330.050000
9348.025000
9366.800000
9384.275000
9402.325000
9420.225000
9438.475000
9456.350000
9474.450000
9492.400000
9510.625000
9528.575000
9546.650000
9564.650000
9582.800000
9600.725000
9618.850000
9636.850000
9654.975000
9672.925000
9691.050000
9709.050000
9727.175000
9745.125000
9763.175000
9781.250000
9799.300000
9817.325000
9835.375000
9853.450000
9870.575000
9888.375000
9906.250000
9923.525000
9941.125000
9959.000000
9976.050000
9993.925000
10011.775000
10028.950000
10046.600000
10064.525000
10081.550000
10099.375000
10117.275000
10134.375000
10152.100000
10170.050000
10187.075000
10204.925000
10222.850000
10239.925000
10257.650000
10275.600000
10292.575000
10310.475000
10328.450000
10345.400000
10363.200000
10381.175000
10398.150000
10416.100000
10433.975000
10450.950000
10468.775000
10486.725000
10503.775000
10521.600000
10539.525000
10556.575000
10574.325000
10592.275000
10609.300000
10627.150000
10645.075000
10662.150000
10679.850000
10697.825000
10714.875000
10732.700000
10750.625000
10767.625000
10785.425000
10803.425000
10820.375000
10838.250000
10856.200000
10873.175000
10891.025000
10908.950000
10925.925000
10943.850000
10961.750000
10978.825000
10996.550000
11014.500000
11031.525000
11049.375000
11067.275000
11084.350000
11102.100000
11120.050000
11137.075000
11154.925000
11172.850000
11189.925000
11207.650000
11225.600000
11242.575000
11260.475000
11278.450000
11295.400000
11313.200000
11331.175000
11348.150000
11366.100000
11383.975000
11400.950000
11418.775000
11436.725000
11453.775000
11471.600000
11489.525000
11506.575000
11524.325000
11542.275000
11559.300000
11577.150000
11595.075000
11612.150000
11629.850000
11647.825000
11664.875000
11682.700000
11700.625000
11717.625000
11735.425000
11753.425000
11770.375000
11788.250000
11806.200000
11823.175000
11841.025000
11858.950000
11875.925000
11893.850000
11911.750000
11928.825000
11946.550000
11964.500000
11981.525000
11999.375000
12017.275000
12034.350000
12052.100000
12070.050000
12087.075000
12104.925000
12122.850000
12139.925000
12157.650000
12175.600000
12192.575000
12210.475000
12228.450000
12245.400000
12263.200000
12281.175000
12298.150000
12316.100000
12333.975000
12350.950000
12368.775000
12386.725000
12403.775000
12421.600000
12439.525000
12456.575000
12474.325000
12492.275000
12509.300000
12527.150000
12545.075000
12562.150000
12579.850000
12597.825000
12614.875000
12632.700000
12650.625000
12667.625000
12685.425000
12703.425000
12720.375000
12738.250000
12756.200000
12773.175000
12791.025000
12808.950000
12825.925000
12843.850000
12861.750000
12878.825000
12896.550000
12914.500000
12931.525000
12949.375000
12967.275000
12984.350000
13002.100000
13020.050000
13037.075000
13054.925000
13072.850000
13089.925000
13107.650000
13125.600000
13142.575000
13160.475000
13178.450000
13195.400000
13213.200000
13231.175000
13248.150000
13266.100000
13283.975000
13300.950000
13318.775000
13336.725000
13353.775000
13371.600000
13389.525000
13406.575000
13424.325000
13442.275000
13459.300000
13477.150000
13495.075000
13512.150000
13529.850000
13547.825000
13564.875000
13582.700000
13600.625000
13617.625000
13635.425000
13653.425000
13670.375000
13688.250000
13706.200000
13723.175000
13741.025000
13758.950000
13775.925000
13793.850000
13811.750000
13828.825000
13846.550000
13864.500000
13881.525000
13899.375000
13917.275000
13934.350000
13952.100000
13970.050000
13987.075000
14004.925000
14022.850000
14039.925000
14057.650000
14075.600000
14092.575000
14110.475000
14128.450000
14145.400000
14163.200000
14181.175000
14198.150000
14216.100000
14233.975000
14250.950000
14268.775000
14286.725000
14303.775000
14321.600000
14339.525000
14356.575000
14374.325000
14392.275000
14409.300000
14427.150000
14445.075000
14462.150000
14479.850000
14497.825000
14514.875000
14532.700000
14550.625000
14567.625000
14585.425000
14603.425000
14620.375000
14638.250000
14656.200000
14673.175000
14691.025000
14708.950000
14725.925000
14743.850000
14761.750000
14778.825000
14796.550000
14814.500000
14831.525000
14849.375000
14867.275000
14884.350000
14902.100000
14920.050000
14937.075000
14954.925000
14972.850000
14989.925000
15007.650000
15025.600000
15042.575000
15060.475000
15078.450000
15095.400000
15113.200000
15131.175000
15148.150000
15166.100000
15183.975000
15200.950000
15218.775000
15236.725000
15253.775000
15271.600000
15289.525000
15306.575000
15324.325000
15342.275000
15359.300000
15377.150000
15395.075000
15412.150000
15429.850000
15447.825000
15464.875000
15482.700000
15500.625000
15517.625000
15535.425000
15553.425000
15570.375000
15588.250000
15606.200000
15623.175000
15641.025000
15658.950000
15675.925000
15693.850000
15711.750000
15728.825000
15746.550000
15764.500000
15781.525000
15799.375000
15817.275000
15834.350000
15852.100000
15870.050000
15887.075000
15904.925000
15922.850000
15939.925000
15957.650000
15975.600000
15992.575000
16010.475000
16028.450000
16045.400000
16063.200000
16081.175000
16098.150000
16116.100000
16133.975000
16150.950000
16168.775000
16186.725000
16203.775000
16221.600000
16239.525000
16256.575000
16274.325000
16292.275000
16309.300000
16327.150000
16345.075000
16362.150000
16379.850000
16397.825000
16414.875000
16432.700000
16450.625000
16467.625000
16485.425000
16503.425000
16520.375000
16538.250000
16556.200000
16573.175000
16591.025000
16608.950000
16625.925000
16643.850000
16661.750000
16678.825000
16696.550000
16714.500000
16731.525000
16749.375000
16767.275000
16784.350000
16802.100000
16820.050000
16837.075000
16854.925000
16872.850000
16889.925000
16907.650000
16925.600000
16942.575000
16960.475000
16978.450000
16995.400000
17013.200000
17031.175000
17048.150000
17066.100000
17083.975000
17100.950000
17118.775000
17136.725000
17153.775000
17171.600000
17189.525000
17206.575000
17224.325000
17242.275000
17259.300000
17277.150000
17295.075000
17312.150000
17329.850000
17347.825000
17364.875000
17382.700000
17400.625000
17417.625000
17435.425000
17453.425000
17470.375000
17488.250000
17506.200000
17523.175000
17541.025000
17558.950000
17575.925000
17593.850000
17611.750000
17628.825000
17646.550000
17664.500000
17681.525000
17699.375000
17717.275000
17734.350000
17752.100000
17770.050000
17787.075000
17804.925000
17822.850000
17839.925000
17857.650000
17875.600000
17892.575000
17910.475000
17928.450000
17945.400000
17963.200000
17981.175000
17998.150000
18016.100000
18033.975000
18050.950000
18068.775000
18086.725000
18103.775000
18121.600000
18139.525000
18156.575000
18174.325000
18192.275000
18209.300000
18227.150001
18245.075001
18262.150001
18279.850001
18297.825001
18314.875001
18332.700001
18350.625001
18367.625001
18385.425001
18403.425001
18420.375001
18438.250001
18456.200001
18473.175001
18491.025001
18508.950001
18525.925001
18543.850001
18561.750001
18578.825001
18596.550001
18614.500001
18631.525001
18649.375001
18667.275001
18684.350001
18702.100001
18720.050001
18737.075001
18754.925001
18772.850001
18789.925001
18807.650001
18825.600001
18842.575001
18860.475001
18878.450001
18895.400001
18913.200001
18931.175001
18948.150001
18966.100001
18983.975001
19000.950001
19018.775001
19036.725001
19053.775001
19071.600001
19089.525001
19106.575001
19124.325001
19142.275001
19159.300001
19177.150001
19195.075001
19212.150001
19229.850001
19247.825001
19264.875001
19282.700001
19300.625001
19317.625001
19335.425001
19353.425001
19370.375001
19388.250001
19406.200001
19423.175001
19441.025001
19458.950001
19475.925001
19493.850001
19511.750001
19528.825001
19546.550001
19564.500001
19581.525001
19599.375001
19617.275001
19634.350001
19652.100001
19670.050001
19687.075001
19704.925001
19722.850001
19739.925001
19757.650001
19775.600001
19792.575001
19810.475001
19828.450001
19845.400001
19863.200001
19881.175001
19898.150001
19916.100001
19933.975001
19950.950001
19968.775001
19986.725001
20003.775001
20021.600001
20039.525001
20056.575001
20074.325001
20092.275001
20109.325001
20127.175001
20145.075001
20162.225001
20179.900001
20197.850001
20215.025001
20232.775001
20250.650001
20267.900001
20285.500001
20303.475001
20320.725001
20338.450001
20356.275001
20374.300001
20392.325001
20410.425001
20428.475001
20446.550001
20464.575001
20482.700001
20500.675001
20518.800001
20536.825001
20554.975001
20572.925001
20591.075001
20609.075001
20627.300001
20645.175001
20663.275001
20681.325001
20699.575001
20717.400001
20735.525001
20753.575001
20771.900001
20789.700001
20807.800001
20825.775001
20844.325001
20861.975001
20880.075001
20898.025001
20917.200001
20935.425001
20953.600001
20972.750001
20991.050001
21009.175001
21028.375001
21046.625001
21064.750001
21083.925001
21102.225001
21120.300001
21139.500001
21157.775001
21175.900001
21195.050001
21213.350001
21231.550001
21250.600001
21269.025001
21287.150001
21306.200001
21324.625001
21342.675001
21361.775001
21380.175001
21398.325001
21417.325001
21435.850001
21454.850001
21473.175001
21492.300001
21511.725001
21530.200001
21549.300001
21567.700001
21586.800001
21606.200001
21625.550001
21645.025001
21663.700001
21682.725001
21702.025001
21720.525001
21739.650001
21759.000001
21778.450001
21797.850001
21817.300001
21836.750001
21856.225001
21875.625001
21895.100001
21914.575001
21934.025001
21953.500001
21972.900001
21992.350001
22011.850001
22031.275001
22050.725001
22070.150001
22089.650001
22109.100001
22128.575001
22147.975001
22167.450001
22186.925001
22206.400001
22225.775001
22245.250001
22264.725001
22284.225001
22303.650001
22323.075001
22342.525001
22362.050001
22381.475001
22400.900001
22420.350001
22439.925001
22459.325001
22478.875001
22498.175001
22517.725001
22537.225001
22556.900001
22576.300001
22596.475001
22617.125001
22636.875001
22656.625001
22676.175001
22696.500001
22717.200001
22736.950001
22757.500001
22778.325001
22798.050001
22818.700001
22839.475001
22859.275001
22879.825001
22900.600001
22920.400001
22941.025001
22961.750001
22981.725001
23002.150001
23022.875001
23042.950001
23063.300001
23084.050001
23104.850001
23125.625001
23146.500001
23167.325001
23188.175001
23209.025001
23229.850001
23250.700001
23271.625001
23292.375001
23313.225001
23334.100001
23355.000001
23375.750001
23396.675001
23417.450001
23438.425001
23459.150001
23480.050001
23500.850001
23522.050001
23542.525001
23563.475001
23584.300001
23605.925001
23627.125001
23648.025001
23669.250001
23690.025001
23711.700001
23732.850001
23753.800001
23775.550001
23796.725001
23817.750001
23839.525001
23860.900001
23882.350001
23903.625001
23925.575001
23946.925001
23968.700001
23990.000001
24011.800001
24033.925001
24056.100001
24078.325001
24100.525001
24122.750001
24144.975001
24167.225001
24189.475001
24211.725001
24233.975001
24256.200001
24278.450001
24300.650001
24322.875001
24345.125001
24367.375001
24389.625001
24411.875001
24434.100001
24456.350001
24478.600001
24500.800001
24523.025001
24545.275001
24567.525001
24589.800001
24612.075001
24634.325001
24656.575001
24678.875001
24701.050001
24723.325001
24745.650001
24768.525001
24791.150001
24813.875001
24836.750001
24859.250001
24881.975001
24904.875001
24928.350001
24950.900001
24974.225001
24997.525001
25020.225001
25043.650001
25067.225001
25090.050001
25113.225001
25136.750001
25160.200001
25183.900001
25207.475001
25231.150001
25254.750001
25278.450001
25302.075001
25325.675001
25349.375001
25372.950001
25396.650001
25420.225001
25443.975001
25467.525001
25491.275001
25514.800001
25538.650001
25562.200001
25585.975001
25609.575001
25633.925001
25657.800001
25681.650001
25706.150001
25730.125001
25754.550001
25778.650001
25803.375001
25827.900001
25852.150001
25876.650001
25900.875001
25925.625001
25950.575001
25975.500001
26000.525001
26025.500001
26050.550001
26075.575001
26100.625001
26125.650001
26150.700001
26175.700001
26200.750001
26225.775001
26250.850001
26275.850001
26300.925001
26325.950001
26351.075001
26376.125001
26401.775001
26427.225001
26452.975001
26478.525001
26503.950001
26529.800001
26555.875001
26581.425001
26607.525001
26633.850001
26659.500001
26685.475001
26711.800001
26738.100001
26764.525001
26790.975001
26817.375001
26843.850001
26870.225001
26896.725001
26923.125001
26949.750001
26976.075001
27003.150001
27029.900001
27056.675001
27083.900001
27110.775001
27138.000001
27164.925001
27192.300001
27219.900001
27247.225001
27274.500001
27302.125001
27329.850001
27357.625001
27385.425001
27413.275001
27441.175001
27469.075001
27497.025001
27525.325001
27553.525001
27581.625001
27610.125001
27638.475001
27667.275001
27695.775001
27724.450001
27753.450001
27782.500001
27811.750001
27840.975001
27870.200001
27899.500001
27928.825001
27958.275001
27987.950001
28017.575001
28047.650001
28077.500001
28107.625001
28137.925001
28168.325001
28198.500001
28228.925001
28259.425001
28290.125001
28321.025001
28352.125001
28383.400001
28414.700001
28446.375001
28478.300001
28510.200001
28542.325001
28574.475001
28606.750001
28639.450001
28672.125001
28704.975001
28738.175001
28771.550001
28805.075001
28838.875001
28872.925001
28907.350001
28942.050001
28976.925001
29012.050001
29047.650001
29083.500001
29119.750001
29156.350001
29193.400001
29231.025001
29269.025001
29307.700001
29346.975001
29387.050001
29428.175001
29470.300001
29513.750001
29559.025001
29606.525001
29657.275001
29713.450001
