2.000000
0.000000
1623.400000
1674.275000
1720.225000
1762.925000
1803.250000
1841.325000
1878.275000
1913.625000
1948.025000
1981.625000
2014.650000
2047.150000
2078.925000
2110.425000
2141.500000
2172.075000
2202.275000
2232.475000
2262.075000
2291.525000
2320.450000
2349.450000
2378.475000
2407.300000
2435.600000
2464.200000
2492.350000
2520.275000
2548.100000
2575.825000
2603.575000
2631.275000
2658.975000
2686.650000
2713.975000
2741.100000
2768.475000
2795.325000
2822.650000
2849.425000
2875.975000
2902.750000
2929.400000
2956.125000
2982.625000
3009.075000
3035.450000
3061.825000
3088.150000
3114.500000
3140.825000
3167.150000
3192.725000
3218.725000
3244.925000
3270.325000
3296.325000
3321.825000
3347.675000
3373.000000
3398.200000
3423.400000
3448.375000
3473.400000
3498.250000
3523.175000
3548.100000
3573.050000
3598.000000
3622.975000
3647.925000
3672.900000
3697.850000
3722.825000
3747.750000
3772.725000
3797.325000
3821.650000
3846.400000
3870.450000
3895.075000
3919.350000
3943.675000
3967.650000
3992.200000
4016.225000
4040.100000
4064.425000
4088.300000
4112.075000
4135.800000
4159.325000
4183.050000
4206.525000
4230.100000
4253.650000
4277.300000
4300.800000
4324.425000
4347.925000
4371.575000
4395.125000
4418.725000
4442.300000
4465.900000
4489.500000
4512.975000
4536.200000
4559.100000
4582.525000
4606.050000
4628.800000
4652.025000
4675.275000
4697.950000
4720.550000
4743.650000
4766.500000
4789.475000
4812.000000
4834.575000
4857.475000
4879.975000
4902.550000
4925.400000
4947.875000
4970.225000
4992.525000
5014.800000
5037.000000
5059.200000
5081.400000
5103.625000
5125.775000
5147.975000
5170.175000
5192.400000
5214.600000
5236.825000
5259.025000
5281.225000
5303.450000
5325.625000
5347.825000
5370.025000
5392.225000
5414.400000
5436.000000
5457.675000
5479.775000
5501.150000
5522.900000
5545.025000
5567.150000
5588.475000
5610.250000
5631.475000
5653.400000
5674.675000
5696.275000
5717.475000
5739.450000
5760.625000
5781.600000
5803.350000
5824.475000
5845.400000
5867.200000
5888.300000
5909.225000
5930.200000
5950.925000
5972.625000
5993.725000
6014.650000
6035.575000
6056.425000
6077.400000
6098.000000
6118.925000
6139.700000
6160.575000
6181.325000
6202.175000
6222.950000
6243.875000
6264.600000
6285.425000
6306.275000
6327.100000
6347.850000
6368.700000
6389.550000
6410.300000
6431.150000
6451.275000
6471.675000
6492.300000
6512.975000
6533.875000
6553.750000
6574.300000
6595.025000
6614.850000
6635.375000
6656.125000
6675.850000
6696.450000
6717.175000
6736.950000
6757.425000
6777.450000
6797.775000
6817.475000
6837.200000
6857.475000
6877.400000
6897.500000
6917.350000
6936.975000
6956.600000
6975.950000
6995.450000
7014.900000
7034.375000
7053.750000
7073.150000
7092.550000
7112.075000
7131.450000
7150.850000
7170.275000
7189.775000
7209.175000
7228.650000
7248.000000
7267.450000
7286.900000
7306.350000
7325.725000
7345.175000
7364.625000
7384.100000
7403.525000
7422.925000
7442.350000
7461.825000
7481.250000
7500.675000
7520.100000
7539.575000
7559.000000
7578.450000
7597.825000
7617.300000
7636.725000
7656.175000
7675.575000
7695.025000
7713.850000
7732.725000
7752.000000
7770.425000
7789.600000
7808.925000
7828.375000
7846.925000
7865.975000
7884.375000
7903.450000
7922.775000
7941.275000
7959.575000
7978.475000
7997.025000
8015.325000
8034.025000
8052.550000
8070.475000
8089.525000
8107.850000
8125.975000
8145.050000
8163.350000
8181.525000
8200.575000
8218.900000
8237.025000
8256.150000
8274.425000
8292.500000
8311.675000
8329.900000
8348.025000
8367.200000
8385.425000
8403.600000
8422.050000
8439.750000
8457.850000
8475.800000
8494.225000
8511.950000
8530.025000
8548.000000
8566.350000
8584.125000
8602.225000
8620.175000
8638.375000
8656.325000
8674.425000
8692.375000
8710.525000
8728.550000
8746.600000
8764.600000
8782.725000
8800.675000
8818.800000
8836.800000
8854.900000
8872.875000
8891.000000
8909.000000
8926.225000
8944.000000
8961.800000
8979.800000
8997.825000
9015.000000
9032.750000
9050.650000
9067.775000
9085.450000
9103.450000
9120.400000
9138.250000
9156.200000
9173.175000
9191.025000
9208.900000
9225.850000
9243.675000
9261.725000
9278.700000
9296.075000
9313.325000
9331.175000
9348.050000
9365.150000
9382.650000
9400.550000
9417.475000
9434.475000
9451.225000
9468.625000
9485.625000
9503.400000
9520.225000
9537.100000
9553.850000
9570.400000
9587.150000
9603.825000
9620.375000
9637.125000
9653.775000
9670.350000
9687.075000
9703.750000
9720.325000
9737.050000
9753.700000
9770.300000
9787.025000
9803.675000
9820.275000
9837.000000
9853.650000
9870.250000
9886.975000
9903.650000
9920.250000
9936.950000
9953.625000
9970.225000
9986.925000
10003.600000
10020.200000
10036.900000
10053.575000
10070.200000
10086.875000
10103.550000
10120.175000
10136.875000
10153.550000
10170.175000
10186.875000
10203.550000
10220.175000
10236.875000
10253.550000
10270.175000
10286.875000
10303.550000
10320.175000
10336.875000
10353.550000
10370.175000
10386.875000
10403.550000
10420.175000
10436.875000
10453.550000
10470.175000
10486.875000
10503.550000
10520.175000
10536.875000
10553.550000
10570.175000
10586.875000
10603.550000
10620.175000
10636.875000
10653.550000
10670.175000
10686.875000
10703.550000
10720.175000
10736.875000
10753.550000
10770.175000
10786.875000
10803.550000
10820.175000
10836.875000
10853.550000
10870.175000
10886.875000
10903.550000
10920.175000
10936.875000
10953.550000
10970.175000
10986.875000
11003.550000
11020.175000
11036.875000
11053.550000
11070.175000
11086.875000
11103.550000
11120.175000
11136.875000
11153.550000
11170.175000
11186.875000
11203.550000
11220.175000
11236.875000
11253.550000
11270.175000
11286.875000
11303.550000
11320.175000
11336.875000
11353.550000
11370.175000
11386.875000
11403.550000
11420.175000
11436.875000
11453.550000
11470.175000
11486.875000
11503.550000
11520.175000
11536.875000
11553.550000
11570.175000
11586.875000
11603.550000
11620.175000
11636.875000
11653.550000
11670.175000
11686.875000
11703.550000
11720.175000
11736.875000
11753.550000
11770.175000
11786.875000
11803.550000
11820.175000
11836.875000
11853.550000
11870.175000
11886.875000
11903.550000
11920.175000
11936.875000
11953.550000
11970.175000
11986.875000
12003.550000
12020.175000
12036.875000
12053.550000
12070.175000
12086.875000
12103.550000
12120.175000
12136.875000
12153.550000
12170.175000
12186.875000
12203.550000
12220.175000
12236.875000
12253.550000
12270.175000
12286.875000
12303.550000
12320.175000
12336.875000
12353.550000
12370.175000
12386.875000
12403.550000
12420.175000
12436.875000
12453.550000
12470.175000
12486.875000
12503.550000
12520.175000
12536.875000
12553.550000
12570.175000
12586.875000
12603.550000
12620.175000
12636.875000
12653.550000
12670.175000
12686.875000
12703.550000
12720.175000
12736.875000
12753.550000
12770.175000
12786.875000
12803.550000
12820.175000
12836.875000
12853.550000
12870.175000
12886.875000
12903.550000
12920.175000
12936.875000
12953.550000
12970.175000
12986.875000
13003.550000
13020.175000
13036.875000
13053.550000
13070.175000
13086.875000
13103.550000
13120.175000
13136.875000
13153.550000
13170.175000
13186.875000
13203.550000
13220.175000
13236.875000
13253.550000
13270.175000
13286.875000
13303.550000
13320.175000
13336.875000
13353.550000
13370.175000
13386.875000
13403.550000
13420.175000
13436.875000
13453.550000
13470.175000
13486.875000
13503.550000
13520.175000
13536.875000
13553.550000
13570.175000
13586.875000
13603.550000
13620.175000
13636.875000
13653.550000
13670.175000
13686.875000
13703.550000
13720.175000
13736.875000
13753.550000
13770.175000
13786.875000
13803.550000
13820.175000
13836.875000
13853.550000
13870.175000
13886.875000
13903.550000
13920.175000
13936.875000
13953.550000
13970.175000
13986.875000
14003.550000
14020.175000
14036.875000
14053.550000
14070.175000
14086.875000
14103.550000
14120.175000
14136.875000
14153.550000
14170.175000
14186.875000
14203.550000
14220.175000
14236.875000
14253.550000
14270.175000
14286.875000
14303.550000
14320.175000
14336.875000
14353.550000
14370.175000
14386.875000
14403.550000
14420.175000
14436.875000
14453.550000
14470.175000
14486.875000
14503.550000
14520.175000
14536.875000
14553.550000
14570.175000
14586.875000
14603.550000
14620.175000
14636.875000
14653.550000
14670.175000
14686.875000
14703.550000
14720.175000
14736.875000
14753.550000
14770.175000
14786.875000
14803.550000
14820.175000
14836.875000
14853.550000
14870.175000
14886.875000
14903.550000
14920.175000
14936.875000
14953.550000
14970.175000
14986.875000
15003.550000
15020.175000
15036.875000
15053.550000
15070.175000
15086.875000
15103.550000
15120.175000
15136.875000
15153.550000
15170.175000
15186.875000
15203.550000
15220.175000
15236.875000
15253.550000
15270.175000
15286.875000
15303.550000
15320.175000
15336.875000
15353.550000
15370.175000
15386.875000
15403.550000
15420.175000
15436.875000
15453.550000
15470.175000
15486.875000
15503.550000
15520.175000
15536.875000
15553.550000
15570.175000
15586.875000
15603.550000
15620.175000
15636.875000
15653.550000
15670.175000
15686.875000
15703.550000
15720.175000
15736.875000
15753.550000
15770.175000
15786.875000
15803.550000
15820.175000
15836.875000
15853.550000
15870.175000
15886.875000
15903.550000
15920.175000
15936.875000
15953.550000
15970.175000
15986.875000
16003.550000
16020.175000
16036.875000
16053.550000
16070.175000
16086.875000
16103.550000
16120.175000
16136.875000
16153.550000
16170.175000
16186.875000
16203.550000
16220.175000
16236.875000
16253.550000
16270.175000
16286.875000
16303.550000
16320.175000
16336.875000
16353.550000
16370.175000
16386.875000
16403.550000
16420.175000
16436.875000
16453.550000
16470.175000
16486.875000
16503.550000
16520.175000
16536.875000
16553.550000
16570.175000
16586.875000
16603.550000
16620.175000
16636.875000
16653.550000
16670.175000
16686.875000
16703.550000
16720.175000
16736.875000
16753.550000
16770.175000
16786.875000
16803.550000
16820.175000
16836.875000
16853.550000
16870.175000
16886.875000
16903.550000
16920.175000
16936.875000
16953.550000
16970.175000
16986.875000
17003.550000
17020.175000
17036.875000
17053.550000
17070.175000
17086.875000
17103.550000
17120.175000
17136.875000
17153.550000
17170.175000
17186.875000
17203.550000
17220.175000
17236.875000
17253.550000
17270.175000
17286.875000
17303.550000
17320.175000
17336.875000
17353.550000
17370.175000
17386.875000
17403.550000
17420.175000
17436.875000
17453.550000
17470.175000
17486.875000
17503.550000
17520.175000
17536.875000
17553.550000
17570.175000
17586.875000
17603.550000
17620.175000
17636.875000
17653.550000
17670.175000
17686.875000
17703.550000
17720.175000
17736.875000
17753.550000
17770.175000
17786.875000
17803.550000
17820.175000
17836.875000
17853.550000
17870.175000
17886.875000
17903.550000
17920.175000
17936.875000
17953.550000
17970.175000
17986.875000
18003.550000
18020.175000
18036.875000
18053.550000
18070.175000
18086.875000
18103.550000
18120.175000
18136.875000
18153.550000
18170.175000
18186.875000
18203.550000
18220.175000
18236.875001
18253.550001
18270.175001
18286.875001
18303.550001
18320.175001
18336.875001
18353.550001
18370.175001
18386.875001
18403.550001
18420.175001
18436.875001
18453.550001
18470.175001
18486.875001
18503.550001
18520.175001
18536.875001
18553.550001
18570.175001
18586.875001
18603.550001
18620.175001
18636.875001
18653.550001
18670.175001
18686.875001
18703.550001
18720.175001
18736.875001
18753.550001
18770.175001
18786.875001
18803.550001
18820.175001
18836.875001
18853.550001
18870.175001
18886.875001
18903.550001
18920.175001
18936.875001
18953.550001
18970.175001
18986.875001
19003.550001
19020.175001
19036.875001
19053.550001
19070.175001
19086.875001
19103.550001
19120.175001
19136.875001
19153.550001
19170.175001
19186.875001
19203.550001
19220.175001
19236.875001
19253.550001
19270.175001
19286.875001
19303.550001
19320.175001
19336.875001
19353.550001
19370.175001
19386.875001
19403.550001
19420.175001
19436.875001
19453.550001
19470.175001
19486.875001
19503.550001
19520.175001
19536.875001
19553.550001
19570.175001
19586.875001
19603.550001
19620.175001
19636.875001
19653.550001
19670.175001
19686.875001
19703.550001
19720.175001
19736.875001
19753.550001
19770.175001
19786.875001
19803.550001
19820.175001
19836.875001
19853.550001
19870.175001
19886.875001
19903.550001
19920.175001
19936.875001
19953.550001
19970.175001
19986.875001
20003.550001
20020.175001
20036.875001
20053.550001
20070.175001
20086.875001
20103.550001
20120.175001
20136.900001
20153.575001
20170.200001
20186.900001
20203.600001
20220.225001
20236.925001
20253.625001
20270.225001
20286.950001
20303.650001
20320.250001
20336.975001
20353.675001
20370.275001
20387.000001
20403.700001
20420.300001
20437.025001
20453.725001
20470.325001
20487.075001
20503.750001
20520.350001
20537.100001
20553.775001
20570.375001
20587.150001
20603.825001
20620.400001
20637.200001
20653.900001
20670.450001
20687.275001
20704.050001
20720.625001
20738.150001
20755.625001
20772.875001
20789.825001
20807.525001
20824.675001
20842.275001
20859.225001
20876.125001
20893.800001
20911.725001
20928.725001
20946.475001
20963.700001
20981.250001
20998.175001
21016.075001
21033.975001
21050.975001
21068.800001
21086.750001
21103.850001
21121.650001
21139.550001
21157.025001
21174.475001
21192.325001
21210.300001
21228.450001
21245.750001
21263.325001
21281.275001
21299.350001
21317.325001
21335.400001
21353.475001
21371.575001
21389.600001
21407.650001
21425.675001
21443.875001
21461.850001
21479.900001
21497.925001
21516.175001
21534.100001
21552.200001
21570.175001
21588.375001
21606.350001
21624.475001
21642.425001
21660.675001
21678.625001
21696.750001
21714.725001
21733.000001
21750.825001
21769.050001
21786.975001
21805.375001
21823.100001
21841.450001
21859.250001
21878.375001
21896.625001
21914.750001
21933.925001
21952.200001
21970.325001
21989.500001
22007.775001
22025.925001
22045.050001
22063.375001
22081.600001
22100.600001
22119.025001
22137.200001
22156.225001
22174.675001
22192.750001
22211.775001
22230.250001
22248.575001
22267.375001
22286.675001
22305.750001
22324.400001
22342.775001
22361.825001
22381.150001
22400.575001
22419.375001
22438.250001
22457.550001
22476.050001
22495.150001
22514.550001
22533.975001
22553.425001
22572.850001
22592.275001
22611.775001
22631.200001
22650.650001
22670.075001
22689.575001
22709.025001
22728.500001
22747.900001
22767.375001
22786.825001
22806.300001
22825.700001
22845.175001
22864.650001
22884.125001
22903.575001
22923.000001
22942.450001
22961.975001
22981.400001
23000.825001
23020.275001
23039.800001
23059.250001
23078.750001
23098.100001
23117.625001
23137.100001
23156.600001
23175.950001
23195.500001
23214.975001
23234.750001
23254.800001
23274.575001
23295.000001
23314.700001
23334.575001
23354.800001
23374.675001
23395.050001
23414.800001
23435.325001
23456.025001
23475.800001
23496.450001
23517.225001
23537.025001
23557.600001
23578.400001
23598.200001
23618.800001
23639.525001
23659.600001
23679.925001
23700.650001
23721.400001
23742.250001
23763.075001
23783.975001
23804.800001
23825.625001
23846.500001
23867.350001
23888.225001
23909.050001
23929.900001
23950.725001
23971.675001
23992.400001
24013.300001
24034.150001
24055.075001
24075.800001
24096.775001
24117.525001
24138.575001
24159.225001
24180.175001
24200.950001
24222.725001
24243.875001
24264.775001
24285.975001
24307.375001
24328.575001
24350.500001
24371.725001
24392.675001
24414.475001
24435.650001
24457.500001
24478.750001
24500.600001
24522.700001
24544.125001
24565.925001
24587.200001
24609.025001
24631.125001
24653.300001
24675.000001
24696.625001
24718.725001
24740.925001
24763.075001
24785.300001
24807.550001
24829.800001
24852.050001
24874.300001
24896.550001
24918.800001
24941.075001
24963.275001
24985.525001
25007.775001
25030.025001
25052.325001
25074.600001
25096.850001
25119.125001
25141.475001
25163.725001
25186.475001
25209.050001
25231.450001
25253.900001
25276.250001
25299.175001
25321.900001
25345.000001
25367.550001
25390.875001
25413.550001
25436.750001
25459.400001
25482.600001
25506.125001
25529.025001
25552.150001
25575.600001
25598.750001
25621.850001
25645.150001
25668.750001
25692.300001
25715.975001
25739.575001
25763.200001
25786.850001
25810.500001
25834.150001
25857.775001
25881.400001
25905.150001
25928.775001
25952.550001
25976.025001
26000.450001
26024.375001
26048.150001
26072.725001
26096.725001
26120.600001
26145.050001
26169.225001
26193.675001
26217.800001
26242.325001
26267.200001
26291.925001
26316.275001
26341.000001
26365.900001
26390.900001
26415.900001
26440.925001
26465.975001
26491.025001
26516.075001
26541.125001
26566.200001
26591.250001
26616.425001
26641.525001
26667.125001
26692.400001
26717.650001
26742.925001
26768.650001
26794.175001
26820.000001
26845.450001
26871.425001
26897.550001
26923.150001
26949.275001
26975.550001
27001.875001
27028.350001
27054.700001
27081.175001
27107.625001
27134.100001
27160.550001
27187.000001
27213.500001
27240.075001
27267.150001
27293.900001
27320.600001
27347.775001
27374.750001
27402.000001
27429.375001
27456.475001
27484.025001
27511.725001
27539.475001
27567.275001
27595.100001
27622.950001
27650.800001
27678.750001
27706.700001
27734.925001
27763.175001
27791.525001
27820.050001
27848.350001
27877.075001
27906.100001
27935.100001
27964.225001
27993.200001
28022.525001
28051.925001
28081.325001
28110.750001
28140.500001
28170.175001
28200.300001
28230.150001
28260.375001
28290.850001
28321.400001
28352.050001
28382.750001
28413.550001
28444.750001
28475.800001
28507.350001
28538.800001
28570.325001
28602.225001
28634.275001
28666.550001
28699.075001
28731.650001
28764.600001
28797.825001
28831.275001
28864.825001
28898.625001
28932.725001
28967.275001
29002.050001
29037.000001
29072.425001
29107.975001
29143.950001
29180.300001
29217.200001
29254.475001
29292.250001
29330.425001
29369.150001
29408.575001
29448.575001
29489.500001
29531.300001
29574.175001
29618.225001
29663.675001
29710.875001
29760.325001
29812.725001
29869.225001
29933.425001
