100.000000
27.000000
1642.275000
1706.400000
1766.150000
1822.800000
1877.000000
1930.000000
1981.550000
2032.100000
2081.950000
2131.325000
2180.350000
2229.050000
2276.950000
2324.775000
2372.175000
2419.250000
2466.125000
2512.900000
2559.100000
2605.325000
2651.275000
2696.875000
2742.200000
2787.300000
2832.075000
2876.600000
2920.950000
2965.200000
3009.300000
3053.225000
3097.050000
3140.900000
3184.625000
3227.800000
3270.675000
3313.625000
3356.725000
3399.025000
3441.550000
3484.125000
3526.175000
3568.350000
3609.950000
3651.875000
3693.225000
3734.875000
3776.025000
3817.675000
3858.325000
3899.200000
3940.350000
3980.600000
4020.925000
4061.500000
4102.000000
4142.125000
4182.050000
4222.100000
4262.225000
4302.000000
4341.575000
4380.725000
4420.150000
4459.500000
4498.450000
4537.375000
4576.175000
4614.975000
4653.800000
4692.500000
4730.900000
4769.350000
4807.925000
4846.500000
4884.975000
4923.375000
4961.225000
4998.750000
5036.225000
5074.425000
5112.425000
5149.925000
5187.200000
5224.700000
5262.350000
5299.325000
5336.225000
5373.625000
5410.600000
5447.275000
5484.600000
5520.800000
5557.850000
5594.575000
5630.575000
5667.750000
5703.875000
5740.375000
5776.225000
5812.625000
5848.375000
5884.700000
5920.375000
5956.800000
5992.200000
6028.750000
6063.800000
6099.575000
6135.500000
6170.700000
6206.675000
6241.575000
6276.425000
6312.250000
6347.025000
6381.825000
6417.450000
6452.450000
6487.125000
6522.100000
6556.975000
6591.500000
6625.950000
6660.750000
6695.650000
6730.150000
6763.900000
6798.300000
6832.350000
6867.050000
6901.325000
6935.575000
6969.350000
7002.900000
7036.425000
7070.450000
7104.125000
7137.525000
7170.850000
7204.350000
7237.625000
7270.825000
7304.175000
7337.375000
7370.575000
7403.875000
7436.650000
7469.800000
7502.750000
7535.875000
7569.125000
7602.350000
7635.625000
7668.900000
7702.125000
7735.450000
7768.475000
7801.375000
7834.475000
7867.275000
7899.900000
7931.900000
7963.850000
7996.800000
8029.450000
8062.225000
8094.275000
8126.125000
8158.125000
8190.575000
8223.175000
8255.175000
8286.425000
8319.050000
8351.275000
8382.950000
8413.975000
8446.350000
8478.900000
8509.725000
8541.475000
8573.475000
8604.325000
8635.850000
8667.900000
8698.525000
8730.225000
8762.075000
8792.875000
8824.500000
8855.775000
8886.100000
8917.975000
8948.425000
8980.050000
9011.050000
9041.575000
9073.250000
9103.350000
9134.850000
9165.150000
9196.000000
9226.250000
9257.300000
9287.425000
9318.200000
9348.375000
9379.300000
9408.925000
9440.300000
9469.850000
9501.200000
9530.500000
9561.100000
9591.400000
9620.850000
9651.400000
9680.575000
9711.100000
9741.350000
9770.725000
9801.275000
9830.425000
9859.975000
9890.375000
9919.425000
9948.775000
9979.250000
10008.200000
10037.550000
10067.950000
10097.050000
10126.275000
10156.725000
10185.850000
10215.100000
10245.550000
10274.775000
10304.075000
10334.400000
10363.625000
10392.900000
10423.325000
10452.550000
10481.750000
10512.100000
10541.475000
10570.650000
10601.100000
10630.300000
10659.525000
10689.900000
10719.225000
10748.425000
10778.975000
10808.050000
10837.300000
10867.825000
10896.975000
10926.200000
10956.600000
10985.850000
11015.075000
11045.525000
11074.750000
11104.075000
11134.400000
11163.625000
11192.900000
11223.325000
11252.550000
11281.750000
11312.100000
11341.475000
11370.650000
11401.100000
11430.300000
11459.525000
11489.900000
11519.225000
11548.425000
11578.975000
11608.050000
11637.300000
11667.825000
11696.975000
11726.200000
11756.600000
11785.850000
11815.075000
11845.525000
11874.750000
11904.075000
11934.400000
11963.625000
11992.900000
12023.325000
12052.550000
12081.750000
12112.100000
12141.475000
12170.650000
12201.100000
12230.300000
12259.525000
12289.900000
12319.225000
12348.425000
12378.975000
12408.050000
12437.300000
12467.825000
12496.975000
12526.200000
12556.600000
12585.850000
12615.075000
12645.525000
12674.750000
12704.075000
12734.400000
12763.625000
12792.900000
12823.325000
12852.550000
12881.750000
12912.100000
12941.475000
12970.650000
13001.100000
13030.300000
13059.525000
13089.900000
13119.225000
13148.425000
13178.975000
13208.050000
13237.300000
13267.825000
13296.975000
13326.200000
13356.600000
13385.850000
13415.075000
13445.525000
13474.750000
13504.075000
13534.400000
13563.625000
13592.900000
13623.325000
13652.550000
13681.750000
13712.100000
13741.475000
13770.650000
13801.100000
13830.300000
13859.525000
13889.900000
13919.225000
13948.425000
13978.975000
14008.050000
14037.300000
14067.825000
14096.975000
14126.200000
14156.600000
14185.850000
14215.075000
14245.525000
14274.750000
14304.075000
14334.400000
14363.625000
14392.900000
14423.325000
14452.550000
14481.750000
14512.100000
14541.475000
14570.650000
14601.100000
14630.300000
14659.525000
14689.900000
14719.225000
14748.425000
14778.975000
14808.050000
14837.300000
14867.825000
14896.975000
14926.200000
14956.600000
14985.850000
15015.075000
15045.525000
15074.750000
15104.075000
15134.400000
15163.625000
15192.900000
15223.325000
15252.550000
15281.750000
15312.100000
15341.475000
15370.650000
15401.100000
15430.300000
15459.525000
15489.900000
15519.225000
15548.425000
15578.975000
15608.050000
15637.300000
15667.825000
15696.975000
15726.200000
15756.600000
15785.850000
15815.075000
15845.525000
15874.750000
15904.075000
15934.400000
15963.625000
15992.900000
16023.325000
16052.550000
16081.750000
16112.100000
16141.475000
16170.650000
16201.100000
16230.300000
16259.525000
16289.900000
16319.225000
16348.425000
16378.975000
16408.050000
16437.300000
16467.825000
16496.975000
16526.200000
16556.600000
16585.850000
16615.075000
16645.525000
16674.750000
16704.075000
16734.400000
16763.625000
16792.900000
16823.325000
16852.550000
16881.750000
16912.100000
16941.475000
16970.650000
17001.100000
17030.300000
17059.525000
17089.900000
17119.225000
17148.425000
17178.975000
17208.050000
17237.300000
17267.825000
17296.975000
17326.200000
17356.600000
17385.850000
17415.075000
17445.525000
17474.750000
17504.075000
17534.400000
17563.625000
17592.900000
17623.325000
17652.550000
17681.750000
17712.100000
17741.475000
17770.650000
17801.100000
17830.300000
17859.525000
17889.900000
17919.225000
17948.425000
17978.975000
18008.050000
18037.300000
18067.825000
18096.975000
18126.200000
18156.600000
18185.850000
18215.075000
18245.525001
18274.750001
18304.075001
18334.400001
18363.625001
18392.900001
18423.325001
18452.550001
18481.750001
18512.100001
18541.475001
18570.650001
18601.100001
18630.300001
18659.525001
18689.900001
18719.225001
18748.425001
18778.975001
18808.050001
18837.300001
18867.825001
18896.975001
18926.200001
18956.600001
18985.850001
19015.075001
19045.525001
19074.750001
19104.075001
19134.400001
19163.625001
19192.900001
19223.325001
19252.550001
19281.750001
19312.100001
19341.475001
19370.650001
19401.100001
19430.300001
19459.525001
19489.900001
19519.225001
19548.425001
19578.975001
19608.050001
19637.300001
19667.825001
19696.975001
19726.200001
19756.600001
19785.850001
19815.075001
19845.525001
19874.750001
19904.075001
19934.400001
19963.625001
19992.900001
20023.325001
20052.550001
20081.750001
20112.175001
20141.475001
20170.725001
20201.225001
20230.375001
20259.750001
20290.250001
20319.375001
20348.875001
20379.700001
20409.275001
20440.200001
20469.400001
20499.825001
20530.175001
20559.775001
20590.475001
20620.350001
20651.325001
20680.600001
20712.050001
20741.725001
20773.175001
20802.825001
20834.300001
20863.875001
20895.575001
20925.150001
20956.825001
20986.325001
21018.000001
21048.325001
21079.800001
21110.850001
21141.550001
21173.275001
21203.850001
21235.425001
21266.875001
21297.250001
21329.200001
21359.725001
21391.400001
21423.300001
21454.100001
21485.750001
21517.850001
21548.525001
21580.275001
21612.375001
21643.150001
21674.850001
21706.950001
21738.650001
21769.850001
21802.350001
21834.675001
21866.600001
21898.225001
21930.325001
21962.675001
21995.325001
22027.450001
22059.450001
22091.575001
22124.300001
22157.050001
22190.000001
22222.250001
22254.350001
22286.375001
22319.250001
22352.275001
22385.475001
22418.650001
22451.775001
22484.875001
22518.000001
22551.250001
22584.575001
22617.900001
22651.225001
22684.625001
22717.975001
22751.350001
22784.800001
22818.200001
22851.800001
22885.650001
22919.225001
22952.650001
22986.000001
23019.450001
23052.950001
23086.500001
23120.575001
23154.325001
23188.600001
23223.225001
23257.575001
23291.625001
23325.875001
23360.325001
23395.550001
23430.100001
23464.025001
23498.525001
23533.325001
23568.125001
23602.625001
23637.325001
23672.350001
23707.625001
23742.675001
23778.000001
23813.400001
23848.425001
23884.325001
23919.325001
23954.950001
23991.075001
24026.325001
24062.425001
24097.675001
24134.175001
24169.625001
24205.950001
24241.675001
24277.975001
24313.750001
24350.250001
24386.075001
24423.150001
24459.400001
24496.150001
24532.825001
24569.400001
24606.750001
24643.075001
24680.225001
24717.775001
24754.625001
24791.700001
24829.350001
24866.775001
24904.025001
24941.525001
24979.475001
25017.625001
25055.425001
25093.000001
25130.650001
25169.075001
25207.575001
25246.025001
25284.650001
25323.375001
25362.200001
25401.125001
25440.100001
25479.150001
25518.150001
25557.425001
25596.800001
25635.950001
25675.100001
25714.550001
25754.250001
25794.100001
25834.350001
25874.450001
25914.325001
25954.675001
25995.475001
26035.825001
26076.225001
26117.350001
26158.125001
26198.800001
26240.200001
26281.150001
26323.075001
26364.275001
26406.400001
26448.100001
26490.325001
26532.100001
26574.525001
26617.200001
26659.575001
26702.375001
26745.525001
26788.475001
26831.600001
26874.850001
26918.525001
26962.400001
27006.475001
27050.725001
27095.275001
27139.950001
27184.650001
27229.600001
27274.600001
27319.625001
27364.950001
27410.600001
27456.750001
27502.650001
27548.675001
27595.475001
27642.125001
27689.175001
27736.175001
27783.825001
27831.575001
27879.900001
27928.475001
27977.075001
28026.025001
28075.175001
28124.775001
28174.700001
28224.900001
28275.425001
28326.300001
28377.675001
28429.625001
28481.750001
28534.575001
28587.525001
28641.300001
28695.600001
28750.275001
28805.575001
28861.525001
28918.275001
28975.575001
29033.825001
29092.850001
29152.800001
29213.800001
29275.925001
29339.400001
29404.275001
29470.800001
29539.275001
29610.175001
29684.175001
29762.375001
29848.350001
30446.925001
30800.650001
31155.750001
31510.400001
31865.050001
32219.875001
32574.475001
32929.025001
33283.900001
33638.500001
33993.100001
34347.900001
34702.525001
