100.000000
15.000000
1404.000000
1473.650000
1539.900000
1602.900000
1663.725000
1723.100000
1781.050000
1837.850000
1893.875000
1949.025000
2003.575000
2057.675000
2110.900000
2163.525000
2215.425000
2267.075000
2318.125000
2368.700000
2418.925000
2468.700000
2518.000000
2566.675000
2614.850000
2663.050000
2710.725000
2758.025000
2805.125000
2851.975000
2898.300000
2944.475000
2990.350000
3035.825000
3081.100000
3126.150000
3170.800000
3215.275000
3259.575000
3303.800000
3347.700000
3391.550000
3435.350000
3479.075000
3522.175000
3565.025000
3607.950000
3650.975000
3693.175000
3735.675000
3777.900000
3819.600000
3861.650000
3903.225000
3945.150000
3986.200000
4027.550000
4068.800000
4109.625000
4150.750000
4191.450000
4231.775000
4272.175000
4312.500000
4352.500000
4392.525000
4432.400000
4472.250000
4512.150000
4551.575000
4591.175000
4630.350000
4669.325000
4708.150000
4747.025000
4785.800000
4824.625000
4863.400000
4902.175000
4940.975000
4979.575000
5017.925000
5056.000000
5094.050000
5131.775000
5169.325000
5207.175000
5244.800000
5281.925000
5319.250000
5356.825000
5393.825000
5430.675000
5468.000000
5504.850000
5541.625000
5578.900000
5615.100000
5651.825000
5688.375000
5724.775000
5761.075000
5797.050000
5833.250000
5869.200000
5905.300000
5941.325000
5976.750000
6012.825000
6048.250000
6084.400000
6119.375000
6155.075000
6190.825000
6226.000000
6261.300000
6296.650000
6331.675000
6366.850000
6401.700000
6436.025000
6470.675000
6505.500000
6540.250000
6574.700000
6608.625000
6642.975000
6677.475000
6712.225000
6746.425000
6780.400000
6813.975000
6848.150000
6881.925000
6915.700000
6949.775000
6983.425000
7017.700000
7051.300000
7084.900000
7118.500000
7152.275000
7185.775000
7219.175000
7252.475000
7285.750000
7319.100000
7352.375000
7385.675000
7419.000000
7452.225000
7485.550000
7518.750000
7551.725000
7584.675000
7617.750000
7650.100000
7682.150000
7714.100000
7746.925000
7779.625000
7812.350000
7844.400000
7876.200000
7908.125000
7940.550000
7973.025000
8005.200000
8036.500000
8069.050000
8101.225000
8132.850000
8164.000000
8196.125000
8227.800000
8258.550000
8290.850000
8322.650000
8353.950000
8385.650000
8417.725000
8448.400000
8480.100000
8511.300000
8541.875000
8573.525000
8604.100000
8635.575000
8666.775000
8697.125000
8728.900000
8758.475000
8790.150000
8820.400000
8851.400000
8881.725000
8912.575000
8942.800000
8973.575000
9003.750000
9034.675000
9063.975000
9095.400000
9124.950000
9155.525000
9185.750000
9215.375000
9245.850000
9275.100000
9305.575000
9335.700000
9365.225000
9395.700000
9424.875000
9454.600000
9484.800000
9513.800000
9543.150000
9573.500000
9602.600000
9631.875000
9662.150000
9691.425000
9720.575000
9750.150000
9779.975000
9808.400000
9837.650000
9867.850000
9896.875000
9925.300000
9954.500000
9984.500000
10013.475000
10041.825000
10070.725000
10099.875000
10129.175000
10158.000000
10186.125000
10215.150000
10244.300000
10273.525000
10302.450000
10330.550000
10359.575000
10388.725000
10417.975000
10446.900000
10475.050000
10504.125000
10533.250000
10562.450000
10591.400000
10619.525000
10648.475000
10677.625000
10706.900000
10735.775000
10763.875000
10792.925000
10822.025000
10851.300000
10880.225000
10908.325000
10937.350000
10966.625000
10995.750000
11024.675000
11052.850000
11081.825000
11110.975000
11140.225000
11169.125000
11197.275000
11226.250000
11255.475000
11284.675000
11313.550000
11341.825000
11370.725000
11399.900000
11429.175000
11458.000000
11486.125000
11515.150000
11544.300000
11573.525000
11602.450000
11630.550000
11659.575000
11688.725000
11717.975000
11746.900000
11775.050000
11804.125000
11833.250000
11862.450000
11891.400000
11919.525000
11948.475000
11977.625000
12006.900000
12035.775000
12063.875000
12092.925000
12122.025000
12151.300000
12180.225000
12208.325000
12237.350000
12266.625000
12295.750000
12324.675000
12352.850000
12381.825000
12410.975000
12440.225000
12469.125000
12497.275000
12526.250000
12555.475000
12584.675000
12613.550000
12641.825000
12670.725000
12699.900000
12729.175000
12758.000000
12786.125000
12815.150000
12844.300000
12873.525000
12902.450000
12930.550000
12959.575000
12988.725000
13017.975000
13046.900000
13075.050000
13104.125000
13133.250000
13162.450000
13191.400000
13219.525000
13248.475000
13277.625000
13306.900000
13335.775000
13363.875000
13392.925000
13422.025000
13451.300000
13480.225000
13508.325000
13537.350000
13566.625000
13595.750000
13624.675000
13652.850000
13681.825000
13710.975000
13740.225000
13769.125000
13797.275000
13826.250000
13855.475000
13884.675000
13913.550000
13941.825000
13970.725000
13999.900000
14029.175000
14058.000000
14086.125000
14115.150000
14144.300000
14173.525000
14202.450000
14230.550000
14259.575000
14288.725000
14317.975000
14346.900000
14375.050000
14404.125000
14433.250000
14462.450000
14491.400000
14519.525000
14548.475000
14577.625000
14606.900000
14635.775000
14663.875000
14692.925000
14722.025000
14751.300000
14780.225000
14808.325000
14837.350000
14866.625000
14895.750000
14924.675000
14952.850000
14981.825000
15010.975000
15040.225000
15069.125000
15097.275000
15126.250000
15155.475000
15184.675000
15213.550000
15241.825000
15270.725000
15299.900000
15329.175000
15358.000000
15386.125000
15415.150000
15444.300000
15473.525000
15502.450000
15530.550000
15559.575000
15588.725000
15617.975000
15646.900000
15675.050000
15704.125000
15733.250000
15762.450000
15791.400000
15819.525000
15848.475000
15877.625000
15906.900000
15935.775000
15963.875000
15992.925000
16022.025000
16051.300000
16080.225000
16108.325000
16137.350000
16166.625000
16195.750000
16224.675000
16252.850000
16281.825000
16310.975000
16340.225000
16369.125000
16397.275000
16426.250000
16455.475000
16484.675000
16513.550000
16541.825000
16570.725000
16599.900000
16629.175000
16658.000000
16686.125000
16715.150000
16744.300000
16773.525000
16802.450000
16830.550000
16859.575000
16888.725000
16917.975000
16946.900000
16975.050000
17004.125000
17033.250000
17062.450000
17091.400000
17119.525000
17148.475000
17177.625000
17206.900000
17235.775000
17263.875000
17292.925000
17322.025000
17351.300000
17380.225000
17408.325000
17437.350000
17466.625000
17495.750000
17524.675000
17552.850000
17581.825000
17610.975000
17640.225000
17669.125000
17697.275000
17726.250000
17755.475000
17784.675000
17813.550000
17841.825000
17870.725000
17899.900000
17929.175000
17958.000000
17986.125000
18015.150000
18044.300000
18073.525000
18102.450000
18130.550000
18159.575000
18188.725000
18217.975000
18246.900001
18275.050001
18304.125001
18333.250001
18362.450001
18391.400001
18419.525001
18448.475001
18477.625001
18506.900001
18535.775001
18563.875001
18592.925001
18622.025001
18651.300001
18680.225001
18708.325001
18737.350001
18766.625001
18795.750001
18824.675001
18852.850001
18881.825001
18910.975001
18940.225001
18969.125001
18997.275001
19026.250001
19055.475001
19084.675001
19113.550001
19141.825001
19170.725001
19199.900001
19229.175001
19258.000001
19286.125001
19315.150001
19344.300001
19373.525001
19402.450001
19430.550001
19459.575001
19488.725001
19517.975001
19546.900001
19575.050001
19604.125001
19633.250001
19662.450001
19691.400001
19719.525001
19748.475001
19777.625001
19806.900001
19835.775001
19863.875001
19892.925001
19922.025001
19951.300001
19980.225001
20008.325001
20037.350001
20066.625001
20095.750001
20124.700001
20152.925001
20181.950001
20211.325001
20240.950001
20269.525001
20298.600001
20328.950001
20357.975001
20386.775001
20417.650001
20446.925001
20476.125001
20505.950001
20535.750001
20565.050001
20595.525001
20624.775001
20654.175001
20684.600001
20713.700001
20743.125001
20773.550001
20802.750001
20833.125001
20863.400001
20893.025001
20923.550001
20952.875001
20983.400001
21013.575001
21043.375001
21074.350001
21104.775001
21135.725001
21166.400001
21196.900001
21227.425001
21258.050001
21288.800001
21319.250001
21350.050001
21380.400001
21411.550001
21442.100001
21473.550001
21504.100001
21535.575001
21567.000001
21597.350001
21629.200001
21659.725001
21691.375001
21723.225001
21754.100001
21785.725001
21817.825001
21848.525001
21880.250001
21912.350001
21943.175001
21974.850001
22006.950001
22038.675001
22070.250001
22102.500001
22134.725001
22166.750001
22198.400001
22230.350001
22262.875001
22295.575001
22327.675001
22359.600001
22391.650001
22424.550001
22457.300001
22490.175001
22523.150001
22555.775001
22588.575001
22620.825001
22653.825001
22686.125001
22719.250001
22752.425001
22785.700001
22819.075001
22852.425001
22885.750001
22919.175001
22952.525001
22985.850001
23019.275001
23052.625001
23085.975001
23119.400001
23152.850001
23186.225001
23220.300001
23254.225001
23288.425001
23323.200001
23357.575001
23391.625001
23425.900001
23460.475001
23495.600001
23530.125001
23564.225001
23598.675001
23633.575001
23668.525001
23702.975001
23737.850001
23773.375001
23808.100001
23843.000001
23878.900001
23913.675001
23948.725001
23984.625001
24019.575001
24055.475001
24091.300001
24126.675001
24162.925001
24198.500001
24234.775001
24270.600001
24307.025001
24342.950001
24379.750001
24416.425001
24452.650001
24489.775001
24526.225001
24563.350001
24600.775001
24637.500001
24674.700001
24712.250001
24749.225001
24786.475001
24824.375001
24862.350001
24899.900001
24937.375001
24974.975001
25013.300001
25051.525001
25090.025001
25128.650001
25167.525001
25206.450001
25245.475001
25284.450001
25323.425001
25362.450001
25401.475001
25440.950001
25480.300001
25519.475001
25558.950001
25598.550001
25638.500001
25678.925001
25719.000001
25759.175001
25799.750001
25840.325001
25880.550001
25921.100001
25962.325001
26002.975001
26044.300001
26085.675001
26127.250001
26169.125001
26210.925001
26252.675001
26295.150001
26337.325001
26380.025001
26423.050001
26465.850001
26508.700001
26552.150001
26595.725001
26639.225001
26683.000001
26726.725001
26770.700001
26814.975001
26859.450001
26904.125001
26948.850001
26994.150001
27039.850001
27085.650001
27131.600001
27177.775001
27224.325001
27270.875001
27318.025001
27365.075001
27412.750001
27460.550001
27508.625001
27557.300001
27606.275001
27655.500001
27705.050001
27755.100001
27805.450001
27856.300001
27907.625001
27959.200001
28011.250001
28063.675001
28116.725001
28170.225001
28224.525001
28279.475001
28334.900001
28391.100001
28447.950001
28505.650001
28564.000001
28623.550001
28684.150001
28745.950001
28808.800001
28873.275001
28939.150001
29006.950001
29076.450001
29148.375001
29223.150001
29301.250001
29383.750001
29474.025001
