1.000000
6.000000
1079.800000
1169.425000
1253.300000
1331.425000
1403.925000
1471.925000
1536.475000
1598.250000
1657.750000
1714.950000
1770.300000
1823.950000
1875.900000
1926.600000
1976.300000
2025.225000
2073.675000
2121.375000
2168.900000
2215.625000
2262.150000
2308.000000
2353.550000
2398.575000
2443.175000
2487.450000
2531.500000
2575.125000
2618.750000
2662.200000
2705.100000
2747.650000
2790.225000
2832.100000
2874.050000
2915.625000
2957.175000
2998.250000
3039.400000
3080.250000
3120.675000
3161.025000
3201.250000
3241.275000
3280.800000
3320.450000
3359.725000
3398.700000
3437.625000
3476.325000
3515.000000
3553.625000
3592.000000
3630.300000
3668.500000
3706.750000
3744.425000
3781.850000
3819.275000
3856.850000
3894.025000
3930.875000
3968.075000
4004.900000
4041.625000
4078.575000
4114.950000
4151.375000
4187.350000
4223.550000
4259.375000
4295.600000
4330.825000
4366.750000
4402.300000
4437.525000
4473.275000
4508.150000
4543.050000
4578.425000
4613.500000
4648.275000
4683.100000
4717.900000
4752.375000
4786.400000
4820.700000
4855.100000
4889.475000
4923.650000
4957.775000
4991.575000
5025.025000
5058.375000
5091.825000
5125.050000
5158.250000
5191.575000
5224.775000
5258.000000
5291.325000
5324.475000
5357.750000
5390.950000
5423.800000
5456.800000
5489.150000
5521.625000
5554.150000
5586.075000
5618.775000
5651.300000
5683.300000
5715.100000
5747.025000
5779.200000
5810.925000
5842.600000
5874.625000
5906.700000
5937.625000
5969.250000
6001.100000
6031.925000
6063.475000
6094.975000
6126.100000
6157.475000
6188.675000
6219.350000
6250.500000
6280.875000
6312.350000
6342.725000
6373.575000
6403.950000
6434.700000
6464.600000
6495.725000
6525.375000
6556.475000
6586.075000
6616.600000
6646.750000
6676.375000
6706.875000
6736.050000
6766.075000
6796.100000
6825.450000
6855.575000
6885.325000
6914.725000
6944.725000
6974.350000
7003.850000
7033.275000
7062.600000
7091.575000
7120.600000
7149.800000
7179.175000
7208.025000
7236.225000
7265.200000
7294.200000
7323.425000
7352.000000
7380.500000
7408.575000
7437.350000
7465.475000
7494.275000
7523.125000
7551.475000
7580.150000
7608.175000
7636.050000
7663.875000
7691.775000
7719.550000
7747.300000
7775.050000
7802.800000
7830.500000
7858.225000
7885.950000
7913.700000
7941.500000
7969.225000
7996.925000
8024.675000
8052.400000
8080.200000
8107.900000
8135.625000
8163.375000
8191.175000
8218.500000
8245.950000
8273.525000
8300.875000
8327.925000
8354.600000
8381.675000
8408.275000
8435.725000
8462.675000
8490.000000
8516.650000
8542.925000
8569.400000
8596.100000
8623.400000
8648.900000
8675.150000
8702.350000
8729.225000
8755.500000
8780.800000
8807.975000
8834.675000
8860.000000
8886.050000
8912.625000
8938.675000
8963.925000
8990.475000
9016.575000
9041.775000
9068.150000
9093.250000
9119.350000
9145.725000
9170.750000
9196.850000
9222.500000
9247.425000
9273.675000
9298.600000
9324.625000
9350.050000
9375.000000
9401.250000
9425.525000
9451.550000
9476.375000
9501.925000
9526.675000
9552.550000
9577.425000
9602.675000
9627.725000
9652.650000
9677.350000
9702.650000
9726.950000
9752.600000
9776.625000
9802.150000
9826.500000
9851.600000
9876.075000
9901.400000
9925.100000
9950.075000
9974.800000
9998.650000
10023.675000
10047.300000
10071.900000
10096.825000
10120.800000
10145.850000
10169.475000
10193.400000
10218.450000
10242.900000
10268.025000
10291.700000
10315.750000
10341.325000
10365.150000
10390.275000
10413.850000
10437.875000
10463.175000
10487.375000
10512.525000
10536.100000
10560.200000
10585.675000
10609.650000
10634.750000
10658.325000
10682.600000
10708.025000
10731.925000
10756.975000
10780.550000
10805.375000
10830.200000
10854.175000
10879.250000
10902.825000
10926.675000
10951.625000
10975.250000
11000.325000
11024.875000
11048.675000
11073.675000
11097.275000
11121.500000
11146.950000
11170.825000
11195.850000
11219.475000
11243.450000
11268.600000
11293.000000
11318.075000
11341.725000
11366.375000
11391.350000
11415.100000
11440.275000
11463.850000
11487.850000
11513.000000
11536.900000
11562.550000
11586.125000
11610.725000
11635.750000
11659.650000
11684.750000
11708.325000
11732.525000
11757.975000
11781.900000
11806.975000
11830.550000
11855.350000
11880.200000
11904.175000
11929.250000
11952.825000
11976.675000
12001.625000
12025.250000
12050.325000
12074.875000
12098.675000
12123.675000
12147.300000
12171.525000
12196.950000
12220.825000
12245.850000
12269.475000
12293.450000
12318.600000
12343.000000
12368.075000
12391.725000
12416.425000
12441.350000
12465.100000
12490.275000
12513.850000
12537.825000
12563.000000
12586.825000
12612.550000
12636.125000
12660.750000
12685.750000
12709.650000
12734.750000
12758.325000
12782.525000
12807.975000
12831.900000
12856.975000
12880.550000
12905.350000
12930.200000
12954.175000
12979.250000
13002.825000
13026.675000
13051.625000
13075.250000
13100.325000
13124.875000
13148.675000
13173.675000
13197.300000
13221.550000
13246.950000
13270.825000
13295.850000
13319.475000
13343.450000
13368.600000
13393.000000
13418.075000
13441.725000
13466.425000
13491.350000
13515.100000
13540.275000
13563.850000
13587.825000
13613.000000
13636.825000
13662.550000
13686.125000
13710.750000
13735.750000
13759.650000
13784.750000
13808.325000
13832.525000
13857.975000
13881.900000
13906.975000
13930.550000
13955.350000
13980.200000
14004.175000
14029.250000
14052.825000
14076.675000
14101.625000
14125.250000
14150.325000
14174.875000
14198.675000
14223.675000
14247.300000
14271.550000
14296.950000
14320.825000
14345.850000
14369.475000
14393.450000
14418.600000
14443.000000
14468.075000
14491.725000
14516.425000
14541.350000
14565.100000
14590.275000
14613.850000
14637.825000
14663.000000
14686.825000
14712.550000
14736.125000
14760.750000
14785.750000
14809.650000
14834.750000
14858.325000
14882.525000
14907.975000
14931.900000
14956.975000
14980.550000
15005.350000
15030.200000
15054.175000
15079.250000
15102.825000
15126.675000
15151.625000
15175.250000
15200.325000
15224.875000
15248.675000
15273.675000
15297.300000
15321.550000
15346.950000
15370.825000
15395.850000
15419.475000
15443.450000
15468.600000
15493.000000
15518.075000
15541.725000
15566.425000
15591.350000
15615.100000
15640.275000
15663.850000
15687.825000
15713.000000
15736.825000
15762.550000
15786.125000
15810.750000
15835.750000
15859.650000
15884.750000
15908.325000
15932.525000
15957.975000
15981.900000
16006.975000
16030.550000
16055.350000
16080.200000
16104.175000
16129.250000
16152.825000
16176.675000
16201.625000
16225.250000
16250.325000
16274.875000
16298.675000
16323.675000
16347.300000
16371.550000
16396.950000
16420.825000
16445.850000
16469.475000
16493.450000
16518.600000
16543.000000
16568.075000
16591.725000
16616.425000
16641.350000
16665.100000
16690.275000
16713.850000
16737.825000
16763.000000
16786.825000
16812.550000
16836.125000
16860.750000
16885.750000
16909.650000
16934.750000
16958.325000
16982.525000
17007.975000
17031.900000
17056.975000
17080.550000
17105.350000
17130.200000
17154.175000
17179.250000
17202.825000
17226.675000
17251.625000
17275.250000
17300.325000
17324.875000
17348.675000
17373.675000
17397.300000
17421.550000
17446.950000
17470.825000
17495.850000
17519.475000
17543.450000
17568.600000
17593.000000
17618.075000
17641.725000
17666.425000
17691.350000
17715.100000
17740.275000
17763.850000
17787.825000
17813.000000
17836.825000
17862.550000
17886.125000
17910.750000
17935.750000
17959.650000
17984.750000
18008.325000
18032.525000
18057.975000
18081.900000
18106.975000
18130.550000
18155.350000
18180.200000
18204.175000
18229.250001
18252.825001
18276.675001
18301.625001
18325.250001
18350.325001
18374.875001
18398.675001
18423.675001
18447.300001
18471.550001
18496.950001
18520.825001
18545.850001
18569.475001
18593.450001
18618.600001
18643.000001
18668.075001
18691.725001
18716.425001
18741.350001
18765.100001
18790.275001
18813.850001
18837.825001
18863.000001
18886.825001
18912.550001
18936.125001
18960.750001
18985.750001
19009.650001
19034.750001
19058.325001
19082.525001
19107.975001
19131.900001
19156.975001
19180.550001
19205.350001
19230.200001
19254.175001
19279.250001
19302.825001
19326.675001
19351.625001
19375.250001
19400.325001
19424.875001
19448.675001
19473.675001
19497.300001
19521.550001
19546.950001
19570.825001
19595.850001
19619.475001
19643.450001
19668.600001
19693.000001
19718.075001
19741.725001
19766.425001
19791.350001
19815.100001
19840.275001
19863.850001
19887.825001
19913.000001
19936.825001
19962.550001
19986.125001
20010.750001
20035.750001
20059.650001
20084.750001
20108.325001
20133.000001
20158.025001
20181.975001
20207.075001
20230.675001
20255.875001
20280.475001
20305.450001
20330.325001
20354.500001
20380.200001
20404.425001
20430.200001
20454.550001
20480.300001
20505.275001
20530.375001
20555.550001
20580.425001
20605.650001
20630.475001
20655.875001
20680.575001
20706.875001
20730.875001
20757.125001
20782.000001
20808.000001
20833.425001
20858.325001
20884.700001
20909.600001
20935.750001
20961.300001
20986.200001
21012.650001
21037.800001
21063.775001
21090.275001
21115.375001
21141.575001
21168.025001
21193.150001
21219.350001
21245.850001
21271.100001
21297.250001
21323.775001
21350.075001
21376.100001
21402.625001
21429.325001
21455.650001
21481.775001
21508.200001
21535.000001
21562.175001
21588.600001
21614.975001
21641.650001
21668.875001
21695.925001
21723.400001
21749.975001
21776.375001
21802.925001
21830.350001
21857.825001
21885.250001
21912.775001
21940.325001
21967.975001
21995.575001
22023.175001
22051.075001
22078.950001
22106.650001
22134.475001
22162.325001
22190.150001
22217.975001
22245.775001
22273.600001
22301.425001
22329.425001
22357.625001
22385.850001
22413.725001
22441.650001
22469.450001
22497.300001
22525.200001
22553.750001
22581.950001
22610.075001
22638.875001
22667.875001
22696.050001
22724.775001
22752.875001
22781.650001
22810.225001
22839.975001
22868.900001
22897.375001
22926.300001
22955.550001
22984.750001
23013.675001
23042.800001
23072.150001
23101.450001
23130.450001
23159.675001
23189.475001
23219.225001
23248.500001
23278.900001
23308.150001
23337.575001
23367.975001
23397.225001
23427.275001
23457.850001
23487.575001
23518.075001
23547.850001
23579.075001
23608.450001
23639.150001
23669.375001
23700.025001
23730.375001
23761.075001
23791.575001
23822.450001
23852.825001
23884.425001
23915.000001
23946.150001
23977.325001
24008.275001
24040.100001
24070.800001
24102.450001
24134.375001
24165.375001
24197.050001
24229.100001
24260.675001
24292.600001
24324.725001
24356.925001
24388.825001
24420.675001
24452.675001
24485.250001
24517.975001
24550.350001
24582.975001
24615.300001
24647.900001
24680.550001
24713.575001
24746.750001
24780.100001
24813.425001
24846.825001
24880.225001
24913.575001
24947.000001
24980.375001
25013.775001
25047.250001
25080.700001
25114.550001
25148.550001
25182.775001
25217.625001
25251.850001
25286.000001
25320.500001
25355.275001
25390.125001
25424.725001
25459.475001
25494.500001
25529.775001
25564.950001
25600.500001
25635.875001
25671.100001
25707.000001
25742.625001
25778.950001
25814.475001
25851.125001
25887.100001
25923.575001
25959.700001
25996.450001
26033.250001
26069.775001
26106.975001
26144.000001
26181.100001
26218.875001
26256.725001
26294.250001
26331.800001
26369.475001
26407.750001
26446.025001
26484.575001
26523.225001
26562.100001
26601.100001
26640.150001
26679.300001
26718.675001
26758.125001
26797.650001
26837.425001
26877.500001
26917.875001
26958.075001
26998.500001
27039.400001
27080.350001
27121.525001
27163.250001
27205.050001
27246.950001
27288.950001
27331.125001
27373.825001
27416.625001
27459.500001
27502.675001
27546.325001
27590.275001
27634.500001
27679.025001
27723.650001
27768.750001
27813.950001
27859.550001
27905.550001
27951.925001
27998.525001
28045.700001
28093.000001
28140.975001
28189.375001
28238.075001
28287.225001
28336.775001
28386.900001
28437.450001
28488.525001
28540.225001
28592.400001
28645.425001
28698.725001
28752.750001
28807.700001
28863.400001
28919.875001
28977.275001
29035.725001
29095.350001
29156.100001
29218.125001
29281.425001
29346.275001
29412.750001
29480.975001
29551.375001
29624.350001
29700.425001
29780.575001
29866.500001
29962.900001
