10.000000
7.000000
954.675000
1046.950000
1133.900000
1215.425000
1292.775000
1366.575000
1437.275000
1505.350000
1570.625000
1633.025000
1692.475000
1749.400000
1804.075000
1856.800000
1907.725000
1957.250000
2005.375000
2052.525000
2098.775000
2144.575000
2189.925000
2234.675000
2279.050000
2323.025000
2366.600000
2409.550000
2452.400000
2495.125000
2537.250000
2579.250000
2620.625000
2662.175000
2702.975000
2743.900000
2784.700000
2824.850000
2864.950000
2905.000000
2944.975000
2984.650000
3023.850000
3063.075000
3102.200000
3141.175000
3179.950000
3218.425000
3256.825000
3294.800000
3332.625000
3370.450000
3408.025000
3445.625000
3482.750000
3519.700000
3556.875000
3593.225000
3630.125000
3666.700000
3702.725000
3738.925000
3774.825000
3810.850000
3846.750000
3882.350000
3918.100000
3953.300000
3988.825000
4024.000000
4058.975000
4094.300000
4129.225000
4163.700000
4198.300000
4232.975000
4267.800000
4302.075000
4336.075000
4370.275000
4404.275000
4438.225000
4472.275000
4506.100000
4540.125000
4573.575000
4607.050000
4640.400000
4673.625000
4706.925000
4740.150000
4773.325000
4806.425000
4839.200000
4872.025000
4904.375000
4936.700000
4969.350000
5001.825000
5034.575000
5066.700000
5098.475000
5130.425000
5162.575000
5194.425000
5226.075000
5258.000000
5290.050000
5321.000000
5352.625000
5384.500000
5415.325000
5446.875000
5478.250000
5509.375000
5540.725000
5571.875000
5602.675000
5633.550000
5663.900000
5695.225000
5725.675000
5756.925000
5787.075000
5818.000000
5848.050000
5879.100000
5908.475000
5938.950000
5969.150000
5998.700000
6029.225000
6058.400000
6088.625000
6118.425000
6148.150000
6178.250000
6208.050000
6237.375000
6267.400000
6296.950000
6326.150000
6355.575000
6384.875000
6413.750000
6442.875000
6472.025000
6501.300000
6530.250000
6558.450000
6587.400000
6616.425000
6645.575000
6674.000000
6702.650000
6730.650000
6759.150000
6787.625000
6816.350000
6844.800000
6873.525000
6901.525000
6930.125000
6958.150000
6986.000000
7013.800000
7041.675000
7069.425000
7097.175000
7124.900000
7152.650000
7180.375000
7208.100000
7235.825000
7263.575000
7291.400000
7319.025000
7346.700000
7374.425000
7402.100000
7430.050000
7457.600000
7485.125000
7512.600000
7540.125000
7567.125000
7594.225000
7620.775000
7647.300000
7674.675000
7701.500000
7728.900000
7755.425000
7781.700000
7808.225000
7835.025000
7862.075000
7888.325000
7914.525000
7941.575000
7968.150000
7994.400000
8020.250000
8047.025000
8073.575000
8098.825000
8124.975000
8151.425000
8176.650000
8202.750000
8229.250000
8254.500000
8280.475000
8306.900000
8331.950000
8358.050000
8383.650000
8408.525000
8434.875000
8459.850000
8485.850000
8511.225000
8536.100000
8562.375000
8586.425000
8612.625000
8637.425000
8663.025000
8687.950000
8713.700000
8738.850000
8763.750000
8788.825000
8813.725000
8838.675000
8863.675000
8888.025000
8913.650000
8937.775000
8963.350000
8987.625000
9012.775000
9036.500000
9062.450000
9086.125000
9111.000000
9135.775000
9159.700000
9184.775000
9208.350000
9232.600000
9257.925000
9281.825000
9306.875000
9330.500000
9354.300000
9379.250000
9402.775000
9426.425000
9451.325000
9474.900000
9498.475000
9522.575000
9546.950000
9569.925000
9594.450000
9618.300000
9641.725000
9665.225000
9689.050000
9712.925000
9736.125000
9759.600000
9783.375000
9807.125000
9830.475000
9853.025000
9876.450000
9900.125000
9923.725000
9947.075000
9969.575000
9992.950000
10015.625000
10039.700000
10063.475000
10086.100000
10108.475000
10131.700000
10154.825000
10179.225000
10202.350000
10225.050000
10247.500000
10270.850000
10293.425000
10318.025000
10341.250000
10363.875000
10386.250000
10409.050000
10432.800000
10457.000000
10480.325000
10502.825000
10525.250000
10548.575000
10571.075000
10594.775000
10618.250000
10641.600000
10663.925000
10686.300000
10709.650000
10732.450000
10756.925000
10780.225000
10802.800000
10825.200000
10848.525000
10871.050000
10894.650000
10918.175000
10941.525000
10963.900000
10986.275000
11009.425000
11032.275000
11056.350000
11080.200000
11102.825000
11125.225000
11148.575000
11171.075000
11194.775000
11218.225000
11241.575000
11263.925000
11286.300000
11309.625000
11332.375000
11356.850000
11380.150000
11402.800000
11425.225000
11448.525000
11471.050000
11494.650000
11518.175000
11541.525000
11563.900000
11586.275000
11609.450000
11632.275000
11656.225000
11680.200000
11702.825000
11725.250000
11748.575000
11771.075000
11794.825000
11818.275000
11841.600000
11863.950000
11886.325000
11909.675000
11932.650000
11957.000000
11980.300000
12002.825000
12025.225000
12048.550000
12071.050000
12094.725000
12118.200000
12141.550000
12163.925000
12186.300000
12209.575000
12232.300000
12256.350000
12280.200000
12302.825000
12325.225000
12348.575000
12371.075000
12394.775000
12418.225000
12441.575000
12463.925000
12486.300000
12509.625000
12532.375000
12556.825000
12580.125000
12602.800000
12625.225000
12648.525000
12671.050000
12694.675000
12718.175000
12741.550000
12763.900000
12786.275000
12809.450000
12832.275000
12856.175000
12880.175000
12902.825000
12925.250000
12948.575000
12971.075000
12994.825000
13018.275000
13041.600000
13063.950000
13086.325000
13109.700000
13132.800000
13157.000000
13180.300000
13202.825000
13225.225000
13248.550000
13271.050000
13294.700000
13318.200000
13341.550000
13363.925000
13386.275000
13409.550000
13432.275000
13456.200000
13480.200000
13502.825000
13525.250000
13548.575000
13571.075000
13594.825000
13618.275000
13641.600000
13663.950000
13686.325000
13709.675000
13732.675000
13757.000000
13780.300000
13802.825000
13825.225000
13848.550000
13871.050000
13894.725000
13918.200000
13941.575000
13963.925000
13986.300000
14009.575000
14032.300000
14056.375000
14080.200000
14102.825000
14125.225000
14148.575000
14171.075000
14194.750000
14218.225000
14241.575000
14263.925000
14286.300000
14309.600000
14332.350000
14356.750000
14380.075000
14402.800000
14425.225000
14448.550000
14471.050000
14494.700000
14518.200000
14541.550000
14563.900000
14586.275000
14609.500000
14632.275000
14656.100000
14680.150000
14702.825000
14725.250000
14748.575000
14771.075000
14794.875000
14818.325000
14841.625000
14863.975000
14886.375000
14909.750000
14933.150000
14956.950000
14980.225000
15002.800000
15025.200000
15048.525000
15071.025000
15094.625000
15118.175000
15141.525000
15163.900000
15186.275000
15209.375000
15232.300000
15256.650000
15280.075000
15302.800000
15325.225000
15348.550000
15371.050000
15394.725000
15418.200000
15441.550000
15463.925000
15486.275000
15509.550000
15532.275000
15556.250000
15580.200000
15602.825000
15625.250000
15648.575000
15671.075000
15694.800000
15718.250000
15741.600000
15763.950000
15786.325000
15809.675000
15832.575000
15856.975000
15880.300000
15902.825000
15925.225000
15948.550000
15971.050000
15994.700000
16018.200000
16041.550000
16063.900000
16086.275000
16109.525000
16132.275000
16156.100000
16180.150000
16202.825000
16225.250000
16248.575000
16271.075000
16294.875000
16318.300000
16341.625000
16363.950000
16386.375000
16409.750000
16433.125000
16456.950000
16480.225000
16502.800000
16525.200000
16548.525000
16571.025000
16594.650000
16618.175000
16641.525000
16663.900000
16686.275000
16709.400000
16732.300000
16756.650000
16780.075000
16802.800000
16825.225000
16848.550000
16871.050000
16894.725000
16918.200000
16941.550000
16963.925000
16986.275000
17009.550000
17032.275000
17056.250000
17080.200000
17102.825000
17125.250000
17148.575000
17171.075000
17194.800000
17218.250000
17241.600000
17263.950000
17286.325000
17309.675000
17332.550000
17356.975000
17380.275000
17402.825000
17425.225000
17448.550000
17471.050000
17494.675000
17518.200000
17541.550000
17563.900000
17586.275000
17609.500000
17632.275000
17656.100000
17680.125000
17702.825000
17725.250000
17748.575000
17771.075000
17794.900000
17818.325000
17841.625000
17863.975000
17886.375000
17909.775000
17933.200000
17956.950000
17980.225000
18002.800000
18025.200000
18048.525000
18071.025000
18094.650000
18118.175000
18141.525000
18163.900000
18186.275000
18209.400000
18232.300001
18256.650001
18280.075001
18302.800001
18325.225001
18348.550001
18371.050001
18394.725001
18418.200001
18441.550001
18463.925001
18486.275001
18509.550001
18532.275001
18556.250001
18580.200001
18602.825001
18625.250001
18648.575001
18671.075001
18694.800001
18718.250001
18741.600001
18763.950001
18786.325001
18809.675001
18832.550001
18856.975001
18880.275001
18902.825001
18925.225001
18948.550001
18971.050001
18994.700001
19018.200001
19041.550001
19063.900001
19086.275001
19109.500001
19132.275001
19156.100001
19180.125001
19202.825001
19225.250001
19248.575001
19271.075001
19294.900001
19318.325001
19341.625001
19363.975001
19386.375001
19409.775001
19433.200001
19456.950001
19480.225001
19502.800001
19525.200001
19548.525001
19571.025001
19594.650001
19618.175001
19641.525001
19663.900001
19686.275001
19709.400001
19732.300001
19756.650001
19780.075001
19802.800001
19825.225001
19848.550001
19871.050001
19894.725001
19918.200001
19941.550001
19963.925001
19986.275001
20009.550001
20032.275001
20056.250001
20080.200001
20102.825001
20125.300001
20148.650001
20172.025001
20195.875001
20219.225001
20241.800001
20264.950001
20288.800001
20312.600001
20335.975001
20358.475001
20382.025001
20405.975001
20430.275001
20452.975001
20476.500001
20501.275001
20524.825001
20547.600001
20571.700001
20596.100001
20619.550001
20643.200001
20668.075001
20691.650001
20715.275001
20740.175001
20763.775001
20787.475001
20812.450001
20836.025001
20859.800001
20884.775001
20908.350001
20932.475001
20957.900001
20981.925001
21007.025001
21030.625001
21055.600001
21080.350001
21104.375001
21129.625001
21154.175001
21179.350001
21203.375001
21229.300001
21253.425001
21279.350001
21303.975001
21329.350001
21354.025001
21379.400001
21404.150001
21429.675001
21454.600001
21480.375001
21505.625001
21530.500001
21556.400001
21580.925001
21607.200001
21632.125001
21658.100001
21683.525001
21708.400001
21734.775001
21759.750001
21785.850001
21811.575001
21837.250001
21863.550001
21889.700001
21915.300001
21941.550001
21968.000001
21993.150001
22019.350001
22045.850001
22071.125001
22097.275001
22123.825001
22150.175001
22176.250001
22202.650001
22229.375001
22255.750001
22281.925001
22308.275001
22335.275001
22362.500001
22388.975001
22415.300001
22441.775001
22469.150001
22495.975001
22523.450001
22550.125001
22576.525001
22603.775001
22630.575001
22658.100001
22685.625001
22713.275001
22741.150001
22768.800001
22796.675001
22824.550001
22852.375001
22880.250001
22908.025001
22935.825001
22963.625001
22991.500001
23019.275001
23047.075001
23074.875001
23102.700001
23130.500001
23158.300001
23186.125001
23213.950001
23242.250001
23270.725001
23298.700001
23327.225001
23356.575001
23385.050001
23413.675001
23441.900001
23470.675001
23499.150001
23529.025001
23557.875001
23586.200001
23615.250001
23644.475001
23673.650001
23702.625001
23731.725001
23761.100001
23790.500001
23819.500001
23848.700001
23879.025001
23908.150001
23937.550001
23967.900001
23997.150001
24026.650001
24057.025001
24086.275001
24116.825001
24146.950001
24176.650001
24207.325001
24237.425001
24268.075001
24298.300001
24329.225001
24359.475001
24390.375001
24420.750001
24451.625001
24482.225001
24513.525001
24544.600001
24575.225001
24606.925001
24637.625001
24669.200001
24701.025001
24732.025001
24763.650001
24795.675001
24826.875001
24858.475001
24890.800001
24923.300001
24955.300001
24987.225001
25019.325001
25051.625001
25084.425001
25116.800001
25148.850001
25181.600001
25213.925001
25246.950001
25280.100001
25313.325001
25346.675001
25380.150001
25413.525001
25446.950001
25480.325001
25513.700001
25547.175001
25580.600001
25614.125001
25648.200001
25682.075001
25716.450001
25750.950001
25785.425001
25819.675001
25854.225001
25888.850001
25923.625001
25958.225001
25993.050001
26028.525001
26063.675001
26098.725001
26134.550001
26169.650001
26205.500001
26241.375001
26277.300001
26313.525001
26349.800001
26385.925001
26422.450001
26458.675001
26495.750001
26532.350001
26569.350001
26606.775001
26643.975001
26681.475001
26719.200001
26757.025001
26795.075001
26833.200001
26871.150001
26909.550001
26948.075001
26986.850001
27025.925001
27065.025001
27104.200001
27143.550001
27183.300001
27223.325001
27263.375001
27303.750001
27344.300001
27384.950001
27425.775001
27467.250001
27508.400001
27550.000001
27591.675001
27633.825001
27676.125001
27718.875001
27762.000001
27805.200001
27848.475001
27892.175001
27936.100001
27980.400001
28024.925001
28069.850001
28115.150001
28160.850001
28207.000001
28253.375001
28300.375001
28347.525001
28395.400001
28443.425001
28491.975001
28541.125001
28590.750001
28640.925001
28691.525001
28742.650001
28794.400001
28846.750001
28899.775001
28953.500001
29008.050001
29063.425001
29119.650001
29176.800001
29235.125001
29294.450001
29354.950001
29416.725001
29479.875001
29544.550001
29610.925001
29679.400001
29750.225001
29824.000001
29901.525001
29984.200001
30074.550001
30171.000001
30272.975001
30383.000001
32169.175001
32284.900001
33775.825001
33892.225001
