2.000000
3.000000
582.600000
629.875000
670.750000
707.750000
742.200000
774.150000
803.875000
832.575000
860.275000
886.875000
913.075000
938.375000
963.275000
988.050000
1012.075000
1035.800000
1059.225000
1082.700000
1106.200000
1129.025000
1152.025000
1174.550000
1196.900000
1219.050000
1241.175000
1263.250000
1285.375000
1307.475000
1328.850000
1350.625000
1371.950000
1392.675000
1413.725000
1434.375000
1455.175000
1475.775000
1496.625000
1517.375000
1538.125000
1558.900000
1578.850000
1599.225000
1619.125000
1639.500000
1659.150000
1678.750000
1698.100000
1717.550000
1736.950000
1756.375000
1775.725000
1795.150000
1814.575000
1834.000000
1853.400000
1872.775000
1891.325000
1909.575000
1928.475000
1946.825000
1964.875000
1983.925000
2002.175000
2020.250000
2038.500000
2056.375000
2074.450000
2092.400000
2110.500000
2128.500000
2146.525000
2164.525000
2181.625000
2199.400000
2217.275000
2234.275000
2251.175000
2268.675000
2285.650000
2303.350000
2320.200000
2337.000000
2353.700000
2370.275000
2386.975000
2403.625000
2420.225000
2436.900000
2453.550000
2470.150000
2486.825000
2503.500000
2520.100000
2536.750000
2553.425000
2569.350000
2585.450000
2600.975000
2617.375000
2634.000000
2650.600000
2667.250000
2683.850000
2700.550000
2717.225000
2733.125000
2748.325000
2764.600000
2780.400000
2796.550000
2812.150000
2828.500000
2845.075000
2861.725000
2878.400000
2895.025000
2911.000000
2926.175000
2942.375000
2958.225000
2974.350000
2989.950000
3006.275000
3022.850000
3039.500000
3056.150000
3072.800000
3088.750000
3104.725000
3120.350000
3136.800000
3153.375000
3169.150000
3185.350000
3200.950000
3217.350000
3234.000000
3250.600000
3267.250000
3283.750000
3299.850000
3315.125000
3331.275000
3347.800000
3363.500000
3379.825000
3395.400000
3411.825000
3428.450000
3445.050000
3461.700000
3478.400000
3495.000000
3510.950000
3526.125000
3542.350000
3558.175000
3574.350000
3589.950000
3606.275000
3622.850000
3639.500000
3656.150000
3672.800000
3688.750000
3704.700000
3720.350000
3736.800000
3753.375000
3769.150000
3785.350000
3800.950000
3817.350000
3834.000000
3850.600000
3867.250000
3883.750000
3899.850000
3915.125000
3931.275000
3947.800000
3963.500000
3979.825000
3995.400000
4011.825000
4028.450000
4045.050000
4061.700000
4078.400000
4095.000000
4110.950000
4126.125000
4142.350000
4158.175000
4174.350000
4189.950000
4206.275000
4222.850000
4239.500000
4256.150000
4272.800000
4288.750000
4304.700000
4320.350000
4336.800000
4353.375000
4369.150000
4385.350000
4400.950000
4417.350000
4434.000000
4450.600000
4467.250000
4483.750000
4499.850000
4515.125000
4531.275000
4547.800000
4563.500000
4579.825000
4595.400000
4611.825000
4628.450000
4645.050000
4661.700000
4678.400000
4695.000000
4710.950000
4726.125000
4742.350000
4758.175000
4774.350000
4789.950000
4806.275000
4822.850000
4839.500000
4856.150000
4872.800000
4888.750000
4904.700000
4920.350000
4936.800000
4953.375000
4969.150000
4985.350000
5000.950000
5017.350000
5034.000000
5050.600000
5067.250000
5083.750000
5099.850000
5115.975000
5131.625000
5147.925000
5164.575000
5181.250000
5197.875000
5214.600000
5231.275000
5247.925000
5264.650000
5281.350000
5298.000000
5314.725000
5331.450000
5348.075000
5364.850000
5381.575000
5398.200000
5415.050000
5432.350000
5450.125000
5467.375000
5484.475000
5502.150000
5520.075000
5537.250000
5555.050000
5572.925000
5591.050000
5609.075000
5627.250000
5645.200000
5663.350000
5681.425000
5700.450000
5718.825000
5737.000000
5756.175000
5774.550000
5792.725000
5811.800000
5830.875000
5849.800000
5868.775000
5888.150000
5907.600000
5927.125000
5946.600000
5966.175000
5985.550000
6005.175000
6024.650000
6044.975000
6064.675000
6084.450000
6104.800000
6124.950000
6145.150000
6165.900000
6186.725000
6207.550000
6228.500000
6249.425000
6270.200000
6291.250000
6312.100000
6333.875000
6355.100000
6376.200000
6397.900000
6420.025000
6442.225000
6464.475000
6486.775000
6509.075000
6531.375000
6553.725000
6576.050000
6599.075000
6622.000000
6645.125000
6668.675000
6692.300000
6716.025000
6739.725000
6763.525000
6787.425000
6811.800000
6836.600000
6861.550000
6886.650000
6911.825000
6936.975000
6962.425000
6988.175000
7014.425000
7040.850000
7067.400000
7094.125000
7121.275000
7148.400000
7175.900000
7203.825000
7232.275000
7260.900000
7289.950000
7319.650000
7349.625000
7380.175000
7411.525000
7443.425000
7475.975000
7509.425000
7543.925000
7579.725000
7616.625000
7654.100000
7692.325000
7731.300000
7770.975000
7811.450000
7852.650000
7894.625000
7937.325000
7980.850000
8025.150000
8070.275000
8116.350000
8163.500000
8211.925000
8261.825000
8313.325000
8366.650000
8421.900000
8479.325000
8539.000000
8601.450000
8667.675000
8740.225000
8896.925000
8959.250000
9032.300000
9221.625000
9284.025000
9359.600000
9567.875000
9630.425000
9817.100000
9879.725000
10071.275000
10133.950000
10333.875000
10396.675000
10617.850000
10680.950000
10937.925000
11000.900000
11257.075000
11320.050000
11572.375000
11635.300000
11886.175000
11949.050000
12199.425000
12262.300000
12512.325000
12575.225000
12825.100000
12887.950000
13137.775000
13200.675000
13450.575000
13513.450000
13763.325000
13826.200000
14076.075000
14138.900000
14388.575000
14451.425000
14701.200000
14764.075000
15013.725000
15076.575000
15326.350000
15389.175000
15638.825000
15701.700000
15951.450000
16014.350000
16264.075000
16326.925000
16576.800000
16639.675000
16889.500000
16952.400000
17202.300000
17265.150000
17514.950000
17577.775000
17827.500000
17890.375000
18140.050000
18202.925000
18452.625001
18515.500001
18765.200001
18828.050001
19077.750001
19140.625001
19390.325001
19453.225001
19702.975001
19765.850001
20015.650001
20078.550001
20328.400001
20391.300001
20641.100001
20704.000001
20953.800001
21016.675001
21266.325001
21329.225001
21578.900001
21641.825001
21891.450001
21954.325001
22204.025001
22266.900001
22516.525001
22579.425001
22829.075001
22892.025001
23141.650001
23204.550001
23454.275001
23517.175001
23766.875001
23829.800001
24079.600001
24142.550001
24392.350001
24455.225001
24705.025001
24767.925001
25017.700001
25080.600001
25330.275001
25393.175001
25642.875001
25705.750001
25955.400001
26018.300001
26267.975001
26330.925001
26580.575001
26643.475001
26893.200001
26956.125001
27205.875001
27268.800001
27518.625001
27581.575001
27831.375001
27894.250001
28144.000001
28206.900001
28456.625001
28519.525001
28769.200001
28832.100001
29081.775001
29144.650001
29394.300001
29457.200001
29706.850001
29769.775001
30019.450001
30082.350001
30332.075001
30395.000001
30644.725001
30707.675001
30957.475001
31020.400001
31270.275001
31333.125001
31582.875001
31645.750001
31895.550001
31958.450001
32208.100001
32270.975001
32520.725001
32583.600001
32833.250001
32896.150001
33145.875001
33208.800001
33458.500001
33521.400001
33771.250001
33834.150001
34083.975001
34146.875001
34396.750001
34459.625001
34709.375001
34772.250001
35021.950001
35084.825001
35334.500001
35397.400001
35647.100001
35709.975001
35959.650001
36022.525001
36272.225001
36335.125001
36584.825000
36647.750000
36897.550000
36960.425000
37210.250000
37273.125000
37523.050000
37585.925000
37835.700000
37898.575000
38148.400000
38211.225000
38460.900000
38523.750000
38773.525000
38836.400000
39086.075000
39148.925000
39398.725000
39461.600000
39711.325000
39774.225000
40024.125000
40087.025000
40336.875000
40399.700000
40649.550000
40712.424999
40962.149999
41025.024999
41274.774999
41337.649999
41587.324999
41650.174999
41899.874999
41962.749999
42212.424999
42275.324999
42525.049999
42587.899999
42837.649999
42900.524999
43150.349999
43213.224999
43463.074999
43525.974999
43775.899999
43838.699999
44088.449999
44151.299999
44401.124999
44463.974999
44713.674999
44776.499999
45026.274998
45089.124998
45338.749998
45401.624998
45651.349998
45714.249998
45963.924998
46026.774998
46276.574998
46339.449998
46589.199998
46652.099998
46901.999998
46964.874998
47214.749998
47277.574998
47527.374998
47590.224998
47839.974998
47902.849998
48152.574998
48215.424998
48465.124998
48527.974998
48777.674998
48840.549998
49090.199998
49153.099998
49402.824997
49465.699997
49715.424997
49778.324997
50028.099997
50091.024997
50340.824997
50403.749997
50653.599997
50716.474997
50966.199997
51029.099997
51278.849997
51341.749997
51591.374997
51654.274997
51903.974997
51966.849997
52216.474997
52279.374997
52529.024997
52591.949997
52841.574997
52904.474997
53154.149997
53217.074997
53466.724997
53529.649997
53779.374996
53842.324996
54092.049996
54154.949996
54404.799996
54467.699996
54717.524996
54780.424996
55030.174996
55093.074996
55342.799996
55405.674996
55655.324996
55718.224996
55967.899996
56030.824996
56280.474996
56343.374996
56593.074996
56655.974996
56905.674996
56968.599996
57218.349996
57281.324996
57531.099996
57593.974996
57843.824996
57906.724995
58156.499995
58219.399995
58469.124995
58532.024995
58781.724995
58844.599995
59094.224995
59157.149995
59406.774995
59469.724995
59719.374995
59782.274995
60031.949995
60094.874995
60344.549995
60407.474995
60657.224995
60720.174995
60969.999995
61032.874995
61282.699995
61345.599995
61595.424995
61658.324995
61908.024995
61970.899995
62220.674994
62283.549994
62533.174994
62596.049994
62845.774994
62908.699994
63158.374994
63221.249994
63471.049994
63533.974994
63783.724994
63846.624994
64096.524994
64159.424994
64409.249994
64472.099994
64721.874994
64784.749994
65034.424994
65097.324994
65347.024994
65409.899994
65659.574994
65722.449994
65972.149994
66035.049994
66284.699994
66347.624994
66597.374993
66660.249993
66909.999993
66972.924993
67222.774993
67285.674993
67535.524993
67598.399993
67848.274993
67911.099993
68160.799993
68223.649993
68473.424993
68536.324993
68785.974993
68848.824993
69098.599993
69161.474993
69411.149993
69474.024993
69723.849993
69786.774993
70036.549993
70099.424993
70349.349993
70412.199993
70662.024993
70724.899993
70974.699992
71037.549992
71287.274992
71350.099992
71599.824992
71662.674992
71912.349992
71975.249992
72224.949992
72287.824992
72537.524992
72600.399992
72850.149992
72913.024992
73162.799992
73225.724992
73475.599992
73538.449992
73788.274992
73851.149992
74101.024992
74163.874992
74413.599992
74476.424992
74726.224992
74789.049992
75038.699992
75101.549991
75351.299991
75414.174991
75663.849991
75726.699991
75976.474991
76039.324991
76289.024991
76351.899991
76601.749991
76664.649991
76914.474991
76977.324991
77227.224991
77290.074991
77539.874991
77602.749991
77852.524991
77915.374991
78165.099991
78227.924991
78477.624991
78540.474991
78790.149991
78853.049991
79102.749991
79165.624991
79415.324990
79478.224990
79727.949990
79790.849990
80040.624990
80103.549990
80353.399990
80416.274990
80666.074990
80728.974990
80978.749990
81041.649990
81291.349990
81354.224990
81603.949990
81666.824990
81916.424990
81979.324990
82228.999990
82291.924990
82541.524990
82604.424990
82854.099990
82916.999990
83166.649990
83229.574990
83479.249990
83542.199990
83791.899989
83854.799989
84104.599989
84167.524989
84417.349989
84480.274989
84730.074989
84792.974989
