1.000000
23.000000
503.600000
573.550000
632.050000
683.625000
730.525000
774.600000
816.475000
856.700000
895.575000
933.175000
969.725000
1006.200000
1041.650000
1076.425000
1111.100000
1145.550000
1179.375000
1212.900000
1246.075000
1279.175000
1311.875000
1344.300000
1376.125000
1408.000000
1439.975000
1470.775000
1502.125000
1533.175000
1563.650000
1594.175000
1624.550000
1654.300000
1684.600000
1713.725000
1742.975000
1772.325000
1801.425000
1830.300000
1858.375000
1886.575000
1915.200000
1943.075000
1970.825000
1998.550000
2026.175000
2053.400000
2080.650000
2108.175000
2135.675000
2162.775000
2190.200000
2216.700000
2242.900000
2269.300000
2295.850000
2321.175000
2347.225000
2373.650000
2398.675000
2424.775000
2450.200000
2475.050000
2501.275000
2525.200000
2551.325000
2575.125000
2601.075000
2625.050000
2650.475000
2675.025000
2700.300000
2724.975000
2750.000000
2774.875000
2798.900000
2824.650000
2848.750000
2874.100000
2898.675000
2923.900000
2948.525000
2973.725000
2997.975000
3023.725000
3048.050000
3073.725000
3098.025000
3123.725000
3148.050000
3173.725000
3198.025000
3223.725000
3248.050000
3273.725000
3298.025000
3323.725000
3348.050000
3373.725000
3398.025000
3423.725000
3448.050000
3473.725000
3498.025000
3523.725000
3548.050000
3573.725000
3598.025000
3623.725000
3648.050000
3673.725000
3698.025000
3723.725000
3748.050000
3773.725000
3798.025000
3823.725000
3848.050000
3873.725000
3898.025000
3923.725000
3948.050000
3973.725000
3998.025000
4023.725000
4048.050000
4073.725000
4098.025000
4123.725000
4148.050000
4173.725000
4198.050000
4223.725000
4248.050000
4273.725000
4298.050000
4323.725000
4348.050000
4373.725000
4398.050000
4423.725000
4448.050000
4473.725000
4498.050000
4523.725000
4548.050000
4573.725000
4598.050000
4623.725000
4648.050000
4673.725000
4698.050000
4723.725000
4748.050000
4773.725000
4798.050000
4823.725000
4848.050000
4873.725000
4898.050000
4923.725000
4948.050000
4973.725000
4998.050000
5023.725000
5048.050000
5073.725000
5098.050000
5123.800000
5148.600000
5174.375000
5200.025000
5225.025000
5251.375000
5276.400000
5302.600000
5329.175000
5354.625000
5380.625000
5407.875000
5434.775000
5461.275000
5487.600000
5514.025000
5541.575000
5569.100000
5596.725000
5624.625000
5652.500000
5680.350000
5708.175000
5736.025000
5763.925000
5792.575000
5820.975000
5850.125000
5879.350000
5908.200000
5937.400000
5967.625000
5997.075000
6026.550000
6057.075000
6087.125000
6118.050000
6148.425000
6179.775000
6211.050000
6242.125000
6274.175000
6306.650000
6338.625000
6370.725000
6403.050000
6435.950000
6469.200000
6502.575000
6536.025000
6570.000000
6604.400000
6639.150000
6674.300000
6709.625000
6745.625000
6781.575000
6818.200000
6855.200000
6892.600000
6930.425000
6968.950000
7007.925000
7047.250000
7087.300000
7128.050000
7169.400000
7211.800000
7255.050000
7299.200000
7344.575000
7391.225000
7439.475000
7489.650000
7542.150000
7597.875000
7654.800000
7713.350000
7773.475000
7834.975000
7897.550000
7960.975000
8024.975000
8089.450000
8154.250000
8219.350000
8284.725000
8350.400000
8416.425000
8482.800000
8549.500000
8616.550000
8683.875000
8751.500000
8819.425000
8887.625000
8956.225000
9025.175000
9094.525000
9164.300000
9234.525000
9305.050000
9375.825000
9446.775000
9517.850000
9588.900000
9660.000000
9731.175000
9802.400000
9873.625000
9944.850000
10016.075000
10087.325000
10158.575000
10229.900000
10301.200000
10372.475000
10443.775000
10515.075000
10586.375000
10657.725000
10729.075000
10800.400000
10871.725000
10943.050000
11014.375000
11085.750000
11157.125000
11228.475000
11299.825000
11371.150000
11442.525000
11513.900000
11585.275000
11656.700000
11728.050000
11799.400000
11870.775000
11942.150000
12013.550000
12084.950000
12156.350000
12227.725000
12299.075000
12370.450000
12441.850000
12513.275000
12584.700000
12656.100000
12727.475000
12798.825000
12870.225000
12941.650000
13013.075000
13084.500000
13155.900000
13227.275000
13298.650000
13370.075000
13441.500000
13512.925000
13584.350000
13655.750000
13727.125000
13798.525000
13869.925000
13941.375000
14012.800000
14084.225000
14155.625000
14227.000000
14298.400000
14369.825000
14441.250000
14512.700000
14584.125000
14655.525000
14726.900000
14798.325000
14869.750000
14941.175000
15012.625000
15084.050000
15155.475000
15226.850000
15298.250000
15369.675000
15441.125000
15512.550000
15583.975000
15655.400000
15726.775000
15798.200000
15869.625000
15941.075000
16012.525000
16083.950000
16155.375000
16226.750000
16298.175000
16369.600000
16441.050000
16512.500000
16583.900000
16655.350000
16726.725000
16798.125000
16869.575000
16941.025000
17012.475000
17083.900000
17155.325000
17226.700000
17298.125000
17369.550000
17441.000000
17512.450000
17583.875000
17655.300000
17726.700000
17798.100000
17869.550000
17941.000000
18012.450000
18083.875000
18155.300000
18226.675001
18298.100001
18369.550001
18441.000001
18512.450001
18583.875001
18655.300001
18726.675001
18798.100001
18869.550001
18941.000001
19012.450001
19083.875001
19155.300001
19226.675001
19298.100001
19369.550001
19441.000001
19512.450001
19583.875001
19655.300001
19726.700001
19798.100001
19869.550001
19941.000001
20012.450001
20083.875001
20155.325001
20226.700001
20298.125001
20369.550001
20441.000001
20512.475001
20583.875001
20655.325001
20726.700001
20798.125001
20869.575001
20941.025001
21012.475001
21083.900001
21155.325001
21226.725001
21298.125001
21369.575001
21441.025001
21512.475001
21583.900001
21655.350001
21726.725001
21798.150001
21869.600001
21941.050001
22012.500001
22083.925001
22155.350001
22226.750001
22298.150001
22369.600001
22441.050001
22512.500001
22583.925001
22655.375001
22726.750001
22798.175001
22869.600001
22941.075001
23012.525001
23083.950001
23155.375001
23226.775001
23298.175001
23369.625001
23441.075001
23512.525001
23583.950001
23655.400001
23726.775001
23798.200001
23869.625001
23941.100001
24012.550001
24083.975001
24155.400001
24226.800001
24298.225001
24369.650001
24441.100001
24512.550001
24583.975001
24655.425001
24726.800001
24798.225001
24869.650001
24941.125001
25012.575001
25084.000001
25155.425001
25226.825001
25298.250001
25369.675001
25441.125001
25512.575001
25584.000001
25655.450001
25726.825001
25798.250001
25869.675001
25941.125001
26012.600001
26084.025001
26155.450001
26226.850001
26298.275001
26369.700001
26441.150001
26512.600001
26584.025001
26655.475001
26726.850001
26798.275001
26869.700001
26941.150001
27012.600001
27084.050001
27155.475001
27226.875001
27298.300001
27369.725001
27441.175001
27512.625001
27584.050001
27655.500001
27726.875001
27798.300001
27869.725001
27941.175001
28012.625001
28084.075001
28155.500001
28226.875001
28298.300001
28369.750001
28441.200001
28512.650001
28584.075001
28655.500001
28726.900001
28798.325001
28869.750001
28941.200001
29012.650001
29084.075001
29155.525001
29226.900001
29298.325001
29369.750001
29441.200001
29512.650001
29584.100001
29655.525001
29726.925001
29798.350001
29869.775001
29941.225001
30012.675001
30084.100001
30155.550001
30226.925001
30298.350001
30369.775001
30441.225001
30512.675001
30584.125001
30655.550001
30726.925001
30798.350001
30869.775001
30941.250001
31012.700001
31084.125001
31155.550001
31226.950001
31298.375001
31369.800001
31441.250001
31512.700001
31584.125001
31655.575001
31726.950001
31798.375001
31869.800001
31941.250001
32012.700001
32084.150001
32155.575001
32226.975001
32298.400001
32369.825001
32441.275001
32512.725001
32584.150001
32655.575001
32726.975001
32798.400001
32869.825001
32941.275001
33012.725001
33084.150001
33155.600001
33226.975001
33298.400001
33369.825001
33441.275001
33512.725001
33584.175001
33655.600001
33727.000001
33798.425001
33869.850001
33941.300001
34012.750001
34084.175001
34155.600001
34227.000001
34298.425001
34369.850001
34441.300001
34512.750001
34584.175001
34655.625001
34727.000001
34798.425001
34869.850001
34941.300001
35012.750001
35084.200001
35155.625001
35227.025001
35298.450001
35369.875001
35441.325001
35512.775001
35584.200001
35655.625001
35727.025001
35798.450001
35869.875001
35941.325001
36012.775001
36084.200001
36155.650001
36227.025001
36298.450001
36369.875001
36441.325000
36512.775000
36584.225000
36655.650000
36727.050000
36798.475000
36869.900000
36941.350000
37012.775000
37084.225000
37155.650000
37227.050000
37298.475000
37369.900000
37441.350000
37512.800000
37584.250000
37655.675000
37727.050000
37798.475000
37869.900000
37941.350000
38012.800000
38084.250000
38155.675000
38227.075000
38298.500000
38369.925000
38441.375000
38512.825000
38584.250000
38655.675000
38727.075000
38798.500000
38869.925000
38941.375000
39012.825000
39084.275000
39155.700000
39227.075000
39298.500000
39369.925000
39441.400000
39512.825000
39584.275000
39655.700000
39727.100000
39798.525000
39869.950000
39941.400000
40012.850000
40084.275000
40155.700000
40227.100000
40298.525000
40369.950000
40441.400000
40512.850000
40584.300000
40655.725000
40727.124999
40798.524999
40869.949999
40941.424999
41012.849999
41084.299999
41155.724999
41227.124999
41298.549999
41369.974999
41441.424999
41512.874999
41584.324999
41655.749999
41727.124999
41798.549999
41869.974999
41941.449999
42012.874999
42084.324999
42155.749999
42227.149999
42298.574999
42369.999999
42441.449999
42512.899999
42584.349999
42655.749999
42727.149999
42798.574999
42869.999999
42941.449999
43012.899999
43084.349999
43155.774999
43227.174999
43298.599999
43370.024999
43441.474999
43512.924999
43584.374999
43655.774999
43727.174999
43798.599999
43870.024999
43941.474999
44012.924999
44084.374999
44155.799999
44227.199999
44298.599999
44370.049999
44441.499999
44512.949999
44584.399999
44655.799999
44727.199999
44798.624999
44870.049999
44941.499999
45012.949998
45084.399998
45155.824998
45227.224998
45298.649998
45370.074998
45441.524998
45512.974998
45584.424998
45655.849998
45727.249998
45798.649998
45870.074998
45941.524998
46012.974998
46084.424998
46155.849998
46227.249998
46298.674998
46370.099998
46441.549998
46512.999998
46584.449998
46655.874998
46727.274998
46798.674998
46870.099998
46941.574998
47012.999998
47084.474998
47155.899998
47227.299998
47298.699998
47370.124998
47441.574998
47513.024998
47584.474998
47655.899998
47727.299998
47798.724998
47870.149998
47941.599998
48013.049998
48084.499998
48155.924998
48227.324998
48298.724998
48370.174998
48441.624998
48513.074998
48584.524998
48655.949998
48727.349998
48798.749998
48870.174998
48941.649998
49013.074998
49084.549998
49155.974998
49227.374998
49298.774997
49370.199997
49441.649997
49513.099997
49584.574997
49655.999997
49727.399997
49798.799997
49870.224997
49941.674997
50013.124997
50084.574997
50155.999997
50227.424997
50298.824997
50370.249997
50441.699997
50513.149997
50584.599997
50656.024997
50727.449997
50798.849997
50870.274997
50941.724997
51013.174997
51084.624997
51156.049997
51227.474997
51298.849997
51370.299997
51441.749997
51513.174997
51584.649997
51656.074997
51727.499997
51798.874997
51870.324997
51941.749997
52013.199997
52084.674997
52156.099997
52227.524997
52298.899997
52370.324997
52441.774997
52513.224997
52584.674997
52656.124997
52727.524997
52798.924997
52870.349997
52941.799997
53013.249997
53084.699997
53156.149997
53227.549997
53298.949997
53370.374997
53441.824997
53513.249997
53584.724996
53656.149996
53727.574996
53798.974996
53870.399996
53941.824996
54013.274996
54084.749996
54156.174996
54227.599996
54298.974996
54370.424996
54441.849996
54513.299996
54584.749996
54656.199996
54727.624996
54798.999996
54870.424996
54941.874996
55013.324996
55084.774996
55156.224996
55227.624996
55299.024996
55370.449996
55441.899996
55513.324996
55584.799996
55656.224996
55727.649996
55799.049996
55870.474996
55941.899996
56013.349996
56084.799996
56156.249996
56227.674996
56299.049996
56370.474996
56441.924996
56513.374996
56584.824996
56656.274996
56727.674996
56799.074996
56870.499996
56941.924996
57013.374996
57084.824996
57156.274996
57227.699996
57299.074996
57370.524996
57441.949996
57513.399996
57584.849996
57656.299996
57727.699996
57799.099996
57870.524996
57941.974995
58013.399995
58084.874995
58156.299995
58227.724995
58299.124995
58370.549995
58441.974995
58513.424995
58584.874995
58656.324995
58727.724995
58799.124995
58870.549995
58941.999995
59013.424995
59084.899995
59156.324995
59227.749995
59299.149995
59370.574995
59441.999995
59513.449995
59584.899995
59656.349995
59727.749995
59799.149995
59870.574995
59942.024995
60013.449995
60084.899995
60156.349995
60227.774995
60299.174995
60370.599995
60442.024995
60513.474995
60584.924995
60656.374995
60727.774995
60799.174995
60870.599995
60942.049995
61013.474995
61084.924995
61156.374995
61227.799995
61299.199995
61370.624995
61442.049995
61513.499995
61584.949995
61656.399995
61727.799995
61799.199995
61870.624995
61942.049995
62013.499995
62084.949995
62156.399995
62227.824994
62299.199994
62370.649994
62442.074994
62513.524994
62584.974994
62656.424994
62727.824994
62799.224994
62870.649994
62942.074994
63013.524994
63084.974994
63156.424994
63227.824994
63299.224994
63370.674994
63442.099994
63513.524994
63584.974994
63656.424994
63727.849994
63799.249994
63870.674994
63942.099994
64013.549994
64084.999994
64156.449994
64227.849994
64299.249994
64370.674994
64442.099994
64513.549994
64584.999994
64656.449994
64727.874994
64799.249994
64870.699994
64942.124994
65013.574994
65085.024994
65156.474994
65227.874994
65299.274994
65370.699994
65442.124994
65513.574994
65585.024994
65656.474994
65727.874994
65799.274994
65870.699994
65942.149994
66013.574994
66085.024994
66156.474994
66227.899994
66299.299994
66370.724994
66442.149994
66513.599993
66585.049993
66656.499993
66727.899993
66799.299993
66870.724993
66942.149993
67013.599993
67085.049993
67156.499993
67227.924993
67299.299993
67370.749993
67442.174993
67513.599993
67585.049993
67656.524993
67727.924993
67799.324993
67870.749993
67942.174993
68013.624993
68085.074993
68156.524993
68227.924993
68299.324993
68370.749993
68442.199993
68513.624993
68585.074993
68656.524993
68727.949993
68799.349993
68870.774993
68942.199993
69013.649993
69085.099993
69156.549993
69227.949993
69299.349993
69370.774993
69442.199993
69513.649993
69585.099993
69656.549993
69727.949993
69799.349993
69870.774993
69942.224993
70013.649993
70085.099993
70156.574993
70227.974993
70299.374993
70370.799993
70442.224993
70513.674993
70585.124993
70656.574993
70727.974993
70799.374992
70870.799992
70942.249992
71013.674992
71085.124992
71156.574992
71227.999992
71299.399992
71370.824992
71442.249992
71513.699992
71585.149992
71656.599992
71727.999992
71799.399992
71870.824992
71942.249992
72013.699992
72085.149992
72156.599992
72228.024992
72299.424992
72370.849992
72442.274992
72513.699992
72585.149992
72656.624992
72728.024992
72799.424992
72870.849992
72942.274992
73013.724992
73085.174992
73156.624992
73228.049992
73299.449992
73370.849992
73442.299992
73513.724992
73585.174992
73656.649992
73728.049992
73799.449992
73870.874992
73942.299992
74013.749992
74085.199992
74156.649992
74228.049992
74299.474992
74370.874992
74442.324992
74513.749992
74585.199992
74656.674992
74728.074992
74799.474992
74870.899992
74942.324992
75013.774992
75085.224991
75156.674991
75228.099991
75299.499991
75370.899991
75442.349991
75513.774991
75585.224991
75656.699991
75728.099991
75799.499991
75870.924991
75942.349991
76013.799991
76085.249991
76156.699991
76228.124991
76299.524991
76370.924991
76442.374991
76513.799991
76585.249991
76656.724991
76728.124991
76799.549991
76870.949991
76942.374991
77013.824991
77085.274991
77156.749991
77228.149991
77299.549991
77370.974991
77442.399991
77513.824991
77585.274991
77656.749991
77728.174991
77799.574991
77870.974991
77942.424991
78013.849991
78085.299991
78156.774991
78228.174991
78299.599991
78370.999991
78442.424991
78513.874991
78585.324991
78656.774991
78728.199991
78799.599991
78871.024991
78942.449991
79013.874991
79085.324991
79156.799991
79228.224991
79299.624991
79371.024990
79442.474990
79513.899990
79585.349990
79656.824990
79728.224990
79799.649990
79871.049990
79942.474990
80013.899990
80085.349990
80156.824990
80228.249990
80299.649990
80371.074990
80442.499990
80513.924990
80585.374990
80656.849990
80728.274990
80799.674990
80871.074990
80942.524990
81013.949990
81085.399990
81156.874990
81228.274990
81299.699990
81371.099990
81442.524990
81513.949990
81585.399990
81656.874990
81728.299990
81799.724990
81871.124990
81942.549990
82013.974990
82085.424990
82156.899990
82228.324990
82299.724990
82371.124990
82442.574990
82513.974990
82585.449990
82656.899990
82728.324990
82799.749990
82871.149990
82942.574990
83013.999990
83085.449990
83156.924990
83228.349990
83299.774990
83371.174990
83442.599990
83514.024990
83585.474990
83656.949989
83728.374989
83799.774989
83871.174989
83942.624989
84014.024989
84085.474989
84156.949989
84228.374989
84299.799989
84371.199989
84442.624989
84514.049989
84585.499989
84656.974989
84728.399989
84799.824989
84871.199989
84942.649989
