100.000000
0.000000
501.075000
571.275000
632.850000
689.500000
742.725000
793.625000
842.775000
890.475000
936.525000
981.750000
1025.925000
1069.275000
1112.125000
1153.850000
1195.350000
1235.750000
1275.575000
1314.950000
1353.800000
1391.825000
1430.000000
1467.800000
1504.300000
1541.175000
1577.350000
1613.400000
1648.500000
1683.650000
1718.325000
1752.525000
1786.075000
1819.550000
1852.750000
1885.850000
1919.050000
1951.750000
1984.550000
2016.575000
2048.150000
2080.175000
2112.150000
2142.850000
2173.875000
2204.250000
2235.100000
2265.100000
2295.675000
2324.900000
2354.625000
2384.700000
2413.650000
2442.800000
2471.700000
2501.250000
2530.100000
2558.175000
2586.025000
2613.850000
2642.175000
2670.675000
2698.575000
2726.475000
2755.350000
2783.525000
2812.375000
2840.600000
2869.125000
2897.100000
2924.975000
2952.875000
2980.700000
3008.800000
3037.400000
3065.350000
3093.275000
3122.025000
3150.975000
3179.375000
3207.925000
3235.925000
3263.800000
3291.800000
3320.100000
3348.525000
3376.425000
3405.275000
3433.500000
3462.375000
3490.550000
3519.125000
3547.075000
3574.975000
3602.875000
3630.700000
3658.725000
3687.325000
3715.275000
3743.175000
3771.575000
3801.125000
3829.375000
3857.925000
3885.925000
3913.800000
3941.800000
3970.125000
3998.525000
4026.425000
4055.275000
4083.500000
4112.375000
4140.550000
4169.125000
4197.075000
4224.975000
4252.875000
4280.700000
4308.725000
4337.325000
4365.275000
4393.175000
4421.550000
4451.125000
4479.375000
4507.925000
4535.925000
4563.800000
4591.800000
4620.125000
4648.525000
4676.425000
4705.275000
4733.500000
4762.375000
4790.550000
4819.125000
4847.075000
4874.975000
4902.875000
4930.700000
4958.725000
4987.325000
5015.275000
5043.175000
5071.550000
5101.125000
5129.975000
5158.225000
5187.225000
5216.700000
5245.875000
5274.900000
5304.425000
5334.725000
5363.875000
5394.600000
5424.800000
5455.575000
5485.950000
5517.825000
5548.450000
5580.225000
5612.375000
5644.275000
5676.150000
5708.225000
5741.375000
5774.575000
5807.975000
5841.500000
5874.975000
5909.050000
5944.025000
5979.175000
6013.750000
6049.275000
6085.650000
6122.025000
6158.200000
6195.625000
6233.025000
6270.650000
6308.700000
6347.375000
6386.425000
6426.225000
6466.925000
6507.950000
6549.825000
6592.175000
6635.625000
6680.025000
6724.875000
6770.650000
6817.900000
6866.100000
6915.725000
6967.100000
7020.000000
7075.000000
7132.650000
7193.750000
7259.300000
7331.750000
7420.375000
