1.000000
14.000000
424.025000
499.325000
563.975000
620.475000
671.150000
718.175000
762.550000
805.075000
846.150000
885.850000
924.700000
962.775000
1000.025000
1036.250000
1072.575000
1108.075000
1143.025000
1177.800000
1212.325000
1246.075000
1279.975000
1313.425000
1346.600000
1379.525000
1412.200000
1444.100000
1475.625000
1507.725000
1538.975000
1569.500000
1600.850000
1630.700000
1661.225000
1691.400000
1720.775000
1751.000000
1780.275000
1809.000000
1838.575000
1867.875000
1896.125000
1924.725000
1952.675000
1980.450000
2008.200000
2035.900000
2063.575000
2091.300000
2118.375000
2145.800000
2172.475000
2198.650000
2224.975000
2251.575000
2277.875000
2303.325000
2330.250000
2356.475000
2381.725000
2407.825000
2433.300000
2458.225000
2483.425000
2508.200000
2533.150000
2558.075000
2582.025000
2607.075000
2630.675000
2655.850000
2680.450000
2704.700000
2730.275000
2754.275000
2779.425000
2803.075000
2829.100000
2852.800000
2877.025000
2902.550000
2926.450000
2951.500000
2975.175000
3000.750000
3025.025000
3049.750000
3074.725000
3098.625000
3123.700000
3147.375000
3172.475000
3197.100000
3220.975000
3246.000000
3269.800000
3295.725000
3319.475000
3344.150000
3369.175000
3393.100000
3418.175000
3441.900000
3467.850000
3491.675000
3516.450000
3541.425000
3565.300000
3590.400000
3613.975000
3639.025000
3663.700000
3687.625000
3712.725000
3736.275000
3761.725000
3786.075000
3811.050000
3835.850000
3859.775000
3884.875000
3908.425000
3933.525000
3958.175000
3982.125000
4007.275000
4030.900000
4056.900000
4080.575000
4105.575000
4130.325000
4154.300000
4179.450000
4203.200000
4229.175000
4252.850000
4277.700000
4302.525000
4326.425000
4351.475000
4375.150000
4400.275000
4424.900000
4448.750000
4473.800000
4497.600000
4523.525000
4547.250000
4571.900000
4596.975000
4620.875000
4645.925000
4669.600000
4694.850000
4719.375000
4743.325000
4768.525000
4793.025000
4818.125000
4841.825000
4867.525000
4891.700000
4916.675000
4941.475000
4965.325000
4990.425000
5013.975000
5039.050000
5063.725000
5087.650000
5112.975000
5137.525000
5163.150000
5187.950000
5213.725000
5239.125000
5263.925000
5290.375000
5315.425000
5341.600000
5368.075000
5393.450000
5419.625000
5446.900000
5473.675000
5501.000000
5527.800000
5554.475000
5581.800000
5608.525000
5636.075000
5663.800000
5691.650000
5719.475000
5747.400000
5776.100000
5804.775000
5834.550000
5863.525000
5892.725000
5922.350000
5952.250000
5981.950000
6012.475000
6042.575000
6073.575000
6104.100000
6135.475000
6167.275000
6198.575000
6230.375000
6262.625000
6295.400000
6328.025000
6360.975000
6394.250000
6427.775000
6461.925000
6496.275000
6530.600000
6565.450000
6601.175000
6636.375000
6673.100000
6709.550000
6746.775000
6784.600000
6822.725000
6861.450000
6900.975000
6941.000000
6981.600000
7023.175000
7065.150000
7108.125000
7152.225000
7197.300000
7243.700000
7291.650000
7341.325000
7392.950000
7447.150000
7504.550000
7566.300000
7631.600000
7698.150000
7766.300000
7836.025000
7907.375000
7980.125000
8054.150000
8129.300000
8205.250000
8281.775000
8358.625000
8435.750000
8513.125000
8590.650000
8668.350000
8746.175000
8824.150000
8902.250000
8980.450000
9058.725000
9137.125000
9215.600000
9294.225000
9373.000000
9451.925000
9530.975000
9610.175000
9689.550000
9769.200000
9848.950000
9929.025000
10009.350000
10090.100000
10171.200000
10252.575000
10334.100000
10415.650000
10497.250000
10578.850000
10660.450000
10742.075000
10823.700000
10905.300000
10986.875000
11068.550000
11150.125000
11231.725000
11313.350000
11395.000000
11476.575000
11558.175000
11639.800000
11721.400000
11803.000000
11884.625000
11966.200000
12047.825000
12129.475000
12211.050000
12292.650000
12374.300000
12455.925000
12537.500000
12619.125000
12700.750000
12782.350000
12863.950000
12945.575000
13027.150000
13108.775000
13190.400000
13271.975000
13353.575000
13435.225000
13516.850000
13598.425000
13680.050000
13761.675000
13843.275000
13924.875000
14006.525000
14088.100000
14169.725000
14251.350000
14332.925000
14414.525000
14496.175000
14577.750000
14659.350000
14741.000000
14822.600000
14904.200000
14985.825000
15067.450000
15149.025000
15230.650000
15312.275000
15393.875000
15475.475000
15557.125000
15638.700000
15720.300000
15801.950000
15883.550000
15965.125000
16046.750000
16128.375000
16209.975000
16291.575000
16373.200000
16454.800000
16536.425000
16618.050000
16699.625000
16781.250000
16862.900000
16944.500000
17026.075000
17107.725000
17189.325000
17270.900000
17352.525000
17434.150000
17515.725000
17597.350000
17678.975000
17760.550000
17842.200000
17923.825000
18005.400000
18087.000000
18168.650000
18250.250001
18331.850001
18413.475001
18495.100001
18576.675001
18658.300001
18739.900001
18821.500001
18903.125001
18984.750001
19066.325001
19147.925001
19229.600001
19311.175001
19392.775001
19474.400001
19556.025001
19637.625001
19719.250001
19800.850001
19882.475001
19964.075001
20045.700001
20127.275001
20208.900001
20290.525001
20372.100001
20453.700001
20535.350001
20616.975001
20698.550001
20780.175001
20861.800001
20943.400001
21025.000001
21106.625001
21188.225001
21269.850001
21351.450001
21433.050001
21514.650001
21596.300001
21677.875001
21759.475001
21841.100001
21922.725001
22004.325001
22085.925001
22167.575001
22249.150001
22330.775001
22412.400001
22494.000001
22575.600001
22657.250001
22738.825001
22820.425001
22902.050001
22983.675001
23065.250001
23146.875001
23228.500001
23310.100001
23391.700001
23473.325001
23554.925001
23636.525001
23718.175001
23799.750001
23881.375001
23963.000001
24044.625001
24126.200001
24207.825001
24289.450001
24371.025001
24452.625001
24534.250001
24615.850001
24697.475001
24779.100001
24860.675001
24942.300001
25023.950001
25105.525001
25187.125001
25268.775001
25350.375001
25431.975001
25513.575001
25595.225001
25676.800001
25758.425001
25840.025001
25921.625001
26003.225001
26084.875001
26166.450001
26248.050001
26329.700001
26411.300001
26492.900001
26574.525001
26656.150001
26737.750001
26819.350001
26900.975001
26982.575001
27064.175001
27145.800001
27227.375001
27309.000001
27390.650001
27472.225001
27553.825001
27635.450001
27717.100001
27798.675001
27880.300001
27961.900001
28043.525001
28125.125001
28206.750001
28288.325001
28369.975001
28451.575001
28533.175001
28614.750001
28696.425001
28778.000001
28859.600001
28941.225001
29022.850001
29104.450001
29186.050001
29267.675001
29349.275001
29430.900001
29512.525001
29594.100001
29675.700001
29757.375001
29838.950001
29920.550001
30002.175001
30083.800001
30165.375001
30247.000001
30328.600001
30410.200001
30491.825001
30573.450001
30655.050001
30736.650001
30818.300001
30899.875001
30981.475001
31063.125001
31144.750001
31226.325001
31307.950001
31389.550001
31471.150001
31552.750001
31634.375001
31715.975001
31797.600001
31879.225001
31960.800001
32042.425001
32124.050001
32205.675001
32287.250001
32368.900001
32450.500001
32532.100001
32613.700001
32695.325001
32776.925001
32858.525001
32940.150001
33021.725001
33103.350001
33185.000001
33266.575001
33348.175001
33429.825001
33511.425001
33593.025001
33674.650001
33756.275001
33837.850001
33919.475001
34001.100001
34082.700001
34164.300001
34245.925001
34327.500001
34409.100001
34490.750001
34572.350001
34653.950001
34735.575001
34817.200001
34898.775001
34980.400001
35062.025001
35143.625001
35225.250001
35306.875001
35388.450001
35470.075001
35551.700001
35633.300001
35714.875001
35796.525001
35878.125001
35959.725001
36041.350001
36122.950001
36204.575001
36286.175001
36367.800001
36449.375000
36531.025000
36612.650000
36694.225000
36775.825000
36857.500000
36939.075000
37020.675000
37102.275000
37183.900000
37265.500000
37347.100000
37428.725000
37510.325000
37591.950000
37673.575000
37755.150000
37836.775000
37918.425000
38000.000000
38081.600000
38163.225000
38244.875000
38326.425000
38408.075000
38489.675000
38571.275000
38652.875000
38734.500000
38816.075000
38897.700000
38979.350000
39060.925000
39142.525000
39224.175000
39305.800000
39387.375000
39469.000000
39550.625000
39632.225000
39713.825000
39795.450000
39877.025000
39958.650000
40040.275000
40121.850000
40203.450000
40285.100000
40366.700000
40448.300000
40529.950000
40611.550000
40693.150000
40774.749999
40856.399999
40937.974999
41019.599999
41101.199999
41182.799999
41264.424999
41346.049999
41427.624999
41509.224999
41590.874999
41672.474999
41754.074999
41835.699999
41917.324999
41998.899999
42080.524999
42162.149999
42243.749999
42325.349999
42406.999999
42488.574999
42570.199999
42651.824999
42733.424999
42814.999999
42896.624999
42978.249999
43059.824999
43141.449999
43223.074999
43304.674999
43386.299999
43467.924999
43549.499999
43631.124999
43712.774999
43794.349999
43875.949999
43957.599999
44039.199999
44120.774999
44202.399999
44284.024999
44365.599999
44447.224999
44528.849999
44610.424999
44692.074999
44773.674999
44855.274999
44936.874999
45018.549998
45100.124998
45181.724998
45263.349998
45344.974998
45426.549998
45508.174998
45589.774998
45671.374998
45752.999998
45834.624998
45916.199998
45997.824998
46079.474998
46161.049998
46242.649998
46324.299998
46405.924998
46487.499998
46569.124998
46650.724998
46732.349998
46813.949998
46895.574998
46977.149998
47058.774998
47140.399998
47221.974998
47303.574998
47385.224998
47466.824998
47548.424998
47630.049998
47711.674998
47793.274998
47874.874998
47956.499998
48038.099998
48119.724998
48201.324998
48282.924998
48364.524998
48446.174998
48527.749998
48609.349998
48690.974998
48772.599998
48854.199998
48935.799998
49017.449998
49099.024998
49180.649998
49262.274998
49343.874997
49425.474997
49507.124997
49588.699997
49670.299997
49751.949997
49833.549997
49915.124997
49996.749997
50078.374997
50159.949997
50241.574997
50323.199997
50404.799997
50486.399997
50568.049997
50649.624997
50731.249997
50812.874997
50894.474997
50976.074997
51057.724997
51139.324997
51220.899997
51302.499997
51384.124997
51465.724997
51547.349997
51628.974997
51710.549997
51792.174997
51873.799997
51955.399997
52036.999997
52118.649997
52200.249997
52281.849997
52363.449997
52445.099997
52526.674997
52608.299997
52689.899997
52771.499997
52853.099997
52934.724997
53016.324997
53097.924997
53179.599997
53261.174997
53342.774997
53424.399997
53506.024997
53587.599996
53669.249996
53750.849996
53832.449996
53914.049996
53995.699996
54077.249996
54158.874996
54240.524996
54322.099996
54403.699996
54485.349996
54566.949996
54648.524996
54730.174996
54811.774996
54893.399996
54974.999996
55056.624996
55138.199996
55219.849996
55301.449996
55383.049996
55464.649996
55546.299996
55627.874996
55709.474996
55791.099996
55872.724996
55954.324996
56035.924996
56117.549996
56199.149996
56280.774996
56362.374996
56443.974996
56525.599996
56607.249996
56688.824996
56770.424996
56852.049996
56933.674996
57015.249996
57096.874996
57178.474996
57260.074996
57341.699996
57423.324996
57504.924996
57586.524996
57668.174996
57749.749996
57831.349996
57912.999995
57994.599995
58076.174995
58157.824995
58239.424995
58321.024995
58402.624995
58484.249995
58565.849995
58647.449995
58729.099995
58810.674995
58892.299995
58973.924995
59055.524995
59137.124995
59218.774995
59300.374995
59381.974995
59463.574995
59545.224995
59626.799995
59708.399995
59790.024995
59871.599995
59953.224995
60034.849995
60116.449995
60198.049995
60279.699995
60361.299995
60442.899995
60524.524995
60606.149995
60687.724995
60769.349995
60850.974995
60932.574995
61014.174995
61095.799995
61177.374995
61258.999995
61340.624995
61422.224995
61503.824995
61585.449995
61667.074995
61748.649995
61830.299995
61911.899995
61993.499995
62075.124995
62156.749995
62238.324994
62319.949994
62401.574994
62483.174994
62564.749994
62646.399994
62727.999994
62809.599994
62891.224994
62972.849994
63054.449994
63136.049994
63217.674994
63299.274994
63380.899994
63462.499994
63544.099994
63625.699994
63707.374994
63788.949994
63870.549994
63952.174994
64033.799994
64115.374994
64196.974994
64278.599994
64360.199994
64441.824994
64523.424994
64605.024994
64686.649994
64768.299994
64849.874994
64931.474994
65013.124994
65094.749994
65176.299994
65257.949994
65339.549994
65421.149994
65502.749994
65584.374994
65665.949994
65747.574994
65829.224994
65910.799994
65992.424994
66074.049994
66155.649994
66237.249994
66318.874994
66400.499994
66482.099993
66563.699993
66645.324993
66726.924993
66808.524993
66890.149993
66971.724993
67053.349993
67134.974993
67216.574993
67298.174993
67379.824993
67461.424993
67543.024993
67624.624993
67706.274993
67787.849993
67869.474993
67951.074993
68032.699993
68114.299993
68195.924993
68277.499993
68359.099993
68440.749993
68522.349993
68603.924993
68685.574993
68767.199993
68848.774993
68930.399993
69012.024993
69093.624993
69175.224993
69256.874993
69338.449993
69420.074993
69501.699993
69583.299993
69664.874993
69746.524993
69828.124993
69909.699993
69991.324993
70072.949993
70154.574993
70236.174993
70317.799993
70399.374993
70480.999993
70562.624993
70644.224993
70725.824993
70807.474992
70889.074992
70970.649992
71052.274992
71133.899992
71215.474992
71297.099992
71378.724992
71460.324992
71541.949992
71623.549992
71705.149992
71786.774992
71868.424992
71949.999992
72031.599992
72113.224992
72194.849992
72276.424992
72358.049992
72439.674992
72521.274992
72602.874992
72684.499992
72766.074992
72847.699992
72929.349992
73010.924992
73092.524992
73174.174992
73255.774992
73337.349992
73418.999992
73500.624992
73582.224992
73663.824992
73745.449992
73827.024992
73908.649992
73990.249992
74071.849992
74153.449992
74235.099992
74316.699992
74398.274992
74479.949992
74561.549992
74643.149992
74724.749992
74806.374992
74887.974992
74969.599992
75051.199992
75132.799991
75214.399991
75296.049991
75377.624991
75459.224991
75540.874991
75622.474991
75704.049991
75785.674991
75867.324991
75948.899991
76030.524991
76112.149991
76193.749991
76275.349991
76356.999991
76438.574991
76520.174991
76601.824991
76683.424991
76764.999991
76846.624991
76928.249991
77009.824991
77091.449991
77173.074991
77254.674991
77336.274991
77417.924991
77499.499991
77581.124991
77662.749991
77744.349991
77825.949991
77907.599991
77989.199991
78070.774991
78152.399991
78234.024991
78315.599991
78397.224991
78478.849991
78560.424991
78642.074991
78723.674991
78805.274991
78886.874991
78968.524991
79050.124991
79131.724991
79213.349991
79294.974991
79376.549990
79458.174990
79539.774990
79621.374990
79702.974990
79784.599990
79866.199990
79947.824990
80029.474990
80111.049990
80192.649990
80274.274990
80355.899990
80437.474990
80519.124990
80600.724990
80682.349990
80763.924990
80845.574990
80927.149990
81008.774990
81090.374990
81171.974990
81253.574990
81335.224990
81416.824990
81498.399990
81580.049990
81661.674990
81743.274990
81824.874990
81906.499990
81988.099990
82069.724990
82151.324990
82232.924990
82314.524990
82396.174990
82477.749990
82559.349990
82640.974990
82722.599990
82804.174990
82885.799990
82967.449990
83049.024990
83130.649990
83212.249990
83293.849990
83375.474990
83457.124990
83538.674990
83620.299990
83701.924989
83783.549989
83865.099989
83946.749989
84028.349989
84109.949989
84191.574989
84273.199989
84354.799989
84436.399989
84518.049989
84599.624989
84681.249989
84762.874989
84844.474989
84926.049989
