100.000000
5.000000
517.300000
584.950000
644.175000
698.725000
750.900000
800.975000
848.900000
895.775000
941.350000
985.800000
1029.750000
1072.750000
1114.725000
1156.575000
1197.000000
1237.025000
1276.325000
1315.125000
1353.675000
1391.600000
1429.400000
1466.550000
1502.775000
1539.575000
1575.225000
1611.000000
1646.350000
1681.075000
1716.150000
1751.075000
1785.075000
1819.000000
1852.475000
1885.750000
1919.000000
1951.750000
1984.550000
2016.650000
2048.250000
2080.200000
2112.250000
2142.900000
2174.325000
2205.450000
2235.825000
2266.550000
2296.825000
2326.350000
2356.850000
2385.900000
2415.200000
2445.125000
2474.600000
2502.875000
2531.775000
2560.000000
2588.825000
2617.875000
2646.050000
2674.725000
2702.725000
2730.625000
2759.225000
2787.650000
2816.700000
2845.650000
2873.825000
2902.500000
2930.450000
2958.375000
2986.900000
3015.475000
3044.400000
3073.425000
3101.575000
3130.250000
3158.225000
3186.150000
3214.675000
3243.150000
3272.100000
3301.150000
3329.850000
3358.150000
3386.075000
3414.075000
3442.875000
3470.850000
3499.625000
3529.025000
3557.425000
3585.875000
3613.825000
3642.525000
3670.825000
3699.450000
3729.050000
3757.625000
3785.925000
3813.875000
3842.700000
3870.800000
3899.050000
3928.900000
3957.150000
3985.775000
4013.775000
4042.025000
4070.650000
4098.625000
4127.450000
4156.725000
4185.125000
4213.625000
4241.675000
4270.025000
4298.575000
4326.775000
4355.875000
4384.725000
4413.450000
4441.600000
4469.600000
4498.325000
4526.375000
4555.375000
4584.400000
4612.825000
4641.450000
4669.400000
4697.450000
4726.150000
4754.350000
4783.225000
4812.275000
4840.725000
4869.250000
4897.200000
4925.475000
4954.175000
4982.875000
5012.275000
5040.775000
5069.275000
5097.225000
5126.125000
5155.400000
5184.700000
5213.625000
5242.900000
5273.300000
5302.600000
5332.250000
5362.975000
5392.975000
5423.700000
5454.150000
5485.600000
5517.575000
5548.450000
5580.250000
5612.425000
5644.375000
5676.225000
5708.275000
5741.400000
5774.600000
5807.975000
5841.500000
5874.950000
5908.725000
5943.050000
5977.925000
6013.225000
6048.425000
6084.550000
6120.350000
6157.125000
6193.800000
6230.875000
6268.925000
6307.225000
6345.775000
6384.775000
6424.400000
6464.200000
6505.075000
6546.575000
6588.600000
6630.825000
6674.375000
6718.800000
6763.700000
6809.500000
6856.725000
6904.875000
6954.375000
7005.400000
7058.100000
7113.150000
7170.650000
7231.475000
7296.950000
7369.325000
7458.350000
