10.000000
16.000000
389.875000
467.250000
534.625000
594.225000
647.325000
695.775000
740.625000
783.025000
823.600000
862.700000
900.875000
937.650000
973.975000
1009.475000
1044.475000
1079.100000
1113.050000
1146.825000
1180.150000
1213.100000
1245.775000
1277.775000
1309.350000
1341.225000
1372.400000
1402.900000
1433.925000
1463.950000
1494.425000
1524.450000
1554.100000
1583.525000
1612.900000
1641.700000
1670.500000
1698.725000
1727.225000
1755.750000
1784.000000
1812.425000
1840.200000
1867.925000
1895.375000
1922.375000
1948.725000
1975.150000
2002.350000
2029.225000
2055.425000
2080.675000
2107.175000
2132.925000
2158.300000
2184.625000
2208.775000
2234.900000
2259.600000
2284.875000
2308.625000
2334.600000
2358.325000
2382.475000
2407.700000
2431.425000
2456.775000
2480.425000
2503.450000
2527.825000
2551.525000
2574.900000
2597.375000
2620.800000
2644.175000
2668.125000
2691.550000
2713.950000
2736.900000
2761.100000
2784.850000
2808.175000
2830.650000
2854.150000
2876.950000
2901.450000
2924.850000
2947.350000
2970.750000
2993.625000
3018.125000
3041.575000
3063.975000
3087.175000
3110.925000
3134.800000
3158.150000
3180.625000
3204.100000
3226.750000
3251.375000
3274.725000
3297.300000
3320.650000
3343.400000
3368.050000
3391.500000
3413.925000
3436.500000
3460.025000
3484.650000
3508.050000
3530.600000
3554.025000
3576.675000
3601.300000
3624.575000
3647.300000
3670.675000
3693.425000
3718.075000
3741.500000
3763.925000
3786.525000
3810.200000
3834.775000
3858.150000
3880.625000
3904.125000
3926.825000
3951.400000
3974.775000
3997.325000
4020.675000
4043.425000
4068.075000
4091.500000
4113.950000
4136.550000
4160.325000
4184.825000
4208.175000
4230.650000
4254.175000
4277.175000
4301.475000
4324.875000
4347.375000
4370.775000
4393.975000
4418.150000
4441.575000
4463.975000
4487.225000
4510.850000
4534.800000
4558.150000
4580.625000
4604.100000
4626.750000
4651.375000
4674.725000
4697.300000
4720.650000
4743.400000
4768.050000
4791.500000
4813.925000
4836.500000
4860.025000
4884.650000
4908.050000
4930.600000
4954.025000
4976.675000
5001.300000
5024.575000
5047.300000
5070.675000
5093.425000
5118.100000
5141.600000
5164.175000
5188.825000
5213.075000
5236.375000
5261.325000
5285.925000
5309.825000
5334.950000
5358.750000
5384.800000
5408.825000
5434.975000
5459.825000
5485.825000
5511.300000
5536.275000
5562.850000
5589.000000
5614.500000
5641.575000
5668.200000
5695.450000
5722.125000
5748.625000
5775.450000
5802.850000
5830.450000
5858.150000
5885.950000
5913.800000
5941.775000
5970.150000
5998.750000
6027.900000
6057.075000
6086.000000
6115.300000
6145.600000
6174.975000
6205.425000
6235.800000
6266.600000
6297.150000
6328.925000
6359.775000
6391.550000
6423.625000
6455.875000
6488.575000
6521.125000
6554.350000
6587.700000
6621.725000
6656.475000
6691.275000
6726.175000
6761.975000
6797.725000
6834.525000
6871.000000
6908.275000
6946.375000
6985.075000
7024.375000
7064.100000
7104.825000
7146.475000
7188.900000
7232.175000
7276.650000
7322.675000
7370.200000
7419.600000
7471.175000
7525.525000
7583.375000
7642.825000
7703.200000
7764.625000
7827.050000
7890.425000
7954.750000
8020.175000
8086.825000
8154.600000
8223.350000
8292.750000
8362.650000
8432.825000
8503.275000
8573.950000
8644.775000
8715.725000
8786.850000
8858.150000
8929.600000
9001.200000
9072.925000
9144.850000
9216.925000
9289.150000
9361.600000
9434.325000
9507.325000
9580.550000
9653.900000
9727.300000
9800.800000
9874.325000
9947.825000
10021.325000
10094.850000
10168.375000
10241.875000
10315.350000
10388.825000
10462.350000
10535.850000
10609.350000
10682.875000
10756.425000
10829.975000
10903.500000
10977.000000
11050.550000
11124.075000
11197.600000
11271.075000
11344.575000
11418.100000
11491.625000
11565.100000
11638.575000
11712.125000
11785.650000
11859.175000
11932.700000
12006.250000
12079.825000
12153.325000
12226.825000
12300.350000
12373.850000
12447.350000
12520.825000
12594.350000
12667.875000
12741.400000
12814.875000
12888.400000
12961.925000
13035.475000
13109.000000
13182.525000
13256.075000
13329.625000
13403.125000
13476.600000
13550.100000
13623.625000
13697.125000
13770.600000
13844.125000
13917.675000
13991.200000
14064.725000
14138.225000
14211.775000
14285.325000
14358.850000
14432.350000
14505.875000
14579.400000
14652.875000
14726.350000
14799.850000
14873.375000
14946.900000
15020.400000
15093.925000
15167.500000
15241.050000
15314.550000
15388.050000
15461.600000
15535.125000
15608.625000
15682.125000
15755.625000
15829.150000
15902.650000
15976.125000
16049.625000
16123.175000
16196.700000
16270.250000
16343.775000
16417.325000
16490.875000
16564.375000
16637.875000
16711.375000
16784.900000
16858.400000
16931.875000
17005.375000
17078.925000
17152.425000
17225.925000
17299.450000
17373.000000
17446.550000
17520.075000
17593.600000
17667.150000
17740.675000
17814.150000
17887.650000
17961.125000
18034.650000
18108.150000
18181.675000
18255.175001
18328.725001
18402.250001
18475.775001
18549.275001
18622.825001
18696.375001
18769.900001
18843.400001
18916.925001
18990.425001
19063.925001
19137.400001
19210.900001
19284.425001
19357.950001
19431.475001
19505.000001
19578.550001
19652.100001
19725.600001
19799.125001
19872.650001
19946.175001
20019.675001
20093.175001
20166.675001
20240.175001
20313.675001
20387.175001
20460.675001
20534.225001
20607.775001
20681.300001
20754.825001
20828.375001
20901.925001
20975.425001
21048.900001
21122.425001
21195.925001
21269.450001
21342.925001
21416.425001
21489.950001
21563.475001
21637.000001
21710.500001
21784.050001
21857.625001
21931.150001
22004.675001
22078.175001
22151.700001
22225.200001
22298.675001
22372.175001
22445.700001
22519.200001
22592.725001
22666.225001
22739.775001
22813.300001
22886.825001
22960.350001
23033.875001
23107.450001
23180.950001
23254.450001
23327.950001
23401.450001
23474.950001
23548.425001
23621.925001
23695.475001
23769.025001
23842.550001
23916.050001
23989.600001
24063.150001
24136.650001
24210.175001
24283.675001
24357.225001
24430.725001
24504.200001
24577.700001
24651.225001
24724.725001
24798.225001
24871.725001
24945.300001
25018.850001
25092.375001
25165.900001
25239.425001
25312.975001
25386.450001
25459.950001
25533.450001
25606.975001
25680.475001
25753.975001
25827.475001
25901.000001
25974.525001
26048.050001
26121.575001
26195.125001
26268.675001
26342.200001
26415.700001
26489.225001
26562.750001
26636.225001
26709.700001
26783.200001
26856.750001
26930.275001
27003.775001
27077.275001
27150.825001
27224.375001
27297.900001
27371.400001
27444.950001
27518.500001
27592.000001
27665.475001
27738.975001
27812.500001
27885.975001
27959.475001
28032.975001
28106.525001
28180.075001
28253.600001
28327.100001
28400.650001
28474.200001
28547.725001
28621.225001
28694.725001
28768.275001
28841.775001
28915.250001
28988.725001
29062.250001
29135.775001
29209.275001
29282.800001
29356.350001
29429.925001
29503.450001
29576.950001
29650.475001
29724.000001
29797.500001
29870.975001
29944.500001
30018.025001
30091.525001
30165.000001
30238.500001
30312.050001
30385.600001
30459.100001
30532.625001
30606.200001
30679.750001
30753.275001
30826.750001
30900.250001
30973.775001
31047.275001
31120.750001
31194.250001
31267.800001
31341.325001
31414.825001
31488.325001
31561.875001
31635.425001
31708.950001
31782.475001
31856.000001
31929.550001
32003.050001
32076.525001
32150.000001
32223.525001
32297.025001
32370.525001
32444.050001
32517.600001
32591.150001
32664.650001
32738.175001
32811.700001
32885.250001
32958.775001
33032.275001
33105.775001
33179.300001
33252.800001
33326.275001
33399.775001
33473.300001
33546.825001
33620.350001
33693.875001
33767.425001
33840.975001
33914.500001
33988.000001
34061.500001
34135.050001
34208.550001
34282.025001
34355.525001
34429.075001
34502.575001
34576.050001
34649.550001
34723.100001
34796.650001
34870.175001
34943.700001
35017.250001
35090.800001
35164.300001
35237.800001
35311.275001
35384.800001
35458.300001
35531.800001
35605.300001
35678.850001
35752.375001
35825.875001
35899.375001
35972.925001
36046.500001
36120.025001
36193.525001
36267.050001
36340.575001
36414.075000
36487.550000
36561.025000
36634.575000
36708.075000
36781.600000
36855.100000
36928.650000
37002.200000
37075.700000
37149.225000
37222.775000
37296.300000
37369.825000
37443.325000
37516.825000
37590.325000
37663.825000
37737.300000
37810.800000
37884.350000
37957.875000
38031.400000
38104.950000
38178.475000
38252.025000
38325.550000
38399.050000
38472.550000
38546.100000
38619.600000
38693.075000
38766.575000
38840.100000
38913.600000
38987.100000
39060.600000
39134.150000
39207.725000
39281.250000
39354.775000
39428.300000
39501.850000
39575.350000
39648.825000
39722.325000
39795.850000
39869.350000
39942.850000
40016.350000
40089.875000
40163.425000
40236.925000
40310.450000
40384.000000
40457.550000
40531.075000
40604.600000
40678.100000
40751.624999
40825.099999
40898.574999
40972.074999
41045.599999
41119.124999
41192.649999
41266.149999
41339.699999
41413.249999
41486.774999
41560.274999
41633.824999
41707.374999
41780.874999
41854.374999
41927.849999
42001.374999
42074.849999
42148.349999
42221.849999
42295.399999
42368.949999
42442.474999
42515.999999
42589.524999
42663.074999
42736.599999
42810.099999
42883.599999
42957.124999
43030.624999
43104.124999
43177.599999
43251.124999
43324.649999
43398.149999
43471.674999
43545.224999
43618.774999
43692.324999
43765.824999
43839.349999
43912.874999
43986.374999
44059.849999
44133.349999
44206.874999
44280.399999
44353.899999
44427.399999
44500.924999
44574.474999
44647.999999
44721.499999
44795.049999
44868.624999
44942.149999
45015.624998
45089.124998
45162.649998
45236.124998
45309.624998
45383.124998
45456.649998
45530.199998
45603.699998
45677.199998
45750.749998
45824.299998
45897.824998
45971.324998
46044.874998
46118.399998
46191.924998
46265.399998
46338.874998
46412.399998
46485.899998
46559.399998
46632.899998
46706.474998
46780.024998
46853.549998
46927.049998
47000.599998
47074.124998
47147.649998
47221.124998
47294.649998
47368.174998
47441.674998
47515.149998
47588.649998
47662.174998
47735.699998
47809.224998
47882.724998
47956.299998
48029.849998
48103.374998
48176.874998
48250.399998
48323.924998
48397.424998
48470.899998
48544.399998
48617.924998
48691.449998
48764.924998
48838.449998
48911.974998
48985.524998
49059.049998
49132.574998
49206.124998
49279.674998
49353.174997
49426.674997
49500.149997
49573.674997
49647.174997
49720.674997
49794.174997
49867.724997
49941.249997
50014.749997
50088.274997
50161.799997
50235.374997
50308.874997
50382.399997
50455.924997
50529.474997
50602.949997
50676.424997
50749.899997
50823.424997
50896.949997
50970.449997
51043.974997
51117.524997
51191.074997
51264.599997
51338.099997
51411.624997
51485.174997
51558.699997
51632.174997
51705.674997
51779.224997
51852.699997
51926.199997
51999.674997
52073.224997
52146.749997
52220.274997
52293.799997
52367.374997
52440.924997
52514.424997
52587.924997
52661.424997
52734.949997
52808.449997
52881.949997
52955.449997
53028.974997
53102.474997
53175.974997
53249.499997
53323.049997
53396.599997
53470.124997
53543.649997
53617.199996
53690.724996
53764.224996
53837.699996
53911.199996
53984.724996
54058.224996
54131.724996
54205.224996
54278.774996
54352.299996
54425.824996
54499.324996
54572.874996
54646.424996
54719.949996
54793.449996
54866.974996
54940.499996
55013.974996
55087.449996
55160.949996
55234.474996
55307.999996
55381.524996
55455.049996
55528.599996
55602.124996
55675.649996
55749.149996
55822.699996
55896.224996
55969.749996
56043.224996
56116.724996
56190.249996
56263.749996
56337.224996
56410.724996
56484.274996
56557.824996
56631.349996
56704.874996
56778.424996
56851.974996
56925.474996
56998.974996
57072.474996
57145.999996
57219.499996
57292.999996
57366.499996
57439.999996
57513.524996
57587.024996
57660.549996
57734.099996
57807.649996
57881.199995
57954.699995
58028.224995
58101.774995
58175.249995
58248.724995
58322.224995
58395.749995
58469.274995
58542.774995
58616.274995
58689.799995
58763.349995
58836.874995
58910.374995
58983.924995
59057.499995
59130.999995
59204.524995
59277.999995
59351.524995
59424.999995
59498.499995
59571.999995
59645.524995
59719.049995
59792.574995
59866.099995
59939.649995
60013.199995
60086.699995
60160.224995
60233.749995
60307.274995
60380.774995
60454.274995
60527.749995
60601.274995
60674.774995
60748.274995
60821.774995
60895.324995
60968.899995
61042.424995
61115.924995
61189.474995
61263.024995
61336.524995
61409.999995
61483.499995
61557.049995
61630.549995
61704.024995
61777.524995
61851.049995
61924.574995
61998.099995
62071.599995
62145.174995
62218.724994
62292.249994
62365.749994
62439.274994
62512.799994
62586.274994
62659.774994
62733.274994
62806.799994
62880.324994
62953.824994
63027.324994
63100.874994
63174.399994
63247.924994
63321.449994
63394.999994
63468.549994
63542.074994
63615.549994
63689.024994
63762.549994
63836.049994
63909.524994
63983.049994
64056.574994
64130.124994
64203.649994
64277.149994
64350.699994
64424.249994
64497.774994
64571.274994
64644.799994
64718.324994
64791.824994
64865.299994
64938.774994
65012.299994
65085.824994
65159.324994
65232.849994
65306.399994
65379.949994
65453.474994
65526.974994
65600.524994
65674.049994
65747.574994
65821.049994
65894.549994
65968.074994
66041.574994
66115.074994
66188.549994
66262.099994
66335.624994
66409.149994
66482.674993
66556.224993
66629.799993
66703.299993
66776.799993
66850.299993
66923.824993
66997.324993
67070.799993
67144.299993
67217.849993
67291.374993
67364.874993
67438.374993
67511.924993
67585.474993
67658.999993
67732.524993
67806.049993
67879.599993
67953.099993
68026.574993
68100.074993
68173.574993
68247.099993
68320.574993
68394.099993
68467.649993
68541.174993
68614.699993
68688.199993
68761.749993
68835.299993
68908.824993
68982.324993
69055.849993
69129.374993
69202.849993
69276.324993
69349.824993
69423.349993
69496.874993
69570.374993
69643.899993
69717.474993
69791.024993
69864.524993
69938.049993
70011.574993
70085.099993
70158.599993
70232.099993
70305.599993
70379.124993
70452.624993
70526.099993
70599.599993
70673.149993
70746.699993
70820.224992
70893.749992
70967.299992
71040.849992
71114.349992
71187.849992
71261.349992
71334.874992
71408.374992
71481.849992
71555.349992
71628.899992
71702.399992
71775.924992
71849.424992
71922.974992
71996.524992
72070.049992
72143.574992
72217.124992
72290.649992
72364.124992
72437.599992
72511.099992
72584.624992
72658.124992
72731.649992
72805.149992
72878.699992
72952.224992
73025.749992
73099.274992
73172.799992
73246.349992
73319.874992
73393.374992
73466.874992
73540.399992
73613.874992
73687.374992
73760.874992
73834.399992
73907.924992
73981.449992
74054.974992
74128.524992
74202.074992
74275.599992
74349.099992
74422.624992
74496.149992
74569.649992
74643.149992
74716.649992
74790.149992
74863.649992
74937.149992
75010.649992
75084.199991
75157.749991
75231.299991
75304.824991
75378.349991
75451.899991
75525.399991
75598.874991
75672.374991
75745.899991
75819.399991
75892.899991
75966.399991
76039.924991
76113.449991
76186.974991
76260.474991
76334.024991
76407.599991
76481.124991
76554.649991
76628.149991
76701.674991
76775.174991
76848.649991
76922.124991
76995.674991
77069.174991
77142.699991
77216.199991
77289.749991
77363.299991
77436.799991
77510.324991
77583.849991
77657.424991
77730.924991
77804.424991
77877.924991
77951.424991
78024.924991
78098.399991
78171.899991
78245.449991
78318.999991
78392.524991
78466.049991
78539.574991
78613.124991
78686.649991
78760.149991
78833.649991
78907.199991
78980.699991
79054.174991
79127.674991
79201.174991
79274.699991
79348.199991
79421.724990
79495.274990
79568.824990
79642.349990
79715.874990
79789.399990
79862.949990
79936.424990
80009.924990
80083.424990
80156.949990
80230.449990
80303.949990
80377.449990
80450.974990
80524.499990
80598.024990
80671.549990
80745.099990
80818.649990
80892.199990
80965.674990
81039.199990
81112.699990
81186.199990
81259.674990
81333.174990
81406.724990
81480.249990
81553.749990
81627.249990
81700.799990
81774.349990
81847.874990
81921.374990
81994.924990
82068.474990
82141.974990
82215.449990
82288.949990
82362.449990
82435.949990
82509.449990
82582.949990
82656.499990
82730.049990
82803.574990
82877.099990
82950.624990
83024.174990
83097.699990
83171.199990
83244.699990
83318.224990
83391.724990
83465.199990
83538.699990
83612.224990
83685.749989
83759.249989
83832.774989
83906.324989
83979.899989
84053.424989
84126.924989
84200.449989
84273.974989
84347.474989
84420.949989
84494.449989
84567.999989
84641.499989
84714.974989
84788.474989
84862.024989
84935.574989
