20.000000
14.000000
1145.350000
1192.450000
1236.875000
1278.825000
1319.050000
1357.875000
1395.350000
1431.600000
1467.500000
1502.400000
1536.875000
1570.250000
1603.550000
1635.625000
1667.450000
1698.100000
1728.650000
1759.075000
1789.425000
1817.875000
1846.625000
1875.225000
1903.550000
1931.325000
1959.025000
1985.700000
2011.975000
2038.425000
2064.625000
2089.850000
2114.825000
2139.750000
2164.700000
2189.650000
2213.700000
2237.100000
2261.775000
2285.475000
2309.125000
2331.675000
2353.975000
2375.975000
2398.125000
2420.300000
2442.475000
2464.700000
2486.875000
2508.250000
2528.925000
2550.700000
2572.600000
2592.825000
2613.475000
2634.175000
2655.225000
2675.800000
2696.725000
2717.450000
2738.500000
2759.150000
2780.000000
2800.775000
2821.875000
2842.450000
2863.325000
2884.150000
2905.125000
2925.775000
2945.775000
2967.350000
2987.450000
3007.925000
3028.600000
3049.575000
3070.225000
3091.150000
3111.925000
3132.900000
3153.600000
3173.500000
3195.100000
3215.125000
3235.650000
3256.375000
3277.350000
3298.000000
3317.950000
3339.550000
3359.575000
3380.100000
3400.775000
3421.800000
3442.450000
3463.300000
3484.150000
3505.125000
3525.775000
3545.750000
3567.325000
3587.375000
3607.875000
3628.600000
3649.575000
3670.225000
3691.150000
3711.925000
3732.875000
3753.600000
3773.500000
3795.100000
3815.125000
3835.650000
3856.375000
3877.350000
3898.000000
3917.950000
3939.550000
3959.575000
3980.100000
4000.775000
4021.800000
4042.450000
4063.300000
4084.150000
4105.125000
4125.775000
4145.750000
4167.325000
4187.375000
4207.875000
4228.600000
4249.575000
4270.225000
4291.150000
4311.925000
4332.875000
4353.600000
4373.500000
4395.100000
4415.125000
4435.650000
4456.375000
4477.350000
4498.000000
4517.950000
4539.550000
4559.575000
4580.100000
4600.775000
4621.800000
4642.450000
4663.300000
4684.150000
4705.125000
4725.775000
4745.750000
4767.325000
4787.375000
4807.875000
4828.600000
4849.575000
4870.225000
4891.150000
4911.925000
4932.875000
4953.600000
4973.500000
4995.100000
5015.125000
5035.650000
5056.375000
5077.350000
5098.000000
5118.950000
5139.750000
5161.775000
5183.075000
5203.750000
5225.700000
5247.900000
5270.175000
5292.425000
5314.700000
5336.975000
5359.250000
5381.525000
5403.875000
5426.150000
5449.650000
5473.000000
5496.775000
5520.300000
5545.150000
5570.125000
5595.175000
5620.225000
5645.275000
5670.350000
5695.475000
5721.725000
5748.000000
5774.650000
5800.950000
5828.575000
5856.375000
5884.250000
5912.175000
5941.175000
5970.275000
6000.700000
6031.325000
6062.000000
6092.650000
6124.575000
6156.575000
6189.750000
6223.175000
6257.850000
6292.700000
6328.875000
6367.350000
6406.475000
6446.775000
6489.700000
6534.375000
6581.800000
6637.100000
