10.000000
31.000000
571.000000
640.500000
700.175000
752.425000
799.425000
842.800000
883.500000
922.275000
959.475000
995.800000
1030.675000
1065.200000
1098.925000
1132.450000
1165.425000
1198.075000
1230.425000
1262.625000
1294.325000
1325.275000
1356.950000
1387.450000
1418.275000
1448.500000
1479.175000
1508.450000
1538.625000
1568.250000
1597.275000
1626.350000
1655.600000
1684.700000
1713.450000
1741.700000
1769.625000
1797.550000
1825.400000
1853.150000
1880.650000
1908.250000
1935.875000
1963.400000
1990.725000
2018.100000
2044.925000
2071.125000
2097.400000
2124.475000
2151.325000
2176.550000
2202.725000
2229.200000
2254.275000
2280.300000
2305.700000
2330.550000
2356.650000
2380.675000
2406.800000
2430.625000
2455.775000
2480.450000
2504.475000
2529.625000
2553.475000
2579.200000
2602.775000
2626.475000
2651.425000
2675.025000
2698.725000
2723.675000
2747.250000
2770.975000
2795.900000
2819.500000
2843.225000
2868.150000
2891.750000
2915.550000
2940.475000
2963.950000
2987.850000
3012.775000
3036.200000
3060.625000
3085.675000
3108.825000
3134.625000
3158.275000
3182.000000
3207.000000
3230.550000
3254.350000
3279.325000
3302.850000
3326.550000
3351.475000
3375.050000
3398.775000
3423.725000
3447.275000
3471.000000
3495.950000
3519.500000
3543.250000
3568.175000
3591.775000
3615.625000
3640.575000
3663.975000
3688.550000
3713.350000
3736.575000
3762.375000
3786.050000
3809.750000
3834.750000
3858.300000
3882.050000
3907.025000
3930.550000
3954.400000
3979.350000
4002.850000
4026.575000
4051.500000
4075.075000
4098.800000
4123.725000
4147.300000
4171.025000
4195.950000
4219.525000
4243.275000
4268.200000
4291.775000
4315.725000
4340.800000
4364.125000
4389.075000
4413.650000
4436.800000
4462.500000
4486.075000
4509.825000
4534.800000
4558.325000
4582.100000
4607.050000
4630.575000
4654.450000
4679.400000
4702.900000
4726.650000
4751.550000
4775.100000
4798.875000
4823.775000
4847.325000
4871.100000
4896.000000
4919.550000
4943.375000
4968.275000
4991.825000
5016.600000
5041.200000
5064.225000
5089.225000
5113.750000
5137.600000
5162.675000
5186.275000
5212.225000
5236.150000
5261.450000
5286.125000
5312.300000
5336.300000
5362.625000
5387.550000
5413.650000
5439.825000
5465.275000
5491.575000
5518.075000
5543.800000
5570.425000
5597.150000
5623.975000
5651.375000
5678.575000
5705.750000
5733.125000
5759.975000
5787.500000
5815.100000
5842.875000
5870.700000
5898.600000
5926.550000
5955.475000
5984.525000
6013.375000
6042.000000
6071.050000
6101.200000
6130.400000
6159.825000
6190.275000
6219.775000
6250.900000
6280.875000
6312.375000
6342.975000
6374.450000
6406.275000
6437.775000
6469.550000
6502.075000
6534.825000
6567.875000
6601.050000
6634.550000
6668.100000
6702.100000
6736.150000
6770.700000
6805.675000
6841.175000
6876.625000
6912.975000
6949.575000
6986.350000
7024.000000
7062.225000
7100.875000
7140.150000
7180.000000
7220.450000
7261.875000
7303.975000
7347.025000
7391.250000
7436.625000
7483.675000
7532.550000
7583.900000
7636.800000
7691.150000
7747.025000
7804.575000
7864.025000
7925.525000
7989.100000
8054.525000
8121.525000
8189.850000
8259.175000
8329.400000
8400.375000
8472.150000
8544.800000
8618.275000
8692.525000
8767.675000
8843.900000
8921.475000
9000.650000
9081.275000
9162.875000
9245.050000
9327.550000
9410.300000
9493.225000
9576.275000
9659.475000
9742.825000
9826.275000
9909.875000
9993.700000
10077.725000
10162.025000
10246.700000
10331.750000
10417.150000
10503.125000
10589.700000
10676.975000
10764.850000
10852.950000
10941.175000
11029.400000
11117.625000
11205.850000
11294.050000
11382.275000
11470.500000
11558.750000
11646.975000
11735.175000
11823.350000
11911.500000
11999.650000
12087.800000
12176.000000
12264.175000
12352.375000
12440.550000
12528.700000
12616.875000
12705.050000
12793.250000
12881.475000
12969.725000
13057.950000
13146.175000
13234.350000
13322.500000
13410.650000
13498.825000
13587.025000
13675.225000
13763.400000
13851.575000
13939.725000
14027.875000
14116.000000
14204.225000
14292.425000
14380.675000
14468.900000
14557.125000
14645.325000
14733.500000
14821.675000
14909.875000
14998.075000
15086.275000
15174.475000
15262.650000
15350.800000
15438.950000
15527.075000
15615.250000
15703.450000
15791.675000
15879.900000
15968.125000
16056.300000
16144.500000
16232.675000
16320.900000
16409.100000
16497.325000
16585.550000
16673.725000
16761.875000
16850.025000
16938.175000
17026.350000
17114.525000
17202.725000
17290.925000
17379.125000
17467.275000
17555.475000
17643.650000
17731.875000
17820.100000
17908.350000
17996.575000
18084.775000
18172.925000
18261.100001
18349.225001
18437.425001
18525.600001
18613.825001
18702.000001
18790.175001
18878.300001
18966.475001
19054.625001
19142.850001
19231.075001
19319.325001
19407.550001
19495.775001
19583.925001
19672.100001
19760.250001
19848.450001
19936.650001
20024.850001
20113.025001
20201.200001
20289.325001
20377.475001
20465.625001
20553.825001
20642.025001
20730.250001
20818.475001
20906.675001
20994.850001
21083.025001
21171.225001
21259.425001
21347.625001
21435.850001
21524.025001
21612.175001
21700.325001
21788.450001
21876.625001
21964.800001
22053.000001
22141.200001
22229.400001
22317.575001
22405.750001
22493.950001
22582.150001
22670.375001
22758.600001
22846.825001
22935.025001
23023.200001
23111.325001
23199.475001
23287.650001
23375.850001
23464.025001
23552.225001
23640.400001
23728.550001
23816.725001
23904.900001
23993.125001
24081.350001
24169.575001
24257.825001
24346.025001
24434.200001
24522.375001
24610.525001
24698.725001
24786.900001
24875.125001
24963.300001
25051.475001
25139.625001
25227.775001
25315.900001
25404.125001
25492.325001
25580.575001
25668.800001
25757.025001
25845.225001
25933.400001
26021.575001
26109.775001
26197.975001
26286.200001
26374.375001
26462.575001
26550.700001
26638.850001
26727.000001
26815.175001
26903.350001
26991.575001
27079.800001
27168.025001
27256.200001
27344.375001
27432.575001
27520.800001
27609.000001
27697.225001
27785.450001
27873.625001
27961.775001
28049.925001
28138.075001
28226.250001
28314.425001
28402.625001
28490.800001
28579.000001
28667.150001
28755.350001
28843.525001
28931.750001
29019.975001
29108.225001
29196.425001
29284.625001
29372.775001
29460.950001
29549.100001
29637.275001
29725.450001
29813.675001
29901.825001
29990.000001
30078.125001
30166.275001
30254.450001
30342.675001
30430.900001
30519.150001
30607.350001
30695.575001
30783.725001
30871.900001
30960.050001
31048.250001
31136.450001
31224.650001
31312.825001
31400.975001
31489.100001
31577.250001
31665.425001
31753.600001
31841.825001
31930.050001
32018.275001
32106.475001
32194.650001
32282.850001
32371.050001
32459.250001
32547.475001
32635.675001
32723.875001
32812.025001
32900.150001
32988.300001
33076.475001
33164.650001
33252.850001
33341.050001
33429.250001
33517.425001
33605.625001
33693.800001
33782.025001
33870.250001
33958.475001
34046.700001
34134.900001
34223.075001
34311.225001
34399.375001
34487.550001
34575.750001
34663.950001
34752.125001
34840.300001
34928.450001
35016.625001
35104.800001
35193.025001
35281.225001
35369.475001
35457.725001
35545.925001
35634.100001
35722.275001
35810.425001
35898.625001
35986.825001
36075.025001
36163.225001
36251.400001
36339.525001
36427.675000
36515.825000
36604.025000
36692.225000
36780.475000
36868.700000
36956.925000
37045.100000
37133.300000
37221.450000
37309.675000
37397.875000
37486.075000
37574.275000
37662.450000
37750.600000
37838.750000
37926.875000
38015.075000
38103.250000
38191.475000
38279.675000
38367.875000
38456.050000
38544.225000
38632.425000
38720.650000
38808.850000
38897.075000
38985.275000
39073.475000
39161.600000
39249.750000
39337.900000
39426.075000
39514.275000
39602.450000
39690.625000
39778.800000
39866.950000
39955.125000
40043.325000
40131.550000
40219.775000
40308.025000
40396.225000
40484.425000
40572.575000
40660.725000
40748.899999
40837.074999
40925.274999
41013.474999
41101.624999
41189.774999
41277.924999
41366.074999
41454.274999
41542.474999
41630.724999
41718.949999
41807.174999
41895.374999
41983.549999
42071.724999
42159.899999
42248.099999
42336.324999
42424.499999
42512.699999
42600.849999
42688.974999
42777.124999
42865.299999
42953.474999
43041.699999
43129.924999
43218.149999
43306.349999
43394.524999
43482.724999
43570.924999
43659.149999
43747.374999
43835.574999
43923.774999
44011.899999
44100.049999
44188.199999
44276.374999
44364.574999
44452.774999
44540.949999
44629.149999
44717.324999
44805.524999
44893.699999
44981.924999
45070.149998
45158.399998
45246.599998
45334.824998
45422.974998
45511.124998
45599.274998
45687.474998
45775.649998
45863.849998
45952.024998
46040.224998
46128.349998
46216.524998
46304.674998
46392.899998
46481.124998
46569.374998
46657.599998
46745.824998
46833.974998
46922.149998
47010.324998
47098.524998
47186.699998
47274.924998
47363.099998
47451.274998
47539.399998
47627.549998
47715.699998
47803.899998
47892.099998
47980.324998
48068.549998
48156.774998
48244.924998
48333.124998
48421.299998
48509.499998
48597.699998
48685.924998
48774.099998
48862.274998
48950.399998
49038.549998
49126.699998
49214.874998
49303.074997
49391.274997
49479.474997
49567.649997
49655.824997
49744.024997
49832.224997
49920.449997
50008.674997
50096.899997
50185.074997
50273.249997
50361.399997
50449.549997
50537.699997
50625.899997
50714.074997
50802.274997
50890.449997
50978.599997
51066.774997
51154.949997
51243.149997
51331.374997
51419.624997
51507.874997
51596.074997
51684.249997
51772.424997
51860.574997
51948.749997
52036.949997
52125.149997
52213.349997
52301.524997
52389.649997
52477.799997
52565.949997
52654.149997
52742.374997
52830.599997
52918.849997
53007.074997
53095.249997
53183.424997
53271.599997
53359.799997
53447.999997
53536.224997
53624.424996
53712.599996
53800.749996
53888.899996
53977.024996
54065.199996
54153.399996
54241.624996
54329.824996
54418.049996
54506.224996
54594.424996
54682.624996
54770.824996
54859.049996
54947.274996
55035.474996
55123.674996
55211.824996
55299.974996
55388.099996
55476.299996
55564.474996
55652.674996
55740.849996
55829.049996
55917.199996
56005.399996
56093.574996
56181.799996
56270.024996
56358.274996
56446.499996
56534.699996
56622.849996
56710.999996
56799.149996
56887.349996
56975.524996
57063.724996
57151.899996
57240.074996
57328.199996
57416.349996
57504.524996
57592.749996
57680.974996
57769.224996
57857.449996
57945.649995
58033.799995
58121.974995
58210.149995
58298.349995
58386.524995
58474.724995
58562.899995
58651.074995
58739.199995
58827.324995
58915.499995
59003.674995
59091.899995
59180.124995
59268.349995
59356.549995
59444.724995
59532.899995
59621.099995
59709.299995
59797.524995
59885.724995
59973.924995
60062.074995
60150.199995
60238.349995
60326.524995
60414.699995
60502.899995
60591.099995
60679.299995
60767.474995
60855.674995
60943.849995
61032.074995
61120.299995
61208.524995
61296.749995
61384.949995
61473.124995
61561.274995
61649.399995
61737.599995
61825.774995
61913.974995
62002.174995
62090.349995
62178.474994
62266.649994
62354.824994
62443.049994
62531.274994
62619.524994
62707.749994
62795.974994
62884.149994
62972.324994
63060.474994
63148.674994
63236.849994
63325.049994
63413.249994
63501.424994
63589.574994
63677.724994
63765.849994
63854.049994
63942.274994
64030.524994
64118.749994
64206.974994
64295.149994
64383.324994
64471.499994
64559.699994
64647.924994
64736.124994
64824.324994
64912.499994
65000.649994
65088.799994
65176.924994
65265.124994
65353.299994
65441.524994
65529.724994
65617.949994
65706.099994
65794.299994
65882.499994
65970.699994
66058.924994
66147.149994
66235.349994
66323.549994
66411.674994
66499.824993
66587.974993
66676.174993
66764.349993
66852.524993
66940.699993
67028.899993
67117.049993
67205.224993
67293.399993
67381.624993
67469.874993
67558.099993
67646.299993
67734.499993
67822.649993
67910.799993
67998.974993
68087.149993
68175.349993
68263.524993
68351.699993
68439.849993
68527.974993
68616.124993
68704.324993
68792.549993
68880.774993
68969.024993
69057.249993
69145.449993
69233.599993
69321.774993
69409.949993
69498.149993
69586.349993
69674.549993
69762.749993
69850.874993
69939.024993
70027.149993
70115.324993
70203.524993
70291.749993
70379.974993
70468.199993
70556.374993
70644.574993
70732.749993
70820.974992
70909.174992
70997.399992
71085.599992
71173.799992
71261.949992
71350.099992
71438.249992
71526.424992
71614.599992
71702.799992
71790.999992
71879.199992
71967.374992
72055.549992
72143.724992
72231.974992
72320.199992
72408.424992
72496.649992
72584.849992
72673.024992
72761.174992
72849.324992
72937.499992
73025.699992
73113.899992
73202.074992
73290.249992
73378.399992
73466.549992
73554.724992
73642.949992
73731.174992
73819.424992
73907.649992
73995.874992
74084.049992
74172.199992
74260.374992
74348.574992
74436.749992
74524.974992
74613.149992
74701.324992
74789.449992
74877.599992
74965.749992
75053.949992
75142.149991
75230.399991
75318.624991
75406.824991
75494.999991
75583.199991
75671.374991
75759.574991
75847.774991
75935.999991
76024.174991
76112.349991
76200.499991
76288.649991
76376.774991
76464.949991
76553.149991
76641.349991
76729.549991
76817.749991
76905.924991
76994.099991
77082.299991
77170.524991
77258.724991
77346.949991
77435.149991
77523.324991
77611.474991
77699.599991
77787.774991
77875.949991
77964.149991
78052.324991
78140.499991
78228.674991
78316.824991
78404.999991
78493.224991
78581.449991
78669.674991
78757.924991
78846.124991
78934.299991
79022.474991
79110.624991
79198.799991
79286.974991
79375.199990
79463.374990
79551.549990
79639.699990
79727.849990
79815.974990
79904.199990
79992.399990
80080.649990
80168.874990
80257.099990
80345.299990
80433.474990
80521.649990
80609.849990
80698.049990
80786.249990
80874.449990
80962.624990
81050.774990
81138.924990
81227.049990
81315.249990
81403.424990
81491.649990
81579.874990
81668.099990
81756.274990
81844.474990
81932.649990
82020.874990
82109.074990
82197.299990
82285.524990
82373.699990
82461.849990
82549.999990
82638.149990
82726.324990
82814.499990
82902.724990
82990.899990
83079.099990
83167.249990
83255.449990
83343.624990
83431.849990
83520.074990
83608.324990
83696.549989
83784.749989
83872.899989
83961.074989
84049.199989
84137.399989
84225.574989
84313.799989
84401.974989
84490.149989
84578.274989
84666.424989
84754.599989
84842.824989
84931.049989
