200.000000
9.000000
841.900000
886.925000
927.100000
964.125000
998.125000
1031.175000
1062.125000
1092.350000
1121.575000
1150.000000
1177.375000
1204.075000
1230.325000
1256.350000
1281.750000
1306.850000
1331.500000
1356.350000
1381.200000
1405.900000
1429.925000
1453.650000
1477.375000
1500.750000
1524.325000
1547.825000
1570.375000
1592.800000
1615.075000
1637.150000
1659.250000
1681.375000
1703.550000
1725.700000
1747.875000
1770.025000
1791.500000
1813.125000
1834.250000
1856.150000
1877.300000
1898.025000
1918.975000
1939.700000
1960.575000
1981.275000
2002.075000
2022.875000
2042.675000
2063.175000
2083.950000
2103.650000
2123.175000
2142.625000
2162.100000
2181.475000
2200.825000
2220.250000
2239.700000
2259.100000
2278.525000
2297.900000
2317.325000
2336.775000
2356.200000
2374.975000
2393.825000
2412.075000
2431.175000
2449.925000
2467.600000
2485.825000
2503.700000
2522.775000
2541.050000
2559.125000
2577.400000
2595.175000
2613.275000
2631.325000
2649.575000
2667.400000
2685.500000
2703.550000
2721.775000
2739.650000
2757.725000
2775.725000
2794.000000
2811.875000
2829.950000
2847.950000
2866.250000
2884.100000
2902.200000
2920.175000
2938.400000
2956.325000
2974.425000
2992.400000
3010.600000
3028.550000
3046.650000
3064.650000
3082.825000
3100.725000
3118.875000
3136.875000
3155.050000
3172.950000
3191.125000
3209.100000
3227.325000
3245.175000
3263.275000
3281.325000
3299.550000
3317.400000
3335.500000
3353.550000
3371.775000
3389.650000
3407.725000
3425.725000
3444.000000
3461.875000
3479.950000
3497.950000
3516.250000
3534.100000
3552.200000
3570.175000
3588.400000
3606.325000
3624.425000
3642.400000
3660.600000
3678.550000
3696.650000
3714.650000
3732.825000
3750.725000
3768.875000
3786.875000
3805.050000
3822.950000
3841.125000
3859.100000
3877.325000
3895.175000
3913.275000
3931.325000
3949.550000
3967.400000
3985.500000
4003.550000
4021.775000
4039.650000
4057.725000
4075.725000
4094.000000
4111.875000
4129.950000
4147.950000
4166.250000
4184.100000
4202.200000
4220.175000
4238.400000
4256.325000
4274.425000
4292.400000
4310.600000
4328.550000
4346.650000
4364.650000
4382.825000
4400.725000
4418.875000
4436.875000
4455.050000
4472.950000
4491.125000
4509.100000
4527.325000
4545.175000
4563.275000
4581.325000
4599.550000
4617.400000
4635.500000
4653.550000
4671.775000
4689.650000
4707.725000
4725.725000
4744.000000
4761.875000
4779.950000
4797.950000
4816.250000
4834.100000
4852.200000
4870.175000
4888.400000
4906.325000
4924.425000
4942.400000
4960.600000
4978.550000
4996.650000
5014.650000
5032.825000
5050.725000
5068.875000
5086.875000
5105.050000
5122.975000
5141.200000
5159.175000
5178.350000
5196.650000
5214.775000
5233.975000
5252.325000
5270.400000
5289.575000
5308.050000
5326.725000
5345.325000
5364.600000
5384.025000
5403.475000
5422.900000
5442.375000
5461.875000
5481.350000
5500.775000
5520.275000
5539.800000
5559.300000
5578.850000
5598.250000
5617.925000
5638.250000
5658.925000
5678.850000
5699.450000
5720.125000
5741.025000
5761.850000
5782.800000
5803.600000
5824.550000
5845.325000
5867.250000
5888.500000
5909.425000
5931.250000
5953.400000
5975.575000
5997.825000
6020.100000
6042.375000
6064.675000
6086.950000
6109.250000
6131.600000
6154.500000
6177.450000
6200.675000
6224.200000
6247.875000
6271.600000
6295.225000
6319.050000
6342.650000
6367.300000
6392.000000
6416.650000
6441.175000
6466.200000
6491.250000
6517.100000
6542.475000
6568.625000
6595.075000
6621.550000
6648.025000
6674.825000
6702.075000
6729.775000
6757.675000
6785.675000
6814.475000
6843.350000
6872.875000
6902.575000
6932.775000
6963.500000
6995.150000
7027.325000
7060.425000
7094.575000
7129.800000
7166.375000
7204.825000
7245.725000
7291.075000
7348.100000
