1.000000
12.000000
407.400000
484.050000
550.225000
608.150000
659.925000
707.800000
752.650000
795.700000
837.000000
877.375000
916.675000
955.075000
992.725000
1029.975000
1066.550000
1102.400000
1137.575000
1172.875000
1207.700000
1241.700000
1275.200000
1308.350000
1341.550000
1374.525000
1407.150000
1439.400000
1470.975000
1502.625000
1534.450000
1565.100000
1595.975000
1626.275000
1656.950000
1686.250000
1716.625000
1746.100000
1775.100000
1804.300000
1833.425000
1862.500000
1891.300000
1919.375000
1947.250000
1975.050000
2002.775000
2030.425000
2058.075000
2085.725000
2113.225000
2140.525000
2167.950000
2194.350000
2220.550000
2247.050000
2273.600000
2298.750000
2324.900000
2351.300000
2376.250000
2401.975000
2427.525000
2452.675000
2477.800000
2502.650000
2526.675000
2552.025000
2576.400000
2601.425000
2625.100000
2650.000000
2674.750000
2698.625000
2723.675000
2747.325000
2772.225000
2796.975000
2820.850000
2845.900000
2869.550000
2894.475000
2919.225000
2943.100000
2968.125000
2991.800000
3016.950000
3041.575000
3065.425000
3090.475000
3114.000000
3139.050000
3163.700000
3187.575000
3212.650000
3236.200000
3261.225000
3285.900000
3309.775000
3334.850000
3358.400000
3383.425000
3408.100000
3432.000000
3457.075000
3480.625000
3505.675000
3530.350000
3554.300000
3579.400000
3603.000000
3628.325000
3652.750000
3676.675000
3701.750000
3726.175000
3751.375000
3775.025000
3799.500000
3824.775000
3848.625000
3873.675000
3897.325000
3922.250000
3947.000000
3970.850000
3995.900000
4019.550000
4044.500000
4069.225000
4093.100000
4118.125000
4141.825000
4166.975000
4191.575000
4215.425000
4240.500000
4264.000000
4289.075000
4313.700000
4337.600000
4362.650000
4386.200000
4411.225000
4435.900000
4459.800000
4484.850000
4508.400000
4533.425000
4558.100000
4582.000000
4607.075000
4630.650000
4655.675000
4680.375000
4704.300000
4729.400000
4753.000000
4778.450000
4802.775000
4826.800000
4852.300000
4876.400000
4901.450000
4925.100000
4950.050000
4974.775000
4998.625000
5023.675000
5047.325000
5072.250000
5096.975000
5120.925000
5146.100000
5170.800000
5196.075000
5220.875000
5246.850000
5272.325000
5297.300000
5323.675000
5348.775000
5374.950000
5401.475000
5427.825000
5454.100000
5480.475000
5507.875000
5535.050000
5562.550000
5590.225000
5617.975000
5645.750000
5673.600000
5701.500000
5730.125000
5758.200000
5786.200000
5815.125000
5844.275000
5873.600000
5902.650000
5931.975000
5962.375000
5991.750000
6022.250000
6052.600000
6083.350000
6113.825000
6145.650000
6176.450000
6208.175000
6240.400000
6273.050000
6305.650000
6338.600000
6371.825000
6405.475000
6439.375000
6473.725000
6508.125000
6542.950000
6578.750000
6613.975000
6650.450000
6687.025000
6724.425000
6762.325000
6800.450000
6839.125000
6878.725000
6918.750000
6959.400000
7001.025000
7043.000000
7085.975000
7130.150000
7175.250000
7221.775000
7269.675000
7319.325000
7370.900000
7425.025000
7482.300000
7543.800000
7610.900000
7678.850000
7748.600000
7820.100000
7893.125000
7967.425000
8042.650000
8118.475000
8194.700000
8271.200000
8348.000000
8425.050000
8502.350000
8579.900000
8657.675000
8735.675000
8813.850000
8892.275000
8970.925000
9049.825000
9129.075000
9208.700000
9288.675000
9368.900000
9449.175000
9529.525000
9609.850000
9690.200000
9770.550000
9850.925000
9931.300000
10011.675000
10092.075000
10172.425000
10252.775000
10333.125000
10413.500000
10493.875000
10574.275000
10654.650000
10735.050000
10815.375000
10895.750000
10976.100000
11056.500000
11136.875000
11217.275000
11297.650000
11378.000000
11458.350000
11538.700000
11619.100000
11699.450000
11779.875000
11860.250000
11940.625000
12020.975000
12101.350000
12181.700000
12262.075000
12342.475000
12422.850000
12503.225000
12583.600000
12663.950000
12744.300000
12824.675000
12905.050000
12985.450000
13065.825000
13146.225000
13226.550000
13306.950000
13387.275000
13467.675000
13548.050000
13628.450000
13708.825000
13789.175000
13869.550000
13949.875000
14030.275000
14110.625000
14191.050000
14271.400000
14351.800000
14432.150000
14512.525000
14592.875000
14673.275000
14753.625000
14834.025000
14914.400000
14994.775000
15075.125000
15155.500000
15235.850000
15316.225000
15396.625000
15476.975000
15557.400000
15637.750000
15718.125000
15798.475000
15878.850000
15959.225000
16039.600000
16120.000000
16200.375000
16280.725000
16361.075000
16441.450000
16521.800000
16602.200000
16682.575000
16762.975000
16843.350000
16923.725000
17004.075000
17084.450000
17164.800000
17245.200000
17325.575000
17405.975000
17486.325000
17566.675000
17647.050000
17727.375000
17807.800000
17888.150000
17968.575000
18048.925000
18129.325000
18209.650000
18290.025001
18370.400001
18450.800001
18531.175001
18611.550001
18691.925001
18772.275001
18852.625001
18933.000001
19013.400001
19093.775001
19174.175001
19254.550001
19334.925001
19415.250001
19495.650001
19576.000001
19656.400001
19736.775001
19817.175001
19897.525001
19977.875001
20058.250001
20138.575001
20219.000001
20299.350001
20379.775001
20460.125001
20540.525001
20620.850001
20701.225001
20781.600001
20861.975001
20942.375001
21022.750001
21103.125001
21183.475001
21263.825001
21344.200001
21424.575001
21504.950001
21585.375001
21665.725001
21746.125001
21826.450001
21906.825001
21987.175001
22067.575001
22147.950001
22228.350001
22308.725001
22389.050001
22469.425001
22549.775001
22630.175001
22710.525001
22790.950001
22871.300001
22951.700001
23032.050001
23112.425001
23192.775001
23273.175001
23353.550001
23433.925001
23514.300001
23594.675001
23675.025001
23755.375001
23835.750001
23916.125001
23996.525001
24076.875001
24157.300001
24237.625001
24318.025001
24398.350001
24478.750001
24559.125001
24639.500001
24719.900001
24800.250001
24880.625001
24960.950001
25041.350001
25121.700001
25202.100001
25282.475001
25362.875001
25443.225001
25523.600001
25603.950001
25684.350001
25764.700001
25845.100001
25925.475001
26005.850001
26086.200001
26166.550001
26246.925001
26327.275001
26407.700001
26488.050001
26568.475001
26648.825001
26729.200001
26809.550001
26889.925001
26970.300001
27050.700001
27131.075001
27211.450001
27291.800001
27372.150001
27452.525001
27532.875001
27613.275001
27693.675001
27774.075001
27854.425001
27934.800001
28015.125001
28095.525001
28175.875001
28256.300001
28336.675001
28417.050001
28497.425001
28577.750001
28658.125001
28738.475001
28818.900001
28899.250001
28979.675001
29060.025001
29140.400001
29220.750001
29301.125001
29381.500001
29461.875001
29542.275001
29622.650001
29703.000001
29783.350001
29863.725001
29944.075001
30024.475001
30104.850001
30185.275001
30265.600001
30346.000001
30426.325001
30506.725001
30587.075001
30667.475001
30747.850001
30828.225001
30908.600001
30988.950001
31069.325001
31149.650001
31230.075001
31310.425001
31390.850001
31471.200001
31551.575001
31631.925001
31712.300001
31792.675001
31873.075001
31953.450001
32033.825001
32114.175001
32194.550001
32274.900001
32355.275001
32435.650001
32516.025001
32596.425001
32676.775001
32757.175001
32837.525001
32917.900001
32998.250001
33078.650001
33159.025001
33239.400001
33319.800001
33400.125001
33480.500001
33560.850001
33641.250001
33721.600001
33802.000001
33882.375001
33962.775001
34043.125001
34123.500001
34203.850001
34284.225001
34364.600001
34445.000001
34525.375001
34605.725001
34686.100001
34766.450001
34846.825001
34927.175001
35007.600001
35087.950001
35168.375001
35248.700001
35329.075001
35409.425001
35489.800001
35570.200001
35650.575001
35730.975001
35811.325001
35891.700001
35972.025001
36052.400001
36132.775001
36213.200001
36293.575001
36373.950001
36454.300000
36534.675000
36615.025000
36695.425000
36775.775000
36856.200000
36936.550000
37016.925000
37097.300000
37177.625000
37258.025000
37338.375000
37418.800000
37499.150000
37579.575000
37659.900000
37740.275000
37820.625000
37901.000000
37981.375000
38061.775000
38142.175000
38222.525000
38302.875000
38383.225000
38463.600000
38543.975000
38624.375000
38704.750000
38785.150000
38865.500000
38945.875000
39026.200000
39106.600000
39186.975000
39267.375000
39347.750000
39428.125000
39508.475000
39588.825000
39669.200000
39749.550000
39829.975000
39910.350000
39990.750000
40071.100000
40151.450000
40231.825000
40312.200000
40392.575000
40472.975000
40553.350000
40633.725000
40714.074999
40794.424999
40874.799999
40955.149999
41035.549999
41115.924999
41196.324999
41276.674999
41357.074999
41437.399999
41517.799999
41598.149999
41678.549999
41758.924999
41839.299999
41919.674999
41999.999999
42080.399999
42160.749999
42241.149999
42321.499999
42401.899999
42482.274999
42562.649999
42642.999999
42723.374999
42803.749999
42884.124999
42964.499999
43044.899999
43125.249999
43205.624999
43285.974999
43366.324999
43446.724999
43527.074999
43607.499999
43687.849999
43768.249999
43848.574999
43928.974999
44009.324999
44089.699999
44170.099999
44250.474999
44330.849999
44411.199999
44491.574999
44571.924999
44652.299999
44732.674999
44813.099999
44893.449999
44973.849999
45054.174998
45134.574998
45214.899998
45295.324998
45375.674998
45456.074998
45536.449998
45616.799998
45697.174998
45777.499998
45857.899998
45938.274998
46018.699998
46099.049998
46179.449998
46259.774998
46340.149998
46420.524998
46500.899998
46581.299998
46661.674998
46742.049998
46822.424998
46902.774998
46983.124998
47063.499998
47143.874998
47224.274998
47304.649998
47385.049998
47465.374998
47545.774998
47626.099998
47706.499998
47786.874998
47867.274998
47947.649998
48027.999998
48108.374998
48188.699998
48269.099998
48349.449998
48429.874998
48510.249998
48590.624998
48670.974998
48751.349998
48831.699998
48912.074998
48992.474998
49072.874998
49153.249998
49233.599998
49313.949997
49394.299997
49474.674997
49555.049997
49635.474997
49715.824997
49796.224997
49876.549997
49956.949997
50037.299997
50117.699997
50198.049997
50278.449997
50358.824997
50439.174997
50519.549997
50599.899997
50680.274997
50760.624997
50841.049997
50921.424997
51001.799997
51082.174997
51162.524997
51242.899997
51323.274997
51403.649997
51484.024997
51564.399997
51644.774997
51725.149997
51805.499997
51885.874997
51966.224997
52046.624997
52126.974997
52207.399997
52287.749997
52368.124997
52448.474997
52528.849997
52609.224997
52689.599997
52769.999997
52850.374997
52930.749997
53011.074997
53091.449997
53171.799997
53252.199997
53332.574997
53412.999997
53493.349997
53573.724997
53654.074996
53734.449996
53814.799996
53895.199996
53975.574996
54055.974996
54136.324996
54216.674996
54297.049996
54377.399996
54457.799996
54538.174996
54618.599996
54698.924996
54779.324996
54859.674996
54940.049996
55020.399996
55100.799996
55181.199996
55261.574996
55341.949996
55422.274996
55502.649996
55582.999996
55663.399996
55743.774996
55824.174996
55904.549996
55984.924996
56065.249996
56145.649996
56225.999996
56306.399996
56386.774996
56467.174996
56547.549996
56627.874996
56708.249996
56788.599996
56868.999996
56949.349996
57029.774996
57110.149996
57190.524996
57270.849996
57351.224996
57431.599996
57511.974996
57592.374996
57672.774996
57753.124996
57833.474996
57913.824995
57994.199995
58074.574995
58154.949995
58235.374995
58315.724995
58396.124995
58476.449995
58556.849995
58637.174995
58717.574995
58797.949995
58878.349995
58958.724995
59039.074995
59119.449995
59199.774995
59280.174995
59360.524995
59440.949995
59521.324995
59601.699995
59682.049995
59762.424995
59842.774995
59923.174995
60003.549995
60083.949995
60164.299995
60244.674995
60325.024995
60405.374995
60485.749995
60566.124995
60646.524995
60726.899995
60807.299995
60887.624995
60968.024995
61048.374995
61128.749995
61209.124995
61289.499995
61369.899995
61450.249995
61530.624995
61610.974995
61691.349995
61771.699995
61852.099995
61932.474995
62012.874995
62093.224995
62173.599994
62253.949994
62334.349994
62414.699994
62495.099994
62575.474994
62655.849994
62736.199994
62816.549994
62896.949994
62977.274994
63057.699994
63138.074994
63218.474994
63298.824994
63379.199994
63459.549994
63539.924994
63620.299994
63700.699994
63781.074994
63861.449994
63941.824994
64022.149994
64102.524994
64182.899994
64263.299994
64343.674994
64424.074994
64504.424994
64584.799994
64665.149994
64745.524994
64825.899994
64906.299994
64986.674994
65067.049994
65147.424994
65227.749994
65308.124994
65388.474994
65468.899994
65549.249994
65629.674994
65710.024994
65790.399994
65870.749994
65951.124994
66031.499994
66111.874994
66192.274994
66272.649994
66352.999994
66433.349994
66513.724993
66594.074993
66674.474993
66754.849993
66835.274993
66915.624993
66995.999993
67076.324993
67156.724993
67237.074993
67317.474993
67397.849993
67478.249993
67558.599993
67638.949993
67719.324993
67799.674993
67880.074993
67960.449993
68040.849993
68121.199993
68201.574993
68281.924993
68362.299993
68442.674993
68523.074993
68603.449993
68683.824993
68764.199993
68844.549993
68924.899993
69005.274993
69085.649993
69166.024993
69246.449993
69326.774993
69407.199993
69487.524993
69567.899993
69648.249993
69728.649993
69809.024993
69889.399993
69969.799993
70050.124993
70130.499993
70210.849993
70291.249993
70371.599993
70452.024993
70532.374993
70612.774993
70693.124993
70773.499992
70853.849992
70934.249992
71014.599992
71094.999992
71175.374992
71255.749992
71336.099992
71416.449992
71496.824992
71577.174992
71657.599992
71737.974992
71818.374992
71898.699992
71979.099992
72059.449992
72139.824992
72220.199992
72300.599992
72380.974992
72461.324992
72541.699992
72622.049992
72702.399992
72782.774992
72863.199992
72943.574992
73023.949992
73104.299992
73184.699992
73265.024992
73345.424992
73425.799992
73506.199992
73586.574992
73666.949992
73747.299992
73827.624992
73908.024992
73988.374992
74068.799992
74149.149992
74229.574992
74309.899992
74390.274992
74470.624992
74550.999992
74631.399992
74711.774992
74792.174992
74872.549992
74952.899992
75033.249992
75113.599991
75193.974991
75274.374991
75354.749991
75435.174991
75515.499991
75595.874991
75676.224991
75756.624991
75836.974991
75917.374991
75997.749991
76078.124991
76158.499991
76238.824991
76319.199991
76399.549991
76479.974991
76560.349991
76640.749991
76721.099991
76801.474991
76881.824991
76962.199991
77042.574991
77122.974991
77203.349991
77283.724991
77364.074991
77444.424991
77524.799991
77605.149991
77685.549991
77765.924991
77846.349991
77926.674991
78007.074991
78087.399991
78167.799991
78248.149991
78328.549991
78408.924991
78489.299991
78569.674991
78650.024991
78730.399991
78810.749991
78891.149991
78971.524991
79051.924991
79132.274991
79212.649991
79292.999991
79373.374990
79453.749990
79534.149990
79614.499990
79694.899990
79775.274990
79855.624990
79935.974990
80016.324990
80096.724990
80177.074990
80257.524990
80337.849990
80418.249990
80498.599990
80578.974990
80659.324990
80739.724990
80820.099990
80900.474990
80980.874990
81061.199990
81141.574990
81221.924990
81302.299990
81382.674990
81463.099990
81543.474990
81623.849990
81704.199990
81784.574990
81864.924990
81945.324990
82025.699990
82106.099990
82186.449990
82266.824990
82347.174990
82427.524990
82507.924990
82588.274990
82668.699990
82749.049990
82829.449990
82909.799990
82990.174990
83070.524990
83150.899990
83231.299990
83311.674990
83392.074990
83472.424990
83552.774990
83633.124990
83713.499989
83793.874989
83874.274989
83954.649989
84035.049989
84115.374989
84195.774989
84276.099989
84356.499989
84436.874989
84517.274989
84597.649989
84677.999989
84758.374989
84838.699989
84919.099989
84999.449989
