1.000000
7.000000
367.325000
446.075000
514.100000
574.925000
630.075000
680.325000
727.075000
771.600000
814.075000
855.450000
895.725000
935.025000
973.575000
1011.250000
1048.325000
1085.075000
1120.825000
1156.775000
1191.600000
1226.175000
1260.550000
1294.675000
1328.600000
1362.150000
1395.250000
1427.800000
1459.675000
1491.550000
1523.450000
1554.325000
1585.700000
1616.675000
1647.025000
1677.175000
1707.825000
1737.425000
1767.700000
1796.925000
1825.775000
1855.250000
1884.400000
1912.750000
1941.350000
1969.275000
1997.075000
2024.800000
2052.475000
2080.150000
2107.475000
2134.825000
2161.900000
2188.700000
2214.200000
2241.425000
2267.975000
2293.100000
2319.250000
2345.475000
2370.400000
2396.100000
2420.875000
2446.225000
2470.850000
2495.975000
2519.850000
2545.700000
2569.425000
2593.150000
2618.125000
2641.750000
2666.325000
2691.325000
2714.825000
2740.275000
2763.850000
2787.675000
2812.650000
2836.150000
2860.725000
2885.700000
2909.500000
2934.675000
2958.275000
2982.100000
3007.075000
3030.575000
3055.375000
3080.150000
3104.100000
3129.175000
3152.750000
3176.500000
3201.450000
3225.050000
3248.850000
3273.750000
3297.325000
3321.875000
3346.750000
3370.775000
3395.800000
3419.425000
3443.200000
3468.150000
3491.775000
3516.525000
3541.275000
3564.775000
3590.300000
3613.850000
3637.700000
3662.650000
3686.150000
3710.825000
3735.675000
3759.475000
3784.675000
3808.275000
3832.100000
3857.075000
3880.600000
3905.400000
3930.150000
3954.100000
3979.175000
4002.750000
4026.500000
4051.450000
4075.050000
4098.850000
4123.750000
4147.325000
4171.875000
4196.750000
4220.775000
4245.800000
4269.425000
4293.200000
4318.150000
4341.775000
4366.525000
4391.275000
4414.775000
4440.300000
4463.850000
4487.700000
4512.650000
4536.150000
4560.825000
4585.675000
4609.475000
4634.675000
4658.275000
4682.100000
4707.075000
4730.600000
4755.400000
4780.150000
4804.100000
4829.175000
4852.750000
4876.500000
4901.450000
4925.050000
4948.850000
4973.750000
4997.325000
5021.875000
5046.750000
5070.775000
5095.800000
5119.475000
5144.400000
5169.275000
5193.325000
5219.175000
5244.150000
5269.375000
5295.650000
5320.600000
5346.825000
5373.425000
5398.625000
5424.900000
5451.475000
5478.075000
5504.450000
5530.800000
5558.200000
5585.775000
5613.500000
5641.400000
5669.200000
5697.075000
5724.950000
5752.875000
5781.475000
5810.450000
5840.225000
5869.225000
5898.425000
5928.725000
5958.200000
5988.500000
6019.125000
6049.750000
6080.400000
6112.025000
6143.050000
6174.800000
6206.975000
6239.025000
6271.200000
6304.150000
6337.225000
6370.625000
6404.325000
6438.700000
6473.475000
6508.150000
6543.375000
6579.550000
6615.650000
6652.525000
6690.075000
6727.725000
6766.125000
6805.275000
6845.075000
6885.550000
6926.425000
6968.375000
7011.025000
7054.700000
7099.600000
7145.725000
7192.950000
7241.875000
7292.725000
7345.900000
7401.850000
7461.425000
7525.975000
7598.525000
7672.600000
7748.275000
7825.175000
7902.950000
7981.525000
8060.775000
8140.700000
8221.275000
8302.500000
8384.150000
8466.075000
8548.175000
8630.475000
8712.875000
8795.475000
8878.275000
8961.375000
9044.950000
9129.175000
9213.850000
9298.825000
9384.175000
9469.900000
9556.100000
9642.850000
9729.950000
9817.200000
9904.525000
9991.875000
10079.275000
10166.650000
10254.025000
10341.450000
10428.875000
10516.300000
10603.725000
10691.200000
10778.650000
10866.075000
10953.550000
11041.025000
11128.500000
11215.925000
11303.375000
11390.875000
11478.325000
11565.750000
11653.175000
11740.650000
11828.075000
11915.475000
12002.900000
12090.325000
12177.725000
12265.150000
12352.575000
12440.025000
12527.450000
12614.875000
12702.350000
12789.800000
12877.250000
12964.700000
13052.175000
13139.650000
13227.075000
13314.525000
13402.025000
13489.475000
13576.900000
13664.350000
13751.800000
13839.225000
13926.625000
14014.050000
14101.500000
14188.900000
14276.300000
14363.750000
14451.200000
14538.600000
14626.025000
14713.500000
14800.975000
14888.400000
14975.850000
15063.325000
15150.800000
15238.250000
15325.700000
15413.200000
15500.675000
15588.100000
15675.575000
15763.050000
15850.500000
15937.925000
16025.375000
16112.850000
16200.250000
16287.675000
16375.100000
16462.550000
16549.950000
16637.375000
16724.800000
16812.250000
16899.675000
16987.125000
17074.575000
17162.050000
17249.475000
17336.950000
17424.425000
17511.900000
17599.350000
17686.800000
17774.300000
17861.750000
17949.200000
18036.650000
18124.150000
18211.600000
18299.025001
18386.450001
18473.925001
18561.325001
18648.750001
18736.175001
18823.625001
18911.050001
18998.450001
19085.900001
19173.375001
19260.800001
19348.225001
19435.700001
19523.175001
19610.625001
19698.075001
19785.575001
19873.050001
19960.500001
20047.975001
20135.475001
20222.950001
20310.400001
20397.875001
20485.375001
20572.850001
20660.300001
20747.750001
20835.250001
20922.700001
21010.125001
21097.575001
21185.050001
21272.475001
21359.900001
21447.325001
21534.775001
21622.200001
21709.625001
21797.075001
21884.525001
21971.950001
22059.400001
22146.875001
22234.350001
22321.775001
22409.250001
22496.725001
22584.200001
22671.650001
22759.125001
22846.625001
22934.100001
23021.550001
23109.025001
23196.525001
23284.000001
23371.450001
23458.925001
23546.425001
23633.900001
23721.325001
23808.800001
23896.275001
23983.725001
24071.150001
24158.600001
24246.050001
24333.475001
24420.900001
24508.325001
24595.800001
24683.225001
24770.650001
24858.125001
24945.575001
25033.025001
25120.475001
25207.950001
25295.425001
25382.875001
25470.350001
25557.850001
25645.325001
25732.800001
25820.275001
25907.775001
25995.275001
26082.725001
26170.200001
26257.700001
26345.200001
26432.650001
26520.150001
26607.650001
26695.125001
26782.600001
26870.075001
26957.575001
27045.050001
27132.525001
27219.975001
27307.475001
27394.950001
27482.400001
27569.850001
27657.350001
27744.800001
27832.225001
27919.675001
28007.125001
28094.550001
28181.975001
28269.425001
28356.900001
28444.325001
28531.750001
28619.225001
28706.700001
28794.125001
28881.575001
28969.075001
29056.550001
29144.000001
29231.450001
29318.950001
29406.450001
29493.900001
29581.375001
29668.875001
29756.375001
29843.825001
29931.300001
30018.800001
30106.300001
30193.750001
30281.225001
30368.750001
30456.225001
30543.675001
30631.150001
30718.650001
30806.125001
30893.575001
30981.050001
31068.525001
31156.000001
31243.425001
31330.875001
31418.350001
31505.775001
31593.200001
31680.650001
31768.100001
31855.525001
31942.950001
32030.425001
32117.875001
32205.325001
32292.750001
32380.225001
32467.700001
32555.150001
32642.625001
32730.100001
32817.600001
32905.050001
32992.525001
33080.025001
33167.500001
33254.975001
33342.450001
33429.950001
33517.450001
33604.900001
33692.375001
33779.875001
33867.375001
33954.825001
34042.300001
34129.800001
34217.275001
34304.725001
34392.200001
34479.700001
34567.150001
34654.600001
34742.050001
34829.525001
34916.950001
35004.375001
35091.800001
35179.275001
35266.675001
35354.100001
35441.550001
35529.000001
35616.425001
35703.850001
35791.325001
35878.800001
35966.225001
36053.675001
36141.175001
36228.625001
36316.075001
36403.550000
36491.025000
36578.500000
36665.950000
36753.400000
36840.900000
36928.350000
37015.775000
37103.225000
37190.700000
37278.125000
37365.525000
37452.950000
37540.400000
37627.800000
37715.200000
37802.650000
37890.100000
37977.500000
38064.925000
38152.400000
38239.850000
38327.275000
38414.725000
38502.225000
38589.675000
38677.125000
38764.575000
38852.050000
38939.525000
39026.950000
39114.400000
39201.850000
39289.300000
39376.700000
39464.125000
39551.575000
39638.975000
39726.375000
39813.800000
39901.250000
39988.675000
40076.100000
40163.550000
40251.000000
40338.425000
40425.900000
40513.375000
40600.850000
40688.275000
40775.749999
40863.224999
40950.699999
41038.149999
41125.599999
41213.099999
41300.549999
41387.974999
41475.424999
41562.899999
41650.324999
41737.724999
41825.174999
41912.624999
42000.024999
42087.424999
42174.874999
42262.324999
42349.749999
42437.174999
42524.624999
42612.099999
42699.524999
42786.974999
42874.474999
42961.924999
43049.374999
43136.824999
43224.324999
43311.799999
43399.224999
43486.699999
43574.174999
43661.624999
43749.074999
43836.524999
43923.974999
44011.399999
44098.824999
44186.249999
44273.699999
44361.099999
44448.524999
44535.974999
44623.424999
44710.849999
44798.274999
44885.749999
44973.224999
45060.649998
45148.124998
45235.599998
45323.074998
45410.524998
45497.999998
45585.499998
45672.974998
45760.424998
45847.899998
45935.399998
46022.874998
46110.324998
46197.774998
46285.274998
46372.749998
46460.174998
46547.624998
46635.099998
46722.549998
46809.949998
46897.399998
46984.849998
47072.274998
47159.674998
47247.124998
47334.599998
47421.999998
47509.449998
47596.899998
47684.374998
47771.824998
47859.274998
47946.749998
48034.224998
48121.674998
48209.149998
48296.649998
48384.124998
48471.574998
48559.049998
48646.549998
48734.024998
48821.474998
48908.949998
48996.449998
49083.924998
49171.374998
49258.824998
49346.324997
49433.774997
49521.199997
49608.649997
49696.099997
49783.524997
49870.949997
49958.399997
50045.849997
50133.274997
50220.699997
50308.149997
50395.624997
50483.049997
50570.499997
50657.974997
50745.449997
50832.899997
50920.374997
51007.874997
51095.349997
51182.799997
51270.274997
51357.799997
51445.274997
51532.749997
51620.224997
51707.724997
51795.224997
51882.674997
51970.149997
52057.674997
52145.149997
52232.599997
52320.099997
52407.599997
52495.074997
52582.524997
52669.999997
52757.499997
52844.974997
52932.424997
53019.899997
53107.374997
53194.824997
53282.274997
53369.724997
53457.199997
53544.624997
53632.049996
53719.499996
53806.949996
53894.374996
53981.799996
54069.274996
54156.749996
54244.174996
54331.624996
54419.099996
54506.574996
54594.024996
54681.474996
54768.974996
54856.474996
54943.924996
55031.399996
55118.899996
55206.374996
55293.849996
55381.324996
55468.824996
55556.324996
55643.774996
55731.249996
55818.749996
55906.249996
55993.699996
56081.174996
56168.674996
56256.149996
56343.599996
56431.074996
56518.574996
56606.024996
56693.474996
56780.924996
56868.399996
56955.849996
57043.249996
57130.699996
57218.174996
57305.599996
57393.024996
57480.474996
57567.924996
57655.349996
57742.799996
57830.274996
57917.749995
58005.174995
58092.649995
58180.124995
58267.624995
58355.074995
58442.549995
58530.049995
58617.524995
58704.974995
58792.474995
58879.974995
58967.449995
59054.924995
59142.399995
59229.899995
59317.374995
59404.849995
59492.324995
59579.824995
59667.299995
59754.749995
59842.224995
59929.724995
60017.199995
60104.624995
60192.099995
60279.574995
60366.999995
60454.424995
60541.874995
60629.324995
60716.749995
60804.174995
60891.599995
60979.074995
61066.474995
61153.924995
61241.374995
61328.824995
61416.274995
61503.724995
61591.199995
61678.674995
61766.099995
61853.574995
61941.049995
62028.524995
62115.974995
62203.449994
62290.924994
62378.399994
62465.824994
62553.274994
62640.749994
62728.199994
62815.599994
62903.024994
62990.474994
63077.874994
63165.274994
63252.724994
63340.149994
63427.574994
63514.999994
63602.449994
63689.899994
63777.324994
63864.774994
63952.249994
64039.724994
64127.149994
64214.599994
64302.099994
64389.549994
64476.999994
64564.449994
64651.899994
64739.349994
64826.774994
64914.199994
65001.649994
65089.049994
65176.449994
65263.874994
65351.324994
65438.724994
65526.149994
65613.599994
65701.049994
65788.474994
65875.924994
65963.399994
66050.874994
66138.324994
66225.774994
66313.274994
66400.724994
66488.174993
66575.649993
66663.124993
66750.599993
66838.024993
66925.474993
67012.949993
67100.399993
67187.799993
67275.224993
67362.674993
67450.099993
67537.499993
67624.949993
67712.399993
67799.799993
67887.224993
67974.674993
68062.149993
68149.574993
68237.024993
68324.499993
68411.974993
68499.399993
68586.874993
68674.349993
68761.824993
68849.274993
68936.724993
69024.224993
69111.674993
69199.124993
69286.574993
69374.024993
69461.474993
69548.874993
69636.324993
69723.774993
69811.174993
69898.574993
69986.024993
70073.474993
70160.899993
70248.324993
70335.799993
70423.249993
70510.699993
70598.149993
70685.624993
70773.099992
70860.549992
70948.024992
71035.524992
71122.999992
71210.449992
71297.924992
71385.424992
71472.899992
71560.349992
71647.824992
71735.299992
71822.774992
71910.224992
71997.674992
72085.149992
72172.599992
72260.024992
72347.449992
72434.924992
72522.324992
72609.749992
72697.199992
72784.649992
72872.074992
72959.499992
73046.949992
73134.424992
73221.849992
73309.299992
73396.774992
73484.274992
73571.699992
73659.174992
73746.674992
73834.149992
73921.599992
74009.074992
74096.574992
74184.049992
74271.499992
74358.974992
74446.474992
74533.949992
74621.399992
74708.849992
74796.349992
74883.799992
74971.249992
75058.699991
75146.174991
75233.599991
75321.024991
75408.449991
75495.924991
75583.324991
75670.749991
75758.199991
75845.674991
75933.099991
76020.549991
76108.024991
76195.499991
76282.924991
76370.399991
76457.899991
76545.374991
76632.824991
76720.299991
76807.799991
76895.299991
76982.749991
77070.224991
77157.749991
77245.224991
77332.699991
77420.174991
77507.674991
77595.174991
77682.624991
77770.099991
77857.599991
77945.099991
78032.549991
78120.024991
78207.524991
78294.999991
78382.449991
78469.924991
78557.424991
78644.874991
78732.324991
78819.774991
78907.249991
78994.674991
79082.099991
79169.549991
79256.999991
79344.424991
79431.849990
79519.324990
79606.774990
79694.224990
79781.649990
79869.124990
79956.599990
80044.049990
80131.499990
80218.999990
80306.499990
80393.949990
80481.424990
80568.924990
80656.399990
80743.849990
80831.324990
80918.849990
81006.324990
81093.774990
81181.274990
81268.774990
81356.249990
81443.724990
81531.199990
81618.699990
81706.174990
81793.624990
81881.099990
81968.599990
82056.074990
82143.499990
82230.974990
82318.449990
82405.899990
82493.324990
82580.749990
82668.224990
82755.649990
82843.074990
82930.524990
83017.974990
83105.399990
83192.849990
83280.299990
83367.774990
83455.224990
83542.674990
83630.149990
83717.649989
83805.099989
83892.549989
83980.049989
84067.549989
84154.999989
84242.474989
84329.974989
84417.474989
84504.924989
84592.399989
84679.924989
84767.399989
84854.849989
84942.324989
