30.000000
2.000000
697.750000
741.075000
780.475000
818.900000
856.125000
891.550000
926.250000
960.800000
995.175000
1028.975000
1062.200000
1095.125000
1127.325000
1158.250000
1190.025000
1220.525000
1251.450000
1281.450000
1312.100000
1341.325000
1370.475000
1399.900000
1429.100000
1457.750000
1485.725000
1513.500000
1541.250000
1568.950000
1596.675000
1624.375000
1652.075000
1679.675000
1706.775000
1733.350000
1759.225000
1785.525000
1812.175000
1837.375000
1863.250000
1889.175000
1913.575000
1939.675000
1963.600000
1988.775000
2013.325000
2037.450000
2062.300000
2085.700000
2109.475000
2134.275000
2157.775000
2180.375000
2203.750000
2227.550000
2251.125000
2274.400000
2296.825000
2319.100000
2341.300000
2363.450000
2385.650000
2407.825000
2430.050000
2452.250000
2474.450000
2496.650000
2518.850000
2541.075000
2563.225000
2585.425000
2607.625000
2629.850000
2652.075000
2674.300000
2696.500000
2718.750000
2741.000000
2763.175000
2785.400000
2807.625000
2829.850000
2852.075000
2874.300000
2896.500000
2918.725000
2941.000000
2963.175000
2985.400000
3007.625000
3029.850000
3052.075000
3074.300000
3096.500000
3118.725000
3141.000000
3163.175000
3185.400000
3207.625000
3229.850000
3252.075000
3274.300000
3296.500000
3318.725000
3341.000000
3363.175000
3385.400000
3407.625000
3429.850000
3452.075000
3474.300000
3496.500000
3518.725000
3541.000000
3563.175000
3585.400000
3607.625000
3629.850000
3652.075000
3674.300000
3696.500000
3718.725000
3741.000000
3763.175000
3785.400000
3807.625000
3829.850000
3852.075000
3874.300000
3896.500000
3918.725000
3941.000000
3963.175000
3985.400000
4007.625000
4029.850000
4052.075000
4074.300000
4096.500000
4118.725000
4141.000000
4163.175000
4185.400000
4207.625000
4229.850000
4252.075000
4274.300000
4296.500000
4318.725000
4341.000000
4363.175000
4385.400000
4407.625000
4429.850000
4452.075000
4474.300000
4496.500000
4518.725000
4541.000000
4563.175000
4585.400000
4607.625000
4629.850000
4652.075000
4674.300000
4696.500000
4718.725000
4741.000000
4763.175000
4785.400000
4807.625000
4829.850000
4852.075000
4874.300000
4896.500000
4918.725000
4941.000000
4963.175000
4985.400000
5007.625000
5029.850000
5052.075000
5074.300000
5096.500000
5118.775000
5141.050000
5163.250000
5185.500000
5207.725000
5229.975000
5252.250000
5274.500000
5296.750000
5319.000000
5341.275000
5363.475000
5385.725000
5408.000000
5430.300000
5452.650000
5475.150000
5498.400000
5523.050000
5546.700000
5570.100000
5595.325000
5619.000000
5642.950000
5667.875000
5691.450000
5716.825000
5741.250000
5767.250000
5791.550000
5817.700000
5842.750000
5868.850000
5895.425000
5921.050000
5946.875000
5973.750000
6000.975000
6028.525000
6056.175000
6084.200000
6112.150000
6140.100000
6168.150000
6196.600000
6224.600000
6252.550000
6280.575000
6309.425000
6338.900000
6368.825000
6398.300000
6428.950000
6458.675000
6490.000000
6520.575000
6552.225000
6584.450000
6616.700000
6648.900000
6681.600000
6714.725000
6748.250000
6782.600000
6817.825000
6852.650000
6888.650000
6924.850000
6962.475000
7000.950000
7040.275000
7080.200000
7121.025000
7163.600000
7208.025000
7254.400000
7304.425000
