1.000000
33.000000
648.550000
712.975000
768.075000
816.600000
861.025000
902.675000
942.625000
980.925000
1018.625000
1055.375000
1091.350000
1126.350000
1161.225000
1195.800000
1230.000000
1263.650000
1297.000000
1330.200000
1363.200000
1395.900000
1428.400000
1460.375000
1492.100000
1523.925000
1555.400000
1586.050000
1617.650000
1647.775000
1679.125000
1708.475000
1738.925000
1769.050000
1798.475000
1828.675000
1858.050000
1886.675000
1916.425000
1945.700000
1974.375000
2002.750000
2030.625000
2058.475000
2086.225000
2113.950000
2141.725000
2169.375000
2197.050000
2224.700000
2252.125000
2279.925000
2307.225000
2334.675000
2361.125000
2387.275000
2413.750000
2440.425000
2466.775000
2492.075000
2519.050000
2545.650000
2570.675000
2596.775000
2622.975000
2648.475000
2674.675000
2700.475000
2725.875000
2752.475000
2778.775000
2804.000000
2830.225000
2855.825000
2880.675000
2907.150000
2932.200000
2958.200000
2984.650000
3009.475000
3035.775000
3061.375000
3086.225000
3112.700000
3137.775000
3163.775000
3190.225000
3215.100000
3241.425000
3267.675000
3292.775000
3319.025000
3344.950000
3370.500000
3396.850000
3422.725000
3448.225000
3474.650000
3500.550000
3526.125000
3552.400000
3578.475000
3604.100000
3630.275000
3655.900000
3680.725000
3707.275000
3733.025000
3758.300000
3784.775000
3809.750000
3835.875000
3861.775000
3887.250000
3913.575000
3939.175000
3964.025000
3990.525000
4015.675000
4041.650000
4068.050000
4093.050000
4119.200000
4145.325000
4170.650000
4196.850000
4222.650000
4247.725000
4274.525000
4300.925000
4326.200000
4352.425000
4378.400000
4404.075000
4430.275000
4455.875000
4480.700000
4507.200000
4532.500000
4558.300000
4584.775000
4609.750000
4635.875000
4661.925000
4687.250000
4713.575000
4739.175000
4764.000000
4790.525000
4815.625000
4841.625000
4868.050000
4893.025000
4919.200000
4945.200000
4970.675000
4996.875000
5022.650000
5047.750000
5074.575000
5100.800000
5126.350000
5152.625000
5179.250000
5205.300000
5230.675000
5258.025000
5284.825000
5311.475000
5338.200000
5365.275000
5391.875000
5419.350000
5446.975000
5474.675000
5502.475000
5530.325000
5558.150000
5585.975000
5613.825000
5641.800000
5670.300000
5698.750000
5727.925000
5757.075000
5785.950000
5815.000000
5844.625000
5874.475000
5904.125000
5934.600000
5963.925000
5994.550000
6024.875000
6055.625000
6086.050000
6117.850000
6148.550000
6180.275000
6212.350000
6244.075000
6276.125000
6308.250000
6341.300000
6374.275000
6407.800000
6441.400000
6474.875000
6508.425000
6542.775000
6577.350000
6612.500000
6647.275000
6682.950000
6719.000000
6755.350000
6791.750000
6829.100000
6866.525000
6904.250000
6942.650000
6981.575000
7020.875000
7061.000000
7101.675000
7142.950000
7185.200000
7228.325000
7272.250000
7317.350000
7363.550000
7411.150000
7460.425000
7512.000000
7566.325000
7623.475000
7682.325000
7743.325000
7806.700000
7872.625000
7941.825000
8015.025000
8093.350000
8178.100000
8274.225000
8525.150000
8613.050000
8846.275000
8934.875000
9163.450000
9252.150000
9479.900000
9568.700000
9796.750000
9885.525000
10113.375000
10202.050000
10429.550000
10518.275000
10746.100000
10834.850000
11062.575000
11151.225000
11378.650000
11467.375000
11695.250000
11784.050000
12011.875000
12100.550000
12328.150000
12416.800000
12644.575000
12733.325000
12961.000000
13049.700000
13277.275000
13365.975000
13593.825000
13682.625000
13910.425000
13999.175000
14226.900000
14315.550000
14543.300000
14632.075000
14859.700000
14948.450000
15176.125000
15264.800000
15492.575000
15581.350000
15809.025000
15897.850000
16125.700000
16214.400000
16442.175000
16530.925000
16758.525000
16847.300000
17075.075000
17163.750000
17391.475000
17480.175000
17707.700000
17796.550000
18024.525000
18113.200000
18341.050001
18429.750001
18657.325001
18746.125001
18974.025001
19062.700001
19290.475001
19379.100001
19606.550001
19695.350001
19923.350001
20012.000001
20239.875001
20328.500001
20556.050001
20644.825001
20872.800001
20961.500001
21189.400001
21278.000001
21505.500001
21594.250001
21822.175001
21910.875001
22138.725001
22227.325001
22454.850001
22543.650001
22771.675001
22860.450001
23088.425001
23177.075001
23404.650001
23493.400001
23721.325001
23810.100001
24038.000001
24126.650001
24354.175001
24442.900001
24670.750001
24759.550001
24987.350001
25076.025001
25303.550001
25392.300001
25620.275001
25709.100001
25937.025001
26025.725001
26253.350001
26342.075001
26569.975001
26658.775001
26886.625001
26975.350001
27202.925001
27291.625001
27519.425001
27608.225001
27835.950001
27924.650001
28152.300001
28240.975001
28468.900001
28557.700001
28785.525001
28874.275001
29102.050001
29190.700001
29418.575001
29507.350001
29735.075001
29823.775001
30051.500001
30140.100001
30367.875001
30456.600001
30684.225001
30773.000001
31000.875001
31089.500001
31317.375001
31406.100001
31633.775001
31722.525001
31950.375001
32038.975001
32266.725001
32355.425001
32582.925001
32671.725001
32899.675001
32988.325001
33216.150001
33304.850001
33532.450001
33621.275001
33849.175001
33937.875001
34165.650001
34254.325001
34481.775001
34570.600001
34798.450001
34887.150001
35114.900001
35203.575001
35431.050001
35519.900001
35747.800001
35836.550001
36064.350001
36153.000001
36380.400001
36469.200000
36697.025000
36785.775000
37013.525000
37102.200000
37329.675000
37418.425000
37646.275000
37735.050000
37962.800000
38051.425000
38278.875000
38367.575000
38595.425000
38684.200000
38912.000000
39000.675000
39228.250000
39316.925000
39544.725000
39633.475000
39861.175000
39949.850000
40177.400000
40266.075000
40493.925000
40582.725000
40810.499999
40899.249999
41126.974999
41215.649999
41443.424999
41532.224999
41759.849999
41848.599999
42076.274999
42164.949999
42392.674999
42481.449999
42709.099999
42797.924999
43025.774999
43114.474999
43342.274999
43431.024999
43658.649999
43747.449999
43975.224999
44063.899999
44291.599999
44380.324999
44607.824999
44696.674999
44924.599999
45013.299998
45241.099998
45329.824998
45557.424998
45646.224998
45874.124998
45962.824998
46190.599998
46279.249998
46506.724998
46595.499998
46823.424998
46912.099998
47139.924998
47228.549998
47456.099998
47544.874998
47772.874998
47861.574998
48089.474998
48178.099998
48405.624998
48494.374998
48722.274998
48810.974998
49038.799998
49127.399998
49354.924997
49443.699997
49671.749997
49760.499997
49988.474997
50077.099997
50304.674997
50393.449997
50621.399997
50710.174997
50938.099997
51026.749997
51254.274997
51343.024997
51570.899997
51659.674997
51887.474997
51976.149997
52203.649997
52292.399997
52520.374997
52609.199997
52837.099997
52925.799997
53153.399997
53242.124997
53470.049997
53558.874997
53786.749996
53875.474996
54103.074996
54191.774996
54419.599996
54508.399996
54736.149996
54824.849996
55052.449996
55141.124996
55368.999996
55457.824996
55685.624996
55774.374996
56002.124996
56090.799996
56318.674996
56407.474996
56635.249996
56723.974996
56951.724996
57040.349996
57268.124996
57356.849996
57584.474996
57673.199996
57900.999995
57989.624995
58217.474995
58306.224995
58533.924995
58622.674995
58850.549995
58939.199995
59166.974995
59255.674995
59483.199995
59571.974995
59799.799995
59888.449995
60116.249995
60204.949995
60432.524995
60521.349995
60749.299995
60837.999995
61065.824995
61154.499995
61381.999995
61470.824995
61698.649995
61787.349995
62015.074995
62103.749995
62331.174994
62420.024994
62647.974994
62736.749994
62964.574994
63053.274994
63280.724994
63369.524994
63597.349994
63686.099994
63913.824994
64002.474994
64229.874994
64318.674994
64546.599994
64635.399994
64863.249994
64951.924994
65179.399994
65268.124994
65495.924994
65584.674994
65812.374994
65901.024994
66128.499994
66217.199994
66445.074994
66533.874993
66761.674993
66850.349993
67077.924993
67166.574993
67394.299993
67483.074993
67710.774993
67799.474993
68027.149993
68115.849993
68343.674993
68432.474993
68660.224993
68748.974993
68976.649993
69065.299993
69293.024993
69381.799993
69609.374993
69698.174993
69925.924993
70014.624993
70242.424993
70331.224993
70558.899993
70647.699993
70875.524992
70964.199992
71191.949992
71280.674992
71508.199992
71596.999992
71824.799992
71913.474992
72141.249992
72229.949992
72457.549992
72546.374992
72774.324992
72863.024992
73090.849992
73179.549992
73407.074992
73495.849992
73723.724992
73812.374992
74040.149992
74128.774992
74356.274992
74445.074992
74673.124992
74761.799992
74989.724992
75078.349991
75305.924991
75394.674991
75622.599991
75711.299991
75939.149991
76027.749991
76255.224991
76343.999991
76571.974991
76660.699991
76888.599991
76977.224991
77204.774991
77293.549991
77521.549991
77610.324991
77838.299991
77926.949991
78154.524991
78243.274991
78471.174991
78559.924991
78787.774991
78876.424991
79103.924991
79192.674991
79420.574990
79509.349990
79737.199990
79825.874990
80053.449990
80142.199990
80370.149990
80458.974990
80686.899990
80775.599990
81003.249990
81091.949990
81319.799990
81408.599990
81636.374990
81725.074990
81952.674990
82041.349990
82269.174990
82357.949990
82585.724990
82674.449990
82902.174990
82990.849990
83218.749990
83307.574990
83535.374990
83624.124990
83851.874989
83940.524989
84168.324989
84257.074989
84484.724989
84573.424989
84801.174989
84889.774989
