20.000000
3.000000
500.650000
549.925000
594.050000
634.550000
672.600000
707.775000
741.025000
772.075000
801.100000
828.925000
856.075000
881.625000
906.500000
931.175000
954.975000
978.525000
1001.225000
1024.000000
1046.500000
1068.750000
1090.900000
1112.250000
1133.975000
1155.100000
1175.900000
1196.800000
1217.475000
1238.275000
1259.025000
1279.625000
1299.925000
1320.100000
1339.850000
1359.425000
1378.975000
1398.200000
1417.575000
1436.975000
1456.375000
1475.725000
1495.125000
1514.525000
1533.950000
1552.550000
1571.050000
1589.725000
1608.075000
1626.025000
1645.025000
1663.275000
1681.400000
1699.600000
1717.475000
1735.525000
1753.550000
1771.575000
1789.600000
1806.900000
1824.450000
1842.300000
1859.300000
1876.125000
1892.900000
1910.275000
1927.450000
1944.925000
1961.875000
1978.650000
1995.300000
2011.975000
2028.625000
2045.225000
2061.900000
2078.550000
2095.150000
2111.825000
2128.500000
2145.100000
2161.750000
2178.400000
2194.275000
2209.450000
2225.675000
2241.300000
2256.575000
2272.850000
2288.425000
2303.675000
2319.075000
2334.225000
2349.725000
2364.725000
2380.000000
2395.225000
2410.600000
2425.725000
2441.050000
2456.300000
2470.550000
2485.550000
2500.700000
2514.950000
2529.925000
2545.100000
2559.275000
2573.325000
2587.325000
2601.200000
2615.200000
2629.925000
2645.075000
2659.225000
2673.225000
2687.250000
2701.150000
2715.100000
2729.825000
2745.050000
2759.200000
2773.225000
2787.225000
2801.150000
2815.100000
2829.825000
2845.050000
2859.200000
2873.225000
2887.225000
2901.150000
2915.100000
2929.800000
2945.050000
2959.200000
2973.225000
2987.225000
3001.150000
3015.100000
3029.800000
3045.050000
3059.200000
3073.225000
3087.225000
3101.150000
3115.100000
3129.800000
3145.050000
3159.200000
3173.225000
3187.225000
3201.150000
3215.100000
3229.800000
3245.050000
3259.200000
3273.225000
3287.225000
3301.150000
3315.100000
3329.800000
3345.050000
3359.200000
3373.225000
3387.225000
3401.150000
3415.100000
3429.800000
3445.050000
3459.200000
3473.225000
3487.225000
3501.150000
3515.100000
3529.800000
3545.050000
3559.200000
3573.225000
3587.225000
3601.150000
3615.100000
3629.800000
3645.050000
3659.200000
3673.225000
3687.225000
3701.150000
3715.100000
3729.800000
3745.050000
3759.200000
3773.225000
3787.225000
3801.150000
3815.100000
3829.800000
3845.050000
3859.200000
3873.225000
3887.225000
3901.150000
3915.100000
3929.800000
3945.050000
3959.200000
3973.225000
3987.225000
4001.150000
4015.100000
4029.800000
4045.050000
4059.200000
4073.225000
4087.225000
4101.150000
4115.100000
4129.800000
4145.050000
4159.200000
4173.225000
4187.225000
4201.150000
4215.100000
4229.800000
4245.050000
4259.200000
4273.225000
4287.225000
4301.150000
4315.100000
4329.800000
4345.050000
4359.200000
4373.225000
4387.225000
4401.150000
4415.100000
4429.800000
4445.050000
4459.200000
4473.225000
4487.225000
4501.150000
4515.100000
4529.800000
4545.050000
4559.200000
4573.225000
4587.225000
4601.150000
4615.100000
4629.800000
4645.050000
4659.200000
4673.225000
4687.225000
4701.150000
4715.100000
4729.800000
4745.050000
4759.200000
4773.225000
4787.225000
4801.150000
4815.100000
4829.800000
4845.050000
4859.200000
4873.225000
4887.225000
4901.150000
4915.100000
4929.800000
4945.050000
4959.200000
4973.225000
4987.225000
5001.150000
5015.100000
5029.800000
5045.050000
5059.200000
5073.225000
5087.225000
5101.150000
5115.250000
5129.975000
5145.125000
5159.325000
5174.200000
5189.600000
5203.875000
5218.900000
5234.100000
5248.400000
5263.400000
5278.600000
5293.975000
5309.125000
5324.475000
5339.725000
5355.200000
5370.275000
5385.675000
5400.900000
5417.300000
5432.900000
5448.125000
5464.025000
5479.950000
5495.425000
5511.850000
5528.450000
5545.075000
5561.750000
5578.450000
5595.100000
5611.825000
5628.525000
5645.175000
5661.900000
5678.600000
5695.250000
5712.000000
5728.700000
5745.350000
5762.125000
5778.875000
5795.550000
5813.050000
5830.150000
5847.875000
5864.900000
5882.700000
5900.650000
5917.875000
5935.575000
5953.550000
5971.650000
5989.675000
6007.775000
6025.800000
6044.175000
6062.075000
6080.275000
6098.250000
6117.325000
6135.725000
6154.775000
6173.250000
6192.375000
6211.800000
6231.225000
6250.675000
6270.150000
6289.675000
6309.175000
6328.725000
6348.150000
6367.775000
6387.700000
6407.750000
6428.425000
6448.250000
6468.850000
6489.600000
6510.425000
6531.300000
6552.225000
6573.100000
6594.400000
6615.725000
6637.000000
6658.925000
6680.500000
6702.250000
6724.375000
6746.600000
6768.925000
6791.300000
6813.750000
6836.725000
6859.400000
6882.650000
6906.225000
6929.850000
6953.575000
6977.400000
7001.350000
7025.675000
7050.525000
7075.475000
7100.625000
7125.800000
7151.200000
7177.050000
7203.375000
7229.825000
7256.500000
7283.775000
7311.250000
7339.150000
7367.425000
7396.300000
7425.625000
7455.450000
7485.900000
7517.225000
7549.375000
7582.550000
7616.625000
7651.225000
7686.500000
7722.425000
7759.025000
7796.275000
7834.200000
7872.850000
7912.225000
7952.425000
7993.575000
8035.750000
8079.075000
8123.625000
8169.525000
8216.875000
8265.800000
8316.425000
8369.000000
8423.775000
8481.250000
8541.825000
8606.200000
8675.425000
8753.625000
8937.775000
8999.950000
9069.125000
9300.950000
9363.500000
9435.425000
9684.825000
9747.075000
9817.575000
10060.575000
10122.875000
10193.400000
10439.600000
10501.900000
10572.675000
10824.800000
10887.125000
10958.200000
11217.250000
11279.675000
11351.000000
11616.300000
11678.700000
11750.250000
12019.125000
12081.550000
12153.250000
12423.900000
12486.275000
12558.050000
12829.300000
12891.700000
12963.425000
13235.075000
13297.500000
13369.275000
13640.925000
13703.375000
13775.150000
14046.975000
14109.375000
14181.200000
14452.950000
14515.300000
14587.100000
14858.900000
14921.300000
14993.075000
15264.875000
15327.250000
15399.025000
15670.925000
15733.275000
15805.025000
16076.875000
16139.250000
16211.000000
16482.825000
16545.250000
16617.025000
16888.800000
16951.150000
17022.950000
17294.775000
17357.200000
17428.925000
17700.750000
17763.175000
17835.000000
18106.825000
18169.225000
18240.975001
18512.875001
18575.275001
18647.050001
18918.825001
18981.300001
19053.050001
19324.950001
19387.300001
19459.150001
19730.875001
19793.275001
19865.000001
20136.875001
20199.250001
20271.050001
20542.850001
20605.225001
20676.950001
20948.875001
21011.225001
21083.000001
21354.775001
21417.225001
21488.925001
21760.775001
21823.175001
21895.000001
22166.750001
22229.150001
22300.875001
22572.750001
22635.175001
22706.975001
22978.750001
23041.175001
23112.950001
23384.850001
23447.225001
23519.025001
23790.750001
23853.200001
23924.950001
24196.800001
24259.225001
24331.075001
24602.850001
24665.200001
24737.000001
25008.825001
25071.250001
25143.000001
25414.825001
25477.175001
25548.975001
25820.850001
25883.225001
25954.975001
26226.825001
26289.200001
26360.925001
26632.750001
26695.175001
26766.950001
27038.725001
27101.100001
27172.900001
27444.700001
27507.125001
27578.825001
27850.675001
27913.075001
27984.900001
28256.700001
28319.125001
28390.850001
28662.775001
28725.175001
28796.950001
29068.700001
29131.175001
29202.925001
29474.800001
29537.175001
29609.025001
29880.775001
29943.175001
30014.900001
30286.750001
30349.150001
30420.950001
30692.725001
30755.125001
30826.850001
31098.775001
31161.125001
31232.900001
31504.675001
31567.125001
31638.800001
31910.675001
31973.075001
32044.900001
32316.675001
32379.050001
32450.800001
32722.675001
32785.100001
32856.875001
33128.650001
33191.075001
33262.850001
33534.725001
33597.125001
33668.900001
33940.675001
34003.100001
34074.850001
34346.700001
34409.150001
34480.975001
34752.775001
34815.125001
34886.925001
35158.775001
35221.150001
35292.925001
35564.725001
35627.100001
35698.875001
35970.775001
36033.125001
36104.875001
36376.750001
36439.100000
36510.850000
36782.650000
36845.100000
36916.825000
37188.625000
37251.000000
37322.800000
37594.600000
37657.025000
37728.725000
38000.575000
38063.000000
38134.800000
38406.600000
38469.025000
38540.750000
38812.675000
38875.050000
38946.850000
39218.625000
39281.075000
39352.800000
39624.700000
39687.100000
39758.950000
40030.725000
40093.100000
40164.850000
40436.700000
40499.075000
40570.875000
40842.674999
40905.049999
40976.799999
41248.724999
41311.049999
41382.849999
41654.624999
41717.074999
41788.749999
42060.624999
42123.024999
42194.849999
42466.599999
42528.999999
42600.749999
42872.624999
42935.024999
43006.799999
43278.574999
43340.999999
43412.774999
43684.624999
43747.024999
43818.824999
44090.599999
44152.999999
44224.749999
44496.599999
44559.049999
44630.874999
44902.674999
44965.024999
45036.849998
45308.674998
45371.074998
45442.849998
45714.624998
45776.999998
45848.799998
46120.674998
46183.024998
46254.799998
46526.649998
46588.999998
46660.749998
46932.549998
46994.999998
47066.724998
47338.524998
47400.899998
47472.724998
47744.524998
47806.924998
47878.649998
48150.499998
48212.924998
48284.699998
48556.499998
48618.924998
48690.674998
48962.599998
49024.949998
49096.749998
49368.549997
49430.999997
49502.724997
49774.624997
49837.024997
49908.899997
50180.674997
50243.049997
50314.799997
50586.649997
50649.024997
50720.824997
50992.624997
51055.024997
51126.749997
51398.674997
51460.999997
51532.799997
51804.599997
51867.024997
51938.699997
52210.574997
52272.999997
52344.799997
52616.549997
52678.949997
52750.699997
53022.574997
53084.974997
53156.749997
53428.499997
53490.924997
53562.699997
53834.549996
53896.949996
53968.749996
54240.524996
54302.924996
54374.674996
54646.524996
54708.974996
54780.799996
55052.574996
55114.949996
55186.774996
55458.624996
55520.999996
55592.774996
55864.549996
55926.924996
55998.724996
56270.574996
56332.949996
56404.724996
56676.599996
56738.924996
56810.674996
57082.499996
57144.949996
57216.649996
57488.449996
57550.849996
57622.674996
57894.474995
57956.874995
58028.599995
58300.449995
58362.849995
58434.649995
58706.424995
58768.874995
58840.599995
59112.524995
59174.874995
59246.699995
59518.499995
59580.949995
59652.649995
59924.574995
59986.974995
60058.824995
60330.624995
60392.999995
60464.749995
60736.599995
60798.999995
60870.799995
61142.574995
61204.974995
61276.699995
61548.624995
61610.949995
61682.749995
61954.549995
62016.974995
62088.649995
62360.524994
62422.949994
62494.749994
62766.499994
62828.899994
62900.649994
63172.524994
63234.924994
63306.699994
63578.424994
63640.849994
63712.599994
63984.474994
64046.874994
64118.674994
64390.474994
64452.849994
64524.599994
64796.449994
64858.924994
64930.724994
65202.499994
65264.899994
65336.724994
65608.574994
65670.949994
65742.724994
66014.499994
66076.874994
66148.649994
66420.524994
66482.899993
66554.674993
66826.549993
66888.874993
66960.624993
67232.449993
67294.899993
67366.599993
67638.424993
67700.824993
67772.624993
68044.424993
68106.824993
68178.549993
68450.424993
68512.824993
68584.599993
68856.374993
68918.824993
68990.549993
69262.449993
69324.824993
69396.624993
69668.424993
69730.899993
69802.599993
70074.499993
70136.924993
70208.774993
70480.549993
70542.949993
70614.699993
70886.574992
70948.949992
71020.749992
71292.524992
71354.924992
71426.674992
71698.574992
71760.899992
71832.699992
72104.524992
72166.924992
72238.599992
72510.474992
72572.899992
72644.699992
72916.424992
72978.824992
73050.574992
73322.449992
73384.849992
73456.624992
73728.349992
73790.774992
73862.524992
74134.374992
74196.774992
74268.599992
74540.399992
74602.774992
74674.524992
74946.399992
75008.874992
75080.649991
75352.449991
75414.849991
75486.674991
75758.524991
75820.899991
75892.674991
76164.474991
76226.849991
76298.624991
76570.474991
76632.849991
76704.624991
76976.499991
77038.824991
77110.599991
77382.424991
77444.849991
77516.574991
77788.374991
77850.774991
77922.599991
78194.374991
78256.774991
78328.499991
78600.374991
78662.774991
78734.549991
79006.324991
79068.774991
79140.499991
79412.399990
79474.774990
79546.574990
79818.399990
79880.824990
79952.524990
80224.449990
80286.874990
80358.724990
80630.499990
80692.899990
80764.649990
81036.524990
81098.899990
81170.699990
81442.449990
81504.874990
81576.599990
81848.524990
81910.849990
81982.649990
82254.474990
82316.849990
82388.549990
82660.399990
82722.824990
82794.624990
83066.374990
83128.774990
83200.524990
83472.399990
83534.774990
83606.549990
83878.274989
83940.699989
84012.449989
84284.299989
84346.724989
84418.524989
84690.324989
84752.699989
84824.474989
