300.000000
0.000000
1004.325000
1051.500000
1096.575000
1139.875000
1180.300000
1219.825000
1258.075000
1296.575000
1334.375000
1370.350000
1406.725000
1441.300000
1475.650000
1509.400000
1542.600000
1575.150000
1607.725000
1640.875000
1673.200000
1704.875000
1735.575000
1767.375000
1797.000000
1827.450000
1857.600000
1886.950000
1917.200000
1946.525000
1974.625000
2002.450000
2030.125000
2057.800000
2085.500000
2113.225000
2141.000000
2168.725000
2196.425000
2223.775000
2250.875000
2277.525000
2302.700000
2329.700000
2356.400000
2381.625000
2407.575000
2433.975000
2458.075000
2484.200000
2507.975000
2533.625000
2557.725000
2582.850000
2607.575000
2631.675000
2656.650000
2680.075000
2705.150000
2729.825000
2753.975000
2778.925000
2802.325000
2827.375000
2852.050000
2876.075000
2901.025000
2924.550000
2949.575000
2974.275000
2998.275000
3023.250000
3046.775000
3071.800000
3096.500000
3120.500000
3145.475000
3169.000000
3194.050000
3218.725000
3242.750000
3267.725000
3291.225000
3316.325000
3340.950000
3365.050000
3390.000000
3413.400000
3438.450000
3463.125000
3487.225000
3512.200000
3535.625000
3560.675000
3585.350000
3609.450000
3634.425000
3657.850000
3682.900000
3707.575000
3731.700000
3756.675000
3780.075000
3805.150000
3829.825000
3853.975000
3878.925000
3902.325000
3927.375000
3952.050000
3976.075000
4001.025000
4024.550000
4049.575000
4074.275000
4098.275000
4123.250000
4146.775000
4171.800000
4196.500000
4220.500000
4245.475000
4269.000000
4294.050000
4318.725000
4342.750000
4367.725000
4391.225000
4416.325000
4440.950000
4465.050000
4490.000000
4513.400000
4538.450000
4563.125000
4587.225000
4612.200000
4635.625000
4660.675000
4685.350000
4709.450000
4734.425000
4757.850000
4782.900000
4807.575000
4831.700000
4856.675000
4880.075000
4905.150000
4929.825000
4953.975000
4978.925000
5002.325000
5027.375000
5052.050000
5076.075000
5101.025000
5124.600000
5150.025000
5174.400000
5200.600000
5224.725000
5250.900000
5275.925000
5302.050000
5328.725000
5354.900000
5380.175000
5407.500000
5434.450000
5461.875000
5489.600000
5517.475000
5545.350000
5573.225000
5601.175000
5629.725000
5657.700000
5685.600000
5713.525000
5742.275000
5771.800000
5801.875000
5830.850000
5861.175000
5891.100000
5921.975000
5952.275000
5984.250000
6015.825000
6047.000000
6079.825000
6113.125000
6146.575000
6180.000000
6213.500000
6247.900000
6283.525000
6318.975000
6356.150000
6392.800000
6430.200000
6468.975000
6508.125000
6548.500000
6591.175000
6635.600000
6681.475000
6730.550000
6786.650000
