10.000000
15.000000
380.825000
458.325000
525.850000
586.000000
640.100000
688.875000
734.300000
776.825000
817.900000
857.225000
895.600000
932.775000
969.250000
1005.125000
1040.375000
1074.825000
1108.575000
1142.450000
1175.850000
1208.500000
1241.400000
1273.625000
1305.525000
1336.750000
1368.550000
1399.775000
1430.375000
1460.975000
1491.350000
1520.875000
1551.200000
1580.400000
1609.550000
1638.750000
1667.950000
1696.475000
1724.925000
1752.825000
1780.600000
1808.300000
1835.975000
1863.625000
1891.300000
1918.350000
1945.800000
1972.350000
1998.575000
2024.950000
2051.475000
2077.450000
2102.925000
2129.400000
2154.725000
2180.475000
2206.475000
2230.775000
2256.950000
2280.725000
2306.725000
2330.550000
2355.500000
2380.225000
2404.125000
2429.100000
2452.675000
2476.125000
2500.050000
2523.775000
2547.175000
2569.700000
2593.125000
2616.875000
2640.475000
2663.775000
2686.200000
2709.475000
2733.050000
2757.025000
2780.375000
2802.900000
2826.200000
2848.875000
2873.525000
2896.725000
2919.550000
2942.950000
2966.250000
2990.375000
3013.700000
3036.175000
3058.800000
3082.825000
3107.050000
3130.425000
3152.925000
3176.300000
3198.975000
3223.600000
3246.950000
3269.525000
3292.925000
3315.900000
3340.375000
3363.700000
3386.175000
3408.900000
3433.225000
3457.025000
3480.375000
3502.900000
3526.225000
3548.900000
3573.525000
3596.775000
3619.525000
3642.950000
3666.125000
3690.375000
3713.725000
3736.175000
3758.950000
3783.275000
3807.050000
3830.400000
3852.900000
3876.250000
3898.900000
3923.550000
3946.800000
3969.525000
3992.950000
4016.050000
4040.400000
4063.725000
4086.175000
4109.000000
4133.300000
4157.050000
4180.400000
4202.900000
4226.250000
4248.925000
4273.550000
4296.825000
4319.525000
4342.925000
4365.975000
4390.375000
4413.725000
4436.175000
4458.975000
4483.300000
4507.050000
4530.400000
4552.900000
4576.250000
4598.925000
4623.550000
4646.825000
4669.525000
4692.925000
4715.975000
4740.375000
4763.725000
4786.175000
4809.000000
4833.300000
4857.050000
4880.400000
4902.900000
4926.250000
4948.925000
4973.550000
4996.825000
5019.525000
5042.925000
5065.975000
5090.375000
5113.750000
5136.275000
5159.925000
5184.775000
5208.250000
5231.950000
5256.950000
5280.550000
5305.275000
5330.275000
5354.375000
5380.075000
5404.825000
5430.425000
5455.800000
5480.625000
5507.000000
5532.025000
5558.150000
5584.700000
5610.050000
5636.150000
5663.350000
5690.375000
5717.775000
5744.475000
5771.000000
5798.425000
5825.625000
5853.700000
5881.675000
5909.625000
5937.575000
5966.350000
5995.550000
6024.375000
6053.200000
6083.000000
6112.675000
6142.000000
6172.300000
6202.525000
6233.050000
6263.675000
6294.775000
6325.900000
6357.850000
6390.075000
6422.000000
6454.175000
6486.425000
6519.450000
6552.700000
6586.100000
6620.150000
6654.825000
6690.100000
6724.950000
6760.725000
6796.900000
6833.425000
6870.450000
6908.100000
6946.400000
6985.425000
7024.875000
7065.000000
7106.125000
7148.025000
7191.075000
7235.050000
7280.200000
7326.625000
7374.825000
7424.900000
7477.325000
7532.700000
7591.875000
7652.200000
7713.575000
7776.000000
7839.375000
7903.750000
7969.150000
8035.750000
8103.550000
8172.350000
8241.800000
8311.750000
8382.025000
8452.575000
8523.400000
8594.475000
8665.750000
8737.275000
8809.050000
8881.100000
8953.375000
9025.975000
9098.775000
9171.700000
9244.750000
9317.850000
9390.950000
9464.025000
9537.125000
9610.225000
9683.325000
9756.475000
9829.650000
9902.750000
9975.875000
10048.975000
10122.100000
10195.250000
10268.425000
10341.550000
10414.650000
10487.775000
10560.900000
10634.050000
10707.225000
10780.350000
10853.475000
10926.575000
10999.700000
11072.850000
11146.000000
11219.150000
11292.300000
11365.400000
11438.525000
11511.650000
11584.825000
11657.975000
11731.100000
11804.225000
11877.350000
11950.500000
12023.650000
12096.775000
12169.925000
12243.050000
12316.175000
12389.300000
12462.450000
12535.600000
12608.725000
12681.850000
12755.000000
12828.125000
12901.275000
12974.425000
13047.550000
13120.675000
13193.800000
13266.950000
13340.100000
13413.225000
13486.375000
13559.475000
13632.600000
13705.750000
13778.900000
13852.050000
13925.175000
13998.300000
14071.425000
14144.550000
14217.725000
14290.875000
14364.000000
14437.100000
14510.225000
14583.375000
14656.525000
14729.700000
14802.825000
14875.925000
14949.050000
15022.175000
15095.325000
15168.500000
15241.650000
15314.750000
15387.875000
15461.000000
15534.150000
15607.325000
15680.450000
15753.575000
15826.700000
15899.800000
15972.950000
16046.125000
16119.250000
16192.400000
16265.500000
16338.625000
16411.775000
16484.925000
16558.075000
16631.200000
16704.325000
16777.450000
16850.600000
16923.750000
16996.875000
17070.025000
17143.150000
17216.275000
17289.400000
17362.550000
17435.700000
17508.825000
17581.950000
17655.075000
17728.225000
17801.375000
17874.525000
17947.650000
18020.775000
18093.900000
18167.050000
18240.200001
18313.350001
18386.475001
18459.575001
18532.700001
18605.875001
18679.025001
18752.150001
18825.300001
18898.400001
18971.525001
19044.675001
19117.825001
19190.975001
19264.100001
19337.225001
19410.325001
19483.475001
19556.625001
19629.800001
19702.925001
19776.025001
19849.150001
19922.275001
19995.450001
20068.600001
20141.750001
20214.850001
20287.975001
20361.100001
20434.250001
20507.425001
20580.550001
20653.675001
20726.800001
20799.925001
20873.075001
20946.225001
21019.375001
21092.500001
21165.625001
21238.725001
21311.875001
21385.050001
21458.175001
21531.300001
21604.425001
21677.550001
21750.700001
21823.850001
21896.975001
21970.125001
22043.250001
22116.375001
22189.500001
22262.675001
22335.800001
22408.925001
22482.050001
22555.175001
22628.325001
22701.475001
22774.625001
22847.750001
22920.875001
22994.000001
23067.150001
23140.300001
23213.450001
23286.575001
23359.675001
23432.800001
23505.975001
23579.125001
23652.275001
23725.400001
23798.500001
23871.625001
23944.775001
24017.950001
24091.075001
24164.200001
24237.325001
24310.450001
24383.575001
24456.750001
24529.900001
24603.025001
24676.125001
24749.250001
24822.400001
24895.550001
24968.700001
25041.850001
25114.950001
25188.075001
25261.200001
25334.350001
25407.525001
25480.650001
25553.775001
25626.900001
25700.025001
25773.175001
25846.325001
25919.475001
25992.600001
26065.725001
26138.825001
26211.975001
26285.150001
26358.275001
26431.400001
26504.550001
26577.650001
26650.800001
26723.950001
26797.100001
26870.225001
26943.350001
27016.475001
27089.625001
27162.775001
27235.900001
27309.025001
27382.150001
27455.275001
27528.425001
27601.575001
27674.725001
27747.850001
27820.975001
27894.100001
27967.250001
28040.400001
28113.525001
28186.650001
28259.775001
28332.900001
28406.075001
28479.225001
28552.350001
28625.500001
28698.600001
28771.725001
28844.875001
28918.050001
28991.200001
29064.300001
29137.425001
29210.550001
29283.700001
29356.850001
29430.000001
29503.125001
29576.250001
29649.350001
29722.500001
29795.650001
29868.800001
29941.950001
30015.050001
30088.175001
30161.300001
30234.450001
30307.625001
30380.750001
30453.875001
30527.000001
30600.125001
30673.275001
30746.425001
30819.575001
30892.700001
30965.825001
31038.950001
31112.075001
31185.250001
31258.375001
31331.500001
31404.650001
31477.750001
31550.900001
31624.050001
31697.200001
31770.325001
31843.450001
31916.575001
31989.725001
32062.875001
32136.000001
32209.125001
32282.275001
32355.400001
32428.550001
32501.700001
32574.825001
32647.950001
32721.075001
32794.200001
32867.350001
32940.500001
33013.625001
33086.750001
33159.875001
33233.000001
33306.150001
33379.325001
33452.450001
33525.575001
33598.700001
33671.825001
33744.975001
33818.150001
33891.275001
33964.400001
34037.525001
34110.650001
34183.800001
34256.950001
34330.100001
34403.225001
34476.350001
34549.450001
34622.600001
34695.750001
34768.925001
34842.050001
34915.175001
34988.275001
35061.425001
35134.575001
35207.725001
35280.875001
35353.975001
35427.100001
35500.225001
35573.375001
35646.525001
35719.675001
35792.800001
35865.925001
35939.050001
36012.200001
36085.350001
36158.475001
36231.600001
36304.725001
36377.875001
36451.000000
36524.150000
36597.300000
36670.425000
36743.550000
36816.675000
36889.825000
36962.975000
37036.100000
37109.225000
37182.375000
37255.500000
37328.650000
37401.800000
37474.925000
37548.050000
37621.175000
37694.300000
37767.475000
37840.625000
37913.750000
37986.875000
38060.000000
38133.100000
38206.275000
38279.450000
38352.550000
38425.675000
38498.800000
38571.925000
38645.075000
38718.250000
38791.375000
38864.500000
38937.625000
39010.725000
39083.875000
39157.050000
39230.200000
39303.325000
39376.450000
39449.550000
39522.700000
39595.875000
39669.000000
39742.150000
39815.275000
39888.375000
39961.525000
40034.675000
40107.825000
40180.975000
40254.100000
40327.200000
40400.350000
40473.500000
40546.650000
40619.775000
40692.900000
40766.024999
40839.149999
40912.299999
40985.449999
41058.574999
41131.699999
41204.849999
41277.974999
41351.124999
41424.274999
41497.399999
41570.524999
41643.649999
41716.799999
41789.924999
41863.074999
41936.224999
42009.324999
42082.474999
42155.599999
42228.749999
42301.899999
42375.024999
42448.149999
42521.274999
42594.399999
42667.574999
42740.724999
42813.849999
42886.974999
42960.099999
43033.224999
43106.374999
43179.549999
43252.674999
43325.799999
43398.899999
43472.024999
43545.174999
43618.349999
43691.499999
43764.599999
43837.724999
43910.849999
43983.999999
44057.149999
44130.299999
44203.424999
44276.549999
44349.649999
44422.799999
44495.974999
44569.099999
44642.249999
44715.349999
44788.474999
44861.624999
44934.774999
45007.924998
45081.049998
45154.199998
45227.299998
45300.449998
45373.599998
45446.749998
45519.874998
45592.999998
45666.124998
45739.274998
45812.424998
45885.549998
45958.699998
46031.824998
46104.949998
46178.074998
46251.224998
46324.374998
46397.499998
46470.624998
46543.749998
46616.899998
46690.049998
46763.199998
46836.324998
46909.424998
46982.574998
47055.699998
47128.849998
47201.999998
47275.124998
47348.249998
47421.374998
47494.524998
47567.674998
47640.824998
47713.949998
47787.074998
47860.199998
47933.324998
48006.474998
48079.649998
48152.774998
48225.899998
48298.999998
48372.124998
48445.299998
48518.449998
48591.599998
48664.699998
48737.824998
48810.949998
48884.099998
48957.274998
49030.399998
49103.524998
49176.649998
49249.749998
49322.899997
49396.074997
49469.224997
49542.349997
49615.474997
49688.574997
49761.724997
49834.874997
49908.024997
49981.149997
50054.274997
50127.399997
50200.549997
50273.699997
50346.849997
50419.974997
50493.099997
50566.224997
50639.374997
50712.524997
50785.649997
50858.799997
50931.924997
51005.049997
51078.199997
51151.324997
51224.474997
51297.599997
51370.724997
51443.849997
51516.999997
51590.149997
51663.299997
51736.424997
51809.549997
51882.674997
51955.824997
52028.974997
52102.099997
52175.249997
52248.349997
52321.474997
52394.624997
52467.774997
52540.924997
52614.049997
52687.174997
52760.299997
52833.424997
52906.574997
52979.749997
53052.874997
53125.999997
53199.099997
53272.249997
53345.399997
53418.549997
53491.699997
53564.799997
53637.924996
53711.049996
53784.199996
53857.374996
53930.524996
54003.649996
54076.749996
54149.874996
54223.024996
54296.174996
54369.324996
54442.449996
54515.574996
54588.674996
54661.824996
54734.999996
54808.124996
54881.249996
54954.399996
55027.499996
55100.649996
55173.799996
55246.949996
55320.074996
55393.199996
55466.324996
55539.449996
55612.624996
55685.749996
55758.874996
55831.999996
55905.149996
55978.299996
56051.424996
56124.574996
56197.699996
56270.824996
56343.949996
56417.124996
56490.249996
56563.399996
56636.524996
56709.649996
56782.774996
56855.924996
56929.074996
57002.224996
57075.349996
57148.449996
57221.574996
57294.724996
57367.899996
57441.049996
57514.174996
57587.274996
57660.399996
57733.524996
57806.699996
57879.849995
57952.974995
58026.099995
58099.199995
58172.349995
58245.499995
58318.649995
58391.799995
58464.899995
58538.024995
58611.149995
58684.299995
58757.474995
58830.624995
58903.749995
58976.849995
59049.974995
59123.124995
59196.274995
59269.424995
59342.549995
59415.674995
59488.799995
59561.924995
59635.099995
59708.224995
59781.349995
59854.499995
59927.599995
60000.749995
60073.899995
60147.049995
60220.174995
60293.299995
60366.424995
60439.574995
60512.724995
60585.849995
60658.974995
60732.099995
60805.249995
60878.399995
60951.549995
61024.674995
61097.799995
61170.924995
61244.049995
61317.199995
61390.349995
61463.499995
61536.624995
61609.749995
61682.874995
61756.024995
61829.174995
61902.324995
61975.449995
62048.549995
62121.674995
62194.849994
62267.999994
62341.149994
62414.274994
62487.374994
62560.499994
62633.649994
62706.799994
62779.949994
62853.099994
62926.199994
62999.299994
63072.449994
63145.599994
63218.774994
63291.899994
63365.024994
63438.124994
63511.274994
63584.424994
63657.574994
63730.724994
63803.824994
63876.949994
63950.074994
64023.224994
64096.374994
64169.524994
64242.649994
64315.774994
64388.899994
64462.049994
64535.199994
64608.324994
64681.474994
64754.599994
64827.724994
64900.849994
64974.024994
65047.149994
65120.274994
65193.399994
65266.549994
65339.674994
65412.849994
65485.974994
65559.074994
65632.224994
65705.349994
65778.499994
65851.649994
65924.774994
65997.899994
66071.024994
66144.149994
66217.299994
66290.474994
66363.599994
66436.699994
66509.824993
66582.949993
66656.124993
66729.274993
66802.424993
66875.549993
66948.649993
67021.774993
67094.924993
67168.099993
67241.249993
67314.374993
67387.474993
67460.599993
67533.749993
67606.899993
67680.074993
67753.199993
67826.299993
67899.424993
67972.574993
68045.724993
68118.874993
68192.024993
68265.124993
68338.224993
68411.374993
68484.524993
68557.674993
68630.824993
68703.949993
68777.049993
68850.174993
68923.324993
68996.474993
69069.624993
69142.749993
69215.874993
69288.999993
69362.149993
69435.299993
69508.424993
69581.549993
69654.699993
69727.824993
69800.949993
69874.124993
69947.249993
70020.374993
70093.499993
70166.649993
70239.774993
70312.949993
70386.074993
70459.199993
70532.324993
70605.449993
70678.599993
70751.749993
70824.874992
70897.999992
70971.124992
71044.249992
71117.424992
71190.574992
71263.699992
71336.824992
71409.949992
71483.074992
71556.224992
71629.399992
71702.524992
71775.649992
71848.749992
71921.874992
71995.024992
72068.199992
72141.349992
72214.449992
72287.574992
72360.699992
72433.849992
72506.999992
72580.149992
72653.274992
72726.399992
72799.499992
72872.674992
72945.824992
73018.974992
73092.124992
73165.224992
73238.324992
73311.474992
73384.624992
73457.774992
73530.924992
73604.049992
73677.149992
73750.299992
73823.449992
73896.599992
73969.724992
74042.849992
74115.974992
74189.099992
74262.249992
74335.399992
74408.549992
74481.674992
74554.799992
74627.924992
74701.074992
74774.224992
74847.349992
74920.474992
74993.599992
75066.749991
75139.874991
75213.049991
75286.174991
75359.299991
75432.424991
75505.549991
75578.699991
75651.849991
75724.999991
75798.099991
75871.224991
75944.374991
76017.524991
76090.674991
76163.799991
76236.924991
76310.049991
76383.174991
76456.324991
76529.499991
76602.624991
76675.749991
76748.849991
76821.974991
76895.149991
76968.299991
77041.449991
77114.549991
77187.674991
77260.799991
77333.949991
77407.124991
77480.249991
77553.374991
77626.499991
77699.599991
77772.749991
77845.924991
77919.074991
77992.199991
78065.324991
78138.424991
78211.574991
78284.724991
78357.874991
78431.024991
78504.149991
78577.249991
78650.399991
78723.549991
78796.699991
78869.849991
78942.974991
79016.074991
79089.224991
79162.374991
79235.524991
79308.649991
79381.774990
79454.899990
79528.024990
79601.174990
79674.324990
79747.449990
79820.574990
79893.699990
79966.849990
80039.999990
80113.149990
80186.274990
80259.399990
80332.524990
80405.649990
80478.824990
80551.949990
80625.099990
80698.199990
80771.324990
80844.474990
80917.624990
80990.774990
81063.899990
81137.024990
81210.149990
81283.274990
81356.424990
81429.599990
81502.724990
81575.849990
81648.974990
81722.099990
81795.249990
81868.424990
81941.549990
82014.674990
82087.774990
82160.899990
82234.049990
82307.224990
82380.374990
82453.474990
82526.599990
82599.724990
82672.874990
82746.024990
82819.174990
82892.299990
82965.424990
83038.524990
83111.674990
83184.849990
83257.974990
83331.124990
83404.249990
83477.349990
83550.499990
83623.649990
83696.799989
83769.924989
83843.049989
83916.174989
83989.324989
84062.474989
84135.624989
84208.749989
84281.874989
84354.999989
84428.149989
84501.299989
84574.424989
84647.574989
84720.674989
84793.799989
84866.974989
84940.099989
