20.000000
9.000000
624.625000
673.050000
717.500000
759.000000
798.000000
834.925000
870.200000
903.750000
935.900000
967.325000
997.125000
1025.775000
1053.600000
1080.275000
1106.350000
1131.450000
1156.300000
1180.125000
1203.600000
1226.100000
1248.250000
1270.275000
1292.375000
1313.600000
1334.425000
1355.225000
1375.775000
1396.525000
1417.275000
1437.025000
1456.600000
1475.925000
1495.325000
1514.725000
1534.125000
1553.525000
1572.875000
1591.500000
1609.875000
1628.600000
1646.900000
1664.875000
1683.075000
1700.875000
1718.975000
1736.925000
1754.975000
1772.950000
1790.175000
1807.775000
1825.650000
1842.600000
1859.500000
1876.125000
1892.750000
1909.400000
1925.950000
1942.575000
1959.250000
1975.850000
1992.475000
2009.150000
2025.750000
2042.400000
2059.050000
2075.650000
2091.625000
2107.750000
2123.250000
2139.650000
2155.475000
2170.525000
2186.025000
2201.100000
2217.350000
2232.900000
2248.075000
2263.425000
2278.675000
2294.100000
2309.175000
2324.425000
2339.700000
2354.775000
2370.175000
2384.525000
2399.600000
2414.450000
2428.825000
2442.850000
2457.700000
2472.900000
2487.050000
2501.000000
2514.975000
2528.875000
2542.675000
2556.575000
2570.400000
2584.300000
2598.125000
2612.050000
2625.900000
2639.825000
2653.725000
2667.575000
2681.500000
2695.350000
2709.275000
2723.125000
2737.050000
2750.900000
2764.825000
2778.725000
2792.575000
2806.500000
2820.350000
2834.275000
2848.125000
2862.050000
2875.900000
2889.825000
2903.725000
2917.575000
2931.500000
2945.350000
2959.275000
2973.125000
2987.050000
3000.900000
3014.825000
3028.725000
3042.575000
3056.500000
3070.350000
3084.275000
3098.125000
3112.050000
3125.900000
3139.825000
3153.725000
3167.575000
3181.500000
3195.350000
3209.275000
3223.125000
3237.050000
3250.900000
3264.825000
3278.725000
3292.575000
3306.500000
3320.350000
3334.275000
3348.125000
3362.050000
3375.900000
3389.825000
3403.725000
3417.575000
3431.500000
3445.350000
3459.275000
3473.125000
3487.050000
3500.900000
3514.825000
3528.725000
3542.575000
3556.500000
3570.350000
3584.275000
3598.125000
3612.050000
3625.900000
3639.825000
3653.725000
3667.575000
3681.500000
3695.350000
3709.275000
3723.125000
3737.050000
3750.900000
3764.825000
3778.725000
3792.575000
3806.500000
3820.350000
3834.275000
3848.125000
3862.050000
3875.900000
3889.825000
3903.725000
3917.575000
3931.500000
3945.350000
3959.275000
3973.125000
3987.050000
4000.900000
4014.825000
4028.725000
4042.575000
4056.500000
4070.350000
4084.275000
4098.125000
4112.050000
4125.900000
4139.825000
4153.725000
4167.575000
4181.500000
4195.350000
4209.275000
4223.125000
4237.050000
4250.900000
4264.825000
4278.725000
4292.575000
4306.500000
4320.350000
4334.275000
4348.125000
4362.050000
4375.900000
4389.825000
4403.725000
4417.575000
4431.500000
4445.350000
4459.275000
4473.125000
4487.050000
4500.900000
4514.825000
4528.725000
4542.575000
4556.500000
4570.350000
4584.275000
4598.125000
4612.050000
4625.900000
4639.825000
4653.725000
4667.575000
4681.500000
4695.350000
4709.275000
4723.125000
4737.050000
4750.900000
4764.825000
4778.725000
4792.575000
4806.500000
4820.350000
4834.275000
4848.125000
4862.050000
4875.900000
4889.825000
4903.725000
4917.575000
4931.500000
4945.350000
4959.275000
4973.125000
4987.050000
5000.900000
5014.825000
5028.725000
5042.575000
5056.500000
5070.350000
5084.275000
5098.125000
5112.050000
5125.925000
5139.875000
5153.800000
5167.675000
5181.625000
5195.500000
5209.500000
5223.400000
5237.525000
5252.300000
5267.400000
5281.625000
5295.850000
5310.850000
5325.775000
5340.175000
5355.250000
5370.250000
5385.525000
5400.800000
5416.300000
5431.425000
5446.775000
5462.025000
5477.650000
5492.625000
5508.025000
5523.225000
5539.600000
5555.325000
5570.500000
5586.850000
5602.625000
5618.825000
5634.500000
5650.800000
5667.425000
5684.100000
5700.750000
5717.450000
5734.175000
5750.825000
5767.525000
5784.250000
5800.925000
5817.625000
5834.425000
5851.100000
5867.875000
5885.450000
5902.825000
5920.250000
5937.475000
5955.200000
5973.000000
5991.075000
6009.125000
6027.300000
6045.275000
6063.425000
6081.500000
6100.575000
6118.975000
6137.200000
6156.300000
6175.025000
6194.000000
6213.175000
6232.550000
6252.125000
6271.700000
6291.175000
6310.750000
6330.225000
6350.600000
6370.325000
6390.750000
6411.250000
6431.475000
6452.200000
6473.000000
6493.975000
6514.800000
6535.800000
6556.875000
6578.550000
6600.625000
6622.850000
6645.150000
6667.450000
6689.825000
6712.250000
6735.350000
6758.750000
6781.825000
6805.325000
6828.925000
6853.425000
6878.250000
6903.375000
6928.600000
6953.875000
6979.900000
7006.375000
7033.125000
7060.500000
7088.425000
7117.325000
7146.750000
7177.150000
7208.700000
7241.325000
7275.650000
7311.975000
7351.050000
7395.150000
