10.000000
26.000000
496.200000
568.325000
630.125000
684.150000
732.500000
777.175000
819.125000
858.550000
896.850000
933.850000
969.550000
1004.650000
1039.175000
1073.325000
1106.825000
1139.975000
1172.425000
1204.475000
1236.125000
1268.075000
1299.100000
1330.400000
1361.250000
1391.675000
1422.200000
1452.450000
1482.050000
1512.350000
1541.575000
1570.700000
1599.950000
1629.200000
1657.950000
1686.100000
1714.050000
1742.425000
1770.650000
1798.400000
1826.025000
1853.300000
1880.625000
1908.150000
1935.575000
1962.725000
1990.075000
2016.550000
2042.700000
2069.275000
2095.825000
2121.025000
2147.150000
2173.550000
2198.525000
2224.425000
2250.025000
2274.975000
2300.300000
2325.025000
2350.150000
2374.900000
2398.850000
2423.850000
2447.600000
2473.025000
2497.175000
2520.875000
2545.775000
2569.350000
2592.500000
2617.425000
2641.575000
2664.150000
2688.600000
2712.725000
2736.100000
2759.650000
2783.625000
2808.000000
2830.725000
2854.625000
2879.350000
2902.800000
2926.325000
2950.300000
2974.550000
2997.475000
3021.125000
3045.900000
3069.400000
3092.950000
3117.150000
3141.500000
3164.075000
3187.825000
3212.600000
3236.050000
3258.900000
3283.600000
3308.000000
3330.725000
3354.650000
3379.400000
3402.800000
3426.350000
3450.500000
3474.800000
3497.550000
3521.325000
3546.000000
3569.475000
3593.075000
3617.925000
3641.550000
3664.075000
3687.800000
3712.600000
3736.025000
3758.850000
3783.525000
3807.900000
3830.725000
3854.675000
3879.400000
3902.800000
3926.375000
3950.625000
3974.850000
3997.750000
4022.325000
4046.175000
4069.550000
4093.175000
4118.025000
4141.600000
4164.125000
4188.425000
4212.800000
4236.125000
4259.750000
4284.200000
4308.175000
4330.825000
4355.500000
4379.500000
4402.825000
4426.400000
4451.075000
4474.825000
4497.525000
4521.150000
4545.925000
4569.425000
4592.975000
4617.275000
4641.550000
4664.100000
4688.050000
4712.725000
4736.100000
4759.675000
4783.675000
4808.050000
4830.725000
4854.675000
4879.400000
4902.825000
4926.375000
4950.750000
4974.875000
4997.825000
5022.400000
5046.375000
5069.650000
5093.325000
5118.175000
5141.725000
5165.500000
5190.475000
5213.975000
5238.975000
5263.700000
5287.725000
5313.375000
5337.800000
5363.625000
5388.800000
5413.800000
5439.800000
5464.925000
5491.400000
5517.825000
5543.025000
5569.300000
5595.850000
5621.975000
5648.250000
5674.950000
5702.000000
5729.450000
5756.950000
5784.550000
5812.125000
5840.075000
5867.975000
5895.850000
5923.800000
5952.300000
5980.500000
6008.525000
6037.425000
6066.625000
6095.850000
6124.900000
6154.225000
6184.475000
6213.825000
6244.150000
6274.625000
6305.300000
6335.925000
6367.275000
6398.400000
6430.150000
6462.250000
6494.100000
6526.200000
6558.375000
6591.450000
6624.600000
6658.025000
6691.625000
6725.450000
6759.775000
6794.575000
6829.800000
6865.175000
6901.225000
6937.300000
6974.075000
7011.300000
7048.750000
7087.000000
7125.850000
7165.225000
7205.375000
7246.175000
7287.700000
7330.300000
7373.925000
7418.775000
7465.000000
7512.950000
7563.050000
7615.300000
7668.550000
7723.250000
7779.350000
7836.850000
7895.700000
7955.575000
8016.275000
8077.600000
8139.375000
8201.475000
8263.800000
8326.300000
8388.975000
8451.825000
8514.825000
8577.975000
8641.300000
8704.750000
8768.425000
8832.250000
8896.325000
8960.700000
9025.375000
9090.525000
9156.125000
9222.175000
9288.650000
9355.475000
9422.600000
9490.000000
9557.600000
9625.325000
9693.150000
9761.100000
9829.175000
9897.325000
9965.525000
10033.875000
10102.325000
10170.825000
10239.425000
10308.150000
10376.925000
10445.900000
10514.975000
10584.300000
10653.825000
10723.650000
10793.750000
10864.175000
10934.825000
11005.600000
11076.475000
11147.450000
11218.500000
11289.600000
11360.725000
11431.875000
11503.050000
11574.300000
11645.625000
11716.925000
11788.250000
11859.650000
11931.100000
12002.625000
12074.225000
12145.950000
12217.750000
12289.675000
12361.800000
12434.200000
12506.950000
12580.150000
12653.750000
12727.650000
12801.750000
12875.925000
12950.175000
13024.450000
13098.725000
13173.025000
13247.350000
13321.625000
13396.000000
13470.325000
13544.650000
13619.000000
13693.325000
13767.700000
13842.075000
13916.400000
13990.775000
14065.125000
14139.475000
14213.875000
14288.225000
14362.650000
14437.000000
14511.400000
14585.800000
14660.200000
14734.625000
14809.050000
14883.475000
14957.925000
15032.350000
15106.825000
15181.275000
15255.750000
15330.225000
15404.700000
15479.200000
15553.675000
15628.175000
15702.675000
15777.175000
15851.725000
15926.225000
16000.800000
16075.350000
16149.900000
16224.500000
16299.075000
16373.725000
16448.325000
16523.000000
16597.675000
16672.375000
16747.100000
16821.825000
16896.650000
16971.475000
17046.375000
17121.275000
17196.300000
17271.300000
17346.450000
17421.675000
17497.025000
17572.425000
17648.000000
17723.800000
17799.725000
17875.900000
17952.375000
18029.175000
18106.275000
18183.625000
18261.100001
18338.650001
18416.225001
18493.850001
18571.475001
18649.075001
18726.675001
18804.300001
18881.925001
18959.525001
19037.125001
19114.750001
19192.425001
19270.075001
19347.725001
19425.350001
19502.950001
19580.600001
19658.250001
19735.875001
19813.525001
19891.175001
19968.875001
20046.550001
20124.200001
20201.875001
20279.525001
20357.200001
20434.825001
20512.450001
20590.075001
20667.750001
20745.400001
20823.050001
20900.675001
20978.325001
21055.975001
21133.600001
21211.175001
21288.775001
21366.400001
21444.025001
21521.625001
21599.250001
21676.875001
21754.500001
21832.100001
21909.725001
21987.325001
22064.925001
22142.575001
22220.225001
22297.875001
22375.500001
22453.150001
22530.775001
22608.400001
22686.025001
22763.675001
22841.325001
22919.000001
22996.650001
23074.325001
23151.975001
23229.675001
23307.350001
23385.000001
23462.625001
23540.250001
23617.900001
23695.550001
23773.200001
23850.825001
23928.475001
24006.150001
24083.775001
24161.375001
24238.975001
24316.600001
24394.200001
24471.825001
24549.425001
24627.050001
24704.700001
24782.325001
24859.925001
24937.500001
25015.100001
25092.750001
25170.375001
25248.025001
25325.650001
25403.300001
25480.950001
25558.575001
25636.200001
25713.825001
25791.475001
25869.125001
25946.775001
26024.450001
26102.100001
26179.800001
26257.475001
26335.150001
26412.775001
26490.425001
26568.075001
26645.700001
26723.350001
26800.975001
26878.625001
26956.300001
27033.950001
27111.575001
27189.175001
27266.800001
27344.400001
27422.000001
27499.600001
27577.225001
27654.875001
27732.500001
27810.125001
27887.725001
27965.325001
28042.925001
28120.550001
28198.175001
28275.800001
28353.450001
28431.125001
28508.750001
28586.375001
28664.000001
28741.625001
28819.275001
28896.925001
28974.575001
29052.225001
29129.925001
29207.600001
29285.275001
29362.925001
29440.575001
29518.225001
29595.875001
29673.500001
29751.125001
29828.775001
29906.450001
29984.100001
30061.725001
30139.350001
30217.000001
30294.625001
30372.225001
30449.800001
30527.400001
30605.050001
30682.675001
30760.300001
30837.925001
30915.525001
30993.150001
31070.750001
31148.350001
31225.975001
31303.625001
31381.275001
31458.925001
31536.550001
31614.175001
31691.800001
31769.450001
31847.075001
31924.725001
32002.350001
32080.050001
32157.725001
32235.400001
32313.075001
32390.725001
32468.400001
32546.050001
32623.675001
32701.300001
32778.950001
32856.600001
32934.250001
33011.875001
33089.525001
33167.175001
33244.825001
33322.425001
33400.025001
33477.600001
33555.225001
33632.850001
33710.475001
33788.100001
33865.725001
33943.350001
34020.950001
34098.550001
34176.150001
34253.775001
34331.425001
34409.075001
34486.700001
34564.350001
34641.975001
34719.625001
34797.250001
34874.875001
34952.500001
35030.175001
35107.850001
35185.525001
35263.200001
35340.850001
35418.550001
35496.200001
35573.825001
35651.475001
35729.100001
35806.750001
35884.400001
35962.025001
36039.675001
36117.350001
36195.000001
36272.625001
36350.225001
36427.825000
36505.450000
36583.050000
36660.675000
36738.275000
36815.900000
36893.550000
36971.150000
37048.750000
37126.350000
37203.975000
37281.600000
37359.225000
37436.850000
37514.500000
37592.150000
37669.800000
37747.425000
37825.050000
37902.675000
37980.325000
38057.975000
38135.650000
38213.300000
38290.975000
38368.675000
38446.325000
38524.000000
38601.625000
38679.275000
38756.925000
38834.550000
38912.200000
38989.825000
39067.500000
39145.150000
39222.800000
39300.425000
39378.025000
39455.650000
39533.250000
39610.850000
39688.450000
39766.075000
39843.725000
39921.350000
39998.950000
40076.550000
40154.175000
40231.800000
40309.400000
40387.025000
40464.650000
40542.325000
40619.975000
40697.600000
40775.224999
40852.849999
40930.499999
41008.149999
41085.774999
41163.424999
41241.099999
41318.799999
41396.474999
41474.124999
41551.774999
41629.449999
41707.099999
41784.724999
41862.349999
41939.974999
42017.649999
42095.299999
42172.949999
42250.599999
42328.224999
42405.849999
42483.474999
42561.049999
42638.649999
42716.274999
42793.899999
42871.524999
42949.149999
43026.749999
43104.374999
43181.974999
43259.599999
43337.199999
43414.824999
43492.474999
43570.124999
43647.774999
43725.399999
43803.024999
43880.674999
43958.299999
44035.924999
44113.574999
44191.224999
44268.924999
44346.574999
44424.249999
44501.899999
44579.599999
44657.249999
44734.899999
44812.524999
44890.149999
44967.799999
45045.449998
45123.099998
45200.749998
45278.374998
45356.049998
45433.674998
45511.249998
45588.849998
45666.474998
45744.074998
45821.699998
45899.324998
45976.949998
46054.574998
46132.199998
46209.799998
46287.399998
46364.999998
46442.624998
46520.274998
46597.924998
46675.574998
46753.199998
46830.849998
46908.474998
46986.099998
47063.724998
47141.374998
47219.049998
47296.699998
47374.374998
47452.024998
47529.724998
47607.399998
47685.049998
47762.674998
47840.299998
47917.974998
47995.599998
48073.249998
48150.874998
48228.524998
48306.199998
48383.849998
48461.449998
48539.049998
48616.674998
48694.274998
48771.874998
48849.499998
48927.099998
49004.749998
49082.399998
49159.999998
49237.599998
49315.174997
49392.824997
49470.449997
49548.074997
49625.724997
49703.349997
49781.024997
49858.649997
49936.274997
50013.874997
50091.524997
50169.174997
50246.824997
50324.499997
50402.149997
50479.849997
50557.524997
50635.199997
50712.849997
50790.474997
50868.124997
50945.774997
51023.399997
51101.049997
51178.674997
51256.349997
51333.999997
51411.624997
51489.249997
51566.874997
51644.474997
51722.074997
51799.674997
51877.274997
51954.924997
52032.574997
52110.199997
52187.799997
52265.399997
52343.024997
52420.624997
52498.249997
52575.874997
52653.524997
52731.174997
52808.824997
52886.449997
52964.049997
53041.699997
53119.349997
53196.974997
53274.624997
53352.274997
53429.974997
53507.649997
53585.324996
53662.999996
53740.649996
53818.299996
53895.949996
53973.574996
54051.199996
54128.849996
54206.499996
54284.149996
54361.799996
54439.424996
54517.074996
54594.699996
54672.299996
54749.874996
54827.474996
54905.124996
54982.749996
55060.374996
55137.999996
55215.599996
55293.224996
55370.824996
55448.424996
55526.049996
55603.674996
55681.324996
55758.974996
55836.599996
55914.249996
55991.874996
56069.524996
56147.149996
56224.774996
56302.424996
56380.099996
56457.774996
56535.449996
56613.124996
56690.774996
56768.449996
56846.099996
56923.724996
57001.374996
57078.999996
57156.649996
57234.299996
57311.949996
57389.574996
57467.249996
57544.874996
57622.499996
57700.099996
57777.699996
57855.324996
57932.924995
58010.549995
58088.174995
58165.799995
58243.424995
58321.024995
58398.624995
58476.224995
58553.849995
58631.499995
58709.124995
58786.774995
58864.399995
58942.049995
59019.699995
59097.324995
59174.949995
59252.574995
59330.224995
59407.899995
59485.574995
59563.224995
59640.899995
59718.599995
59796.249995
59873.899995
59951.524995
60029.174995
60106.824995
60184.449995
60262.099995
60339.724995
60417.399995
60495.049995
60572.699995
60650.299995
60727.899995
60805.524995
60883.124995
60960.724995
61038.349995
61115.974995
61193.624995
61271.224995
61348.824995
61426.424995
61504.049995
61581.674995
61659.299995
61736.924995
61814.549995
61892.224995
61969.874995
62047.499995
62125.124995
62202.724994
62280.399994
62358.049994
62435.699994
62513.349994
62591.024994
62668.724994
62746.374994
62824.049994
62901.674994
62979.324994
63056.974994
63134.624994
63212.249994
63289.874994
63367.549994
63445.199994
63522.849994
63600.499994
63678.099994
63755.724994
63833.324994
63910.924994
63988.524994
64066.149994
64143.799994
64221.424994
64299.024994
64376.624994
64454.249994
64531.874994
64609.474994
64687.099994
64764.724994
64842.374994
64920.024994
64997.674994
65075.299994
65152.924994
65230.549994
65308.199994
65385.849994
65463.474994
65541.149994
65618.824994
65696.499994
65774.174994
65851.824994
65929.499994
66007.149994
66084.799994
66162.424994
66240.049994
66317.699994
66395.349994
66472.999993
66550.649993
66628.274993
66705.924993
66783.549993
66861.124993
66938.724993
67016.349993
67093.974993
67171.599993
67249.224993
67326.824993
67404.449993
67482.074993
67559.674993
67637.274993
67714.874993
67792.524993
67870.199993
67947.824993
68025.474993
68103.099993
68180.749993
68258.374993
68335.999993
68413.624993
68491.274993
68568.949993
68646.624993
68724.299993
68801.949993
68879.649993
68957.299993
69034.949993
69112.574993
69190.199993
69267.874993
69345.524993
69423.149993
69500.799993
69578.449993
69656.099993
69733.724993
69811.349993
69888.924993
69966.549993
70044.149993
70121.774993
70199.399993
70276.999993
70354.649993
70432.274993
70509.874993
70587.474993
70665.074993
70742.699993
70820.349992
70897.974992
70975.624992
71053.274992
71130.899992
71208.549992
71286.149992
71363.774992
71441.424992
71519.099992
71596.749992
71674.424992
71752.074992
71829.774992
71907.449992
71985.099992
72062.749992
72140.374992
72218.024992
72295.674992
72373.299992
72450.949992
72528.599992
72606.249992
72683.899992
72761.524992
72839.124992
72916.749992
72994.349992
73071.949992
73149.574992
73227.174992
73304.824992
73382.449992
73460.074992
73537.674992
73615.274992
73692.899992
73770.524992
73848.149992
73925.774992
74003.424992
74081.074992
74158.724992
74236.324992
74313.949992
74391.599992
74469.249992
74546.899992
74624.549992
74702.199992
74779.899992
74857.574992
74935.249992
75012.899992
75090.549991
75168.199991
75245.824991
75323.474991
75401.099991
75478.749991
75556.399991
75634.049991
75711.699991
75789.324991
75866.949991
75944.574991
76022.174991
76099.749991
76177.349991
76254.999991
76332.649991
76410.274991
76487.874991
76565.474991
76643.099991
76720.699991
76798.324991
76875.924991
76953.574991
77031.224991
77108.874991
77186.499991
77264.124991
77341.774991
77419.399991
77497.049991
77574.674991
77652.324991
77730.024991
77807.699991
77885.374991
77963.049991
78040.699991
78118.349991
78195.999991
78273.624991
78351.249991
78428.899991
78506.549991
78584.199991
78661.849991
78739.474991
78817.124991
78894.774991
78972.374991
79049.974991
79127.549991
79205.199991
79282.824991
79360.449990
79438.074990
79515.674990
79593.299990
79670.899990
79748.499990
79826.099990
79903.749990
79981.399990
80059.024990
80136.674990
80214.299990
80291.949990
80369.574990
80447.199990
80524.849990
80602.474990
80680.149990
80757.824990
80835.499990
80913.149990
80990.824990
81068.499990
81146.149990
81223.799990
81301.424990
81379.074990
81456.724990
81534.349990
81611.999990
81689.624990
81767.299990
81844.949990
81922.574990
82000.174990
82077.774990
82155.399990
82232.999990
82310.624990
82388.249990
82465.874990
82543.499990
82621.099990
82698.699990
82776.299990
82853.924990
82931.549990
83009.199990
83086.824990
83164.449990
83242.124990
83319.749990
83397.374990
83474.999990
83552.624990
83630.299990
83707.949989
83785.599989
83863.274989
83940.949989
84018.624989
84096.299989
84173.949989
84251.574989
84329.224989
84406.874989
84484.524989
84562.149989
84639.774989
84717.449989
84795.124989
84872.749989
84950.374989
