100.000000
8.000000
525.875000
591.725000
649.750000
703.625000
754.900000
803.975000
851.375000
897.175000
942.025000
985.875000
1029.175000
1071.025000
1112.775000
1153.650000
1194.175000
1234.225000
1273.525000
1312.375000
1350.900000
1388.700000
1425.950000
1463.300000
1500.000000
1535.900000
1571.925000
1607.700000
1642.825000
1677.775000
1712.450000
1746.775000
1780.425000
1813.775000
1847.100000
1880.275000
1913.450000
1946.350000
1979.200000
2011.150000
2042.850000
2074.700000
2106.750000
2137.400000
2168.950000
2199.950000
2230.325000
2261.000000
2291.375000
2320.850000
2351.300000
2380.425000
2409.725000
2440.000000
2469.125000
2497.450000
2526.300000
2555.425000
2584.500000
2613.025000
2641.550000
2669.550000
2698.325000
2726.425000
2755.500000
2784.550000
2813.250000
2841.600000
2869.725000
2898.425000
2926.475000
2955.550000
2984.600000
3013.325000
3041.625000
3069.800000
3098.475000
3126.500000
3155.575000
3184.625000
3213.350000
3241.625000
3269.825000
3298.475000
3326.525000
3355.600000
3384.625000
3413.375000
3441.625000
3469.850000
3498.500000
3526.550000
3555.625000
3584.650000
3613.400000
3641.625000
3669.850000
3698.500000
3726.600000
3755.650000
3784.650000
3813.400000
3841.625000
3869.875000
3898.525000
3926.650000
3955.700000
3984.675000
4013.425000
4041.625000
4069.925000
4098.550000
4126.850000
4156.650000
4185.225000
4213.675000
4241.800000
4270.550000
4298.625000
4327.625000
4356.775000
4385.450000
4413.750000
4442.075000
4470.700000
4498.775000
4527.850000
4556.850000
4585.600000
4613.750000
4642.275000
4670.825000
4699.750000
4729.050000
4757.675000
4785.975000
4813.925000
4842.825000
4870.850000
4899.850000
4929.050000
4957.700000
4985.975000
5013.925000
5042.825000
5070.850000
5099.850000
5129.150000
5158.000000
5186.325000
5216.425000
5245.875000
5274.975000
5305.325000
5335.625000
5365.425000
5396.150000
5426.300000
5457.725000
5488.850000
5519.450000
5551.325000
5582.850000
5614.225000
5646.850000
5679.400000
5712.300000
5745.400000
5778.925000
5812.325000
5845.775000
5879.900000
5913.700000
5948.125000
5983.100000
6018.075000
6052.825000
6088.675000
6124.625000
6160.975000
6197.200000
6234.600000
6271.925000
6309.550000
6347.525000
6386.000000
6424.975000
6464.600000
6505.225000
6546.025000
6587.225000
6629.500000
6672.100000
6715.225000
6759.375000
6804.350000
6850.525000
6897.425000
6945.775000
6995.475000
7046.625000
7099.500000
7154.425000
7212.075000
7273.125000
7338.600000
7411.350000
