100.000000
2.000000
509.775000
579.000000
639.675000
695.625000
748.200000
798.525000
847.100000
894.400000
940.475000
985.550000
1029.950000
1073.375000
1115.400000
1157.250000
1198.100000
1238.625000
1278.825000
1318.000000
1356.850000
1395.350000
1433.100000
1470.325000
1507.675000
1544.325000
1580.250000
1616.125000
1651.650000
1686.075000
1720.675000
1755.275000
1789.600000
1823.550000
1857.050000
1890.300000
1923.425000
1956.375000
1988.800000
2020.600000
2052.525000
2084.600000
2115.350000
2146.875000
2177.925000
2208.175000
2238.925000
2269.200000
2298.775000
2329.300000
2358.275000
2387.750000
2417.900000
2446.925000
2475.450000
2504.525000
2533.475000
2562.425000
2591.050000
2619.300000
2647.250000
2675.550000
2704.200000
2732.625000
2762.225000
2790.500000
2819.125000
2847.125000
2875.050000
2903.675000
2931.975000
2960.650000
2990.000000
3018.150000
3046.875000
3074.900000
3102.825000
3130.725000
3159.400000
3187.525000
3216.350000
3245.475000
3273.675000
3302.400000
3330.425000
3358.300000
3386.200000
3414.750000
3443.100000
3471.625000
3501.175000
3529.750000
3558.100000
3586.025000
3613.925000
3642.725000
3670.775000
3698.725000
3727.600000
3756.675000
3784.900000
3813.525000
3841.600000
3869.525000
3898.100000
3926.375000
3955.300000
3983.975000
4012.875000
4041.450000
4069.375000
4097.300000
4125.950000
4154.275000
4183.050000
4212.025000
4240.650000
4269.175000
4297.150000
4325.075000
4353.800000
4381.925000
4410.325000
4439.875000
4468.175000
4496.875000
4524.900000
4552.825000
4580.750000
4609.425000
4637.525000
4666.350000
4695.500000
4723.675000
4752.400000
4780.425000
4808.300000
4836.200000
4864.750000
4893.100000
4921.625000
4951.175000
4979.750000
5008.100000
5036.025000
5063.925000
5092.725000
5120.875000
5150.100000
5179.325000
5208.125000
5237.325000
5267.750000
5297.000000
5326.400000
5356.975000
5386.250000
5417.850000
5447.800000
5479.600000
5510.800000
5541.675000
5573.575000
5605.400000
5637.075000
5669.300000
5702.225000
5735.500000
5768.975000
5802.425000
5835.850000
5869.425000
5903.750000
5938.400000
5973.525000
6008.175000
6043.550000
6079.975000
6116.425000
6152.625000
6190.025000
6227.225000
6265.075000
6303.025000
6341.625000
6380.525000
6420.375000
6460.875000
6501.900000
6543.250000
6585.675000
6629.025000
6673.000000
6717.900000
6763.450000
6809.975000
6857.850000
6907.125000
6957.750000
7009.850000
7063.825000
7120.375000
7180.100000
7243.400000
7312.375000
7391.075000
