10.000000
25.000000
482.900000
555.625000
618.125000
672.375000
720.825000
765.525000
807.750000
847.550000
885.875000
923.250000
959.075000
994.500000
1029.175000
1063.175000
1096.850000
1130.100000
1162.850000
1195.550000
1227.400000
1258.725000
1290.525000
1321.475000
1352.625000
1383.300000
1413.650000
1443.600000
1473.900000
1503.600000
1533.400000
1562.850000
1591.725000
1620.650000
1649.125000
1678.475000
1707.100000
1735.575000
1763.675000
1791.550000
1819.275000
1846.950000
1874.500000
1901.850000
1929.375000
1956.775000
1983.250000
2009.450000
2035.975000
2062.600000
2088.700000
2113.950000
2140.450000
2165.675000
2191.625000
2217.900000
2242.525000
2268.275000
2293.050000
2318.275000
2342.950000
2368.125000
2391.875000
2417.200000
2441.650000
2465.425000
2490.350000
2513.850000
2537.475000
2561.600000
2585.900000
2608.475000
2632.150000
2656.975000
2680.450000
2703.225000
2727.450000
2751.575000
2775.000000
2798.500000
2822.350000
2846.100000
2869.500000
2893.075000
2917.775000
2941.500000
2964.025000
2987.650000
3012.450000
3035.950000
3058.500000
3082.175000
3106.975000
3130.450000
3153.200000
3177.275000
3201.600000
3225.025000
3248.575000
3272.450000
3296.275000
3319.575000
3343.175000
3368.000000
3391.550000
3414.050000
3437.725000
3462.500000
3485.975000
3508.525000
3532.250000
3557.025000
3580.475000
3603.625000
3627.950000
3651.750000
3675.075000
3698.650000
3723.150000
3747.050000
3769.725000
3793.300000
3818.100000
3841.625000
3864.150000
3888.175000
3912.750000
3936.100000
3959.575000
3983.500000
4007.575000
4030.675000
4054.400000
4079.225000
4102.675000
4125.400000
4149.325000
4173.825000
4197.250000
4220.800000
4244.750000
4268.900000
4291.975000
4315.775000
4340.450000
4363.850000
4386.900000
4411.400000
4435.775000
4458.450000
4482.100000
4506.925000
4530.425000
4553.100000
4576.675000
4601.425000
4624.925000
4647.900000
4672.375000
4696.200000
4719.550000
4743.125000
4767.975000
4791.550000
4814.050000
4837.675000
4862.475000
4885.950000
4908.525000
4932.200000
4957.000000
4980.450000
5003.325000
5027.850000
5051.625000
5075.025000
5098.575000
5123.325000
5147.100000
5170.750000
5195.775000
5219.450000
5243.275000
5268.325000
5292.875000
5318.125000
5342.425000
5368.225000
5393.050000
5418.600000
5444.275000
5469.450000
5495.800000
5520.850000
5547.075000
5573.575000
5598.825000
5625.050000
5652.000000
5679.275000
5705.975000
5733.175000
5759.775000
5786.400000
5813.875000
5841.600000
5869.300000
5897.100000
5924.925000
5952.825000
5980.725000
6009.425000
6038.000000
6067.850000
6096.850000
6125.950000
6155.675000
6185.600000
6215.275000
6245.750000
6275.575000
6306.850000
6337.225000
6368.325000
6399.550000
6430.700000
6462.725000
6494.700000
6526.575000
6558.975000
6591.825000
6624.900000
6658.175000
6691.725000
6725.650000
6760.025000
6795.000000
6830.225000
6865.450000
6901.450000
6937.500000
6974.375000
7011.800000
7049.600000
7087.725000
7126.425000
7165.875000
7206.250000
7247.125000
7288.825000
7331.450000
7375.150000
7420.125000
7466.650000
7514.800000
7565.175000
7617.775000
7671.275000
7726.225000
7782.575000
7840.250000
7898.875000
7958.375000
8018.525000
8079.250000
8140.400000
8201.950000
8263.825000
8326.025000
8388.575000
8451.475000
8514.700000
8578.300000
8642.200000
8706.425000
8770.900000
8835.675000
8900.775000
8966.125000
9031.750000
9097.600000
9163.650000
9229.875000
9296.225000
9362.650000
9429.150000
9495.700000
9562.325000
9629.000000
9695.750000
9762.525000
9829.375000
9896.275000
9963.250000
10030.300000
10097.375000
10164.525000
10231.800000
10299.125000
10366.600000
10434.225000
10501.975000
10569.850000
10637.875000
10706.125000
10774.600000
10843.250000
10912.100000
10981.025000
11050.025000
11119.150000
11188.275000
11257.525000
11326.800000
11396.200000
11465.675000
11535.375000
11605.275000
11675.425000
11746.000000
11816.900000
11888.075000
11959.425000
12030.850000
12102.350000
12173.875000
12245.400000
12316.925000
12388.425000
12459.950000
12531.475000
12603.000000
12674.550000
12746.100000
12817.650000
12889.175000
12960.675000
13032.200000
13103.750000
13175.275000
13246.825000
13318.375000
13389.925000
13461.450000
13532.975000
13604.500000
13676.025000
13747.550000
13819.100000
13890.675000
13962.225000
14033.750000
14105.275000
14176.775000
14248.300000
14319.825000
14391.400000
14462.950000
14534.500000
14606.050000
14677.550000
14749.050000
14820.600000
14892.125000
14963.675000
15035.225000
15106.800000
15178.325000
15249.875000
15321.375000
15392.900000
15464.425000
15535.975000
15607.550000
15679.125000
15750.650000
15822.175000
15893.700000
15965.225000
16036.725000
16108.300000
16179.875000
16251.425000
16322.950000
16394.500000
16466.025000
16537.550000
16609.075000
16680.625000
16752.175000
16823.725000
16895.275000
16966.825000
17038.325000
17109.850000
17181.400000
17252.925000
17324.475000
17396.050000
17467.600000
17539.125000
17610.650000
17682.175000
17753.700000
17825.225000
17896.800000
17968.350000
18039.900000
18111.425000
18182.950000
18254.475001
18326.000001
18397.525001
18469.100001
18540.650001
18612.200001
18683.725001
18755.250001
18826.750001
18898.275001
18969.825001
19041.375001
19112.925001
19184.500001
19256.025001
19327.550001
19399.050001
19470.575001
19542.125001
19613.650001
19685.225001
19756.800001
19828.325001
19899.850001
19971.350001
20042.900001
20114.400001
20185.950001
20257.525001
20329.100001
20400.625001
20472.150001
20543.675001
20615.200001
20686.700001
20758.275001
20829.850001
20901.400001
20972.925001
21044.475001
21116.000001
21187.525001
21259.050001
21330.600001
21402.150001
21473.700001
21545.275001
21616.800001
21688.300001
21759.825001
21831.375001
21902.900001
21974.450001
22046.025001
22117.600001
22189.100001
22260.625001
22332.150001
22403.675001
22475.225001
22546.775001
22618.350001
22689.875001
22761.400001
22832.925001
22904.450001
22975.975001
23047.525001
23119.075001
23190.625001
23262.175001
23333.700001
23405.250001
23476.750001
23548.275001
23619.800001
23691.350001
23762.925001
23834.475001
23906.000001
23977.525001
24049.025001
24120.550001
24192.100001
24263.650001
24335.200001
24406.775001
24478.300001
24549.825001
24621.325001
24692.875001
24764.375001
24835.925001
24907.500001
24979.075001
25050.600001
25122.125001
25193.650001
25265.175001
25336.700001
25408.250001
25479.825001
25551.375001
25622.925001
25694.450001
25765.975001
25837.500001
25909.025001
25980.575001
26052.125001
26123.675001
26195.250001
26266.775001
26338.275001
26409.825001
26481.350001
26552.875001
26624.450001
26696.000001
26767.575001
26839.075001
26910.600001
26982.125001
27053.650001
27125.200001
27196.750001
27268.325001
27339.875001
27411.400001
27482.925001
27554.450001
27625.950001
27697.500001
27769.050001
27840.625001
27912.175001
27983.700001
28055.225001
28126.725001
28198.250001
28269.800001
28341.350001
28412.900001
28484.450001
28556.000001
28627.500001
28699.000001
28770.550001
28842.075001
28913.625001
28985.175001
29056.750001
29128.275001
29199.800001
29271.300001
29342.850001
29414.350001
29485.900001
29557.475001
29629.050001
29700.575001
29772.100001
29843.625001
29915.150001
29986.675001
30058.225001
30129.800001
30201.350001
30272.900001
30344.425001
30415.950001
30487.475001
30559.000001
30630.550001
30702.100001
30773.650001
30845.225001
30916.750001
30988.250001
31059.800001
31131.325001
31202.875001
31274.425001
31345.975001
31417.550001
31489.075001
31560.575001
31632.100001
31703.650001
31775.175001
31846.725001
31918.300001
31989.850001
32061.375001
32132.900001
32204.425001
32275.950001
32347.475001
32419.050001
32490.600001
32562.150001
32633.675001
32705.200001
32776.700001
32848.225001
32919.775001
32991.325001
33062.875001
33134.450001
33205.975001
33277.500001
33349.000001
33420.525001
33492.075001
33563.600001
33635.175001
33706.750001
33778.250001
33849.775001
33921.300001
33992.825001
34064.350001
34135.900001
34207.450001
34279.025001
34350.550001
34422.100001
34493.600001
34565.125001
34636.650001
34708.200001
34779.775001
34851.325001
34922.875001
34994.400001
35065.925001
35137.450001
35208.975001
35280.525001
35352.075001
35423.650001
35495.200001
35566.725001
35638.225001
35709.775001
35781.300001
35852.850001
35924.400001
35995.950001
36067.525001
36139.050001
36210.550001
36282.100001
36353.625001
36425.150000
36496.700000
36568.275000
36639.825000
36711.350000
36782.875000
36854.400000
36925.925000
36997.450000
37069.025000
37140.575000
37212.125000
37283.650000
37355.200000
37426.700000
37498.225000
37569.750000
37641.325000
37712.875000
37784.425000
37855.950000
37927.475000
37998.975000
38070.500000
38142.050000
38213.600000
38285.150000
38356.725000
38428.250000
38499.775000
38571.275000
38642.825000
38714.325000
38785.875000
38857.450000
38929.025000
39000.550000
39072.075000
39143.575000
39215.100000
39286.625000
39358.175000
39429.750000
39501.300000
39572.850000
39644.375000
39715.900000
39787.425000
39858.950000
39930.500000
40002.050000
40073.625000
40145.175000
40216.700000
40288.200000
40359.750000
40431.275000
40502.825000
40574.375000
40645.950000
40717.499999
40789.024999
40860.524999
40932.074999
41003.599999
41075.124999
41146.699999
41218.274999
41289.799999
41361.324999
41432.849999
41504.374999
41575.899999
41647.449999
41718.999999
41790.574999
41862.099999
41933.624999
42005.174999
42076.674999
42148.199999
42219.749999
42291.299999
42362.849999
42434.399999
42505.949999
42577.449999
42648.949999
42720.499999
42792.024999
42863.574999
42935.149999
43006.699999
43078.224999
43149.749999
43221.249999
43292.799999
43364.299999
43435.849999
43507.424999
43578.999999
43650.524999
43722.049999
43793.574999
43865.074999
43936.599999
44008.149999
44079.724999
44151.274999
44222.824999
44294.349999
44365.874999
44437.399999
44508.924999
44580.474999
44652.024999
44723.599999
44795.149999
44866.674999
44938.174999
45009.724998
45081.249998
45152.799998
45224.349998
45295.924998
45367.474998
45438.999998
45510.499998
45582.049998
45653.574998
45725.099998
45796.674998
45868.249998
45939.774998
46011.299998
46082.824998
46154.374998
46225.874998
46297.424998
46368.974998
46440.549998
46512.099998
46583.624998
46655.149998
46726.649998
46798.174998
46869.724998
46941.274998
47012.824998
47084.399998
47155.924998
47227.449998
47298.949998
47370.474998
47442.024998
47513.574998
47585.124998
47656.699998
47728.199998
47799.724998
47871.249998
47942.774998
48014.299998
48085.849998
48157.399998
48228.974998
48300.499998
48372.024998
48443.549998
48515.074998
48586.574998
48658.149998
48729.699998
48801.274998
48872.799998
48944.349998
49015.849998
49087.374998
49158.899998
49230.449998
49301.999997
49373.574997
49445.124997
49516.649997
49588.149997
49659.699997
49731.224997
49802.774997
49874.324997
49945.899997
50017.449997
50088.974997
50160.474997
50232.024997
50303.549997
50375.074997
50446.649997
50518.224997
50589.749997
50661.274997
50732.799997
50804.349997
50875.849997
50947.399997
51018.974997
51090.524997
51162.074997
51233.599997
51305.124997
51376.624997
51448.149997
51519.699997
51591.274997
51662.824997
51734.374997
51805.899997
51877.424997
51948.924997
52020.449997
52091.999997
52163.549997
52235.099997
52306.674997
52378.199997
52449.724997
52521.224997
52592.749997
52664.274997
52735.824997
52807.399997
52878.949997
52950.474997
53021.999997
53093.524997
53165.049997
53236.574997
53308.124997
53379.699997
53451.249997
53522.774997
53594.324996
53665.824996
53737.349996
53808.874996
53880.424996
53951.974996
54023.549996
54095.099996
54166.624996
54238.124996
54309.674996
54381.199996
54452.749996
54524.299996
54595.874996
54667.424996
54738.949996
54810.449996
54881.999996
54953.524996
55025.074996
55096.624996
55168.199996
55239.724996
55311.249996
55382.774996
55454.324996
55525.849996
55597.374996
55668.949996
55740.499996
55812.049996
55883.574996
55955.099996
56026.624996
56098.149996
56169.699996
56241.249996
56312.799996
56384.349996
56455.899996
56527.399996
56598.899996
56670.449996
56741.974996
56813.524996
56885.099996
56956.649996
57028.174996
57099.699996
57171.199996
57242.749996
57314.249996
57385.799996
57457.374996
57528.949996
57600.474996
57671.999996
57743.499996
57815.024996
57886.549995
57958.099995
58029.674995
58101.224995
58172.749995
58244.299995
58315.799995
58387.324995
58458.849995
58530.424995
58601.949995
58673.524995
58745.074995
58816.599995
58888.099995
58959.649995
59031.174995
59102.724995
59174.274995
59245.849995
59317.399995
59388.924995
59460.424995
59531.974995
59603.499995
59675.049995
59746.599995
59818.174995
59889.699995
59961.224995
60032.749995
60104.299995
60175.824995
60247.349995
60318.924995
60390.474995
60462.024995
60533.549995
60605.074995
60676.599995
60748.124995
60819.674995
60891.224995
60962.774995
61034.324995
61105.874995
61177.374995
61248.899995
61320.424995
61391.974995
61463.524995
61535.074995
61606.649995
61678.149995
61749.674995
61821.199995
61892.724995
61964.249995
62035.799995
62107.374995
62178.924994
62250.449994
62321.974994
62393.499994
62464.999994
62536.524994
62608.099994
62679.649994
62751.199994
62822.749994
62894.274994
62965.774994
63037.299994
63108.824994
63180.399994
63251.949994
63323.499994
63395.049994
63466.574994
63538.099994
63609.624994
63681.149994
63752.699994
63824.249994
63895.824994
63967.374994
64038.899994
64110.399994
64181.949994
64253.474994
64325.024994
64396.574994
64468.149994
64539.674994
64611.199994
64682.724994
64754.274994
64825.799994
64897.324994
64968.899994
65040.449994
65111.999994
65183.524994
65255.074994
65326.574994
65398.099994
65469.649994
65541.199994
65612.774994
65684.324994
65755.849994
65827.374994
65898.874994
65970.399994
66041.949994
66113.499994
66185.049994
66256.624994
66328.149994
66399.649994
66471.174993
66542.699993
66614.224993
66685.774993
66757.349993
66828.899993
66900.424993
66971.949993
67043.474993
67114.999993
67186.499993
67258.074993
67329.649993
67401.199993
67472.724993
67544.249993
67615.774993
67687.274993
67758.799993
67830.374993
67901.924993
67973.474993
68045.024993
68116.549993
68188.074993
68259.599993
68331.124993
68402.674993
68474.224993
68545.799993
68617.349993
68688.874993
68760.374993
68831.924993
68903.449993
68974.999993
69046.549993
69118.124993
69189.649993
69261.174993
69332.699993
69404.249993
69475.774993
69547.299993
69618.874993
69690.449993
69761.974993
69833.499993
69905.049993
69976.549993
70048.074993
70119.624993
70191.174993
70262.749993
70334.299993
70405.824993
70477.349993
70548.849993
70620.374993
70691.924993
70763.474992
70835.049992
70906.599992
70978.124992
71049.649992
71121.149992
71192.699992
71264.199992
71335.749992
71407.324992
71478.899992
71550.424992
71621.949992
71693.449992
71764.974992
71836.499992
71908.049992
71979.624992
72051.174992
72122.699992
72194.249992
72265.749992
72337.274992
72408.799992
72480.349992
72551.899992
72623.449992
72694.999992
72766.549992
72838.049992
72909.574992
72981.099992
73052.649992
73124.199992
73195.774992
73267.324992
73338.849992
73410.349992
73481.899992
73553.424992
73624.974992
73696.524992
73768.099992
73839.624992
73911.149992
73982.674992
74054.224992
74125.749992
74197.274992
74268.849992
74340.424992
74411.949992
74483.474992
74555.024992
74626.524992
74698.049992
74769.599992
74841.174992
74912.724992
74984.274992
75055.799992
75127.324991
75198.824991
75270.374991
75341.924991
75413.449991
75485.024991
75556.599991
75628.099991
75699.624991
75771.124991
75842.674991
75914.199991
75985.749991
76057.324991
76128.874991
76200.399991
76271.924991
76343.424991
76414.949991
76486.474991
76558.024991
76629.599991
76701.149991
76772.674991
76844.224991
76915.724991
76987.249991
77058.774991
77130.324991
77201.874991
77273.449991
77344.974991
77416.524991
77488.024991
77559.549991
77631.074991
77702.624991
77774.174991
77845.749991
77917.299991
77988.824991
78060.324991
78131.874991
78203.399991
78274.949991
78346.499991
78418.074991
78489.599991
78561.124991
78632.649991
78704.199991
78775.699991
78847.249991
78918.824991
78990.399991
79061.924991
79133.449991
79204.999991
79276.499991
79348.024991
79419.574990
79491.149990
79562.699990
79634.249990
79705.799990
79777.299990
79848.799990
79920.349990
79991.899990
80063.449990
80134.999990
80206.574990
80278.099990
80349.599990
80421.124990
80492.649990
80564.174990
80635.724990
80707.299990
80778.849990
80850.374990
80921.899990
80993.424990
81064.949990
81136.449990
81208.024990
81279.599990
81351.149990
81422.674990
81494.199990
81565.699990
81637.224990
81708.749990
81780.324990
81851.874990
81923.424990
81994.949990
82066.499990
82137.999990
82209.524990
82281.049990
82352.599990
82424.149990
82495.724990
82567.274990
82638.799990
82710.299990
82781.849990
82853.374990
82924.924990
82996.474990
83068.049990
83139.574990
83211.099990
83282.624990
83354.174990
83425.674990
83497.224990
83568.799990
83640.349990
83711.899989
83783.424989
83854.949989
83926.474989
83997.999989
84069.549989
84141.124989
84212.674989
84284.224989
84355.774989
84427.274989
84498.774989
84570.324989
84641.874989
84713.424989
84784.974989
84856.549989
84928.074989
84999.574989
