100.000000
1.000000
503.775000
573.575000
634.625000
690.750000
743.625000
794.375000
843.000000
890.450000
936.200000
981.300000
1025.375000
1068.875000
1111.425000
1152.775000
1193.950000
1234.625000
1274.475000
1313.625000
1352.450000
1391.050000
1429.125000
1466.425000
1502.800000
1539.825000
1575.775000
1612.175000
1647.075000
1681.875000
1716.725000
1751.200000
1785.400000
1819.200000
1852.550000
1885.775000
1919.000000
1951.675000
1984.500000
2016.550000
2048.125000
2080.200000
2112.175000
2142.875000
2173.925000
2204.350000
2235.425000
2265.400000
2295.825000
2325.050000
2355.325000
2384.850000
2413.725000
2442.875000
2472.025000
2501.225000
2530.075000
2558.175000
2586.050000
2613.875000
2642.550000
2670.775000
2698.675000
2727.075000
2756.700000
2784.850000
2813.475000
2841.575000
2869.450000
2897.400000
2926.000000
2954.200000
2982.400000
3011.150000
3040.100000
3068.150000
3096.825000
3124.875000
3152.775000
3180.600000
3208.475000
3236.950000
3265.325000
3293.350000
3322.200000
3351.125000
3379.425000
3407.950000
3435.950000
3463.825000
3491.925000
3520.475000
3548.525000
3576.450000
3605.350000
3633.600000
3662.425000
3691.050000
3719.300000
3747.200000
3775.100000
3803.750000
3831.925000
3859.925000
3888.700000
3917.775000
3945.850000
3974.500000
4002.650000
4030.500000
4058.350000
4086.225000
4114.450000
4143.025000
4170.925000
4199.425000
4229.000000
4257.100000
4285.725000
4313.725000
4341.700000
4369.675000
4398.250000
4426.325000
4454.725000
4483.475000
4512.375000
4540.675000
4569.175000
4597.125000
4625.025000
4653.025000
4681.475000
4709.750000
4738.100000
4767.775000
4795.850000
4824.525000
4852.650000
4880.500000
4908.350000
4936.225000
4964.500000
4993.025000
5020.950000
5049.600000
5078.950000
5107.100000
5135.800000
5163.875000
5192.950000
5222.350000
5251.700000
5280.550000
5310.775000
5341.200000
5370.800000
5401.400000
5431.650000
5462.625000
5493.025000
5524.600000
5556.600000
5587.500000
5619.275000
5651.450000
5684.250000
5717.200000
5750.100000
5783.200000
5816.625000
5850.200000
5884.500000
5918.825000
5953.225000
5988.450000
6023.750000
6059.075000
6095.650000
6131.650000
6168.625000
6206.175000
6243.750000
6281.800000
6320.200000
6359.300000
6398.525000
6438.625000
6479.375000
6520.400000
6562.500000
6605.125000
6648.350000
6692.575000
6737.500000
6783.500000
6830.425000
6879.000000
6928.875000
6980.175000
7033.250000
7088.400000
7146.450000
7207.825000
7273.625000
7346.325000
7435.575000
