10.000000
30.000000
553.400000
623.825000
684.250000
736.725000
784.425000
827.925000
868.975000
908.025000
945.700000
981.800000
1017.600000
1052.325000
1086.100000
1119.500000
1152.625000
1185.575000
1218.125000
1250.125000
1281.725000
1313.425000
1344.750000
1375.325000
1406.725000
1436.475000
1467.625000
1497.225000
1526.900000
1557.075000
1586.075000
1615.225000
1644.450000
1673.550000
1702.300000
1730.525000
1758.425000
1786.250000
1814.000000
1841.800000
1869.425000
1897.100000
1924.700000
1952.000000
1979.600000
2007.000000
2033.575000
2059.825000
2086.100000
2112.900000
2139.300000
2165.225000
2191.525000
2217.950000
2242.975000
2268.925000
2294.525000
2319.450000
2345.525000
2369.600000
2395.700000
2419.550000
2444.700000
2469.375000
2493.225000
2518.200000
2541.825000
2566.550000
2590.850000
2614.100000
2638.975000
2663.525000
2686.400000
2711.275000
2735.825000
2758.650000
2783.550000
2808.100000
2831.025000
2856.625000
2880.475000
2904.225000
2929.200000
2952.750000
2976.400000
3001.375000
3024.950000
3048.625000
3073.575000
3097.175000
3120.825000
3145.800000
3169.400000
3193.075000
3218.050000
3241.650000
3265.300000
3290.250000
3313.825000
3337.450000
3362.425000
3386.025000
3409.625000
3434.600000
3458.250000
3481.850000
3506.850000
3530.475000
3554.200000
3579.200000
3602.750000
3626.400000
3651.350000
3674.950000
3698.600000
3723.575000
3747.175000
3770.825000
3795.775000
3819.400000
3843.075000
3868.050000
3891.650000
3915.275000
3940.250000
3963.800000
3987.450000
4012.425000
4036.025000
4059.625000
4084.600000
4108.225000
4131.825000
4156.825000
4180.475000
4204.200000
4229.200000
4252.750000
4276.375000
4301.350000
4324.950000
4348.600000
4373.575000
4397.175000
4420.825000
4445.775000
4469.400000
4493.075000
4518.050000
4541.650000
4565.275000
4590.250000
4613.800000
4637.450000
4662.425000
4686.025000
4709.625000
4734.600000
4758.225000
4781.825000
4806.825000
4830.475000
4854.200000
4879.200000
4902.750000
4926.375000
4951.350000
4974.950000
4998.600000
5023.575000
5047.175000
5070.825000
5095.775000
5119.425000
5143.200000
5168.225000
5192.000000
5218.025000
5241.800000
5267.925000
5291.825000
5318.025000
5342.575000
5368.450000
5393.725000
5419.500000
5445.900000
5470.975000
5497.175000
5523.675000
5549.675000
5575.700000
5602.700000
5629.825000
5657.050000
5684.500000
5711.250000
5738.450000
5765.575000
5793.075000
5820.675000
5848.400000
5876.225000
5904.225000
5932.225000
5961.050000
5990.125000
6018.950000
6047.475000
6076.550000
6106.675000
6135.925000
6165.350000
6195.775000
6225.275000
6256.100000
6286.275000
6317.825000
6348.425000
6380.025000
6411.675000
6443.200000
6475.050000
6507.600000
6540.350000
6573.375000
6606.625000
6640.100000
6673.675000
6707.750000
6741.875000
6776.375000
6811.400000
6846.850000
6882.550000
6919.000000
6955.600000
6992.600000
7030.250000
7068.325000
7107.000000
7146.175000
7185.950000
7226.350000
7267.825000
7309.825000
7352.875000
7397.100000
7442.600000
7489.750000
7538.675000
7590.050000
7642.700000
7696.775000
7752.400000
7809.675000
7868.825000
7929.875000
7992.675000
8057.050000
8122.650000
8189.200000
8256.525000
8324.425000
8392.750000
8461.450000
8530.575000
8600.075000
8670.050000
8740.575000
8811.725000
8883.725000
8956.900000
9031.400000
9107.375000
9184.550000
9262.600000
9341.225000
9420.150000
9499.225000
9578.475000
9657.875000
9737.275000
9816.725000
9896.275000
9975.875000
10055.525000
10135.250000
10215.000000
10294.850000
10374.775000
10454.725000
10534.800000
10614.900000
10695.150000
10775.500000
10855.975000
10936.550000
11017.300000
11098.250000
11179.425000
11260.800000
11342.550000
11424.700000
11507.275000
11590.300000
11674.025000
11758.500000
11843.600000
11929.325000
12015.575000
12102.625000
12190.525000
12279.250000
12368.600000
12458.325000
12548.200000
12638.125000
12728.125000
12818.225000
12908.375000
12998.475000
13088.575000
13178.700000
13268.975000
13359.200000
13449.375000
13539.550000
13629.825000
13720.125000
13810.350000
13900.575000
13990.825000
14081.125000
14171.375000
14261.575000
14351.825000
14442.100000
14532.375000
14622.600000
14712.850000
14803.075000
14893.325000
14983.550000
15073.800000
15164.050000
15254.250000
15344.500000
15434.750000
15525.000000
15615.200000
15705.425000
15795.700000
15885.975000
15976.200000
16066.400000
16156.675000
16246.975000
16337.200000
16427.400000
16517.675000
16608.000000
16698.250000
16788.475000
16878.700000
16969.050000
17059.325000
17149.550000
17239.775000
17330.100000
17420.400000
17510.650000
17600.875000
17691.175000
17781.500000
17871.750000
17962.000000
18052.275000
18142.575000
18232.850001
18323.125001
18413.400001
18503.675001
18593.950001
18684.225001
18774.525001
18864.775001
18955.025001
19045.325001
19135.650001
19225.900001
19316.125001
19406.425001
19496.750001
19587.025001
19677.225001
19767.500001
19857.850001
19948.150001
20038.375001
20128.600001
20218.950001
20309.250001
20399.475001
20489.700001
20580.050001
20670.350001
20760.600001
20850.850001
20941.150001
21031.450001
21121.725001
21211.975001
21302.250001
21392.550001
21482.825001
21573.100001
21663.375001
21753.650001
21843.925001
21934.225001
22024.500001
22114.750001
22205.025001
22295.325001
22385.650001
22475.900001
22566.125001
22656.425001
22746.750001
22837.025001
22927.225001
23017.500001
23107.850001
23198.150001
23288.350001
23378.600001
23468.950001
23559.250001
23649.475001
23739.700001
23830.025001
23920.350001
24010.600001
24100.850001
24191.125001
24281.450001
24371.725001
24461.975001
24552.250001
24642.550001
24732.825001
24823.100001
24913.375001
25003.650001
25093.925001
25184.225001
25274.500001
25364.750001
25455.025001
25545.325001
25635.650001
25725.900001
25816.125001
25906.425001
25996.750001
26087.025001
26177.225001
26267.500001
26357.850001
26448.150001
26538.350001
26628.600001
26718.950001
26809.250001
26899.475001
26989.700001
27080.025001
27170.350001
27260.600001
27350.850001
27441.125001
27531.450001
27621.725001
27711.975001
27802.250001
27892.550001
27982.825001
28073.100001
28163.375001
28253.650001
28343.925001
28434.225001
28524.500001
28614.750001
28705.025001
28795.325001
28885.650001
28975.900001
29066.125001
29156.425001
29246.750001
29337.025001
29427.225001
29517.500001
29607.850001
29698.150001
29788.350001
29878.600001
29968.950001
30059.250001
30149.475001
30239.700001
30330.025001
30420.350001
30510.600001
30600.850001
30691.125001
30781.450001
30871.725001
30961.975001
31052.250001
31142.550001
31232.825001
31323.100001
31413.375001
31503.650001
31593.925001
31684.225001
31774.500001
31864.750001
31955.025001
32045.325001
32135.650001
32225.900001
32316.125001
32406.425001
32496.750001
32587.025001
32677.225001
32767.500001
32857.850001
32948.150001
33038.350001
33128.600001
33218.950001
33309.250001
33399.475001
33489.700001
33580.025001
33670.350001
33760.600001
33850.850001
33941.125001
34031.450001
34121.725001
34211.975001
34302.250001
34392.550001
34482.825001
34573.100001
34663.375001
34753.650001
34843.925001
34934.225001
35024.500001
35114.750001
35205.025001
35295.325001
35385.650001
35475.900001
35566.125001
35656.425001
35746.750001
35837.025001
35927.225001
36017.500001
36107.850001
36198.150001
36288.350001
36378.600001
36468.950000
36559.250000
36649.475000
36739.700000
36830.025000
36920.350000
37010.600000
37100.850000
37191.125000
37281.450000
37371.725000
37461.975000
37552.250000
37642.550000
37732.825000
37823.100000
37913.375000
38003.650000
38093.925000
38184.225000
38274.500000
38364.750000
38455.025000
38545.325000
38635.650000
38725.900000
38816.125000
38906.425000
38996.750000
39087.025000
39177.225000
39267.500000
39357.850000
39448.150000
39538.350000
39628.600000
39718.950000
39809.250000
39899.475000
39989.700000
40080.025000
40170.350000
40260.600000
40350.850000
40441.125000
40531.450000
40621.725000
40711.974999
40802.249999
40892.549999
40982.824999
41073.099999
41163.374999
41253.649999
41343.924999
41434.224999
41524.499999
41614.749999
41705.024999
41795.324999
41885.649999
41975.899999
42066.124999
42156.424999
42246.749999
42337.024999
42427.224999
42517.499999
42607.849999
42698.149999
42788.349999
42878.599999
42968.949999
43059.249999
43149.474999
43239.699999
43330.024999
43420.349999
43510.599999
43600.849999
43691.124999
43781.449999
43871.724999
43961.974999
44052.249999
44142.549999
44232.824999
44323.099999
44413.374999
44503.649999
44593.924999
44684.224999
44774.499999
44864.749999
44955.024999
45045.324998
45135.649998
45225.899998
45316.124998
45406.424998
45496.749998
45587.024998
45677.224998
45767.499998
45857.849998
45948.149998
46038.349998
46128.599998
46218.949998
46309.249998
46399.474998
46489.699998
46580.024998
46670.349998
46760.599998
46850.849998
46941.124998
47031.449998
47121.724998
47211.974998
47302.249998
47392.549998
47482.824998
47573.099998
47663.374998
47753.649998
47843.924998
47934.224998
48024.499998
48114.749998
48205.024998
48295.324998
48385.649998
48475.899998
48566.124998
48656.424998
48746.749998
48837.024998
48927.224998
49017.499998
49107.849998
49198.149998
49288.349998
49378.599997
49468.949997
49559.249997
49649.474997
49739.699997
49830.024997
49920.349997
50010.599997
50100.849997
50191.124997
50281.449997
50371.724997
50461.974997
50552.249997
50642.549997
50732.824997
50823.099997
50913.374997
51003.649997
51093.924997
51184.224997
51274.499997
51364.749997
51455.024997
51545.324997
51635.649997
51725.899997
51816.124997
51906.424997
51996.749997
52087.024997
52177.224997
52267.499997
52357.849997
52448.149997
52538.349997
52628.599997
52718.949997
52809.249997
52899.474997
52989.699997
53080.024997
53170.349997
53260.599997
53350.849997
53441.124997
53531.449997
53621.724996
53711.974996
53802.249996
53892.549996
53982.824996
54073.099996
54163.374996
54253.649996
54343.924996
54434.224996
54524.499996
54614.749996
54705.024996
54795.324996
54885.649996
54975.899996
55066.124996
55156.424996
55246.749996
55337.024996
55427.224996
55517.499996
55607.849996
55698.149996
55788.349996
55878.599996
55968.949996
56059.249996
56149.474996
56239.699996
56330.024996
56420.349996
56510.599996
56600.849996
56691.124996
56781.449996
56871.724996
56961.974996
57052.249996
57142.549996
57232.824996
57323.099996
57413.374996
57503.649996
57593.924996
57684.224996
57774.499996
57864.749996
57955.024995
58045.324995
58135.649995
58225.899995
58316.124995
58406.424995
58496.749995
58587.024995
58677.224995
58767.499995
58857.849995
58948.149995
59038.349995
59128.599995
59218.949995
59309.249995
59399.474995
59489.699995
59580.024995
59670.349995
59760.599995
59850.849995
59941.124995
60031.449995
60121.724995
60211.974995
60302.249995
60392.549995
60482.824995
60573.099995
60663.374995
60753.649995
60843.924995
60934.224995
61024.499995
61114.749995
61205.024995
61295.324995
61385.649995
61475.899995
61566.124995
61656.424995
61746.749995
61837.024995
61927.224995
62017.499995
62107.849995
62198.149994
62288.349994
62378.599994
62468.949994
62559.249994
62649.474994
62739.699994
62830.024994
62920.349994
63010.599994
63100.849994
63191.124994
63281.449994
63371.724994
63461.974994
63552.249994
63642.549994
63732.824994
63823.099994
63913.374994
64003.649994
64093.924994
64184.224994
64274.499994
64364.749994
64455.024994
64545.324994
64635.649994
64725.899994
64816.124994
64906.424994
64996.749994
65087.024994
65177.224994
65267.499994
65357.849994
65448.149994
65538.349994
65628.599994
65718.949994
65809.249994
65899.474994
65989.699994
66080.024994
66170.349994
66260.599994
66350.849994
66441.124994
66531.449993
66621.724993
66711.974993
66802.249993
66892.549993
66982.824993
67073.099993
67163.374993
67253.649993
67343.924993
67434.224993
67524.499993
67614.749993
67705.024993
67795.324993
67885.649993
67975.899993
68066.124993
68156.424993
68246.749993
68337.024993
68427.224993
68517.499993
68607.849993
68698.149993
68788.349993
68878.599993
68968.949993
69059.249993
69149.474993
69239.699993
69330.024993
69420.349993
69510.599993
69600.849993
69691.124993
69781.449993
69871.724993
69961.974993
70052.249993
70142.549993
70232.824993
70323.099993
70413.374993
70503.649993
70593.924993
70684.224993
70774.499992
70864.749992
70955.024992
71045.324992
71135.649992
71225.899992
71316.124992
71406.424992
71496.749992
71587.024992
71677.224992
71767.499992
71857.849992
71948.149992
72038.349992
72128.599992
72218.949992
72309.249992
72399.474992
72489.699992
72580.024992
72670.349992
72760.599992
72850.849992
72941.124992
73031.449992
73121.724992
73211.974992
73302.249992
73392.549992
73482.824992
73573.099992
73663.374992
73753.649992
73843.924992
73934.224992
74024.499992
74114.749992
74205.024992
74295.324992
74385.649992
74475.899992
74566.124992
74656.424992
74746.749992
74837.024992
74927.224992
75017.499992
75107.849991
75198.149991
75288.349991
75378.599991
75468.949991
75559.249991
75649.474991
75739.699991
75830.024991
75920.349991
76010.599991
76100.849991
76191.124991
76281.449991
76371.724991
76461.974991
76552.249991
76642.549991
76732.824991
76823.099991
76913.374991
77003.649991
77093.924991
77184.224991
77274.499991
77364.749991
77455.024991
77545.324991
77635.649991
77725.899991
77816.124991
77906.424991
77996.749991
78087.024991
78177.224991
78267.499991
78357.849991
78448.149991
78538.349991
78628.599991
78718.949991
78809.249991
78899.474991
78989.699991
79080.024991
79170.349991
79260.599991
79350.849991
79441.124990
79531.449990
79621.724990
79711.974990
79802.249990
79892.549990
79982.824990
80073.099990
80163.374990
80253.649990
80343.924990
80434.224990
80524.499990
80614.749990
80705.024990
80795.324990
80885.649990
80975.899990
81066.124990
81156.424990
81246.749990
81337.024990
81427.224990
81517.499990
81607.849990
81698.149990
81788.349990
81878.599990
81968.949990
82059.249990
82149.474990
82239.699990
82330.024990
82420.349990
82510.599990
82600.849990
82691.124990
82781.449990
82871.724990
82961.974990
83052.249990
83142.549990
83232.824990
83323.099990
83413.374990
83503.649990
83593.924990
83684.224989
83774.499989
83864.749989
83955.024989
84045.324989
84135.649989
84225.899989
84316.124989
84406.424989
84496.749989
84587.024989
84677.224989
84767.499989
84857.849989
84948.149989
