10.000000
14.000000
372.400000
450.150000
518.125000
578.850000
633.200000
682.500000
728.475000
771.450000
812.725000
852.375000
891.075000
928.925000
965.225000
1001.325000
1036.200000
1070.850000
1105.350000
1139.100000
1172.675000
1205.850000
1238.625000
1270.725000
1302.650000
1334.675000
1365.675000
1397.025000
1427.900000
1458.200000
1488.700000
1518.950000
1548.550000
1578.825000
1608.050000
1636.825000
1666.350000
1695.550000
1723.800000
1752.350000
1780.400000
1808.175000
1835.900000
1863.600000
1891.300000
1918.375000
1945.800000
1972.425000
1998.625000
2024.975000
2051.500000
2077.650000
2102.925000
2129.400000
2154.825000
2180.500000
2206.650000
2230.725000
2256.900000
2280.700000
2306.475000
2330.575000
2355.525000
2380.250000
2404.125000
2429.075000
2452.675000
2476.075000
2500.050000
2523.775000
2547.150000
2569.675000
2593.075000
2616.750000
2640.400000
2663.700000
2686.175000
2708.775000
2732.375000
2756.975000
2780.350000
2802.875000
2826.075000
2848.875000
2873.475000
2896.575000
2919.525000
2942.950000
2966.000000
2990.375000
3013.700000
3036.175000
3058.775000
3082.400000
3106.975000
3130.350000
3152.875000
3176.125000
3198.850000
3223.450000
3246.525000
3269.525000
3292.950000
3315.975000
3340.375000
3363.700000
3386.175000
3408.775000
3432.375000
3456.975000
3480.350000
3502.875000
3526.075000
3548.875000
3573.475000
3596.575000
3619.525000
3642.950000
3666.000000
3690.375000
3713.700000
3736.175000
3758.775000
3782.400000
3806.975000
3830.350000
3852.875000
3876.125000
3898.850000
3923.450000
3946.525000
3969.525000
3992.950000
4015.975000
4040.375000
4063.700000
4086.175000
4108.775000
4132.375000
4156.975000
4180.350000
4202.875000
4226.075000
4248.875000
4273.475000
4296.575000
4319.525000
4342.950000
4366.000000
4390.375000
4413.700000
4436.175000
4458.775000
4482.400000
4506.975000
4530.350000
4552.875000
4576.125000
4598.850000
4623.450000
4646.525000
4669.525000
4692.950000
4715.975000
4740.375000
4763.700000
4786.175000
4808.775000
4832.375000
4856.975000
4880.350000
4902.875000
4926.075000
4948.875000
4973.475000
4996.575000
5019.525000
5042.950000
5066.000000
5090.375000
5113.750000
5136.250000
5159.900000
5184.725000
5208.250000
5231.900000
5256.925000
5280.525000
5305.025000
5330.325000
5354.450000
5380.175000
5404.875000
5430.450000
5455.825000
5480.625000
5507.000000
5532.050000
5558.175000
5584.700000
5610.125000
5636.200000
5663.500000
5690.400000
5717.850000
5744.525000
5771.075000
5798.525000
5825.975000
5853.875000
5881.675000
5909.625000
5937.625000
5966.525000
5995.625000
6024.500000
6053.475000
6083.300000
6113.050000
6142.875000
6173.400000
6203.000000
6234.200000
6264.800000
6296.175000
6327.650000
6358.700000
6391.250000
6423.575000
6456.250000
6489.150000
6522.375000
6555.850000
6590.050000
6624.250000
6658.650000
6693.900000
6729.700000
6765.400000
6801.925000
6838.850000
6876.100000
6913.850000
6952.475000
6991.600000
7031.450000
7072.175000
7113.550000
7156.050000
7199.500000
7244.175000
7290.125000
7337.400000
7386.500000
7437.750000
7491.625000
7548.725000
7609.975000
7671.850000
7735.200000
7799.850000
7865.775000
7932.900000
8001.000000
8069.850000
8139.225000
8209.000000
8279.100000
8349.400000
8419.950000
8490.725000
8561.700000
8632.850000
8704.200000
8775.750000
8847.525000
8919.500000
8991.750000
9064.250000
9136.975000
9209.800000
9282.700000
9355.650000
9428.625000
9501.600000
9574.550000
9647.525000
9720.500000
9793.450000
9866.450000
9939.425000
10012.425000
10085.425000
10158.425000
10231.400000
10304.400000
10377.350000
10450.350000
10523.375000
10596.375000
10669.375000
10742.375000
10815.350000
10888.325000
10961.325000
11034.325000
11107.350000
11180.350000
11253.325000
11326.300000
11399.275000
11472.275000
11545.300000
11618.325000
11691.325000
11764.300000
11837.275000
11910.250000
11983.250000
12056.250000
12129.300000
12202.275000
12275.275000
12348.250000
12421.225000
12494.225000
12567.225000
12640.250000
12713.250000
12786.225000
12859.225000
12932.200000
13005.200000
13078.200000
13151.200000
13224.200000
13297.200000
13370.200000
13443.175000
13516.175000
13589.150000
13662.175000
13735.175000
13808.175000
13881.175000
13954.175000
14027.125000
14100.125000
14173.150000
14246.150000
14319.175000
14392.150000
14465.125000
14538.100000
14611.100000
14684.100000
14757.125000
14830.150000
14903.125000
14976.100000
15049.075000
15122.050000
15195.075000
15268.100000
15341.100000
15414.075000
15487.075000
15560.050000
15633.025000
15706.025000
15779.075000
15852.050000
15925.050000
15998.050000
16071.025000
16144.000000
16217.025000
16290.025000
16363.025000
16436.025000
16509.000000
16582.000000
16655.000000
16728.000000
16801.000000
16874.000000
16947.000000
17020.000000
17092.975000
17165.950000
17238.950000
17311.950000
17384.975000
17457.975000
17530.975000
17603.950000
17676.925000
17749.900000
17822.925000
17895.950000
17968.950000
18041.950000
18114.925000
18187.900000
18260.875001
18333.875001
18406.900001
18479.925001
18552.925001
18625.900001
18698.875001
18771.850001
18844.850001
18917.875001
18990.900001
19063.875001
19136.850001
19209.850001
19282.825001
19355.825001
19428.850001
19501.850001
19574.850001
19647.825001
19720.825001
19793.800001
19866.800001
19939.800001
20012.825001
20085.825001
20158.800001
20231.800001
20304.775001
20377.775001
20450.775001
20523.800001
20596.800001
20669.800001
20742.775001
20815.750001
20888.725001
20961.725001
21034.750001
21107.775001
21180.775001
21253.750001
21326.725001
21399.700001
21472.700001
21545.725001
21618.725001
21691.725001
21764.700001
21837.700001
21910.675001
21983.675001
22056.700001
22129.725001
22202.700001
22275.675001
22348.650001
22421.650001
22494.650001
22567.675001
22640.675001
22713.675001
22786.650001
22859.625001
22932.625001
23005.625001
23078.625001
23151.650001
23224.650001
23297.625001
23370.600001
23443.600001
23516.600001
23589.575001
23662.600001
23735.600001
23808.600001
23881.600001
23954.575001
24027.550001
24100.550001
24173.575001
24246.575001
24319.575001
24392.575001
24465.550001
24538.525001
24611.525001
24684.525001
24757.550001
24830.550001
24903.525001
24976.500001
25049.475001
25122.500001
25195.500001
25268.525001
25341.525001
25414.500001
25487.475001
25560.450001
25633.450001
25706.475001
25779.500001
25852.500001
25925.475001
25998.450001
26071.425001
26144.450001
26217.450001
26290.475001
26363.475001
26436.450001
26509.425001
26582.400001
26655.400001
26728.400001
26801.425001
26874.425001
26947.425001
27020.400001
27093.400001
27166.375001
27239.375001
27312.375001
27385.400001
27458.375001
27531.375001
27604.375001
27677.350001
27750.350001
27823.350001
27896.350001
27969.375001
28042.350001
28115.350001
28188.325001
28261.300001
28334.325001
28407.350001
28480.350001
28553.325001
28626.300001
28699.275001
28772.275001
28845.300001
28918.325001
28991.325001
29064.300001
29137.275001
29210.250001
29283.250001
29356.250001
29429.275001
29502.275001
29575.275001
29648.250001
29721.225001
29794.225001
29867.225001
29940.250001
30013.250001
30086.225001
30159.225001
30232.200001
30305.200001
30378.200001
30451.200001
30524.200001
30597.200001
30670.200001
30743.175001
30816.175001
30889.150001
30962.175001
31035.175001
31108.175001
31181.175001
31254.175001
31327.125001
31400.125001
31473.150001
31546.150001
31619.175001
31692.150001
31765.125001
31838.100001
31911.100001
31984.100001
32057.125001
32130.150001
32203.125001
32276.100001
32349.075001
32422.050001
32495.075001
32568.100001
32641.100001
32714.075001
32787.075001
32860.050001
32933.025001
33006.025001
33079.075001
33152.050001
33225.050001
33298.025001
33371.025001
33444.000001
33517.025001
33590.025001
33663.025001
33736.025001
33809.000001
33882.000001
33955.000001
34028.000001
34101.000001
34174.000001
34247.000001
34320.000001
34392.975001
34465.950001
34538.950001
34611.950001
34684.975001
34757.975001
34830.975001
34903.950001
34976.925001
35049.900001
35122.925001
35195.950001
35268.950001
35341.950001
35414.925001
35487.900001
35560.875001
35633.875001
35706.900001
35779.925001
35852.925001
35925.900001
35998.875001
36071.850001
36144.850001
36217.875001
36290.900001
36363.875001
36436.850000
36509.850000
36582.825000
36655.825000
36728.850000
36801.850000
36874.850000
36947.825000
37020.825000
37093.800000
37166.800000
37239.800000
37312.825000
37385.825000
37458.800000
37531.800000
37604.775000
37677.775000
37750.775000
37823.800000
37896.800000
37969.800000
38042.775000
38115.750000
38188.725000
38261.725000
38334.750000
38407.775000
38480.750000
38553.750000
38626.725000
38699.700000
38772.700000
38845.725000
38918.725000
38991.725000
39064.700000
39137.675000
39210.675000
39283.675000
39356.700000
39429.725000
39502.700000
39575.675000
39648.650000
39721.650000
39794.650000
39867.675000
39940.675000
40013.675000
40086.650000
40159.625000
40232.625000
40305.625000
40378.625000
40451.650000
40524.650000
40597.625000
40670.600000
40743.599999
40816.599999
40889.574999
40962.599999
41035.599999
41108.599999
41181.574999
41254.574999
41327.549999
41400.549999
41473.574999
41546.574999
41619.574999
41692.574999
41765.549999
41838.524999
41911.524999
41984.524999
42057.549999
42130.549999
42203.524999
42276.499999
42349.474999
42422.499999
42495.499999
42568.524999
42641.524999
42714.499999
42787.474999
42860.449999
42933.449999
43006.474999
43079.499999
43152.499999
43225.474999
43298.449999
43371.424999
43444.424999
43517.449999
43590.474999
43663.474999
43736.449999
43809.424999
43882.399999
43955.399999
44028.399999
44101.424999
44174.424999
44247.424999
44320.399999
44393.374999
44466.374999
44539.374999
44612.374999
44685.399999
44758.374999
44831.374999
44904.374999
44977.349999
45050.349998
45123.349998
45196.349998
45269.374998
45342.349998
45415.349998
45488.324998
45561.299998
45634.324998
45707.349998
45780.349998
45853.324998
45926.299998
45999.274998
46072.274998
46145.299998
46218.324998
46291.324998
46364.299998
46437.274998
46510.249998
46583.249998
46656.249998
46729.274998
46802.274998
46875.274998
46948.249998
47021.224998
47094.224998
47167.224998
47240.249998
47313.249998
47386.224998
47459.224998
47532.199998
47605.199998
47678.199998
47751.199998
47824.199998
47897.199998
47970.199998
48043.174998
48116.174998
48189.149998
48262.174998
48335.174998
48408.174998
48481.174998
48554.174998
48627.124998
48700.124998
48773.149998
48846.149998
48919.149998
48992.149998
49065.124998
49138.099998
49211.099998
49284.099998
49357.124997
49430.149997
49503.124997
49576.099997
49649.074997
49722.049997
49795.074997
49868.099997
49941.099997
50014.074997
50087.049997
50160.049997
50233.024997
50306.024997
50379.074997
50452.049997
50525.049997
50598.024997
50671.024997
50743.999997
50817.024997
50890.024997
50963.024997
51036.024997
51108.999997
51181.999997
51254.999997
51327.974997
51400.999997
51473.999997
51546.999997
51619.999997
51692.974997
51765.949997
51838.949997
51911.949997
51984.974997
52057.974997
52130.974997
52203.949997
52276.924997
52349.899997
52422.924997
52495.924997
52568.949997
52641.949997
52714.924997
52787.899997
52860.874997
52933.874997
53006.899997
53079.924997
53152.899997
53225.899997
53298.874997
53371.849997
53444.849997
53517.874997
53590.899996
53663.874996
53736.849996
53809.849996
53882.824996
53955.824996
54028.849996
54101.849996
54174.849996
54247.824996
54320.824996
54393.799996
54466.799996
54539.799996
54612.824996
54685.824996
54758.799996
54831.799996
54904.774996
54977.774996
55050.774996
55123.799996
55196.799996
55269.799996
55342.774996
55415.749996
55488.724996
55561.724996
55634.749996
55707.774996
55780.749996
55853.749996
55926.724996
55999.699996
56072.699996
56145.724996
56218.724996
56291.724996
56364.699996
56437.674996
56510.674996
56583.674996
56656.699996
56729.699996
56802.699996
56875.674996
56948.649996
57021.649996
57094.649996
57167.674996
57240.674996
57313.674996
57386.649996
57459.624996
57532.624996
57605.624996
57678.624996
57751.649996
57824.649996
57897.624995
57970.599995
58043.599995
58116.599995
58189.574995
58262.599995
58335.599995
58408.599995
58481.574995
58554.574995
58627.549995
58700.549995
58773.574995
58846.574995
58919.574995
58992.574995
59065.549995
59138.524995
59211.524995
59284.524995
59357.549995
59430.549995
59503.524995
59576.499995
59649.474995
59722.499995
59795.499995
59868.524995
59941.524995
60014.499995
60087.474995
60160.449995
60233.449995
60306.474995
60379.499995
60452.499995
60525.474995
60598.449995
60671.424995
60744.424995
60817.449995
60890.474995
60963.474995
61036.449995
61109.424995
61182.399995
61255.399995
61328.399995
61401.424995
61474.424995
61547.424995
61620.399995
61693.374995
61766.374995
61839.374995
61912.374995
61985.399995
62058.374995
62131.374995
62204.374994
62277.349994
62350.349994
62423.349994
62496.349994
62569.374994
62642.349994
62715.324994
62788.324994
62861.299994
62934.324994
63007.349994
63080.349994
63153.324994
63226.299994
63299.274994
63372.274994
63445.299994
63518.324994
63591.324994
63664.299994
63737.274994
63810.249994
63883.249994
63956.249994
64029.274994
64102.274994
64175.274994
64248.249994
64321.224994
64394.224994
64467.224994
64540.249994
64613.249994
64686.224994
64759.224994
64832.199994
64905.199994
64978.199994
65051.199994
65124.199994
65197.199994
65270.199994
65343.174994
65416.174994
65489.149994
65562.174994
65635.174994
65708.174994
65781.174994
65854.149994
65927.124994
66000.124994
66073.124994
66146.149994
66219.149994
66292.149994
66365.124994
66438.099994
66511.099993
66584.099993
66657.124993
66730.149993
66803.124993
66876.099993
66949.074993
67022.049993
67095.074993
67168.099993
67241.099993
67314.074993
67387.049993
67460.049993
67533.024993
67606.024993
67679.074993
67752.049993
67825.049993
67898.024993
67971.024993
68043.999993
68117.024993
68190.024993
68263.024993
68336.024993
68408.999993
68481.999993
68554.999993
68627.974993
68700.999993
68773.999993
68846.999993
68919.999993
68992.974993
69065.949993
69138.949993
69211.949993
69284.974993
69357.974993
69430.974993
69503.949993
69576.924993
69649.899993
69722.924993
69795.924993
69868.949993
69941.949993
70014.924993
70087.899993
70160.874993
70233.874993
70306.899993
70379.924993
70452.899993
70525.899993
70598.874993
70671.849993
70744.849993
70817.874992
70890.874992
70963.874992
71036.849992
71109.849992
71182.824992
71255.824992
71328.849992
71401.849992
71474.849992
71547.824992
71620.824992
71693.799992
71766.799992
71839.799992
71912.824992
71985.824992
72058.799992
72131.799992
72204.774992
72277.774992
72350.774992
72423.799992
72496.799992
72569.799992
72642.774992
72715.749992
72788.724992
72861.724992
72934.749992
73007.774992
73080.749992
73153.749992
73226.699992
73299.699992
73372.699992
73445.724992
73518.724992
73591.724992
73664.699992
73737.674992
73810.674992
73883.674992
73956.699992
74029.699992
74102.699992
74175.674992
74248.649992
74321.649992
74394.649992
74467.674992
74540.674992
74613.674992
74686.649992
74759.624992
74832.624992
74905.624992
74978.624992
75051.649992
75124.649991
75197.624991
75270.599991
75343.599991
75416.599991
75489.574991
75562.599991
75635.599991
75708.599991
75781.574991
75854.574991
75927.549991
76000.549991
76073.574991
76146.574991
76219.574991
76292.574991
76365.549991
76438.524991
76511.499991
76584.524991
76657.549991
76730.549991
76803.524991
76876.499991
76949.474991
77022.499991
77095.499991
77168.524991
77241.524991
77314.499991
77387.474991
77460.449991
77533.449991
77606.474991
77679.499991
77752.499991
77825.474991
77898.449991
77971.424991
78044.424991
78117.449991
78190.474991
78263.449991
78336.449991
78409.424991
78482.399991
78555.399991
78628.399991
78701.424991
78774.424991
78847.424991
78920.399991
78993.374991
79066.374991
79139.374991
79212.374991
79285.399991
79358.374990
79431.374990
79504.374990
79577.349990
79650.349990
79723.349990
79796.349990
79869.374990
79942.349990
80015.324990
80088.324990
80161.299990
80234.324990
80307.349990
80380.349990
80453.324990
80526.299990
80599.274990
80672.274990
80745.299990
80818.324990
80891.324990
80964.299990
81037.274990
81110.249990
81183.249990
81256.249990
81329.274990
81402.274990
81475.274990
81548.249990
81621.224990
81694.224990
81767.224990
81840.249990
81913.249990
81986.224990
82059.224990
82132.199990
82205.199990
82278.199990
82351.199990
82424.199990
82497.199990
82570.199990
82643.174990
82716.174990
82789.149990
82862.174990
82935.174990
83008.174990
83081.174990
83154.149990
83227.124990
83300.124990
83373.124990
83446.149990
83519.149990
83592.149990
83665.124989
83738.099989
83811.099989
83884.099989
83957.124989
84030.149989
84103.124989
84176.099989
84249.074989
84322.049989
84395.074989
84468.099989
84541.099989
84614.074989
84687.049989
84760.049989
84833.024989
84906.024989
84979.049989
