1.000000
29.000000
575.275000
641.350000
697.100000
746.600000
791.750000
834.425000
874.700000
913.550000
951.350000
987.800000
1023.950000
1059.300000
1094.375000
1129.075000
1163.150000
1196.950000
1230.325000
1263.500000
1296.425000
1329.275000
1361.375000
1393.075000
1424.825000
1456.775000
1487.500000
1518.900000
1549.875000
1580.350000
1610.875000
1641.325000
1670.850000
1701.250000
1730.450000
1759.700000
1789.075000
1818.250000
1847.075000
1875.350000
1904.150000
1932.250000
1960.925000
1988.975000
2017.550000
2045.750000
2073.550000
2101.300000
2129.075000
2156.350000
2183.500000
2210.000000
2236.300000
2263.650000
2290.425000
2317.150000
2343.100000
2369.350000
2395.850000
2420.950000
2447.100000
2473.500000
2498.375000
2524.050000
2548.950000
2574.850000
2599.950000
2624.925000
2650.275000
2675.025000
2701.250000
2725.175000
2751.400000
2775.850000
2801.650000
2826.425000
2852.250000
2877.325000
2902.725000
2928.400000
2952.975000
2979.275000
3004.025000
3029.650000
3054.450000
3080.325000
3105.575000
3130.450000
3155.775000
3180.525000
3206.650000
3230.650000
3256.950000
3280.800000
3307.050000
3331.625000
3357.400000
3382.150000
3408.075000
3433.225000
3458.200000
3483.450000
3508.275000
3533.700000
3558.375000
3584.650000
3608.475000
3634.775000
3658.675000
3684.900000
3709.625000
3735.350000
3760.550000
3786.000000
3811.350000
3836.100000
3862.300000
3886.200000
3912.500000
3936.325000
3962.600000
3987.025000
4013.150000
4038.550000
4063.775000
4089.050000
4113.850000
4139.525000
4164.025000
4190.325000
4214.250000
4240.450000
4265.225000
4291.050000
4316.450000
4341.600000
4367.075000
4391.775000
4418.025000
4442.125000
4468.175000
4493.025000
4518.425000
4543.175000
4569.125000
4593.775000
4619.400000
4645.250000
4669.650000
4695.875000
4720.525000
4746.025000
4770.825000
4796.375000
4821.125000
4847.050000
4872.150000
4897.150000
4922.450000
4947.225000
4973.425000
4997.375000
5023.600000
5047.850000
5073.825000
5098.650000
5124.675000
5150.075000
5175.050000
5201.450000
5226.500000
5252.675000
5279.275000
5305.375000
5330.700000
5358.000000
5384.800000
5411.350000
5437.700000
5464.075000
5491.600000
5519.150000
5546.725000
5574.600000
5602.475000
5630.325000
5658.150000
5686.000000
5713.850000
5741.925000
5770.625000
5798.850000
5828.275000
5857.800000
5886.350000
5916.200000
5945.975000
5975.150000
6005.475000
6035.700000
6065.650000
6096.625000
6127.450000
6158.175000
6189.675000
6220.750000
6252.475000
6284.575000
6316.475000
6348.400000
6380.550000
6413.500000
6446.675000
6480.175000
6513.625000
6547.200000
6581.050000
6615.425000
6650.275000
6685.450000
6720.700000
6756.750000
6792.650000
6829.350000
6866.250000
6903.550000
6941.475000
6979.875000
7018.825000
7058.125000
7098.000000
7138.650000
7179.950000
7221.950000
7264.650000
7308.300000
7352.925000
7398.725000
7446.025000
7494.950000
7545.925000
7599.500000
7653.950000
7709.775000
7767.025000
7825.825000
7886.325000
7948.675000
8012.900000
8078.825000
8146.125000
8214.525000
8283.825000
8353.725000
8424.100000
8494.700000
8565.425000
8636.325000
8707.375000
8778.450000
8849.575000
8920.750000
8991.975000
9063.275000
9134.600000
9205.900000
9277.200000
9348.550000
9419.925000
9491.375000
9562.800000
9634.250000
9705.700000
9777.125000
9848.600000
9920.100000
9991.625000
10063.175000
10134.725000
10206.275000
10277.825000
10349.350000
10420.925000
10492.525000
10564.100000
10635.725000
10707.400000
10779.050000
10850.675000
10922.325000
10993.975000
11065.625000
11137.275000
11208.950000
11280.675000
11352.400000
11424.150000
11495.925000
11567.700000
11639.425000
11711.175000
11782.950000
11854.750000
11926.525000
11998.325000
12070.175000
12142.050000
12213.925000
12285.825000
12357.775000
12429.775000
12501.750000
12573.775000
12645.825000
12717.925000
12790.050000
12862.250000
12934.550000
13006.975000
13079.550000
13152.275000
13225.125000
13298.125000
13371.175000
13444.325000
13517.525000
13590.775000
13663.975000
13737.175000
13810.375000
13883.625000
13956.875000
14030.150000
14103.375000
14176.575000
14249.800000
14323.050000
14396.325000
14469.575000
14542.800000
14616.000000
14689.250000
14762.500000
14835.750000
14908.975000
14982.200000
15055.450000
15128.700000
15201.950000
15275.200000
15348.400000
15421.625000
15494.875000
15568.150000
15641.400000
15714.625000
15787.825000
15861.050000
15934.300000
16007.575000
16080.850000
16154.050000
16227.250000
16300.500000
16373.775000
16447.000000
16520.250000
16593.475000
16666.700000
16739.950000
16813.225000
16886.450000
16959.675000
17032.875000
17106.150000
17179.425000
17252.675000
17325.875000
17399.100000
17472.325000
17545.575000
17618.850000
17692.125000
17765.325000
17838.525000
17911.775000
17985.050000
18058.300000
18131.525000
18204.750000
18277.975001
18351.225001
18424.475001
18497.725001
18570.925001
18644.150001
18717.425001
18790.700001
18863.925001
18937.150001
19010.350001
19083.600001
19156.875001
19230.125001
19303.375001
19376.575001
19449.775001
19523.025001
19596.300001
19669.550001
19742.800001
19816.000001
19889.225001
19962.475001
20035.750001
20108.975001
20182.200001
20255.425001
20328.675001
20401.950001
20475.175001
20548.400001
20621.600001
20694.875001
20768.150001
20841.400001
20914.600001
20987.825001
21061.050001
21134.300001
21207.575001
21280.825001
21354.050001
21427.250001
21500.500001
21573.750001
21647.000001
21720.250001
21793.475001
21866.700001
21939.950001
22013.200001
22086.450001
22159.650001
22232.875001
22306.150001
22379.425001
22452.650001
22525.875001
22599.100001
22672.325001
22745.575001
22818.850001
22892.100001
22965.300001
23038.525001
23111.750001
23185.050001
23258.275001
23331.525001
23404.750001
23477.975001
23551.225001
23624.475001
23697.725001
23770.925001
23844.150001
23917.425001
23990.700001
24063.925001
24137.125001
24210.350001
24283.575001
24356.850001
24430.125001
24503.350001
24576.575001
24649.775001
24723.025001
24796.300001
24869.550001
24942.775001
25016.000001
25089.225001
25162.475001
25235.725001
25308.975001
25382.200001
25455.425001
25528.675001
25601.950001
25675.175001
25748.400001
25821.600001
25894.850001
25968.125001
26041.400001
26114.600001
26187.825001
26261.025001
26334.275001
26407.575001
26480.825001
26554.050001
26627.250001
26700.500001
26773.750001
26847.000001
26920.225001
26993.475001
27066.700001
27139.925001
27213.200001
27286.450001
27359.650001
27432.875001
27506.125001
27579.425001
27652.650001
27725.875001
27799.075001
27872.300001
27945.575001
28018.850001
28092.100001
28165.300001
28238.500001
28311.750001
28385.025001
28458.275001
28531.500001
28604.750001
28677.950001
28751.200001
28824.475001
28897.700001
28970.925001
29044.150001
29117.400001
29190.675001
29263.900001
29337.125001
29410.350001
29483.575001
29556.850001
29630.125001
29703.350001
29776.550001
29849.775001
29923.025001
29996.300001
30069.550001
30142.775001
30216.000001
30289.225001
30362.475001
30435.725001
30508.950001
30582.200001
30655.425001
30728.675001
30801.925001
30875.175001
30948.375001
31021.600001
31094.850001
31168.125001
31241.375001
31314.600001
31387.825001
31461.025001
31534.275001
31607.575001
31680.825001
31754.025001
31827.225001
31900.475001
31973.750001
32047.000001
32120.225001
32193.450001
32266.675001
32339.925001
32413.200001
32486.425001
32559.650001
32632.875001
32706.125001
32779.425001
32852.650001
32925.875001
32999.075001
33072.300001
33145.575001
33218.850001
33292.100001
33365.300001
33438.500001
33511.750001
33585.025001
33658.275001
33731.500001
33804.725001
33877.950001
33951.200001
34024.450001
34097.700001
34170.925001
34244.150001
34317.400001
34390.675001
34463.900001
34537.125001
34610.325001
34683.575001
34756.850001
34830.125001
34903.350001
34976.550001
35049.750001
35123.000001
35196.300001
35269.550001
35342.775001
35415.975001
35489.225001
35562.475001
35635.725001
35708.950001
35782.175001
35855.425001
35928.675001
36001.925001
36075.175001
36148.375001
36221.600001
36294.850001
36368.125001
36441.375000
36514.600000
36587.800000
36661.025000
36734.275000
36807.550000
36880.800000
36954.025000
37027.225000
37100.475000
37173.725000
37246.975000
37320.225000
37393.450000
37466.675000
37539.925000
37613.200000
37686.425000
37759.625000
37832.850000
37906.125000
37979.400000
38052.625000
38125.850000
38199.075000
38272.300000
38345.550000
38418.825000
38492.100000
38565.300000
38638.500000
38711.750000
38785.025000
38858.250000
38931.500000
39004.725000
39077.950000
39151.200000
39224.450000
39297.700000
39370.900000
39444.125000
39517.400000
39590.675000
39663.900000
39737.125000
39810.325000
39883.575000
39956.825000
40030.100000
40103.350000
40176.550000
40249.750000
40323.000000
40396.275000
40469.525000
40542.775000
40615.975000
40689.200000
40762.449999
40835.724999
40908.949999
40982.174999
41055.399999
41128.649999
41201.924999
41275.149999
41348.374999
41421.574999
41494.849999
41568.124999
41641.374999
41714.574999
41787.799999
41860.999999
41934.274999
42007.549999
42080.799999
42154.024999
42227.224999
42300.474999
42373.724999
42446.974999
42520.224999
42593.449999
42666.674999
42739.924999
42813.174999
42886.424999
42959.624999
43032.849999
43106.124999
43179.399999
43252.624999
43325.849999
43399.049999
43472.274999
43545.549999
43618.824999
43692.074999
43765.274999
43838.499999
43911.724999
43984.999999
44058.249999
44131.499999
44204.724999
44277.949999
44351.199999
44424.449999
44497.699999
44570.899999
44644.124999
44717.399999
44790.674999
44863.899999
44937.099999
45010.324998
45083.549998
45156.824998
45230.099998
45303.324998
45376.549998
45449.749998
45522.999998
45596.274998
45669.524998
45742.749998
45815.974998
45889.199998
45962.449998
46035.699998
46108.949998
46182.174998
46255.399998
46328.649998
46401.924998
46475.149998
46548.374998
46621.574998
46694.824998
46768.099998
46841.374998
46914.574998
46987.799998
47060.999998
47134.249998
47207.549998
47280.799998
47354.024998
47427.224998
47500.449998
47573.724998
47646.974998
47720.199998
47793.449998
47866.674998
47939.899998
48013.174998
48086.399998
48159.624998
48232.849998
48306.099998
48379.399998
48452.624998
48525.849998
48599.049998
48672.274998
48745.549998
48818.824998
48892.074998
48965.274998
49038.474998
49111.724998
49184.999998
49258.249998
49331.474997
49404.724997
49477.924997
49551.174997
49624.449997
49697.674997
49770.899997
49844.124997
49917.374997
49990.649997
50063.874997
50137.099997
50210.324997
50283.549997
50356.824997
50430.099997
50503.324997
50576.524997
50649.749997
50722.999997
50796.274997
50869.524997
50942.749997
51015.974997
51089.199997
51162.449997
51235.699997
51308.924997
51382.174997
51455.399997
51528.649997
51601.899997
51675.149997
51748.349997
51821.574997
51894.824997
51968.099997
52041.349997
52114.574997
52187.774997
52260.999997
52334.249997
52407.549997
52480.799997
52553.999997
52627.199997
52700.449997
52773.724997
52846.974997
52920.199997
52993.424997
53066.649997
53139.899997
53213.174997
53286.399997
53359.624997
53432.849997
53506.099997
53579.374997
53652.624996
53725.824996
53799.049996
53872.274996
53945.524996
54018.824996
54092.074996
54165.274996
54238.474996
54311.724996
54384.999996
54458.249996
54531.474996
54604.699996
54677.924996
54751.174996
54824.424996
54897.674996
54970.899996
55044.124996
55117.374996
55190.649996
55263.874996
55337.099996
55410.299996
55483.549996
55556.824996
55630.099996
55703.324996
55776.524996
55849.724996
55922.974996
55996.274996
56069.524996
56142.749996
56215.949996
56289.174996
56362.424996
56435.699996
56508.924996
56582.149996
56655.374996
56728.624996
56801.899996
56875.149996
56948.349996
57021.574996
57094.824996
57168.099996
57241.349996
57314.574996
57387.774996
57460.999996
57534.249996
57607.524996
57680.774996
57753.999996
57827.199996
57900.449995
57973.699995
58046.949995
58120.199995
58193.424995
58266.649995
58339.899995
58413.149995
58486.399995
58559.599995
58632.824995
58706.099995
58779.374995
58852.599995
58925.824995
58999.049995
59072.274995
59145.524995
59218.799995
59292.049995
59365.249995
59438.474995
59511.699995
59584.999995
59658.224995
59731.474995
59804.699995
59877.924995
59951.174995
60024.424995
60097.674995
60170.874995
60244.099995
60317.374995
60390.649995
60463.874995
60537.074995
60610.299995
60683.549995
60756.799995
60830.074995
60903.324995
60976.524995
61049.724995
61122.974995
61196.249995
61269.499995
61342.749995
61415.949995
61489.174995
61562.424995
61635.674995
61708.924995
61782.149995
61855.374995
61928.624995
62001.899995
62075.124995
62148.349995
62221.549994
62294.824994
62368.074994
62441.349994
62514.549994
62587.774994
62660.974994
62734.224994
62807.524994
62880.774994
62953.999994
63027.199994
63100.449994
63173.699994
63246.949994
63320.199994
63393.424994
63466.649994
63539.874994
63613.149994
63686.399994
63759.599994
63832.824994
63906.099994
63979.374994
64052.599994
64125.824994
64199.024994
64272.249994
64345.524994
64418.799994
64492.049994
64565.249994
64638.449994
64711.699994
64784.974994
64858.224994
64931.449994
65004.699994
65077.899994
65151.149994
65224.424994
65297.649994
65370.874994
65444.099994
65517.374994
65590.624994
65663.874994
65737.074994
65810.299994
65883.524994
65956.799994
66030.074994
66103.299994
66176.499994
66249.724994
66322.974994
66396.249994
66469.499993
66542.724993
66615.949993
66689.174993
66762.424993
66835.674993
66908.924993
66982.149993
67055.374993
67128.624993
67201.899993
67275.124993
67348.349993
67421.549993
67494.799993
67568.074993
67641.324993
67714.549993
67787.774993
67860.974993
67934.224993
68007.524993
68080.774993
68153.999993
68227.199993
68300.424993
68373.699993
68446.949993
68520.174993
68593.399993
68666.624993
68739.874993
68813.149993
68886.374993
68959.599993
69032.824993
69106.074993
69179.349993
69252.599993
69325.824993
69399.024993
69472.249993
69545.499993
69618.799993
69692.049993
69765.249993
69838.449993
69911.699993
69984.974993
70058.224993
70131.449993
70204.699993
70277.899993
70351.149993
70424.399993
70497.649993
70570.874993
70644.099993
70717.349993
70790.624992
70863.849992
70937.074992
71010.299992
71083.524992
71156.799992
71230.074992
71303.299992
71376.499992
71449.724992
71522.974992
71596.249992
71669.499992
71742.724992
71815.924992
71889.174992
71962.424992
72035.674992
72108.899992
72182.149992
72255.374992
72328.624992
72401.874992
72475.124992
72548.324992
72621.549992
72694.799992
72768.074992
72841.324992
72914.549992
72987.749992
73060.974992
73134.224992
73207.524992
73280.774992
73353.974992
73427.174992
73500.424992
73573.674992
73646.924992
73720.174992
73793.399992
73866.624992
73939.874992
74013.149992
74086.374992
74159.599992
74232.799992
74306.074992
74379.349992
74452.599992
74525.799992
74599.024992
74672.249992
74745.499992
74818.774992
74892.049992
74965.249992
75038.449992
75111.699991
75184.974991
75258.224991
75331.449991
75404.674991
75477.899991
75551.149991
75624.399991
75697.649991
75770.849991
75844.074991
75917.349991
75990.624991
76063.849991
76137.074991
76210.274991
76283.524991
76356.774991
76430.049991
76503.299991
76576.499991
76649.699991
76722.949991
76796.224991
76869.474991
76942.724991
77015.924991
77089.149991
77162.399991
77235.674991
77308.899991
77382.124991
77455.349991
77528.599991
77601.874991
77675.099991
77748.324991
77821.549991
77894.799991
77968.074991
78041.324991
78114.549991
78187.749991
78260.974991
78334.224991
78407.499991
78480.749991
78553.974991
78627.174991
78700.424991
78773.674991
78846.924991
78920.174991
78993.399991
79066.624991
79139.874991
79213.124991
79286.374991
79359.574990
79432.799990
79506.074990
79579.349990
79652.574990
79725.799990
79799.024990
79872.224990
79945.499990
80018.774990
80092.024990
80165.224990
80238.449990
80311.674990
80384.949990
80458.199990
80531.449990
80604.674990
80677.899990
80751.149990
80824.399990
80897.649990
80970.849990
81044.074990
81117.349990
81190.624990
81263.849990
81337.049990
81410.274990
81483.499990
81556.774990
81630.049990
81703.274990
81776.499990
81849.699990
81922.949990
81996.224990
82069.474990
82142.699990
82215.924990
82289.149990
82362.399990
82435.649990
82508.899990
82582.124990
82655.349990
82728.599990
82801.874990
82875.099990
82948.324990
83021.524990
83094.774990
83168.049990
83241.324990
83314.524990
83387.749990
83460.949990
83534.199990
83607.499990
83680.749989
83753.974989
83827.174989
83900.399989
83973.674989
84046.924989
84120.149989
84193.399989
84266.624989
84339.849989
84413.124989
84486.349989
84559.574989
84632.799989
84706.049989
84779.349989
84852.574989
84925.799989
84998.999989
