20.000000
4.000000
510.475000
559.425000
603.650000
644.275000
681.775000
717.350000
750.725000
781.800000
811.700000
839.750000
867.125000
892.625000
917.550000
942.225000
966.025000
989.525000
1012.075000
1034.300000
1056.375000
1078.475000
1100.475000
1121.750000
1142.600000
1163.475000
1184.200000
1204.975000
1225.675000
1245.875000
1266.150000
1286.425000
1306.375000
1325.925000
1345.450000
1364.850000
1384.250000
1403.625000
1423.000000
1442.375000
1461.825000
1481.175000
1500.550000
1519.100000
1537.425000
1556.275000
1574.625000
1592.625000
1611.225000
1629.075000
1647.025000
1664.775000
1682.850000
1700.750000
1718.825000
1736.825000
1754.075000
1771.750000
1789.575000
1806.600000
1823.775000
1841.150000
1858.025000
1875.550000
1892.450000
1909.250000
1925.875000
1942.525000
1959.200000
1975.800000
1992.450000
2009.125000
2025.725000
2042.375000
2059.050000
2075.650000
2092.250000
2108.025000
2124.275000
2139.925000
2156.275000
2172.725000
2188.450000
2203.750000
2219.300000
2234.400000
2250.625000
2266.200000
2281.400000
2296.750000
2311.975000
2327.400000
2342.450000
2357.725000
2372.975000
2388.275000
2403.525000
2417.825000
2432.850000
2447.900000
2462.175000
2476.300000
2491.150000
2506.250000
2520.325000
2534.450000
2548.300000
2562.275000
2576.050000
2589.975000
2603.825000
2617.650000
2631.575000
2645.425000
2659.350000
2673.200000
2687.125000
2700.975000
2714.900000
2728.825000
2742.625000
2756.600000
2770.400000
2784.375000
2798.175000
2812.150000
2825.950000
2839.925000
2853.800000
2867.650000
2881.575000
2895.425000
2909.350000
2923.200000
2937.125000
2950.975000
2964.900000
2978.825000
2992.625000
3006.600000
3020.400000
3034.375000
3048.175000
3062.150000
3075.950000
3089.925000
3103.800000
3117.650000
3131.575000
3145.425000
3159.350000
3173.200000
3187.125000
3200.975000
3214.900000
3228.825000
3242.625000
3256.600000
3270.400000
3284.375000
3298.175000
3312.150000
3325.950000
3339.925000
3353.800000
3367.650000
3381.575000
3395.425000
3409.350000
3423.200000
3437.125000
3450.975000
3464.900000
3478.825000
3492.625000
3506.600000
3520.400000
3534.375000
3548.175000
3562.150000
3575.950000
3589.925000
3603.800000
3617.650000
3631.575000
3645.425000
3659.350000
3673.200000
3687.125000
3700.975000
3714.900000
3728.825000
3742.625000
3756.600000
3770.400000
3784.375000
3798.175000
3812.150000
3825.950000
3839.925000
3853.800000
3867.650000
3881.575000
3895.425000
3909.350000
3923.200000
3937.125000
3950.975000
3964.900000
3978.825000
3992.625000
4006.600000
4020.400000
4034.375000
4048.175000
4062.150000
4075.950000
4089.925000
4103.800000
4117.650000
4131.575000
4145.425000
4159.350000
4173.200000
4187.125000
4200.975000
4214.900000
4228.825000
4242.625000
4256.600000
4270.400000
4284.375000
4298.175000
4312.150000
4325.950000
4339.925000
4353.800000
4367.650000
4381.575000
4395.425000
4409.350000
4423.200000
4437.125000
4450.975000
4464.900000
4478.825000
4492.625000
4506.600000
4520.400000
4534.375000
4548.175000
4562.150000
4575.950000
4589.925000
4603.800000
4617.650000
4631.575000
4645.425000
4659.350000
4673.200000
4687.125000
4700.975000
4714.900000
4728.825000
4742.625000
4756.600000
4770.400000
4784.375000
4798.175000
4812.150000
4825.950000
4839.925000
4853.800000
4867.650000
4881.575000
4895.425000
4909.350000
4923.200000
4937.125000
4950.975000
4964.900000
4978.825000
4992.625000
5006.600000
5020.400000
5034.375000
5048.175000
5062.150000
5075.950000
5089.925000
5103.825000
5117.700000
5131.650000
5145.550000
5159.550000
5173.975000
5189.375000
5203.725000
5217.875000
5232.850000
5247.900000
5262.250000
5277.350000
5292.400000
5307.600000
5322.950000
5338.325000
5353.575000
5368.900000
5384.175000
5399.650000
5414.750000
5430.100000
5445.350000
5461.700000
5477.350000
5492.575000
5508.150000
5523.400000
5539.625000
5556.200000
5572.725000
5588.675000
5604.900000
5620.525000
5636.900000
5653.525000
5670.150000
5686.850000
5703.550000
5720.200000
5736.925000
5753.625000
5770.275000
5787.025000
5803.750000
5820.400000
5837.200000
5854.000000
5870.775000
5888.300000
5906.200000
5923.200000
5941.075000
5959.025000
5976.175000
5994.050000
6011.900000
6029.950000
6048.000000
6066.275000
6084.225000
6102.425000
6120.375000
6139.500000
6157.850000
6176.075000
6195.150000
6213.800000
6232.750000
6252.050000
6270.850000
6289.850000
6309.150000
6328.625000
6348.025000
6367.550000
6387.075000
6406.700000
6426.225000
6446.525000
6467.200000
6487.100000
6507.675000
6528.500000
6549.325000
6570.150000
6591.125000
6612.025000
6633.100000
6654.075000
6675.650000
6697.125000
6718.850000
6740.950000
6763.125000
6785.425000
6807.750000
6830.125000
6852.775000
6875.650000
6898.325000
6921.600000
6945.125000
6968.775000
6992.475000
7016.400000
7040.700000
7064.875000
7089.625000
7114.575000
7139.700000
7164.900000
7190.750000
7216.675000
7242.675000
7269.150000
7296.075000
7323.225000
7350.850000
7378.900000
7407.550000
7436.750000
7466.425000
7496.750000
7527.950000
7560.000000
7593.175000
7627.100000
7661.750000
7697.125000
7733.250000
7770.275000
7808.175000
7847.075000
7887.100000
7928.425000
7971.100000
8015.400000
8061.625000
8110.125000
8161.500000
8216.700000
8278.250000
