10.000000
4.000000
291.500000
372.400000
442.425000
505.600000
563.550000
617.675000
667.900000
714.475000
758.450000
800.900000
841.525000
880.825000
919.375000
957.300000
994.425000
1030.525000
1066.600000
1101.900000
1136.550000
1170.875000
1205.075000
1238.700000
1271.800000
1304.450000
1336.500000
1369.075000
1401.125000
1432.000000
1463.425000
1494.325000
1524.725000
1554.975000
1585.325000
1614.950000
1644.525000
1673.675000
1702.550000
1730.625000
1758.650000
1787.000000
1815.100000
1842.825000
1870.000000
1897.300000
1924.800000
1951.650000
1979.100000
2005.450000
2030.850000
2057.925000
2084.475000
2109.650000
2135.750000
2161.150000
2186.050000
2211.300000
2236.025000
2261.025000
2285.850000
2309.775000
2334.775000
2358.300000
2382.050000
2406.875000
2430.400000
2453.075000
2476.500000
2500.200000
2523.725000
2547.000000
2569.475000
2591.825000
2614.050000
2636.400000
2659.625000
2682.125000
2705.550000
2729.125000
2751.575000
2774.750000
2797.225000
2819.550000
2841.975000
2864.550000
2887.700000
2911.100000
2934.600000
2957.250000
2980.400000
3002.800000
3025.125000
3047.475000
3070.625000
3093.150000
3115.675000
3139.100000
3162.575000
3185.625000
3208.275000
3230.625000
3253.000000
3275.875000
3298.725000
3321.125000
3344.625000
3368.125000
3391.200000
3413.825000
3436.150000
3458.450000
3480.775000
3504.125000
3526.500000
3548.850000
3572.200000
3595.800000
3618.300000
3641.550000
3663.875000
3686.175000
3708.475000
3730.800000
3754.175000
3776.500000
3798.900000
3822.325000
3845.850000
3868.375000
3891.600000
3913.900000
3936.200000
3958.500000
3980.875000
4004.250000
4026.575000
4049.400000
4073.600000
4096.125000
4119.325000
4141.750000
4163.975000
4186.275000
4208.650000
4231.900000
4254.475000
4277.725000
4301.325000
4323.825000
4347.000000
4369.450000
4391.825000
4414.050000
4436.400000
4459.575000
4482.100000
4505.475000
4529.050000
4551.550000
4574.700000
4597.225000
4619.550000
4641.975000
4664.450000
4687.650000
4710.975000
4734.325000
4757.275000
4780.425000
4802.825000
4825.125000
4847.525000
4870.700000
4893.175000
4915.775000
4939.650000
4963.075000
4986.050000
5008.375000
5030.700000
5053.400000
5076.475000
5098.900000
5123.275000
5146.400000
5169.525000
5193.050000
5217.275000
5241.550000
5264.225000
5289.025000
5313.600000
5337.400000
5362.550000
5386.175000
5411.325000
5436.050000
5461.300000
5486.100000
5512.425000
5537.325000
5563.550000
5590.025000
5615.375000
5641.675000
5668.350000
5695.700000
5722.275000
5748.725000
5776.100000
5803.125000
5830.650000
5858.350000
5886.150000
5914.050000
5942.875000
5971.250000
6001.200000
6030.300000
6059.575000
6089.875000
6119.450000
6149.975000
6180.375000
6211.250000
6242.225000
6274.200000
6306.675000
6338.650000
6370.775000
6403.675000
6436.750000
6470.575000
6504.375000
6538.800000
6573.625000
6608.400000
6644.325000
6680.375000
6717.525000
6754.875000
6792.850000
6831.300000
6870.600000
6910.575000
6951.425000
6992.875000
7035.500000
7079.225000
7123.800000
7169.575000
7217.025000
7266.075000
7317.225000
7370.525000
7426.650000
7486.775000
7552.525000
7624.350000
7696.925000
7771.000000
7846.575000
7923.475000
8001.500000
8080.725000
8161.025000
8242.175000
8323.850000
8405.775000
8487.925000
8570.250000
8652.700000
8735.300000
8818.025000
8900.850000
8983.900000
9067.200000
9150.900000
9235.125000
9319.775000
9404.650000
9489.650000
9574.700000
9659.750000
9744.825000
9829.950000
9915.050000
10000.175000
10085.350000
10170.525000
10255.725000
10340.975000
10426.225000
10511.525000
10596.950000
10682.425000
10768.125000
10854.050000
10940.200000
11026.450000
11112.800000
11199.125000
11285.550000
11371.925000
11458.300000
11544.675000
11631.050000
11717.475000
11803.850000
11890.250000
11976.575000
12062.950000
12149.325000
12235.750000
12322.125000
12408.475000
12494.850000
12581.250000
12667.675000
12754.050000
12840.425000
12926.750000
13013.150000
13099.550000
13185.925000
13272.300000
13358.650000
13445.050000
13531.450000
13617.875000
13704.225000
13790.625000
13876.950000
13963.375000
14049.750000
14136.125000
14222.475000
14308.850000
14395.275000
14481.675000
14568.075000
14654.425000
14740.800000
14827.175000
14913.575000
14999.950000
15086.300000
15172.675000
15259.050000
15345.500000
15431.875000
15518.250000
15604.625000
15691.025000
15777.400000
15863.775000
15950.125000
16036.475000
16122.875000
16209.275000
16295.700000
16382.050000
16468.450000
16554.825000
16641.250000
16727.600000
16813.950000
16900.325000
16986.675000
17073.100000
17159.500000
17245.875000
17332.225000
17418.650000
17505.050000
17591.450000
17677.800000
17764.150000
17850.525000
17936.900000
18023.325000
18109.675000
18196.075000
18282.425001
18368.850001
18455.250001
18541.625001
18627.975001
18714.325001
18800.725001
18887.125001
18973.525001
19059.850001
19146.250001
19232.650001
19319.075001
19405.450001
19491.825001
19578.175001
19664.550001
19750.950001
19837.325001
19923.700001
20010.050001
20096.450001
20182.850001
20269.275001
20355.625001
20442.000001
20528.375001
20614.750001
20701.175001
20787.500001
20873.900001
20960.250001
21046.675001
21133.075001
21219.450001
21305.825001
21392.200001
21478.600001
21564.975001
21651.375001
21737.700001
21824.100001
21910.475001
21996.900001
22083.250001
22169.625001
22256.000001
22342.400001
22428.825001
22515.175001
22601.550001
22687.900001
22774.300001
22860.700001
22947.075001
23033.450001
23119.825001
23206.225001
23292.625001
23379.025001
23465.375001
23551.750001
23638.100001
23724.525001
23810.900001
23897.275001
23983.625001
24070.025001
24156.450001
24242.825001
24329.225001
24415.550001
24501.950001
24588.325001
24674.725001
24761.075001
24847.450001
24933.825001
25020.225001
25106.650001
25193.025001
25279.425001
25365.750001
25452.150001
25538.550001
25624.925001
25711.275001
25797.625001
25884.025001
25970.450001
26056.850001
26143.200001
26229.600001
26315.975001
26402.375001
26488.750001
26575.100001
26661.450001
26747.850001
26834.275001
26920.650001
27007.050001
27093.400001
27179.825001
27266.200001
27352.575001
27438.925001
27525.300001
27611.650001
27698.050001
27784.475001
27870.825001
27957.225001
28043.600001
28130.025001
28216.400001
28302.775001
28389.125001
28475.475001
28561.875001
28648.275001
28734.675001
28821.025001
28907.425001
28993.800001
29080.225001
29166.600001
29252.950001
29339.300001
29425.675001
29512.100001
29598.475001
29684.850001
29771.200001
29857.625001
29944.025001
30030.425001
30116.775001
30203.125001
30289.525001
30375.900001
30462.300001
30548.650001
30635.050001
30721.400001
30807.850001
30894.225001
30980.600001
31066.975001
31153.325001
31239.750001
31326.125001
31412.500001
31498.850001
31585.250001
31671.625001
31758.050001
31844.425001
31930.775001
32017.175001
32103.550001
32189.975001
32276.300001
32362.700001
32449.025001
32535.450001
32621.850001
32708.225001
32794.600001
32880.975001
32967.375001
33053.775001
33140.175001
33226.500001
33312.875001
33399.250001
33485.675001
33572.050001
33658.425001
33744.800001
33831.175001
33917.600001
34003.975001
34090.350001
34176.700001
34263.075001
34349.475001
34435.875001
34522.225001
34608.600001
34694.975001
34781.400001
34867.825001
34954.175001
35040.550001
35126.875001
35213.300001
35299.675001
35386.050001
35472.425001
35558.775001
35645.200001
35731.600001
35818.000001
35904.350001
35990.750001
36077.100001
36163.525001
36249.875001
36336.225001
36422.600000
36508.975000
36595.425000
36681.800000
36768.200000
36854.550000
36940.950000
37027.325000
37113.725000
37200.075000
37286.425000
37372.800000
37459.200000
37545.625000
37631.975000
37718.375000
37804.750000
37891.175000
37977.550000
38063.900000
38150.250000
38236.625000
38323.025000
38409.425000
38495.825000
38582.175000
38668.575000
38754.975000
38841.375000
38927.725000
39014.075000
39100.450000
39186.825000
39273.250000
39359.625000
39446.000000
39532.375000
39618.775000
39705.175000
39791.575000
39877.925000
39964.275000
40050.650000
40137.050000
40223.450000
40309.800000
40396.200000
40482.575000
40569.000000
40655.375000
40741.749999
40828.099999
40914.474999
41000.874999
41087.249999
41173.649999
41259.974999
41346.374999
41432.774999
41519.199999
41605.574999
41691.924999
41778.299999
41864.674999
41951.099999
42037.449999
42123.824999
42210.174999
42296.599999
42382.999999
42469.399999
42555.749999
42642.124999
42728.524999
42814.899999
42901.299999
42987.624999
43074.024999
43160.399999
43246.824999
43333.199999
43419.574999
43505.949999
43592.324999
43678.749999
43765.124999
43851.499999
43937.824999
44024.224999
44110.624999
44197.024999
44283.374999
44369.749999
44456.149999
44542.549999
44628.974999
44715.299999
44801.674999
44888.024999
44974.449999
45060.824998
45147.199998
45233.574998
45319.949998
45406.374998
45492.749998
45579.149998
45665.499998
45751.874998
45838.249998
45924.649998
46011.024998
46097.374998
46183.749998
46270.149998
46356.574998
46442.949998
46529.349998
46615.674998
46702.074998
46788.474998
46874.849998
46961.199998
47047.574998
47133.974998
47220.374998
47306.799998
47393.149998
47479.549998
47565.899998
47652.299998
47738.674998
47825.049998
47911.399998
47997.774998
48084.199998
48170.574998
48256.974998
48343.324998
48429.749998
48516.124998
48602.524998
48688.874998
48775.224998
48861.599998
48947.974998
49034.399998
49120.774998
49207.174998
49293.524997
49379.949997
49466.349997
49552.699997
49639.049997
49725.399997
49811.799997
49898.199997
49984.599997
50070.949997
50157.349997
50243.724997
50330.174997
50416.549997
50502.899997
50589.249997
50675.624997
50762.024997
50848.399997
50934.799997
51021.149997
51107.549997
51193.949997
51280.374997
51366.724997
51453.074997
51539.449997
51625.824997
51712.249997
51798.599997
51884.974997
51971.324997
52057.774997
52144.149997
52230.549997
52316.899997
52403.274997
52489.649997
52576.049997
52662.449997
52748.774997
52835.174997
52921.549997
53007.974997
53094.349997
53180.724997
53267.099997
53353.474997
53439.899997
53526.249997
53612.624996
53698.974996
53785.374996
53871.774996
53958.174996
54044.549996
54130.899996
54217.299996
54303.699996
54390.099996
54476.424996
54562.824996
54649.174996
54735.599996
54821.974996
54908.349996
54994.724996
55081.099996
55167.524996
55253.924996
55340.299996
55426.624996
55513.024996
55599.399996
55685.799996
55772.174996
55858.524996
55944.924996
56031.324996
56117.749996
56204.099996
56290.474996
56376.824996
56463.224996
56549.599996
56635.999996
56722.349996
56808.724996
56895.124996
56981.524996
57067.949996
57154.299996
57240.674996
57327.024996
57413.449996
57499.824996
57586.174996
57672.549996
57758.924996
57845.349996
57931.724995
58018.124995
58104.474995
58190.874995
58277.249995
58363.649995
58449.999995
58536.349995
58622.724995
58709.124995
58795.549995
58881.924995
58968.324995
59054.674995
59141.099995
59227.474995
59313.849995
59400.199995
59486.549995
59572.949995
59659.349995
59745.749995
59832.099995
59918.499995
60004.899995
60091.324995
60177.674995
60264.024995
60350.374995
60436.749995
60523.174995
60609.549995
60695.949995
60782.299995
60868.724995
60955.099995
61041.524995
61127.849995
61214.199995
61300.574995
61386.974995
61473.374995
61559.724995
61646.124995
61732.499995
61818.924995
61905.324995
61991.699995
62078.049995
62164.399995
62250.799994
62337.174994
62423.574994
62509.924994
62596.324994
62682.699994
62769.124994
62855.499994
62941.874994
63028.224994
63114.599994
63201.024994
63287.374994
63373.774994
63460.124994
63546.524994
63632.924994
63719.324994
63805.699994
63892.049994
63978.449994
64064.824994
64151.224994
64237.574994
64323.949994
64410.324994
64496.749994
64583.124994
64669.499994
64755.874994
64842.274994
64928.674994
65015.049994
65101.424994
65187.774994
65274.149994
65360.549994
65446.949994
65533.324994
65619.699994
65706.074994
65792.474994
65878.899994
65965.249994
66051.624994
66137.949994
66224.374994
66310.749994
66397.149994
66483.499993
66569.874993
66656.299993
66742.699993
66829.099993
66915.424993
67001.799993
67088.174993
67174.599993
67260.949993
67347.324993
67433.699993
67520.074993
67606.499993
67692.899993
67779.274993
67865.624993
67952.024993
68038.399993
68124.799993
68211.149993
68297.499993
68383.899993
68470.299993
68556.724993
68643.074993
68729.474993
68815.824993
68902.224993
68988.599993
69074.974993
69161.324993
69247.699993
69334.099993
69420.499993
69506.924993
69593.274993
69679.674993
69766.049993
69852.449993
69938.799993
70025.149993
70111.524993
70197.899993
70284.324993
70370.699993
70457.099993
70543.449993
70629.874993
70716.274993
70802.649992
70888.999992
70975.349992
71061.724992
71148.124992
71234.549992
71320.899992
71407.299992
71493.674992
71580.099992
71666.474992
71752.824992
71839.174992
71925.549992
72011.949992
72098.324992
72184.724992
72271.074992
72357.499992
72443.874992
72530.299992
72616.674992
72702.999992
72789.374992
72875.749992
72962.174992
73048.524992
73134.924992
73221.274992
73307.699992
73394.099992
73480.474992
73566.849992
73653.199992
73739.574992
73825.974992
73912.374992
73998.699992
74085.099992
74171.474992
74257.899992
74344.299992
74430.674992
74517.024992
74603.399992
74689.824992
74776.174992
74862.574992
74948.899992
75035.299992
75121.699991
75208.099991
75294.474991
75380.849991
75467.249991
75553.624991
75640.024991
75726.374991
75812.749991
75899.099991
75985.524991
76071.899991
76158.299991
76244.674991
76331.024991
76417.449991
76503.849991
76590.224991
76676.549991
76762.949991
76849.324991
76935.724991
77022.099991
77108.474991
77194.849991
77281.249991
77367.674991
77454.049991
77540.424991
77626.749991
77713.149991
77799.524991
77885.924991
77972.299991
78058.649991
78145.049991
78231.449991
78317.874991
78404.224991
78490.599991
78576.949991
78663.374991
78749.749991
78836.124991
78922.474991
79008.849991
79095.274991
79181.674991
79268.074991
79354.424990
79440.799990
79527.174990
79613.574990
79699.949990
79786.299990
79872.674990
79959.049990
80045.474990
80131.849990
80218.249990
80304.599990
80391.024990
80477.399990
80563.774990
80650.124990
80736.474990
80822.874990
80909.274990
80995.699990
81082.049990
81168.449990
81254.824990
81341.249990
81427.599990
81513.949990
81600.324990
81686.674990
81773.099990
81859.474990
81945.874990
82032.224990
82118.649990
82205.049990
82291.449990
82377.799990
82464.149990
82550.499990
82636.899990
82723.324990
82809.674990
82896.074990
82982.424990
83068.849990
83155.249990
83241.624990
83327.974990
83414.324990
83500.724990
83587.099990
83673.499989
83759.849989
83846.249989
83932.624989
84019.074989
84105.449989
84191.799989
84278.174989
84364.524989
84450.949989
84537.324989
84623.699989
84710.049989
84796.449989
84882.849989
84969.274989
