1.000000
6.000000
359.975000
438.775000
507.500000
569.075000
624.750000
675.600000
723.175000
767.975000
810.825000
852.375000
892.800000
932.100000
970.675000
1008.350000
1045.850000
1082.500000
1119.050000
1154.875000
1190.375000
1224.900000
1259.300000
1293.100000
1326.450000
1359.650000
1392.625000
1425.000000
1457.700000
1490.125000
1521.225000
1552.675000
1584.325000
1614.850000
1645.800000
1675.875000
1706.725000
1735.975000
1765.325000
1795.375000
1824.625000
1852.975000
1881.800000
1909.900000
1938.425000
1966.875000
1994.900000
2023.325000
2051.150000
2078.775000
2105.700000
2132.150000
2158.425000
2185.775000
2212.525000
2238.650000
2263.950000
2290.500000
2316.225000
2341.700000
2368.000000
2392.825000
2418.200000
2442.975000
2468.150000
2492.400000
2518.075000
2541.775000
2566.625000
2591.225000
2614.550000
2640.300000
2663.850000
2687.675000
2712.625000
2736.125000
2760.125000
2785.175000
2808.575000
2833.550000
2858.125000
2881.875000
2906.925000
2930.500000
2954.400000
2979.350000
3002.875000
3026.675000
3051.550000
3075.125000
3099.525000
3124.600000
3148.525000
3173.550000
3197.175000
3220.900000
3245.875000
3269.475000
3293.250000
3318.175000
3341.775000
3366.425000
3391.225000
3414.675000
3440.300000
3463.850000
3487.650000
3512.625000
3536.125000
3560.100000
3585.100000
3608.475000
3633.400000
3658.025000
3681.725000
3706.900000
3730.500000
3754.350000
3779.325000
3802.850000
3826.625000
3851.525000
3875.075000
3898.975000
3923.875000
3947.425000
3972.275000
3996.875000
4020.725000
4045.775000
4069.400000
4093.150000
4118.100000
4141.725000
4165.600000
4190.550000
4213.975000
4238.800000
4263.425000
4287.075000
4312.475000
4336.050000
4359.850000
4384.825000
4408.325000
4432.250000
4457.200000
4480.650000
4505.550000
4530.200000
4554.075000
4579.150000
4602.750000
4626.450000
4651.425000
4675.000000
4698.750000
4723.700000
4747.275000
4771.050000
4795.950000
4819.525000
4843.575000
4868.925000
4893.000000
4918.050000
4941.675000
4965.450000
4990.400000
5013.900000
5037.850000
5062.825000
5086.225000
5111.200000
5135.900000
5159.900000
5185.525000
5210.000000
5235.850000
5261.075000
5286.025000
5312.375000
5337.300000
5363.575000
5390.150000
5415.400000
5441.675000
5468.350000
5495.700000
5522.225000
5548.625000
5575.425000
5602.825000
5630.425000
5658.150000
5685.950000
5713.775000
5741.775000
5770.325000
5798.800000
5828.325000
5857.900000
5887.000000
5917.600000
5947.100000
5976.800000
6007.800000
6038.475000
6069.300000
6100.875000
6131.900000
6163.625000
6195.775000
6227.850000
6259.950000
6292.850000
6325.925000
6359.475000
6393.050000
6427.400000
6462.350000
6497.050000
6532.250000
6568.250000
6604.300000
6641.300000
6678.925000
6716.650000
6755.050000
6794.200000
6833.925000
6874.475000
6915.425000
6957.500000
7000.500000
7044.350000
7089.125000
7135.350000
7182.975000
7232.025000
7283.050000
7336.200000
7392.225000
7451.900000
7516.475000
7588.925000
7664.200000
7741.075000
7819.250000
7898.425000
7978.650000
8059.950000
8142.550000
8226.350000
8310.950000
8396.025000
8481.325000
8566.800000
8652.425000
8738.150000
8824.075000
8910.050000
8996.200000
9082.475000
9169.025000
9255.825000
9343.025000
9430.825000
9519.250000
9608.050000
9697.075000
9786.200000
9875.425000
9964.775000
10054.250000
10143.850000
10233.650000
10323.625000
10413.875000
10504.450000
10595.550000
10687.200000
10779.500000
10872.275000
10965.500000
11059.150000
11153.100000
11247.350000
11341.775000
11436.325000
11530.950000
11625.650000
11720.400000
11815.100000
11909.825000
12004.550000
12099.275000
12194.050000
12288.775000
12383.525000
12478.250000
12573.025000
12667.825000
12762.575000
12857.375000
12952.150000
13046.950000
13141.700000
13236.450000
13331.200000
13425.975000
13520.725000
13615.450000
13710.175000
13804.925000
13899.675000
13994.425000
14089.150000
14183.900000
14278.675000
14373.475000
14468.250000
14563.000000
14657.825000
14752.575000
14847.350000
14942.100000
15036.850000
15131.625000
15226.350000
15321.075000
15415.800000
15510.550000
15605.325000
15700.050000
15794.800000
15889.525000
15984.325000
16079.100000
16173.875000
16268.650000
16363.450000
16458.250000
16552.975000
16647.725000
16742.500000
16837.250000
16932.000000
17026.700000
17121.450000
17216.200000
17310.950000
17405.700000
17500.425000
17595.200000
17689.975000
17784.750000
17879.525000
17974.300000
18069.125000
18163.850000
18258.625001
18353.350001
18448.125001
18542.900001
18637.625001
18732.350001
18827.075001
18921.850001
19016.600001
19111.300001
19206.075001
19300.850001
19395.650001
19490.400001
19585.175001
19679.975001
19774.750001
19869.525001
19964.250001
20059.025001
20153.775001
20248.525001
20343.250001
20437.975001
20532.750001
20627.475001
20722.225001
20816.950001
20911.700001
21006.500001
21101.275001
21196.050001
21290.800001
21385.600001
21480.400001
21575.150001
21669.900001
21764.650001
21859.425001
21954.175001
22048.875001
22143.625001
22238.375001
22333.150001
22427.850001
22522.600001
22617.350001
22712.150001
22806.925001
22901.675001
22996.475001
23091.250001
23186.025001
23280.800001
23375.525001
23470.325001
23565.050001
23659.800001
23754.525001
23849.250001
23944.025001
24038.750001
24133.500001
24228.225001
24323.000001
24417.800001
24512.550001
24607.350001
24702.125001
24796.925001
24891.675001
24986.425001
25081.175001
25175.950001
25270.725001
25365.425001
25460.150001
25554.900001
25649.650001
25744.400001
25839.125001
25933.875001
26028.650001
26123.425001
26218.200001
26312.975001
26407.775001
26502.550001
26597.325001
26692.075001
26786.825001
26881.600001
26976.325001
27071.075001
27165.775001
27260.525001
27355.300001
27450.025001
27544.775001
27639.500001
27734.300001
27829.075001
27923.850001
28018.625001
28113.425001
28208.225001
28302.950001
28397.700001
28492.475001
28587.225001
28681.975001
28776.675001
28871.425001
28966.175001
29060.925001
29155.675001
29250.400001
29345.175001
29439.950001
29534.725001
29629.500001
29724.275001
29819.100001
29913.850001
30008.600001
30103.325001
30198.100001
30292.875001
30387.600001
30482.325001
30577.050001
30671.825001
30766.575001
30861.300001
30956.050001
31050.800001
31145.625001
31240.375001
31335.150001
31429.925001
31524.725001
31619.500001
31714.225001
31808.975001
31903.750001
31998.500001
32093.225001
32187.950001
32282.725001
32377.450001
32472.200001
32566.925001
32661.675001
32756.475001
32851.250001
32946.025001
33040.775001
33135.575001
33230.375001
33325.125001
33419.875001
33514.625001
33609.400001
33704.150001
33798.850001
33893.600001
33988.350001
34083.125001
34177.825001
34272.575001
34367.325001
34462.125001
34556.900001
34651.650001
34746.450001
34841.225001
34936.000001
35030.775001
35125.500001
35220.300001
35315.025001
35409.775001
35504.500001
35599.225001
35694.000001
35788.750001
35883.475001
35978.200001
36072.975001
36167.775001
36262.525001
36357.325001
36452.075000
36546.900000
36641.650000
36736.400000
36831.150000
36925.925000
37020.700000
37115.400000
37210.125000
37304.875000
37399.625000
37494.400000
37589.100000
37683.850000
37778.625000
37873.400000
37968.200000
38062.950000
38157.750000
38252.525000
38347.300000
38442.050000
38536.800000
38631.575000
38726.300000
38821.050000
38915.750000
39010.500000
39105.275000
39200.000000
39294.750000
39389.475000
39484.275000
39579.050000
39673.825000
39768.600000
39863.400000
39958.200000
40052.925000
40147.675000
40242.450000
40337.200000
40431.950000
40526.650000
40621.400000
40716.149999
40810.899999
40905.649999
41000.374999
41095.149999
41189.924999
41284.699999
41379.474999
41474.249999
41569.049999
41663.824999
41758.574999
41853.299999
41948.074999
42042.849999
42137.574999
42232.324999
42327.024999
42421.799999
42516.549999
42611.274999
42706.024999
42800.774999
42895.599999
42990.349999
43085.124999
43179.899999
43274.699999
43369.474999
43464.199999
43558.949999
43653.724999
43748.474999
43843.224999
43937.924999
44032.699999
44127.424999
44222.174999
44316.899999
44411.649999
44506.449999
44601.224999
44695.999999
44790.749999
44885.549999
44980.349999
45075.099998
45169.849998
45264.599998
45359.374998
45454.124998
45548.824998
45643.574998
45738.324998
45833.099998
45927.799998
46022.549998
46117.299998
46212.099998
46306.874998
46401.624998
46496.424998
46591.199998
46685.974998
46780.749998
46875.474998
46970.274998
47065.024998
47159.749998
47254.474998
47349.199998
47443.974998
47538.724998
47633.449998
47728.174998
47822.949998
47917.749998
48012.499998
48107.299998
48202.049998
48296.874998
48391.624998
48486.374998
48581.124998
48675.899998
48770.674998
48865.374998
48960.099998
49054.849998
49149.599998
49244.374998
49339.074997
49433.824997
49528.599997
49623.374997
49718.174997
49812.924997
49907.724997
50002.499997
50097.274997
50192.024997
50286.774997
50381.549997
50476.299997
50571.024997
50665.724997
50760.474997
50855.249997
50949.974997
51044.724997
51139.449997
51234.249997
51329.024997
51423.799997
51518.574997
51613.374997
51708.174997
51802.899997
51897.649997
51992.424997
52087.174997
52181.949997
52276.649997
52371.374997
52466.124997
52560.874997
52655.624997
52750.349997
52845.124997
52939.899997
53034.674997
53129.449997
53224.224997
53319.024997
53413.799997
53508.549997
53603.274996
53698.049996
53792.824996
53887.549996
53982.299996
54076.999996
54171.774996
54266.524996
54361.249996
54455.999996
54550.749996
54645.574996
54740.324996
54835.099996
54929.874996
55024.674996
55119.449996
55214.174996
55308.949996
55403.699996
55498.449996
55593.199996
55687.899996
55782.674996
55877.399996
55972.174996
56066.899996
56161.624996
56256.424996
56351.199996
56445.974996
56540.724996
56635.524996
56730.324996
56825.074996
56919.849996
57014.574996
57109.349996
57204.099996
57298.824996
57393.549996
57488.299996
57583.074996
57677.774996
57772.524996
57867.274996
57962.074995
58056.874995
58151.599995
58246.399995
58341.174995
58435.949995
58530.724995
58625.449995
58720.249995
58814.999995
58909.724995
59004.449995
59099.174995
59193.949995
59288.699995
59383.424995
59478.149995
59572.924995
59667.724995
59762.499995
59857.274995
59952.024995
60046.849995
60141.599995
60236.349995
60331.124995
60425.874995
60520.649995
60615.349995
60710.074995
60804.824995
60899.574995
60994.349995
61089.049995
61183.799995
61278.574995
61373.374995
61468.149995
61562.899995
61657.699995
61752.474995
61847.249995
61941.999995
62036.749995
62131.524995
62226.274994
62320.999994
62415.699994
62510.449994
62605.224994
62699.974994
62794.699994
62889.424994
62984.224994
63079.024994
63173.774994
63268.549994
63363.349994
63458.149994
63552.874994
63647.624994
63742.399994
63837.149994
63931.924994
64026.624994
64121.349994
64216.099994
64310.849994
64405.599994
64500.324994
64595.099994
64689.874994
64784.649994
64879.424994
64974.199994
65068.999994
65163.774994
65258.524994
65353.249994
65448.024994
65542.824994
65637.524994
65732.274994
65826.974994
65921.749994
66016.499994
66111.224994
66205.974994
66300.724994
66395.549994
66490.299993
66585.074993
66679.849993
66774.649993
66869.424993
66964.149993
67058.924993
67153.674993
67248.449993
67343.174993
67437.874993
67532.649993
67627.399993
67722.149993
67816.874993
67911.599993
68006.399993
68101.174993
68195.949993
68290.699993
68385.499993
68480.299993
68575.049993
68669.824993
68764.549993
68859.324993
68954.074993
69048.799993
69143.524993
69238.274993
69333.049993
69427.774993
69522.499993
69617.249993
69712.049993
69806.849993
69901.574993
69996.374993
70091.149993
70185.949993
70280.699993
70375.449993
70470.224993
70564.974993
70659.724993
70754.449993
70849.149992
70943.924992
71038.674992
71133.424992
71228.124992
71322.899992
71417.699992
71512.474992
71607.249992
71701.999992
71796.824992
71891.574992
71986.324992
72081.099992
72175.849992
72270.624992
72365.324992
72460.074992
72554.799992
72649.574992
72744.324992
72839.024992
72933.774992
73028.549992
73123.349992
73218.124992
73312.874992
73407.674992
73502.449992
73597.224992
73691.974992
73786.724992
73881.524992
73976.249992
74070.974992
74165.699992
74260.449992
74355.224992
74449.949992
74544.699992
74639.424992
74734.199992
74828.999992
74923.749992
75018.524992
75113.324991
75208.124991
75302.849991
75397.599991
75492.374991
75587.149991
75681.899991
75776.599991
75871.324991
75966.074991
76060.849991
76155.574991
76250.299991
76345.074991
76439.849991
76534.649991
76629.399991
76724.174991
76818.974991
76913.749991
77008.499991
77103.249991
77198.024991
77292.799991
77387.524991
77482.249991
77576.974991
77671.724991
77766.474991
77861.199991
77955.949991
78050.699991
78145.524991
78240.274991
78335.049991
78429.824991
78524.624991
78619.399991
78714.124991
78808.899991
78903.649991
78998.424991
79093.149991
79187.874991
79282.624991
79377.374990
79472.124990
79566.849990
79661.574990
79756.374990
79851.149990
79945.924990
80040.674990
80135.474990
80230.274990
80325.024990
80419.799990
80514.524990
80609.324990
80704.049990
80798.774990
80893.524990
80988.249990
81083.024990
81177.749990
81272.474990
81367.224990
81462.024990
81556.824990
81651.549990
81746.349990
81841.124990
81935.924990
82030.674990
82125.424990
82220.199990
82314.949990
82409.699990
82504.424990
82599.149990
82693.899990
82788.649990
82883.399990
82978.099990
83072.874990
83167.674990
83262.449990
83357.224990
83451.974990
83546.799990
83641.574990
83736.299989
83831.074989
83925.824989
84020.599989
84115.324989
84210.049989
84304.799989
84399.549989
84494.299989
84589.024989
84683.774989
84778.524989
84873.324989
84968.099989
