1.000000
15.000000
431.725000
506.850000
570.725000
626.400000
676.475000
723.275000
767.575000
809.600000
850.350000
890.050000
928.850000
966.575000
1003.500000
1040.250000
1075.975000
1111.600000
1146.775000
1181.175000
1215.325000
1248.825000
1282.125000
1315.150000
1347.725000
1380.375000
1412.725000
1444.650000
1476.125000
1507.825000
1538.975000
1569.475000
1600.500000
1630.550000
1661.000000
1691.225000
1720.700000
1750.625000
1780.250000
1808.700000
1837.650000
1866.750000
1895.675000
1923.750000
1952.175000
1980.350000
2008.125000
2035.850000
2063.550000
2091.250000
2118.350000
2145.775000
2172.400000
2198.600000
2224.950000
2251.525000
2277.800000
2303.075000
2330.025000
2355.950000
2380.875000
2407.225000
2432.100000
2458.000000
2483.025000
2508.150000
2532.675000
2558.100000
2582.075000
2607.150000
2630.750000
2656.725000
2680.525000
2705.500000
2730.300000
2754.300000
2779.425000
2803.150000
2829.175000
2852.825000
2877.675000
2902.525000
2926.425000
2951.475000
2975.175000
3000.600000
3025.000000
3049.750000
3074.725000
3098.650000
3123.700000
3147.400000
3172.775000
3197.225000
3221.800000
3247.000000
3270.900000
3295.950000
3319.650000
3345.525000
3369.450000
3393.850000
3419.250000
3443.150000
3468.200000
3492.075000
3518.000000
3541.725000
3566.775000
3591.525000
3615.400000
3640.500000
3664.050000
3689.675000
3713.875000
3738.875000
3763.625000
3787.575000
3812.675000
3836.225000
3861.425000
3886.000000
3910.050000
3935.600000
3959.750000
3984.875000
4008.450000
4033.600000
4058.200000
4082.225000
4107.700000
4132.000000
4157.100000
4180.700000
4206.050000
4230.525000
4255.500000
4280.300000
4304.300000
4329.450000
4353.250000
4379.200000
4402.850000
4427.825000
4452.575000
4476.450000
4501.500000
4525.200000
4551.025000
4575.000000
4599.275000
4624.800000
4648.675000
4673.725000
4697.450000
4723.350000
4747.200000
4771.350000
4796.950000
4820.875000
4845.950000
4869.625000
4895.425000
4919.450000
4944.125000
4969.200000
4993.125000
5018.175000
5041.925000
5067.925000
5091.700000
5116.800000
5141.600000
5166.775000
5191.625000
5217.825000
5242.100000
5268.300000
5293.425000
5319.425000
5345.875000
5371.075000
5397.250000
5423.950000
5451.250000
5477.500000
5504.150000
5530.575000
5558.100000
5585.725000
5613.475000
5641.425000
5669.200000
5697.075000
5724.925000
5752.850000
5781.000000
5809.800000
5838.900000
5868.100000
5897.100000
5926.300000
5956.625000
5985.975000
6016.375000
6046.825000
6077.375000
6108.150000
6139.300000
6170.525000
6202.325000
6234.550000
6266.525000
6298.450000
6330.650000
6363.650000
6396.925000
6430.350000
6463.825000
6498.000000
6532.750000
6567.975000
6602.800000
6638.575000
6674.650000
6711.100000
6747.850000
6785.600000
6823.625000
6862.225000
6901.250000
6940.975000
6981.300000
7022.475000
7063.975000
7106.825000
7150.400000
7195.250000
7241.250000
7288.550000
7337.400000
7388.225000
7441.525000
7497.650000
7557.725000
7621.575000
7686.275000
7752.275000
7819.425000
7887.550000
7956.725000
8026.875000
8098.225000
8170.925000
8245.225000
8320.800000
8397.275000
8474.300000
8551.675000
8629.300000
8707.150000
8785.175000
8863.400000
8941.800000
9020.325000
9099.025000
9177.875000
9256.950000
9336.125000
9415.475000
9495.075000
9574.875000
9654.875000
9735.150000
9815.575000
9896.425000
9977.600000
10059.200000
10141.125000
10223.200000
10305.300000
10387.400000
10469.525000
10551.675000
10633.800000
10715.925000
10798.100000
10880.275000
10962.450000
11044.575000
11126.675000
11208.800000
11291.000000
11373.175000
11455.325000
11537.425000
11619.575000
11701.725000
11783.875000
11866.025000
11948.175000
12030.375000
12112.525000
12194.650000
12276.750000
12358.900000
12441.075000
12523.275000
12605.400000
12687.525000
12769.675000
12851.825000
12933.975000
13016.125000
13098.275000
13180.450000
13262.600000
13344.725000
13426.825000
13509.000000
13591.175000
13673.350000
13755.500000
13837.600000
13919.750000
14001.900000
14084.075000
14166.225000
14248.375000
14330.525000
14412.675000
14494.825000
14576.925000
14659.075000
14741.275000
14823.450000
14905.575000
14987.675000
15069.825000
15152.000000
15234.175000
15316.325000
15398.450000
15480.600000
15562.750000
15644.900000
15727.025000
15809.175000
15891.375000
15973.525000
16055.650000
16137.775000
16219.925000
16302.075000
16384.275000
16466.425000
16548.525000
16630.675000
16712.825000
16795.000000
16877.125000
16959.275000
17041.475000
17123.625000
17205.750000
17287.850000
17370.000000
17452.175000
17534.375000
17616.500000
17698.625000
17780.775000
17862.925000
17945.100000
18027.225000
18109.375000
18191.550000
18273.700001
18355.825001
18437.950001
18520.100001
18602.275001
18684.475001
18766.600001
18848.700001
18930.850001
19013.000001
19095.200001
19177.325001
19259.475001
19341.625001
19423.775001
19505.925001
19588.050001
19670.200001
19752.375001
19834.575001
19916.700001
19998.800001
20080.950001
20163.100001
20245.300001
20327.425001
20409.575001
20491.725001
20573.875001
20656.025001
20738.150001
20820.325001
20902.475001
20984.650001
21066.775001
21148.875001
21231.025001
21313.200001
21395.400001
21477.525001
21559.650001
21641.800001
21723.950001
21806.100001
21888.250001
21970.425001
22052.575001
22134.750001
22216.875001
22298.975001
22381.125001
22463.325001
22545.500001
22627.625001
22709.750001
22791.900001
22874.050001
22956.225001
23038.350001
23120.525001
23202.675001
23284.825001
23366.950001
23449.075001
23531.225001
23613.425001
23695.600001
23777.700001
23859.825001
23941.975001
24024.125001
24106.325001
24188.450001
24270.600001
24352.750001
24434.900001
24517.050001
24599.150001
24681.325001
24763.525001
24845.700001
24927.800001
25009.900001
25092.050001
25174.225001
25256.425001
25338.550001
25420.700001
25502.825001
25584.975001
25667.125001
25749.250001
25831.425001
25913.600001
25995.775001
26077.875001
26160.000001
26242.150001
26324.325001
26406.525001
26488.650001
26570.775001
26652.900001
26735.075001
26817.225001
26899.350001
26981.525001
27063.675001
27145.850001
27227.950001
27310.075001
27392.225001
27474.425001
27556.600001
27638.725001
27720.850001
27802.975001
27885.150001
27967.300001
28049.450001
28131.625001
28213.775001
28295.925001
28378.025001
28460.150001
28542.325001
28624.500001
28706.700001
28788.800001
28870.925001
28953.050001
29035.225001
29117.400001
29199.550001
29281.700001
29363.825001
29446.000001
29528.125001
29610.250001
29692.400001
29774.600001
29856.775001
29938.875001
30021.000001
30103.125001
30185.300001
30267.500001
30349.625001
30431.775001
30513.900001
30596.075001
30678.200001
30760.325001
30842.500001
30924.675001
31006.850001
31088.950001
31171.075001
31253.200001
31335.400001
31417.575001
31499.725001
31581.850001
31663.975001
31746.150001
31828.275001
31910.425001
31992.600001
32074.775001
32156.950001
32239.050001
32321.150001
32403.300001
32485.475001
32567.675001
32649.800001
32731.925001
32814.050001
32896.225001
32978.375001
33060.525001
33142.700001
33224.850001
33307.025001
33389.125001
33471.250001
33553.375001
33635.575001
33717.775001
33799.900001
33882.025001
33964.125001
34046.300001
34128.450001
34210.600001
34292.775001
34374.925001
34457.100001
34539.200001
34621.325001
34703.475001
34785.675001
34867.850001
34949.975001
35032.100001
35114.225001
35196.400001
35278.550001
35360.700001
35442.875001
35525.000001
35607.175001
35689.275001
35771.425001
35853.575001
35935.775001
36017.950001
36100.050001
36182.175001
36264.300001
36346.475001
36428.650000
36510.800000
36592.950000
36675.075000
36757.250000
36839.375000
36921.525000
37003.675000
37085.850000
37168.025000
37250.125000
37332.250000
37414.400000
37496.575000
37578.750000
37660.900000
37743.025000
37825.150000
37907.325000
37989.475000
38071.625000
38153.775000
38235.950000
38318.100000
38400.225000
38482.350000
38564.475000
38646.675000
38728.850000
38810.975000
38893.100000
38975.225000
39057.425000
39139.550000
39221.725000
39303.875000
39386.025000
39468.200000
39550.300000
39632.425000
39714.575000
39796.775000
39878.950000
39961.075000
40043.200000
40125.325000
40207.500000
40289.650000
40371.825000
40453.950000
40536.100000
40618.275000
40700.399999
40782.524999
40864.674999
40946.874999
41029.049999
41111.149999
41193.274999
41275.399999
41357.599999
41439.774999
41521.924999
41604.049999
41686.174999
41768.349999
41850.474999
41932.624999
42014.774999
42096.974999
42179.124999
42261.249999
42343.374999
42425.499999
42507.699999
42589.874999
42671.999999
42754.124999
42836.274999
42918.449999
43000.574999
43082.724999
43164.874999
43247.049999
43329.224999
43411.324999
43493.449999
43575.599999
43657.799999
43739.974999
43822.099999
43904.224999
43986.349999
44068.524999
44150.674999
44232.849999
44314.974999
44397.149999
44479.299999
44561.424999
44643.549999
44725.699999
44807.899999
44890.074999
44972.199999
45054.299998
45136.449998
45218.624998
45300.799998
45382.949998
45465.074998
45547.224998
45629.399998
45711.499998
45793.649998
45875.799998
45957.999998
46040.149998
46122.274998
46204.399998
46286.524998
46368.724998
46450.899998
46533.049998
46615.174998
46697.299998
46779.474998
46861.599998
46943.749998
47025.899998
47108.099998
47190.249998
47272.374998
47354.499998
47436.624998
47518.824998
47600.999998
47683.149998
47765.249998
47847.374998
47929.549998
48011.699998
48093.849998
48175.999998
48258.174998
48340.324998
48422.449998
48504.574998
48586.724998
48668.924998
48751.099998
48833.224998
48915.324998
48997.474998
49079.649998
49161.799998
49243.949998
49326.099997
49408.249997
49490.399997
49572.524997
49654.674997
49736.799997
49819.024997
49901.174997
49983.299997
50065.399997
50147.549997
50229.724997
50311.899997
50394.049997
50476.174997
50558.324997
50640.474997
50722.599997
50804.749997
50886.899997
50969.099997
51051.249997
51133.374997
51215.474997
51297.624997
51379.824997
51461.974997
51544.149997
51626.249997
51708.399997
51790.549997
51872.699997
51954.849997
52036.999997
52119.199997
52201.349997
52283.449997
52365.549997
52447.699997
52529.899997
52612.074997
52694.224997
52776.324997
52858.474997
52940.624997
53022.774997
53104.924997
53187.099997
53269.274997
53351.424997
53433.524997
53515.649997
53597.799996
53679.999996
53762.174996
53844.299996
53926.399996
54008.549996
54090.699996
54172.874996
54255.024996
54337.174996
54419.349996
54501.499996
54583.624996
54665.724996
54747.874996
54830.074996
54912.249996
54994.399996
55076.474996
55158.624996
55240.799996
55322.949996
55405.124996
55487.249996
55569.424996
55651.574996
55733.699996
55815.799996
55897.974996
55980.174996
56062.349996
56144.474996
56226.574996
56308.699996
56390.874996
56473.049996
56555.224996
56637.349996
56719.499996
56801.649996
56883.774996
56965.899996
57048.074996
57130.274996
57212.424996
57294.549996
57376.649996
57458.799996
57540.974996
57623.149996
57705.299996
57787.424996
57869.574996
57951.724995
58033.874995
58115.999995
58198.174995
58280.349995
58362.499995
58444.624995
58526.724995
58608.874995
58691.074995
58773.249995
58855.399995
58937.499995
59019.649995
59101.799995
59183.949995
59266.099995
59348.249995
59430.424995
59512.574995
59594.724995
59676.824995
59758.974995
59841.174995
59923.349995
60005.474995
60087.574995
60169.724995
60251.874995
60334.049995
60416.199995
60498.349995
60580.524995
60662.649995
60744.799995
60826.899995
60909.074995
60991.249995
61073.424995
61155.574995
61237.674995
61319.824995
61401.974995
61484.149995
61566.299995
61648.424995
61730.599995
61812.749995
61894.874995
61976.999995
62059.174995
62141.349995
62223.524994
62305.649994
62387.749994
62469.899994
62552.074994
62634.249994
62716.399994
62798.524994
62880.674994
62962.824994
63044.974994
63127.099994
63209.274994
63291.449994
63373.599994
63455.724994
63537.824994
63619.999994
63702.174994
63784.349994
63866.499994
63948.599994
64030.749994
64112.899994
64195.074994
64277.199994
64359.374994
64441.524994
64523.674994
64605.824994
64687.924994
64770.099994
64852.274994
64934.449994
65016.574994
65098.699994
65180.824994
65262.999994
65345.174994
65427.299994
65509.474994
65591.624994
65673.774994
65755.899994
65838.024994
65920.199994
66002.374994
66084.549994
66166.674994
66248.774994
66330.924994
66413.099994
66495.274993
66577.424993
66659.549993
66741.699993
66823.849993
66905.999993
66988.124993
67070.299993
67152.474993
67234.649993
67316.774993
67398.874993
67481.024993
67563.199993
67645.374993
67727.524993
67809.649993
67891.799993
67973.949993
68056.099993
68138.224993
68220.399993
68302.574993
68384.724993
68466.849993
68548.949993
68631.124993
68713.299993
68795.499993
68877.599993
68959.724993
69041.874993
69124.024993
69206.199993
69288.324993
69370.499993
69452.649993
69534.799993
69616.949993
69699.049993
69781.224993
69863.399993
69945.599993
70027.699993
70109.824993
70191.949993
70274.124993
70356.299993
70438.449993
70520.599993
70602.724993
70684.899993
70767.024992
70849.149992
70931.324992
71013.499992
71095.674992
71177.774992
71259.899992
71342.049992
71424.199992
71506.399992
71588.524992
71670.674992
71752.799992
71834.974992
71917.124992
71999.249992
72081.424992
72163.599992
72245.749992
72327.874992
72409.974992
72492.124992
72574.299992
72656.499992
72738.624992
72820.749992
72902.899992
72985.049992
73067.199992
73149.324992
73231.524992
73313.674992
73395.849992
73477.949992
73560.049992
73642.224992
73724.399992
73806.599992
73888.724992
73970.849992
74052.949992
74135.124992
74217.299992
74299.424992
74381.599992
74463.749992
74545.924992
74628.024992
74710.149992
74792.299992
74874.499992
74956.674992
75038.799992
75120.899991
75203.024991
75285.199991
75367.374991
75449.524991
75531.699991
75613.824991
75695.974991
75778.099991
75860.224991
75942.399991
76024.574991
76106.774991
76188.874991
76270.974991
76353.124991
76435.299991
76517.474991
76599.624991
76681.774991
76763.899991
76846.049991
76928.174991
77010.299991
77092.499991
77174.674991
77256.849991
77338.949991
77421.074991
77503.199991
77585.374991
77667.574991
77749.699991
77831.849991
77913.974991
77996.124991
78078.274991
78160.399991
78242.574991
78324.749991
78406.924991
78489.024991
78571.149991
78653.274991
78735.474991
78817.674991
78899.799991
78981.924991
79064.049991
79146.199991
79228.349991
79310.499991
79392.674990
79474.824990
79556.999990
79639.099990
79721.224990
79803.374990
79885.549990
79967.749990
80049.874990
80131.999990
80214.124990
80296.299990
80378.449990
80460.599990
80542.774990
80624.899990
80707.074990
80789.199990
80871.299990
80953.474990
81035.649990
81117.849990
81199.949990
81282.074990
81364.199990
81446.374990
81528.549990
81610.699990
81692.849990
81774.999990
81857.149990
81939.274990
82021.399990
82103.574990
82185.749990
82267.924990
82350.049990
82432.174990
82514.274990
82596.474990
82678.649990
82760.799990
82842.924990
82925.074990
83007.249990
83089.349990
83171.499990
83253.674990
83335.849990
83418.024990
83500.124990
83582.249990
83664.374989
83746.574989
83828.749989
83910.874989
83993.024989
84075.149989
84157.324989
84239.449989
84321.599989
84403.749989
84485.924989
84568.099989
84650.199989
84732.324989
84814.474989
84896.649989
84978.849989
