100.000000
15.000000
554.850000
618.150000
674.025000
725.650000
774.775000
821.950000
867.850000
912.400000
955.925000
998.375000
1040.375000
1081.475000
1122.175000
1162.375000
1201.875000
1241.175000
1280.025000
1318.275000
1356.200000
1393.200000
1430.250000
1467.150000
1502.875000
1538.875000
1574.550000
1609.575000
1644.650000
1679.475000
1713.600000
1747.275000
1780.700000
1813.900000
1847.125000
1880.275000
1913.425000
1946.200000
1979.075000
2011.000000
2042.750000
2074.675000
2106.750000
2137.425000
2169.000000
2200.025000
2230.375000
2261.125000
2291.450000
2321.075000
2351.475000
2380.575000
2410.825000
2440.525000
2469.375000
2498.475000
2527.775000
2556.950000
2585.750000
2613.825000
2642.825000
2671.000000
2700.875000
2730.100000
2758.250000
2786.950000
2816.525000
2845.700000
2874.550000
2902.775000
2931.600000
2960.525000
2990.200000
3019.075000
3047.200000
3076.100000
3105.200000
3134.600000
3163.450000
3191.700000
3220.575000
3248.800000
3278.775000
3307.775000
3336.025000
3364.725000
3394.050000
3423.500000
3452.375000
3480.500000
3509.300000
3538.475000
3567.950000
3596.800000
3624.975000
3653.975000
3682.600000
3712.400000
3741.325000
3769.425000
3798.300000
3826.550000
3856.000000
3885.300000
3913.750000
3942.700000
3970.950000
4000.600000
4030.050000
4058.250000
4086.900000
4116.525000
4145.700000
4174.550000
4202.775000
4231.600000
4260.525000
4290.200000
4319.075000
4347.200000
4376.100000
4405.200000
4434.600000
4463.450000
4491.700000
4520.575000
4548.800000
4578.775000
4607.775000
4636.025000
4664.725000
4694.050000
4723.500000
4752.375000
4780.500000
4809.300000
4838.475000
4867.950000
4896.800000
4924.975000
4953.975000
4982.600000
5012.400000
5041.325000
5069.425000
5098.300000
5127.550000
5157.000000
5185.900000
5215.200000
5245.625000
5274.850000
5305.075000
5335.700000
5365.825000
5396.900000
5427.650000
5458.125000
5489.950000
5520.650000
5552.400000
5584.550000
5616.225000
5648.250000
5680.375000
5713.350000
5746.275000
5779.750000
5813.325000
5846.900000
5880.350000
5913.825000
5948.125000
5982.875000
6017.975000
6052.625000
6087.650000
6123.550000
6159.200000
6195.825000
6232.000000
6269.125000
6306.800000
6344.375000
6382.100000
6420.550000
6459.425000
6498.550000
6538.550000
6579.200000
6619.800000
6661.450000
6703.525000
6746.650000
6790.350000
6834.675000
6879.950000
6925.950000
6973.275000
7021.175000
7070.525000
7121.250000
7173.875000
7228.575000
7285.725000
7346.125000
7410.900000
7483.200000
