1.000000
2.000000
330.400000
410.525000
480.225000
542.800000
600.200000
653.075000
702.400000
748.575000
792.750000
835.525000
876.850000
917.675000
957.150000
995.825000
1034.075000
1071.475000
1108.250000
1144.725000
1180.350000
1215.450000
1250.825000
1285.525000
1319.425000
1352.825000
1385.975000
1419.125000
1451.725000
1484.475000
1516.375000
1547.525000
1579.325000
1609.900000
1641.200000
1671.450000
1702.325000
1732.000000
1762.325000
1791.525000
1820.600000
1849.700000
1879.050000
1907.550000
1935.925000
1963.775000
1991.625000
2019.325000
2046.975000
2074.550000
2101.725000
2129.225000
2155.775000
2181.975000
2208.225000
2234.850000
2260.850000
2286.100000
2312.525000
2337.500000
2363.475000
2388.775000
2413.725000
2438.750000
2463.650000
2487.625000
2512.675000
2536.175000
2560.850000
2585.225000
2608.475000
2633.325000
2657.825000
2680.975000
2706.575000
2730.450000
2754.225000
2779.200000
2802.725000
2826.400000
2851.325000
2874.925000
2898.600000
2923.550000
2947.150000
2970.825000
2995.775000
3019.375000
3043.050000
3068.025000
3091.625000
3115.275000
3140.225000
3163.775000
3187.450000
3212.425000
3236.000000
3259.675000
3284.625000
3308.225000
3331.900000
3356.875000
3380.450000
3404.225000
3429.200000
3452.725000
3476.375000
3501.325000
3524.925000
3548.600000
3573.550000
3597.150000
3620.800000
3645.775000
3669.375000
3693.050000
3718.025000
3741.625000
3765.275000
3790.225000
3813.775000
3837.450000
3862.425000
3886.000000
3909.650000
3934.625000
3958.225000
3981.900000
4006.875000
4030.450000
4054.225000
4079.200000
4102.725000
4126.375000
4151.325000
4174.925000
4198.600000
4223.550000
4247.150000
4270.800000
4295.775000
4319.375000
4343.050000
4368.025000
4391.625000
4415.275000
4440.225000
4463.775000
4487.450000
4512.425000
4536.000000
4559.650000
4584.625000
4608.225000
4631.900000
4656.875000
4680.450000
4704.225000
4729.200000
4752.725000
4776.375000
4801.325000
4824.925000
4848.600000
4873.550000
4897.150000
4920.800000
4945.775000
4969.375000
4993.050000
5018.025000
5041.625000
5065.275000
5090.225000
5113.800000
5137.700000
5162.850000
5187.200000
5212.625000
5236.675000
5262.950000
5287.925000
5313.750000
5340.125000
5365.150000
5391.500000
5418.000000
5443.275000
5469.525000
5496.825000
5523.700000
5551.225000
5578.350000
5606.325000
5634.575000
5662.450000
5690.350000
5718.450000
5747.025000
5775.050000
5804.025000
5833.150000
5862.550000
5891.650000
5920.950000
5951.375000
5980.825000
6012.200000
6042.675000
6073.825000
6105.325000
6136.225000
6168.575000
6201.250000
6233.575000
6266.625000
6299.750000
6333.275000
6367.650000
6401.975000
6436.450000
6471.925000
6507.725000
6543.925000
6580.425000
6617.825000
6655.325000
6693.150000
6731.825000
6770.900000
6811.000000
6851.800000
6893.250000
6935.750000
6979.325000
7023.700000
7069.225000
7116.200000
7164.575000
7214.750000
7267.000000
7321.475000
7379.300000
7441.125000
7509.025000
7587.725000
7670.775000
7756.250000
7844.200000
7934.450000
8026.800000
8121.625000
8219.175000
8318.975000
8420.300000
8522.900000
8626.925000
8733.200000
8843.625000
8963.025000
9506.200000
9611.525000
9724.050000
9840.500000
9959.825000
10081.225000
10204.650000
10330.050000
10457.325000
10585.750000
10716.400000
10843.425000
11243.025000
11349.100000
11462.200000
11579.075000
11698.725000
11820.475000
11944.100000
12069.700000
12197.175000
12325.850000
12456.500000
12583.475000
12984.425000
13090.500000
13203.525000
13320.475000
13440.075000
13561.900000
13685.650000
13811.225000
13938.825000
14067.475000
14196.900000
14327.575000
14456.425000
14853.950000
14960.100000
15073.225000
15190.150000
15309.825000
15431.575000
15555.250000
15680.925000
15808.450000
15937.025000
16069.700000
16194.500000
16622.500000
16728.275000
16841.100000
16957.875000
17077.300000
17198.950000
17322.425000
17447.775000
17575.150000
17703.850000
17832.650000
18226.700001
18332.925001
18446.075001
18563.050001
18682.700001
18804.475001
18928.200001
19053.950001
19181.400001
19310.025001
19440.125001
19568.575001
19965.025001
20071.200001
20184.325001
20301.275001
20420.925001
20542.650001
20666.400001
20792.100001
20919.600001
21048.025001
21181.425001
21305.800001
21733.825001
21839.650001
21952.500001
22069.200001
22188.625001
22310.250001
22433.675001
22559.050001
22686.425001
22815.175001
22944.050001
23338.200001
23444.425001
23557.575001
23674.600001
23794.200001
23915.975001
24039.800001
24165.525001
24293.075001
24421.350001
24555.650001
24679.450001
25108.175001
25214.000001
25326.750001
25443.400001
25562.875001
25684.450001
25807.875001
25933.200001
26060.475001
26189.400001
26318.300001
26712.425001
26818.650001
26931.800001
27048.750001
27168.325001
27290.125001
27413.900001
27539.525001
27667.225001
27795.500001
27927.275001
28053.225001
28482.125001
28587.900001
28700.725001
28817.400001
28936.925001
29058.525001
29181.925001
29307.250001
29434.500001
29563.200001
29692.925001
29821.475001
30217.625001
30323.825001
30436.950001
30553.875001
30673.575001
30795.325001
30919.050001
31044.650001
31172.175001
31300.900001
31431.300001
31558.775001
31958.075001
32064.175001
32177.200001
32294.125001
32413.800001
32535.650001
32659.350001
32784.900001
32912.500001
33041.250001
33170.550001
33301.925001
33429.250001
33857.875001
33963.750001
34076.525001
34193.175001
34312.650001
34434.200001
34557.700001
34683.075001
34810.400001
34939.300001
35068.225001
35462.575001
35568.800001
35681.950001
35798.900001
35918.475001
36040.275001
36164.075001
36289.700001
36417.375000
36545.700000
36676.825000
36803.500000
37206.400000
37312.475000
37425.500000
37542.375000
37662.050000
37783.775000
37907.425000
38033.000000
38160.550000
38289.475000
38418.925000
38549.025000
38943.525000
39049.725000
39162.850000
39279.800000
39399.525000
39521.350000
39645.050000
39770.725000
39898.250000
40027.150000
40156.800000
40285.925000
40681.250000
40787.449999
40900.524999
41017.474999
41137.224999
41259.049999
41382.749999
41508.424999
41635.949999
41764.899999
41893.999999
42288.274999
42394.499999
42507.649999
42624.674999
42744.274999
42866.024999
42989.849999
43115.574999
43243.124999
43371.399999
43736.749999
43843.349999
43956.799999
44074.049999
44193.899999
44315.949999
44440.049999
44566.024999
44693.949999
44822.224999
45216.074998
45322.299998
45435.449998
45552.399998
45672.074998
45793.774998
45917.499998
46043.199998
46170.624998
46299.199998
46430.849998
46556.624998
46985.249998
47091.099998
47203.924998
47320.649998
47440.024998
47561.649998
47685.174998
47810.524998
47937.974998
48066.674998
48195.399998
48589.449998
48695.699998
48808.849998
48925.824998
49045.499998
49167.224998
49291.049997
49416.749997
49544.249997
49672.599997
50037.074997
50143.724997
50257.224997
50374.499997
50494.349997
50616.374997
50740.424997
50866.374997
50994.174997
51122.524997
51516.474997
51622.674997
51735.824997
51852.724997
51972.374997
52094.074997
52217.749997
52343.374997
52470.849997
52599.349997
52732.224997
52856.899997
53285.049997
53390.899997
53503.699997
53620.449996
53739.874996
53861.499996
53984.999996
54110.324996
54237.774996
54366.399996
54495.424996
54890.649996
54996.899996
55110.024996
55226.899996
55346.599996
55468.349996
55592.074996
55717.724996
55845.224996
55973.824996
56104.624996
56231.524996
56632.549996
56738.624996
56851.674996
56968.549996
57088.224996
57210.049996
57333.649996
57459.249996
57586.849996
57715.849996
57844.624996
58238.724995
58344.949995
58458.124995
58575.074995
58694.649995
58816.399995
58940.174995
59065.824995
59193.449995
59321.699995
59716.474995
59822.674995
59935.824995
60052.724995
60172.324995
60294.024995
60417.699995
60543.324995
60670.774995
60799.274995
60931.799995
61056.749995
61484.899995
61590.724995
61703.524995
61820.274995
61939.724995
62061.374995
62184.849994
62310.174994
62437.549994
62566.224994
62695.324994
63060.724994
63167.349994
63280.799994
63398.099994
63517.974994
63640.049994
63764.124994
63890.099994
64017.949994
64146.224994
64540.324994
64646.574994
64759.724994
64876.624994
64996.249994
65117.974994
65241.674994
65367.274994
65494.874994
65623.199994
66018.399994
66124.624994
66237.699994
66354.549994
66474.249993
66596.024993
66719.649993
66845.149993
66972.749993
67101.549993
67231.049993
67360.724993
67755.099993
67861.299993
67974.449993
68091.399993
68211.099993
68332.849993
68456.574993
68582.224993
68709.774993
68838.449993
68969.374993
69095.899993
69501.174993
69607.224993
69720.249993
69837.149993
69956.674993
70078.349993
70202.124993
70327.749993
70455.224993
70583.574993
70714.424993
70841.499992
71241.399992
71347.549992
71460.624992
71577.499992
71697.174992
71818.874992
71942.599992
72068.249992
72195.724992
72324.224992
72457.874992
72582.049992
73010.399992
73116.224992
73229.024992
73345.749992
73465.124992
73586.774992
73710.274992
73835.674992
73963.074992
74091.874992
74220.349992
74614.699992
74720.924992
74834.049992
74951.024992
75070.699991
75192.424991
75316.199991
75441.949991
75569.399991
75697.849991
75829.774991
75955.449991
76383.874991
76489.699991
76602.524991
76719.249991
76838.674991
76960.274991
77083.699991
77209.074991
77336.449991
77465.224991
77594.049991
77988.124991
78094.349991
78207.499991
78324.499991
78444.124991
78565.899991
78689.724991
78815.474991
78942.999991
79071.299991
79204.199991
79328.999991
79757.074990
79862.924990
79975.749990
80092.449990
80211.949990
80333.524990
80456.949990
80582.274990
80709.574990
80838.124990
80968.874990
81095.599990
81496.599990
81602.724990
81715.699990
81832.599990
81952.274990
82074.124990
82197.849990
82323.449990
82451.049990
82579.774990
82709.024990
83103.849990
83210.049990
83323.174990
83440.099990
83559.774990
83681.499989
83805.174989
83930.849989
84058.324989
84186.874989
84319.449989
84444.349989
84872.399989
84978.174989
