100.000000
19.000000
576.700000
638.075000
692.600000
742.900000
790.950000
836.925000
881.600000
924.950000
967.850000
1009.425000
1050.925000
1091.450000
1131.275000
1170.675000
1209.525000
1247.975000
1285.975000
1323.800000
1361.050000
1397.750000
1434.725000
1470.625000
1506.875000
1542.200000
1577.775000
1612.975000
1647.275000
1681.750000
1715.950000
1750.325000
1784.450000
1817.950000
1851.275000
1884.550000
1917.700000
1950.050000
1981.925000
2013.750000
2045.900000
2077.650000
2108.350000
2140.300000
2170.775000
2202.275000
2233.225000
2263.625000
2294.225000
2324.625000
2354.300000
2384.725000
2413.775000
2443.100000
2473.425000
2502.500000
2530.750000
2559.775000
2588.925000
2618.050000
2646.950000
2675.075000
2704.125000
2733.250000
2762.450000
2791.400000
2819.500000
2848.450000
2877.475000
2906.900000
2935.750000
2963.875000
2992.900000
3021.825000
3051.300000
3080.225000
3108.300000
3137.300000
3166.550000
3195.725000
3224.650000
3252.825000
3281.775000
3310.900000
3340.225000
3369.100000
3397.250000
3426.200000
3455.425000
3484.650000
3513.525000
3541.750000
3570.675000
3599.750000
3629.150000
3657.975000
3686.100000
3715.100000
3744.125000
3773.525000
3802.425000
3830.525000
3859.525000
3888.650000
3917.975000
3946.875000
3975.025000
4004.075000
4033.175000
4062.425000
4091.375000
4119.475000
4148.425000
4177.400000
4206.900000
4235.775000
4263.875000
4292.900000
4321.850000
4351.300000
4380.225000
4408.300000
4437.300000
4466.550000
4495.725000
4524.650000
4552.825000
4581.775000
4610.900000
4640.200000
4669.100000
4697.250000
4726.200000
4755.425000
4784.650000
4813.525000
4841.750000
4870.675000
4899.750000
4929.150000
4957.975000
4986.100000
5015.100000
5044.125000
5073.525000
5102.425000
5130.675000
5160.025000
5190.225000
5219.300000
5248.600000
5279.200000
5308.325000
5338.950000
5369.250000
5399.900000
5430.350000
5461.600000
5492.725000
5524.450000
5556.650000
5587.550000
5619.325000
5651.525000
5684.325000
5716.800000
5748.825000
5781.750000
5814.525000
5848.175000
5881.725000
5915.250000
5949.150000
5984.275000
6019.025000
6053.875000
6088.975000
6124.575000
6160.025000
6196.375000
6232.875000
6269.375000
6306.825000
6344.100000
6381.700000
6419.525000
6458.075000
6497.000000
6536.050000
6575.925000
6616.525000
6657.525000
6698.675000
6741.025000
6783.825000
6827.125000
6871.025000
6915.825000
6961.725000
7008.250000
7056.025000
7104.900000
7155.200000
7207.050000
7260.550000
7316.475000
7375.075000
7437.525000
7506.100000
7588.350000
