200.000000
13.000000
1445.575000
1492.600000
1537.050000
1579.050000
1620.000000
1659.150000
1696.725000
1734.000000
1769.900000
1803.850000
1837.025000
1870.175000
1902.375000
1934.100000
1964.800000
1995.225000
2025.675000
2056.100000
2085.400000
2114.575000
2142.500000
2170.250000
2197.950000
2225.675000
2252.750000
2278.725000
2305.250000
2331.300000
2356.650000
2381.650000
2406.500000
2431.425000
2456.350000
2481.325000
2506.275000
2531.200000
2556.200000
2580.025000
2603.650000
2628.425000
2652.225000
2675.775000
2700.575000
2724.425000
2748.000000
2772.800000
2796.600000
2820.200000
2845.000000
2868.825000
2892.425000
2917.250000
2941.100000
2964.700000
2988.600000
3011.900000
3035.575000
3059.150000
3083.050000
3106.350000
3130.025000
3153.625000
3178.375000
3202.150000
3225.750000
3250.550000
3274.325000
3297.975000
3322.750000
3346.500000
3370.200000
3394.975000
3418.750000
3442.425000
3467.225000
3491.075000
3514.675000
3538.600000
3561.900000
3585.575000
3609.150000
3633.050000
3656.350000
3680.025000
3703.625000
3728.375000
3752.150000
3775.750000
3800.550000
3824.325000
3847.975000
3872.750000
3896.500000
3920.200000
3944.975000
3968.750000
3992.425000
4017.225000
4041.075000
4064.675000
4088.600000
4111.900000
4135.575000
4159.150000
4183.050000
4206.350000
4230.025000
4253.625000
4278.375000
4302.150000
4325.750000
4350.550000
4374.325000
4397.975000
4422.750000
4446.500000
4470.200000
4494.975000
4518.750000
4542.425000
4567.225000
4591.075000
4614.675000
4638.600000
4661.900000
4685.575000
4709.150000
4733.050000
4756.350000
4780.025000
4803.625000
4828.375000
4852.150000
4875.750000
4900.550000
4924.325000
4947.975000
4972.750000
4996.500000
5020.200000
5044.975000
5068.750000
5092.425000
5117.250000
5141.200000
5164.825000
5189.575000
5214.550000
5239.575000
5264.625000
5289.650000
5314.725000
5339.775000
5364.925000
5390.850000
5417.350000
5443.950000
5470.225000
5496.950000
5523.150000
5550.700000
5578.550000
5606.375000
5634.250000
5662.275000
5691.150000
5720.225000
5750.650000
5781.225000
5811.900000
5842.525000
5873.500000
5906.250000
5939.600000
5973.000000
6006.725000
6042.300000
6078.625000
6115.100000
6153.625000
6192.750000
6234.375000
6278.925000
6327.150000
