1.000000
35.000000
698.875000
763.025000
818.325000
867.525000
912.500000
954.325000
994.525000
1033.200000
1070.625000
1107.675000
1143.825000
1179.850000
1214.825000
1249.650000
1284.250000
1318.175000
1351.725000
1385.150000
1418.225000
1451.250000
1483.450000
1515.300000
1547.150000
1579.250000
1610.525000
1641.725000
1673.425000
1703.950000
1734.825000
1764.925000
1795.750000
1825.100000
1855.425000
1885.300000
1914.325000
1944.300000
1973.650000
2002.600000
2030.700000
2059.575000
2087.775000
2116.725000
2145.525000
2173.650000
2201.550000
2229.850000
2258.000000
2285.800000
2313.500000
2341.250000
2368.375000
2395.875000
2423.250000
2449.450000
2476.225000
2502.700000
2529.500000
2555.825000
2581.525000
2608.150000
2634.775000
2660.150000
2686.125000
2712.975000
2739.900000
2765.350000
2791.625000
2818.150000
2843.550000
2869.550000
2896.350000
2923.525000
2948.675000
2974.925000
3001.475000
3026.800000
3052.850000
3079.925000
3106.900000
3132.075000
3158.250000
3184.850000
3210.975000
3236.175000
3263.200000
3290.250000
3315.425000
3341.650000
3368.175000
3393.950000
3419.650000
3446.775000
3473.575000
3498.725000
3524.950000
3551.475000
3577.025000
3603.000000
3630.225000
3656.900000
3682.100000
3708.250000
3734.875000
3760.975000
3786.175000
3813.225000
3840.250000
3865.425000
3891.650000
3918.175000
3943.975000
3969.650000
3996.750000
4023.575000
4048.725000
4074.950000
4101.475000
4127.050000
4153.000000
4180.225000
4206.925000
4232.100000
4258.250000
4284.875000
4310.975000
4336.175000
4363.225000
4390.250000
4415.425000
4441.650000
4468.175000
4493.975000
4519.650000
4546.750000
4573.575000
4598.725000
4624.950000
4651.475000
4677.050000
4703.000000
4730.225000
4756.925000
4782.100000
4808.250000
4834.875000
4860.975000
4886.175000
4913.225000
4940.250000
4965.425000
4991.650000
5018.175000
5043.975000
5069.650000
5096.750000
5123.625000
5149.675000
5175.975000
5202.750000
5230.175000
5257.200000
5284.750000
5312.325000
5339.425000
5367.850000
5395.675000
5423.550000
5451.400000
5479.450000
5507.900000
5535.975000
5563.875000
5592.325000
5620.975000
5650.250000
5679.575000
5708.300000
5737.500000
5767.825000
5797.075000
5826.425000
5856.975000
5886.275000
5917.675000
5947.450000
5979.075000
6009.450000
6041.050000
6072.600000
6104.075000
6135.850000
6168.075000
6200.175000
6232.225000
6264.875000
6297.525000
6330.550000
6363.825000
6397.275000
6430.950000
6465.250000
6499.900000
6534.825000
6569.575000
6605.300000
6641.300000
6677.500000
6713.825000
6751.175000
6788.475000
6826.225000
6864.275000
6903.025000
6942.450000
6982.400000
7023.300000
7064.225000
7106.500000
7149.150000
7192.875000
7237.475000
7283.350000
7330.550000
7379.575000
7430.525000
7484.300000
7541.800000
7605.275000
7672.475000
7745.775000
7829.825000
