100.000000
34.000000
771.400000
827.300000
878.250000
925.500000
970.775000
1014.750000
1058.025000
1100.475000
1141.800000
1182.875000
1223.600000
1263.525000
1302.750000
1341.675000
1380.325000
1418.925000
1457.125000
1494.775000
1531.750000
1569.000000
1605.675000
1641.650000
1677.850000
1713.575000
1748.600000
1784.525000
1819.225000
1853.875000
1888.400000
1923.400000
1957.575000
1991.475000
2024.850000
2058.125000
2091.450000
2124.650000
2157.800000
2190.975000
2223.650000
2256.375000
2288.425000
2319.925000
2352.400000
2384.550000
2415.150000
2446.825000
2477.900000
2508.200000
2539.825000
2569.500000
2601.150000
2630.525000
2662.150000
2691.700000
2723.375000
2752.800000
2784.375000
2813.825000
2845.500000
2875.000000
2906.625000
2936.050000
2967.825000
2997.225000
3028.950000
3058.275000
3089.700000
3119.500000
3151.175000
3180.525000
3212.150000
3241.700000
3273.375000
3302.800000
3334.375000
3363.825000
3395.500000
3425.000000
3456.625000
3486.050000
3517.825000
3547.225000
3578.950000
3608.275000
3639.700000
3669.500000
3701.175000
3730.525000
3762.150000
3791.700000
3823.375000
3852.800000
3884.375000
3913.825000
3945.500000
3975.000000
4006.625000
4036.050000
4067.825000
4097.225000
4128.950000
4158.275000
4189.700000
4219.500000
4251.175000
4280.525000
4312.150000
4341.700000
4373.375000
4402.800000
4434.375000
4463.825000
4495.500000
4525.000000
4556.625000
4586.050000
4617.825000
4647.225000
4678.950000
4708.275000
4739.700000
4769.500000
4801.175000
4830.525000
4862.150000
4891.700000
4923.375000
4952.800000
4984.375000
5013.825000
5045.500000
5075.000000
5106.675000
5136.150000
5168.025000
5198.450000
5230.200000
5262.250000
5292.975000
5324.800000
5357.025000
5389.000000
5420.750000
5452.775000
5485.775000
5518.950000
5552.325000
5585.750000
5619.175000
5652.600000
5685.975000
5719.550000
5753.925000
5788.325000
5823.575000
5858.125000
5892.975000
5929.075000
5963.875000
6000.050000
6035.925000
6072.850000
6109.425000
6146.800000
6184.600000
6222.100000
6259.700000
6297.975000
6336.475000
6375.550000
6415.075000
6455.125000
6495.775000
6536.075000
6577.450000
6619.225000
6661.750000
6704.600000
6748.025000
6792.225000
6837.050000
6882.725000
6929.600000
6976.600000
7024.925000
7074.550000
7125.175000
7177.350000
7231.325000
7287.325000
7346.150000
7408.375000
7476.000000
7559.575000
8069.925000
8484.475000
8932.425000
9426.850000
9916.650000
10413.375000
10932.675000
11442.400000
11919.900000
12412.825000
12917.650000
13411.425000
13902.050000
14395.625000
14899.825000
15410.250000
15899.725000
16410.525000
16899.925000
17410.500000
17899.950000
18410.525001
18899.950001
19410.525001
19899.950001
20410.525001
20899.950001
21410.525001
21899.950001
22410.525001
22899.950001
23410.525001
23899.950001
24410.525001
24899.975001
25410.525001
25899.975001
26410.550001
26899.975001
27410.550001
27899.975001
28410.550001
28899.975001
29410.550001
29899.975001
30410.550001
30899.975001
31410.575001
31900.000001
32410.575001
32900.000001
33410.575001
33900.025001
34410.600001
34900.025001
35410.650001
35900.075001
36410.750000
36900.175000
37411.275000
37900.975000
38395.825000
38899.975000
39410.950000
39900.375000
40397.500000
40919.099999
41397.424999
41918.274999
42398.824999
42926.324999
43404.174999
43883.899999
44381.349999
44923.149999
45398.699998
45927.099998
46416.699998
46913.699998
47433.499998
47927.924998
48418.399998
48911.849998
49416.349997
49927.599997
50417.424997
50912.124997
51416.274997
51926.999997
52416.674997
52914.174997
53450.024997
53944.299996
54433.999996
54929.649996
55435.674996
55929.149996
56433.849996
56928.749996
57433.249996
57944.074995
58433.674995
58930.874995
59467.299995
59960.974995
60450.699995
60946.374995
61450.999995
61945.199995
62438.124994
62916.524994
63427.149994
63916.924994
64413.049994
64918.474994
65412.024994
65916.224994
66426.799994
66916.499993
67427.524993
67917.349993
68412.199993
68916.299993
69427.099993
69916.774993
70413.499993
70932.724992
71442.424992
71920.049992
72412.974992
72918.849992
73413.574992
73933.049992
74429.399992
74934.124992
75428.349991
75933.749991
76428.999991
76933.449991
77429.924991
77950.699991
78444.849991
78935.349991
79428.774990
79933.224990
80443.649990
80933.349990
81443.674990
81933.374990
82443.724990
82933.424990
83443.824990
83933.499989
84444.124989
84933.749989
