2.000000
12.000000
1043.725000
1091.375000
1135.575000
1177.150000
1217.425000
1255.600000
1292.375000
1328.425000
1362.150000
1395.225000
1427.675000
1459.075000
1489.700000
1520.100000
1549.525000
1578.525000
1606.425000
1634.125000
1661.800000
1688.450000
1714.675000
1740.500000
1766.225000
1791.225000
1816.225000
1840.875000
1864.825000
1889.525000
1913.275000
1936.875000
1960.350000
1984.000000
2006.450000
2028.725000
2050.825000
2073.000000
2095.175000
2117.375000
2139.575000
2161.750000
2183.025000
2203.700000
2224.600000
2245.250000
2266.300000
2286.875000
2306.900000
2327.375000
2347.875000
2367.550000
2387.150000
2406.525000
2425.875000
2445.300000
2464.750000
2484.150000
2503.575000
2522.950000
2542.375000
2561.825000
2580.450000
2598.450000
2617.400000
2635.925000
2654.100000
2672.950000
2692.300000
2711.775000
2730.150000
2748.250000
2767.375000
2785.800000
2803.925000
2822.925000
2841.525000
2859.525000
2878.525000
2897.050000
2915.050000
2934.075000
2952.575000
2970.500000
2989.600000
3008.025000
3026.025000
3045.150000
3063.575000
3081.675000
3100.700000
3119.250000
3137.250000
3156.275000
3174.800000
3192.700000
3211.825000
3230.225000
3248.250000
3267.375000
3285.800000
3303.900000
3322.925000
3341.500000
3359.500000
3378.525000
3397.025000
3415.025000
3434.050000
3452.575000
3470.500000
3489.600000
3508.025000
3526.025000
3545.150000
3563.575000
3581.675000
3600.700000
3619.250000
3637.250000
3656.275000
3674.800000
3692.700000
3711.825000
3730.225000
3748.250000
3767.375000
3785.800000
3803.900000
3822.925000
3841.500000
3859.500000
3878.525000
3897.025000
3915.025000
3934.050000
3952.575000
3970.500000
3989.600000
4008.025000
4026.025000
4045.150000
4063.575000
4081.675000
4100.700000
4119.250000
4137.250000
4156.275000
4174.800000
4192.700000
4211.825000
4230.225000
4248.250000
4267.375000
4285.800000
4303.900000
4322.925000
4341.500000
4359.500000
4378.525000
4397.025000
4415.025000
4434.050000
4452.575000
4470.500000
4489.600000
4508.025000
4526.025000
4545.150000
4563.575000
4581.675000
4600.700000
4619.250000
4637.250000
4656.275000
4674.800000
4692.700000
4711.825000
4730.225000
4748.250000
4767.375000
4785.800000
4803.900000
4822.925000
4841.500000
4859.500000
4878.525000
4897.025000
4915.025000
4934.050000
4952.575000
4970.500000
4989.600000
5008.025000
5026.025000
5045.150000
5063.575000
5081.675000
5100.700000
5120.050000
5139.575000
5158.975000
5178.500000
5197.925000
5217.400000
5236.900000
5256.375000
5275.825000
5295.300000
5314.825000
5334.325000
5353.850000
5373.275000
5392.925000
5413.300000
5434.075000
5454.950000
5475.725000
5496.700000
5517.475000
5538.725000
5559.300000
5580.400000
5601.125000
5622.950000
5645.125000
5667.375000
5689.650000
5711.925000
5734.200000
5756.500000
5778.850000
5801.200000
5824.425000
5847.925000
5871.700000
5895.250000
5919.125000
5942.650000
5967.375000
5992.350000
6017.400000
6042.475000
6067.575000
6092.800000
6118.875000
6145.225000
6172.075000
6198.300000
6225.750000
6253.625000
6281.525000
6310.475000
6339.725000
6370.050000
6400.725000
6431.550000
6463.350000
6495.600000
6528.925000
6563.475000
6599.600000
6637.075000
6676.175000
6718.775000
6765.400000
6826.075000
