100.000000
4.000000
514.700000
582.725000
642.575000
697.700000
749.900000
799.875000
848.150000
895.475000
941.300000
985.875000
1029.950000
1073.250000
1115.150000
1156.825000
1197.200000
1237.300000
1276.575000
1315.475000
1354.000000
1391.825000
1429.925000
1467.700000
1504.150000
1540.925000
1576.675000
1612.600000
1647.375000
1682.325000
1717.675000
1752.100000
1785.950000
1819.425000
1852.675000
1885.850000
1919.075000
1951.925000
1984.700000
2017.075000
2048.500000
2080.275000
2112.300000
2142.950000
2174.400000
2205.475000
2235.850000
2266.575000
2296.850000
2326.350000
2356.850000
2385.900000
2415.175000
2445.050000
2474.575000
2502.850000
2531.750000
2559.925000
2588.775000
2617.850000
2645.975000
2674.700000
2702.700000
2730.600000
2758.850000
2787.525000
2816.475000
2845.550000
2873.700000
2902.450000
2930.450000
2958.350000
2986.475000
3015.175000
3043.175000
3072.100000
3101.150000
3129.825000
3158.125000
3186.075000
3214.025000
3242.850000
3270.825000
3299.275000
3329.050000
3357.525000
3385.900000
3413.850000
3442.600000
3470.825000
3499.100000
3528.950000
3557.175000
3585.775000
3613.775000
3641.950000
3670.600000
3698.600000
3727.100000
3756.775000
3785.275000
3813.675000
3841.725000
3870.350000
3898.600000
3927.200000
3956.800000
3985.325000
4013.700000
4041.750000
4070.400000
4098.600000
4127.075000
4156.775000
4185.250000
4213.675000
4241.725000
4270.300000
4298.625000
4327.300000
4356.775000
4385.275000
4413.675000
4441.725000
4470.325000
4498.625000
4527.250000
4556.800000
4585.300000
4613.675000
4641.750000
4670.375000
4698.600000
4727.175000
4756.800000
4785.325000
4813.700000
4841.750000
4870.400000
4898.600000
4927.075000
4956.775000
4985.250000
5013.675000
5041.725000
5070.325000
5098.625000
5127.800000
5156.950000
5185.825000
5214.850000
5245.325000
5274.775000
5304.250000
5334.725000
5363.925000
5395.400000
5425.125000
5456.800000
5487.225000
5518.900000
5551.025000
5582.000000
5613.700000
5645.950000
5678.925000
5711.125000
5743.875000
5777.150000
5810.925000
5844.525000
5878.925000
5913.175000
5947.350000
5982.000000
6017.775000
6052.700000
6088.675000
6124.725000
6161.300000
6198.125000
6235.725000
6273.625000
6312.175000
6351.100000
6390.300000
6430.125000
6470.400000
6511.400000
6552.625000
6595.175000
6638.000000
6681.675000
6726.025000
6771.350000
6818.000000
6865.200000
6913.750000
6963.725000
7015.300000
7069.050000
7124.925000
7183.700000
7246.200000
7313.700000
7389.700000
