10.000000
7.000000
313.750000
393.875000
463.525000
526.050000
583.325000
635.950000
684.750000
730.175000
773.375000
814.400000
854.400000
893.075000
930.825000
968.175000
1004.575000
1040.750000
1076.075000
1110.975000
1145.600000
1179.525000
1213.250000
1246.650000
1279.750000
1312.425000
1344.375000
1375.875000
1407.750000
1438.900000
1469.400000
1500.025000
1530.275000
1559.850000
1590.150000
1619.275000
1648.350000
1677.375000
1706.775000
1735.125000
1763.600000
1791.600000
1819.350000
1847.050000
1874.675000
1902.025000
1929.625000
1956.975000
1983.425000
2009.600000
2035.950000
2062.500000
2087.700000
2113.725000
2139.950000
2164.450000
2190.675000
2215.450000
2241.250000
2265.450000
2290.650000
2314.500000
2340.275000
2363.850000
2387.575000
2412.450000
2435.950000
2458.525000
2482.125000
2506.275000
2530.275000
2552.825000
2575.225000
2598.275000
2620.975000
2644.150000
2668.050000
2691.125000
2713.850000
2736.200000
2758.550000
2781.750000
2804.475000
2827.875000
2851.425000
2874.150000
2897.225000
2919.600000
2942.775000
2965.400000
2988.650000
3012.375000
3035.125000
3058.225000
3080.600000
3103.025000
3126.275000
3148.750000
3171.475000
3195.850000
3218.750000
3241.725000
3264.000000
3286.375000
3309.700000
3332.275000
3355.800000
3379.350000
3402.525000
3425.025000
3447.375000
3470.325000
3493.225000
3516.825000
3540.325000
3563.450000
3586.075000
3608.425000
3630.775000
3654.175000
3676.575000
3699.875000
3723.575000
3746.125000
3769.350000
3791.775000
3814.050000
3836.550000
3859.850000
3883.300000
3906.925000
3930.025000
3952.775000
3975.150000
3997.775000
4020.950000
4044.100000
4068.075000
4091.175000
4113.850000
4136.200000
4158.525000
4181.725000
4204.475000
4227.875000
4251.425000
4274.125000
4297.225000
4319.600000
4342.750000
4365.400000
4388.675000
4412.375000
4435.125000
4458.225000
4480.600000
4503.025000
4526.250000
4548.750000
4571.450000
4595.825000
4618.700000
4641.725000
4664.000000
4686.375000
4709.675000
4732.250000
4755.775000
4779.325000
4802.450000
4825.025000
4847.375000
4870.325000
4893.225000
4916.825000
4940.350000
4963.450000
4986.075000
5008.425000
5030.775000
5054.175000
5076.575000
5099.875000
5123.650000
5147.000000
5169.575000
5193.100000
5217.925000
5241.550000
5264.375000
5289.750000
5313.825000
5337.800000
5363.125000
5387.575000
5412.950000
5437.600000
5463.475000
5488.825000
5513.850000
5540.225000
5565.300000
5591.550000
5618.050000
5643.875000
5670.600000
5697.175000
5724.350000
5751.625000
5779.300000
5806.950000
5834.725000
5862.600000
5890.750000
5919.250000
5947.275000
5976.050000
6005.300000
6034.700000
6063.725000
6093.100000
6123.500000
6152.950000
6183.675000
6213.950000
6245.625000
6276.325000
6308.050000
6340.200000
6372.225000
6404.500000
6437.325000
6470.500000
6504.075000
6537.700000
6572.200000
6607.025000
6641.900000
6677.700000
6713.650000
6750.500000
6787.525000
6825.075000
6863.550000
6902.550000
6942.250000
6982.925000
7024.400000
7066.775000
7109.800000
7154.100000
7199.725000
7246.850000
7295.700000
7346.450000
7399.650000
7455.725000
7515.600000
7581.100000
7649.275000
7718.475000
7788.625000
7859.500000
7931.050000
8003.175000
8075.900000
8149.150000
8222.925000
8297.075000
8371.600000
8446.650000
8522.150000
8598.050000
8674.375000
8751.125000
8828.200000
8905.600000
8983.150000
9060.825000
9138.600000
9216.500000
9294.500000
9372.600000
9450.850000
9529.300000
9607.900000
9686.725000
9765.825000
9845.325000
9925.175000
10005.375000
10085.875000
10166.525000
10247.300000
10328.125000
10409.025000
10489.975000
10570.875000
10651.800000
10732.750000
10813.700000
10894.650000
10975.575000
11056.575000
11137.500000
11218.475000
11299.425000
11380.400000
11461.325000
11542.300000
11623.275000
11704.225000
11785.175000
11866.150000
11947.125000
12028.050000
12109.000000
12189.975000
12270.925000
12351.875000
12432.825000
12513.800000
12594.750000
12675.700000
12756.700000
12837.625000
12918.600000
12999.550000
13080.525000
13161.475000
13242.425000
13323.425000
13404.350000
13485.325000
13566.300000
13647.250000
13728.200000
13809.150000
13890.150000
13971.050000
14052.025000
14133.000000
14213.950000
14294.900000
14375.850000
14456.850000
14537.775000
14618.750000
14699.725000
14780.675000
14861.625000
14942.600000
15023.575000
15104.500000
15185.475000
15266.450000
15347.400000
15428.350000
15509.325000
15590.275000
15671.200000
15752.175000
15833.150000
15914.075000
15995.050000
16076.000000
16157.000000
16237.925000
16318.925000
16399.875000
16480.800000
16561.775000
16642.750000
16723.700000
16804.650000
16885.625000
16966.600000
17047.525000
17128.500000
17209.475000
17290.425000
17371.350000
17452.325000
17533.300000
17614.225000
17695.200000
17776.150000
17857.125000
17938.050000
18019.050000
18100.000000
18180.950000
18261.925001
18342.875001
18423.850001
18504.800001
18585.775001
18666.725001
18747.675001
18828.650001
18909.600001
18990.575001
19071.500001
19152.475001
19233.425001
19314.350001
19395.350001
19476.300001
19557.275001
19638.200001
19719.200001
19800.150001
19881.100001
19962.075001
20043.025001
20123.975001
20204.950001
20285.925001
20366.875001
20447.825001
20528.825001
20609.750001
20690.725001
20771.675001
20852.625001
20933.575001
21014.525001
21095.525001
21176.425001
21257.425001
21338.375001
21419.350001
21500.300001
21581.250001
21662.250001
21743.175001
21824.150001
21905.100001
21986.075001
22067.025001
22147.975001
22228.975001
22309.900001
22390.875001
22471.825001
22552.775001
22633.725001
22714.675001
22795.675001
22876.600001
22957.575001
23038.525001
23119.500001
23200.450001
23281.425001
23362.400001
23443.325001
23524.300001
23605.275001
23686.200001
23767.175001
23848.150001
23929.125001
24010.050001
24091.025001
24172.000001
24252.925001
24333.900001
24414.850001
24495.825001
24576.750001
24657.750001
24738.700001
24819.650001
24900.600001
24981.575001
25062.550001
25143.475001
25224.450001
25305.425001
25386.350001
25467.325001
25548.300001
25629.275001
25710.200001
25791.200001
25872.150001
25953.075001
26034.050001
26115.000001
26195.975001
26276.900001
26357.875001
26438.825001
26519.775001
26600.750001
26681.725001
26762.675001
26843.625001
26924.600001
27005.550001
27086.475001
27167.475001
27248.425001
27329.400001
27410.350001
27491.325001
27572.275001
27653.200001
27734.200001
27815.150001
27896.100001
27977.025001
28058.025001
28138.975001
28219.925001
28300.900001
28381.850001
28462.825001
28543.775001
28624.750001
28705.700001
28786.625001
28867.625001
28948.575001
29029.550001
29110.500001
29191.475001
29272.425001
29353.350001
29434.350001
29515.275001
29596.250001
29677.200001
29758.175001
29839.100001
29920.075001
30001.050001
30082.000001
30162.975001
30243.925001
30324.900001
30405.850001
30486.775001
30567.800001
30648.725001
30729.700001
30810.650001
30891.625001
30972.575001
31053.525001
31134.525001
31215.450001
31296.425001
31377.375001
31458.325001
31539.275001
31620.225001
31701.225001
31782.150001
31863.125001
31944.100001
32025.050001
32106.000001
32186.950001
32267.950001
32348.875001
32429.850001
32510.825001
32591.775001
32672.725001
32753.700001
32834.675001
32915.600001
32996.575001
33077.525001
33158.475001
33239.425001
33320.400001
33401.375001
33482.300001
33563.275001
33644.250001
33725.175001
33806.150001
33887.100001
33968.100001
34049.025001
34130.025001
34210.975001
34291.925001
34372.875001
34453.850001
34534.825001
34615.750001
34696.725001
34777.675001
34858.625001
34939.575001
35020.550001
35101.500001
35182.450001
35263.425001
35344.400001
35425.325001
35506.300001
35587.250001
35668.225001
35749.150001
35830.150001
35911.100001
35992.050001
36073.025001
36154.000001
36234.950001
36315.875001
36396.875001
36477.825000
36558.750000
36639.725000
36720.700000
36801.650000
36882.600000
36963.575000
37044.525000
37125.450000
37206.450000
37287.400000
37368.375000
37449.300000
37530.300000
37611.225000
37692.200000
37773.175000
37854.125000
37935.100000
38016.050000
38097.025000
38177.950000
38258.900000
38339.900000
38420.825000
38501.800000
38582.750000
38663.725000
38744.675000
38825.600000
38906.625000
38987.550000
39068.525000
39149.475000
39230.450000
39311.375000
39392.350000
39473.350000
39554.275000
39635.250000
39716.200000
39797.175000
39878.100000
39959.075000
40040.050000
40120.975000
40201.950000
40282.925000
40363.875000
40444.825000
40525.775000
40606.775000
40687.700000
40768.674999
40849.624999
40930.599999
41011.549999
41092.499999
41173.499999
41254.424999
41335.399999
41416.374999
41497.324999
41578.274999
41659.224999
41740.199999
41821.124999
41902.099999
41983.074999
42063.999999
42144.974999
42225.924999
42306.924999
42387.849999
42468.824999
42549.799999
42630.749999
42711.699999
42792.674999
42873.649999
42954.574999
43035.549999
43116.524999
43197.449999
43278.424999
43359.399999
43440.349999
43521.274999
43602.249999
43683.224999
43764.149999
43845.124999
43926.074999
44007.074999
44087.974999
44168.974999
44249.924999
44330.874999
44411.849999
44492.824999
44573.774999
44654.724999
44735.699999
44816.649999
44897.599999
44978.574999
45059.524998
45140.499998
45221.424998
45302.399998
45383.349998
45464.274998
45545.274998
45626.224998
45707.199998
45788.124998
45869.124998
45950.074998
46031.024998
46111.999998
46192.949998
46273.924998
46354.874998
46435.849998
46516.799998
46597.749998
46678.724998
46759.674998
46840.649998
46921.574998
47002.549998
47083.499998
47164.424998
47245.424998
47326.374998
47407.349998
47488.274998
47569.274998
47650.199998
47731.174998
47812.149998
47893.099998
47974.049998
48055.024998
48135.999998
48216.949998
48297.899998
48378.899998
48459.824998
48540.799998
48621.749998
48702.699998
48783.649998
48864.599998
48945.599998
49026.499998
49107.499998
49188.449998
49269.424998
49350.374997
49431.324997
49512.324997
49593.249997
49674.224997
49755.199997
49836.149997
49917.099997
49998.049997
50079.049997
50159.974997
50240.949997
50321.924997
50402.849997
50483.799997
50564.774997
50645.749997
50726.674997
50807.649997
50888.599997
50969.574997
51050.524997
51131.499997
51212.474997
51293.399997
51374.374997
51455.349997
51536.274997
51617.249997
51698.224997
51779.199997
51860.124997
51941.099997
52022.074997
52102.999997
52183.974997
52264.924997
52345.899997
52426.824997
52507.799997
52588.749997
52669.699997
52750.674997
52831.649997
52912.599997
52993.549997
53074.524997
53155.499997
53236.424997
53317.399997
53398.349997
53479.349997
53560.274997
53641.249996
53722.199996
53803.149996
53884.124996
53965.074996
54046.049996
54126.949996
54207.949996
54288.899996
54369.849996
54450.824996
54531.774996
54612.749996
54693.699996
54774.674996
54855.624996
54936.549996
55017.549996
55098.499996
55179.474996
55260.424996
55341.399996
55422.349996
55503.274996
55584.274996
55665.199996
55746.174996
55827.124996
55908.099996
55989.024996
56069.974996
56150.974996
56231.924996
56312.899996
56393.849996
56474.824996
56555.774996
56636.699996
56717.724996
56798.649996
56879.624996
56960.574996
57041.549996
57122.499996
57203.449996
57284.449996
57365.349996
57446.324996
57527.274996
57608.249996
57689.174996
57770.149996
57851.124996
57932.074995
58013.049995
58093.999995
58174.974995
58255.924995
58336.874995
58417.874995
58498.799995
58579.774995
58660.724995
58741.699995
58822.649995
58903.599995
58984.599995
59065.524995
59146.499995
59227.449995
59308.399995
59389.349995
59470.324995
59551.299995
59632.224995
59713.199995
59794.174995
59875.099995
59956.074995
60037.024995
60118.024995
60198.949995
60279.924995
60360.899995
60441.849995
60522.799995
60603.774995
60684.749995
60765.674995
60846.649995
60927.599995
61008.549995
61089.499995
61170.474995
61251.424995
61332.374995
61413.349995
61494.324995
61575.249995
61656.224995
61737.174995
61818.174995
61899.074995
61980.074995
62061.024995
62141.974995
62222.949994
62303.924994
62384.899994
62465.799994
62546.799994
62627.749994
62708.674994
62789.649994
62870.624994
62951.574994
63032.524994
63113.499994
63194.449994
63275.399994
63356.374994
63437.324994
63518.299994
63599.224994
63680.224994
63761.174994
63842.124994
63923.099994
64004.049994
64085.024994
64165.949994
64246.949994
64327.874994
64408.824994
64489.799994
64570.749994
64651.724994
64732.674994
64813.649994
64894.599994
64975.524994
65056.524994
65137.474994
65218.449994
65299.374994
65380.374994
65461.299994
65542.274994
65623.249994
65704.199994
65785.174994
65866.124994
65947.099994
66028.024994
66108.974994
66189.974994
66270.899994
66351.874994
66432.824994
66513.799993
66594.749993
66675.674993
66756.699993
66837.624993
66918.599993
66999.549993
67080.524993
67161.449993
67242.424993
67323.424993
67404.349993
67485.324993
67566.299993
67647.249993
67728.199993
67809.149993
67890.124993
67971.049993
68052.024993
68132.999993
68213.924993
68294.899993
68375.849993
68456.849993
68537.774993
68618.749993
68699.724993
68780.674993
68861.624993
68942.599993
69023.574993
69104.499993
69185.474993
69266.449993
69347.399993
69428.349993
69509.299993
69590.274993
69671.199993
69752.174993
69833.149993
69914.074993
69995.049993
70075.999993
70156.999993
70237.924993
70318.899993
70399.849993
70480.799993
70561.774993
70642.749993
70723.699993
70804.649992
70885.624992
70966.599992
71047.524992
71128.499992
71209.474992
71290.424992
71371.349992
71452.324992
71533.299992
71614.224992
71695.199992
71776.149992
71857.124992
71938.049992
72019.049992
72099.999992
72180.949992
72261.924992
72342.874992
72423.849992
72504.799992
72585.774992
72666.724992
72747.674992
72828.649992
72909.599992
72990.574992
73071.499992
73152.474992
73233.424992
73314.349992
73395.349992
73476.299992
73557.274992
73638.199992
73719.199992
73800.124992
73881.074992
73962.074992
74043.024992
74123.974992
74204.949992
74285.924992
74366.874992
74447.824992
74528.799992
74609.749992
74690.699992
74771.674992
74852.624992
74933.574992
75014.499992
75095.524991
75176.424991
75257.424991
75338.374991
75419.349991
75500.274991
75581.249991
75662.224991
75743.174991
75824.124991
75905.099991
75986.074991
76067.024991
76147.974991
76228.974991
76309.899991
76390.874991
76471.824991
76552.774991
76633.724991
76714.674991
76795.674991
76876.599991
76957.574991
77038.524991
77119.499991
77200.449991
77281.399991
77362.399991
77443.324991
77524.299991
77605.274991
77686.199991
77767.174991
77848.124991
77929.124991
78010.049991
78091.024991
78171.999991
78252.924991
78333.899991
78414.849991
78495.824991
78576.749991
78657.724991
78738.674991
78819.649991
78900.599991
78981.574991
79062.549991
79143.474991
79224.449991
79305.424991
79386.349990
79467.324990
79548.274990
79629.274990
79710.199990
79791.174990
79872.149990
79953.074990
80034.049990
80114.999990
80195.974990
80276.874990
80357.874990
80438.824990
80519.774990
80600.749990
80681.724990
80762.674990
80843.624990
80924.599990
81005.549990
81086.474990
81167.474990
81248.424990
81329.399990
81410.349990
81491.324990
81572.274990
81653.199990
81734.199990
81815.149990
81896.099990
81977.024990
82058.024990
82138.949990
82219.899990
82300.899990
82381.849990
82462.824990
82543.774990
82624.749990
82705.699990
82786.624990
82867.624990
82948.574990
83029.549990
83110.499990
83191.474990
83272.424990
83353.349990
83434.349990
83515.274990
83596.249990
83677.199989
83758.174989
83839.099989
83920.074989
84001.049989
84081.999989
84162.949989
84243.924989
84324.899989
84405.849989
84486.774989
84567.799989
84648.699989
84729.699989
84810.649989
84891.624989
84972.574989
