10.000000
32.000000
587.925000
657.150000
716.425000
768.475000
815.075000
858.150000
898.550000
937.225000
974.625000
1010.825000
1046.050000
1080.425000
1114.000000
1147.300000
1180.350000
1213.200000
1245.775000
1277.650000
1308.875000
1340.825000
1372.100000
1402.725000
1433.400000
1463.700000
1493.800000
1524.225000
1554.075000
1583.725000
1613.475000
1642.525000
1671.700000
1701.250000
1730.000000
1758.250000
1786.150000
1813.950000
1841.800000
1869.475000
1897.175000
1924.825000
1952.400000
1980.025000
2007.275000
2034.700000
2061.225000
2087.475000
2113.825000
2140.525000
2166.900000
2192.775000
2219.175000
2245.550000
2270.650000
2296.550000
2322.300000
2347.250000
2373.350000
2397.375000
2423.500000
2447.350000
2472.550000
2497.175000
2521.075000
2546.050000
2569.650000
2594.450000
2619.100000
2642.975000
2668.050000
2691.700000
2715.450000
2740.425000
2763.925000
2787.900000
2813.000000
2836.400000
2861.500000
2886.000000
2909.775000
2934.800000
2958.350000
2982.175000
3007.150000
3030.650000
3055.450000
3080.150000
3104.025000
3129.175000
3152.775000
3176.475000
3201.450000
3225.050000
3248.800000
3273.750000
3297.325000
3321.225000
3346.175000
3369.775000
3394.825000
3419.350000
3443.125000
3468.125000
3491.725000
3515.550000
3540.525000
3564.000000
3588.800000
3613.450000
3636.750000
3662.525000
3686.100000
3709.925000
3734.900000
3758.400000
3782.700000
3808.000000
3831.600000
3856.925000
3880.525000
3904.400000
3929.375000
3952.900000
3976.825000
4001.850000
4025.925000
4051.375000
4075.000000
4098.750000
4123.700000
4147.300000
4171.075000
4196.000000
4219.575000
4244.050000
4269.000000
4293.000000
4318.050000
4341.700000
4365.450000
4390.450000
4413.925000
4437.975000
4463.275000
4487.100000
4512.500000
4536.100000
4559.900000
4584.875000
4608.375000
4632.450000
4657.750000
4681.650000
4706.950000
4730.525000
4754.400000
4779.400000
4802.900000
4826.875000
4852.000000
4876.250000
4901.375000
4925.000000
4948.725000
4973.700000
4997.275000
5021.050000
5046.000000
5069.575000
5093.750000
5119.225000
5143.125000
5168.200000
5192.275000
5218.150000
5242.725000
5268.225000
5293.025000
5318.600000
5344.250000
5369.450000
5395.825000
5420.850000
5447.050000
5473.550000
5498.750000
5525.000000
5551.625000
5578.950000
5605.350000
5631.750000
5658.325000
5685.850000
5713.350000
5741.225000
5769.000000
5796.925000
5824.800000
5852.650000
5880.500000
5908.375000
5936.400000
5965.225000
5994.100000
6023.525000
6052.550000
6081.600000
6111.250000
6141.275000
6170.775000
6201.300000
6230.825000
6262.075000
6292.575000
6323.750000
6354.825000
6386.100000
6418.075000
6449.850000
6481.750000
6513.850000
6546.750000
6579.950000
6613.375000
6646.950000
6680.500000
6714.375000
6748.750000
6783.650000
6818.950000
6854.350000
6890.425000
6926.475000
6963.425000
7000.950000
7038.675000
7076.750000
7115.550000
7155.150000
7195.475000
7236.150000
7277.900000
7320.425000
7363.975000
7408.750000
7455.075000
7503.000000
7553.125000
7606.050000
7660.050000
7715.875000
7773.675000
7833.600000
7896.025000
7961.100000
8028.875000
8099.025000
8171.425000
8245.800000
8321.750000
8399.250000
8478.375000
8559.350000
8642.150000
8726.450000
8811.825000
8898.075000
8984.975000
9072.525000
9160.900000
9250.100000
9340.050000
9430.625000
9521.625000
9613.075000
9705.050000
9797.675000
9891.000000
9985.350000
10080.875000
10177.975000
10276.875000
10376.500000
10476.075000
10575.525000
10674.875000
10774.150000
10873.400000
10972.600000
11071.800000
11170.975000
11270.100000
11369.200000
11468.225000
11567.225000
11666.300000
11765.375000
11864.475000
11963.650000
12062.775000
12161.925000
12261.125000
12360.325000
12459.525000
12558.675000
12657.775000
12756.875000
12855.875000
12954.925000
13054.000000
13153.050000
13252.125000
13351.275000
13450.400000
13549.575000
13648.775000
13747.975000
13847.175000
13946.300000
14045.425000
14144.500000
14243.525000
14342.600000
14441.650000
14540.675000
14639.750000
14738.900000
14838.050000
14937.250000
15036.425000
15135.625000
15234.800000
15333.925000
15433.050000
15532.150000
15631.225000
15730.275000
15829.300000
15928.300000
16027.425000
16126.550000
16225.700000
16324.900000
16424.050000
16523.250000
16622.400000
16721.550000
16820.725000
16919.800000
17018.875000
17117.900000
17216.900000
17315.950000
17415.075000
17514.175000
17613.325000
17712.500000
17811.650000
17910.850000
18010.025000
18109.225000
18208.375000
18307.450001
18406.525001
18505.550001
18604.575001
18703.650001
18802.750001
18901.825001
19000.950001
19100.100001
19199.275001
19298.525001
19397.700001
19496.875001
19596.000001
19695.075001
19794.150001
19893.200001
19992.250001
20091.300001
20190.350001
20289.425001
20388.575001
20487.750001
20586.950001
20686.150001
20785.325001
20884.500001
20983.600001
21082.725001
21181.850001
21280.875001
21379.900001
21478.950001
21577.975001
21677.075001
21776.250001
21875.400001
21974.575001
22073.750001
22172.900001
22272.100001
22371.225001
22470.375001
22569.475001
22668.500001
22767.525001
22866.575001
22965.625001
23064.725001
23163.875001
23263.000001
23362.175001
23461.350001
23560.525001
23659.750001
23758.900001
23858.050001
23957.125001
24056.150001
24155.200001
24254.250001
24353.300001
24452.425001
24551.525001
24650.650001
24749.825001
24849.000001
24948.225001
25047.400001
25146.550001
25245.675001
25344.750001
25443.800001
25542.875001
25641.900001
25740.950001
25840.025001
25939.125001
26038.275001
26137.475001
26236.650001
26335.875001
26435.025001
26534.150001
26633.300001
26732.400001
26831.475001
26930.550001
27029.550001
27128.575001
27227.675001
27326.775001
27425.925001
27525.100001
27624.275001
27723.475001
27822.625001
27921.775001
28020.950001
28120.050001
28219.150001
28318.150001
28417.150001
28516.225001
28615.300001
28714.425001
28813.575001
28912.725001
29011.875001
29111.075001
29210.250001
29309.450001
29408.600001
29507.700001
29606.775001
29705.800001
29804.825001
29903.925001
30002.975001
30102.050001
30201.200001
30300.325001
30399.500001
30498.700001
30597.900001
30697.100001
30796.225001
30895.325001
30994.400001
31093.450001
31192.500001
31291.575001
31390.600001
31489.675001
31588.800001
31687.950001
31787.175001
31886.350001
31985.525001
32084.700001
32183.825001
32282.975001
32382.075001
32481.125001
32580.175001
32679.200001
32778.225001
32877.325001
32976.475001
33075.625001
33174.825001
33273.975001
33373.150001
33472.325001
33571.475001
33670.650001
33769.725001
33868.775001
33967.825001
34066.825001
34165.875001
34265.000001
34364.100001
34463.250001
34562.425001
34661.575001
34760.775001
34859.950001
34959.125001
35058.300001
35157.375001
35256.425001
35355.475001
35454.500001
35553.550001
35652.650001
35751.750001
35850.875001
35950.025001
36049.200001
36148.450001
36247.625001
36346.775001
36445.900000
36544.975000
36644.075000
36743.125000
36842.150000
36941.225000
37040.275000
37139.350000
37238.500000
37337.675000
37436.875000
37536.075000
37635.250000
37734.425000
37833.525000
37932.650000
38031.750000
38130.800000
38229.825000
38328.850000
38427.900000
38527.000000
38626.175000
38725.325000
38824.500000
38923.675000
39022.825000
39122.025000
39221.150000
39320.300000
39419.400000
39518.400000
39617.425000
39716.475000
39815.525000
39914.650000
40013.800000
40112.925000
40212.100000
40311.275000
40410.450000
40509.675000
40608.825000
40707.949999
40807.024999
40906.049999
41005.099999
41104.174999
41203.224999
41302.324999
41401.449999
41500.549999
41599.749999
41698.924999
41798.124999
41897.324999
41996.474999
42095.599999
42194.674999
42293.724999
42392.799999
42491.824999
42590.849999
42689.949999
42789.049999
42888.199999
42987.399999
43086.574999
43185.799999
43284.949999
43384.074999
43483.224999
43582.324999
43681.399999
43780.449999
43879.474999
43978.474999
44077.574999
44176.699999
44275.849999
44375.049999
44474.199999
44573.399999
44672.549999
44771.699999
44870.874999
44969.974999
45069.049998
45168.074998
45267.074998
45366.124998
45465.224998
45564.324998
45663.499998
45762.649998
45861.799998
45960.999998
46060.174998
46159.374998
46258.524998
46357.624998
46456.699998
46555.724998
46654.749998
46753.824998
46852.899998
46951.974998
47051.124998
47150.249998
47249.424998
47348.649998
47447.824998
47547.024998
47646.149998
47745.224998
47844.324998
47943.374998
48042.424998
48141.474998
48240.499998
48339.574998
48438.724998
48537.874998
48637.074998
48736.274998
48835.449998
48934.624998
49033.749998
49132.874998
49231.974998
49331.024997
49430.074997
49529.124997
49628.124997
49727.224997
49826.399997
49925.549997
50024.749997
50123.899997
50223.074997
50322.249997
50421.399997
50520.549997
50619.624997
50718.674997
50817.724997
50916.724997
51015.774997
51114.899997
51214.024997
51313.174997
51412.349997
51511.499997
51610.699997
51709.899997
51809.049997
51908.224997
52007.299997
52106.324997
52205.399997
52304.424997
52403.474997
52502.574997
52601.674997
52700.774997
52799.974997
52899.149997
52998.374997
53097.524997
53196.699997
53295.824997
53394.899997
53493.974997
53593.049996
53692.074996
53791.124996
53890.199996
53989.274996
54088.424996
54187.599996
54286.799996
54385.999996
54485.174996
54584.324996
54683.449996
54782.549996
54881.674996
54980.699996
55079.724996
55178.774996
55277.824996
55376.924996
55476.099996
55575.249996
55674.424996
55773.599996
55872.749996
55971.949996
56071.074996
56170.199996
56269.299996
56368.324996
56467.324996
56566.374996
56665.449996
56764.549996
56863.724996
56962.849996
57061.999996
57161.199996
57260.374996
57359.599996
57458.724996
57557.874996
57656.949996
57755.949996
57854.999996
57954.074995
58053.124995
58152.224995
58251.349995
58350.474995
58449.649995
58548.849995
58648.049995
58747.249995
58846.374995
58945.499995
59044.574995
59143.624995
59242.699995
59341.749995
59440.774995
59539.849995
59638.974995
59738.124995
59837.324995
59936.499995
60035.699995
60134.874995
60233.999995
60333.149995
60432.224995
60531.299995
60630.374995
60729.374995
60828.399995
60927.499995
61026.624995
61125.774995
61224.974995
61324.124995
61423.324995
61522.474995
61621.624995
61720.799995
61819.874995
61918.949995
62017.999995
62116.999995
62216.024994
62315.149994
62414.249994
62513.399994
62612.574994
62711.724994
62810.924994
62910.099994
63009.299994
63108.449994
63207.524994
63306.599994
63405.624994
63504.674994
63603.749994
63702.824994
63801.899994
63901.024994
64000.174994
64099.349994
64198.574994
64297.749994
64396.949994
64496.074994
64595.149994
64694.249994
64793.274994
64892.324994
64991.399994
65090.424994
65189.499994
65288.649994
65387.824994
65486.999994
65586.199994
65685.374994
65784.549994
65883.674994
65982.799994
66081.899994
66180.949994
66279.999994
66379.024994
66478.049993
66577.149993
66676.324993
66775.474993
66874.649993
66973.824993
67072.974993
67172.174993
67271.299993
67370.449993
67469.549993
67568.574993
67667.624993
67766.649993
67865.699993
67964.799993
68063.949993
68163.074993
68262.249993
68361.424993
68460.599993
68559.824993
68658.974993
68758.124993
68857.199993
68956.224993
69055.299993
69154.324993
69253.374993
69352.499993
69451.599993
69550.699993
69649.899993
69749.074993
69848.274993
69947.474993
70046.624993
70145.749993
70244.799993
70343.874993
70442.949993
70541.974993
70641.024993
70740.099993
70839.174992
70938.324992
71037.524992
71136.724992
71235.924992
71335.099992
71434.224992
71533.374992
71632.474992
71731.574992
71830.624992
71929.624992
72028.649992
72127.749992
72226.849992
72325.999992
72425.174992
72524.349992
72623.524992
72722.674992
72821.849992
72920.999992
73020.124992
73119.224992
73218.224992
73317.224992
73416.299992
73515.374992
73614.474992
73713.649992
73812.774992
73911.924992
74011.124992
74110.299992
74209.524992
74308.649992
74407.774992
74506.849992
74605.874992
74704.899992
74803.999992
74903.049992
75002.124992
75101.274991
75200.399991
75299.574991
75398.774991
75497.974991
75597.174991
75696.299991
75795.399991
75894.474991
75993.524991
76092.599991
76191.649991
76290.674991
76389.749991
76488.874991
76588.024991
76687.249991
76786.424991
76885.599991
76984.774991
77083.899991
77183.049991
77282.149991
77381.199991
77480.274991
77579.299991
77678.299991
77777.399991
77876.549991
77975.699991
78074.899991
78174.049991
78273.224991
78372.399991
78471.549991
78570.724991
78669.799991
78768.849991
78867.899991
78966.899991
79065.949991
79165.074991
79264.174991
79363.324990
79462.474990
79561.624990
79660.849990
79760.024990
79859.199990
79958.374990
80057.449990
80156.499990
80255.549990
80354.574990
80453.649990
80552.749990
80651.824990
80750.949990
80850.099990
80949.274990
81048.499990
81147.674990
81246.874990
81345.974990
81445.049990
81544.149990
81643.199990
81742.249990
81841.299990
81940.349990
82039.424990
82138.574990
82237.749990
82336.924990
82436.149990
82535.324990
82634.499990
82733.599990
82832.724990
82931.824990
83030.874990
83129.899990
83228.949990
83327.974990
83427.074990
83526.249990
83625.399990
83724.574989
83823.749989
83922.899989
84022.099989
84121.224989
84220.374989
84319.474989
84418.499989
84517.524989
84616.549989
84715.599989
84814.724989
84913.874989
