1.000000
20.000000
474.700000
546.475000
607.100000
659.700000
707.850000
752.600000
795.300000
835.900000
875.050000
913.475000
951.150000
987.525000
1023.650000
1058.850000
1094.200000
1129.025000
1163.225000
1197.025000
1230.375000
1263.575000
1296.600000
1329.425000
1361.925000
1393.950000
1425.550000
1457.600000
1488.900000
1519.475000
1550.825000
1580.775000
1611.400000
1641.525000
1670.925000
1701.225000
1730.375000
1759.500000
1788.750000
1817.975000
1846.700000
1874.975000
1902.950000
1930.775000
1958.475000
1986.150000
2013.800000
2041.550000
2069.150000
2096.475000
2123.825000
2151.300000
2177.850000
2204.175000
2230.475000
2257.125000
2283.350000
2308.475000
2335.125000
2361.125000
2386.100000
2412.500000
2437.225000
2463.000000
2487.750000
2513.575000
2537.800000
2563.500000
2587.575000
2612.750000
2636.475000
2662.525000
2686.175000
2711.300000
2735.975000
2760.275000
2785.850000
2809.875000
2835.200000
2859.675000
2884.875000
2908.475000
2934.500000
2958.325000
2983.350000
3008.125000
3032.125000
3057.575000
3082.000000
3107.200000
3130.900000
3156.950000
3180.625000
3205.800000
3230.450000
3255.325000
3280.300000
3304.350000
3329.900000
3354.300000
3379.650000
3404.200000
3429.375000
3453.250000
3479.250000
3502.950000
3528.950000
3552.800000
3577.700000
3602.575000
3626.500000
3651.600000
3675.950000
3701.425000
3725.175000
3751.125000
3775.000000
3799.950000
3824.800000
3848.725000
3873.825000
3898.225000
3923.650000
3947.375000
3973.300000
3997.250000
4022.200000
4047.025000
4070.950000
4096.050000
4120.500000
4145.875000
4169.600000
4195.500000
4219.475000
4244.450000
4269.275000
4293.200000
4318.325000
4342.925000
4368.100000
4391.875000
4417.925000
4441.725000
4466.825000
4491.575000
4515.575000
4541.300000
4565.350000
4590.525000
4614.150000
4640.225000
4663.900000
4688.975000
4713.725000
4737.750000
4763.325000
4787.600000
4812.800000
4836.725000
4862.625000
4886.250000
4912.275000
4936.100000
4961.125000
4985.900000
5009.900000
5035.300000
5059.750000
5084.925000
5108.650000
5134.800000
5158.650000
5184.850000
5209.675000
5235.725000
5261.225000
5286.150000
5312.650000
5338.400000
5363.975000
5391.200000
5418.025000
5444.250000
5470.600000
5497.175000
5524.550000
5551.650000
5579.300000
5606.950000
5634.675000
5662.475000
5690.350000
5718.275000
5746.750000
5774.925000
5802.950000
5831.750000
5860.750000
5890.225000
5919.250000
5948.425000
5978.600000
6008.175000
6038.175000
6069.000000
6099.125000
6130.275000
6161.125000
6191.800000
6223.550000
6255.075000
6286.550000
6319.125000
6351.475000
6384.425000
6417.600000
6451.050000
6484.625000
6518.250000
6552.400000
6586.425000
6621.075000
6656.625000
6691.725000
6727.675000
6763.700000
6800.625000
6837.575000
6875.000000
6913.275000
6952.075000
6991.425000
7031.025000
7071.625000
7112.975000
7155.050000
7197.875000
7241.700000
7286.475000
7332.675000
7380.350000
7429.825000
7481.375000
7535.725000
7593.725000
7653.100000
7713.775000
7775.550000
7838.150000
7901.450000
7965.225000
8029.600000
8094.400000
8159.650000
8225.300000
8291.300000
8357.600000
8424.100000
8490.800000
8557.650000
8624.650000
8691.775000
8759.050000
8826.475000
8894.125000
8962.025000
9030.225000
9098.750000
9167.725000
9237.075000
9306.775000
9376.625000
9446.700000
9516.825000
9587.000000
9657.250000
9727.475000
9797.725000
9868.025000
9938.275000
10008.550000
10078.875000
10149.125000
10219.425000
10289.725000
10360.000000
10430.325000
10500.625000
10570.900000
10641.225000
10711.500000
10781.800000
10852.125000
10922.425000
10992.700000
11063.025000
11133.325000
11203.625000
11273.950000
11344.250000
11414.525000
11484.850000
11555.150000
11625.450000
11695.775000
11766.075000
11836.375000
11906.700000
11976.975000
12047.275000
12117.600000
12187.900000
12258.200000
12328.525000
12398.800000
12469.125000
12539.425000
12609.700000
12680.050000
12750.350000
12820.650000
12890.975000
12961.250000
13031.550000
13101.875000
13172.175000
13242.475000
13312.825000
13383.100000
13453.400000
13523.725000
13594.025000
13664.300000
13734.650000
13804.925000
13875.250000
13945.575000
14015.850000
14086.150000
14156.475000
14226.750000
14297.075000
14367.400000
14437.675000
14508.000000
14578.300000
14648.600000
14718.925000
14789.225000
14859.500000
14929.850000
15000.150000
15070.425000
15140.775000
15211.050000
15281.350000
15351.675000
15421.975000
15492.275000
15562.600000
15632.900000
15703.200000
15773.525000
15843.800000
15914.100000
15984.425000
16054.725000
16125.025000
16195.350000
16265.650000
16335.950000
16406.275000
16476.550000
16546.875000
16617.200000
16687.475000
16757.800000
16828.100000
16898.400000
16968.725000
17039.025000
17109.300000
17179.650000
17249.950000
17320.250000
17390.575000
17460.850000
17531.150000
17601.475000
17671.775000
17742.075000
17812.400000
17882.700000
17953.000000
18023.325000
18093.600000
18163.900000
18234.225001
18304.525001
18374.825001
18445.150001
18515.450001
18585.750001
18656.075001
18726.350001
18796.675001
18867.000001
18937.275001
19007.600001
19077.900001
19148.200001
19218.550001
19288.825001
19359.125001
19429.475001
19499.750001
19570.050001
19640.375001
19710.650001
19780.975001
19851.300001
19921.575001
19991.900001
20062.200001
20132.500001
20202.800001
20273.125001
20343.425001
20413.725001
20484.025001
20554.325001
20624.650001
20694.975001
20765.250001
20835.575001
20905.875001
20976.150001
21046.500001
21116.800001
21187.075001
21257.425001
21327.725001
21398.000001
21468.350001
21538.625001
21608.925001
21679.275001
21749.550001
21819.850001
21890.175001
21960.450001
22030.775001
22101.100001
22171.375001
22241.700001
22312.000001
22382.300001
22452.600001
22522.925001
22593.225001
22663.525001
22733.850001
22804.150001
22874.450001
22944.775001
23015.050001
23085.375001
23155.700001
23225.975001
23296.300001
23366.600001
23436.900001
23507.250001
23577.525001
23647.825001
23718.150001
23788.425001
23858.750001
23929.075001
23999.350001
24069.675001
24139.975001
24210.275001
24280.575001
24350.900001
24421.175001
24491.500001
24561.800001
24632.100001
24702.425001
24772.725001
24843.025001
24913.350001
24983.650001
25053.950001
25124.275001
25194.575001
25264.850001
25335.200001
25405.500001
25475.775001
25546.125001
25616.425001
25686.700001
25757.050001
25827.325001
25897.625001
25967.975001
26038.250001
26108.550001
26178.875001
26249.150001
26319.475001
26389.775001
26460.075001
26530.400001
26600.700001
26671.000001
26741.325001
26811.625001
26881.925001
26952.225001
27022.550001
27092.825001
27163.150001
27233.450001
27303.750001
27374.075001
27444.375001
27514.675001
27585.000001
27655.300001
27725.600001
27795.925001
27866.225001
27936.500001
28006.850001
28077.125001
28147.425001
28217.775001
28288.050001
28358.350001
28428.675001
28498.950001
28569.275001
28639.575001
28709.875001
28780.200001
28850.500001
28920.800001
28991.125001
29061.425001
29131.725001
29202.025001
29272.350001
29342.650001
29412.975001
29483.275001
29553.550001
29623.900001
29694.175001
29764.475001
29834.800001
29905.100001
29975.400001
30045.725001
30116.025001
30186.325001
30256.650001
30326.925001
30397.225001
30467.550001
30537.850001
30608.150001
30678.475001
30748.750001
30819.075001
30889.375001
30959.675001
31030.000001
31100.300001
31170.600001
31240.925001
31311.225001
31381.525001
31451.850001
31522.125001
31592.450001
31662.775001
31733.050001
31803.350001
31873.675001
31943.975001
32014.275001
32084.600001
32154.900001
32225.200001
32295.525001
32365.800001
32436.100001
32506.450001
32576.725001
32647.025001
32717.350001
32787.625001
32857.950001
32928.275001
32998.550001
33068.875001
33139.175001
33209.475001
33279.800001
33350.100001
33420.400001
33490.725001
33561.025001
33631.325001
33701.650001
33771.925001
33842.250001
33912.575001
33982.850001
34053.150001
34123.475001
34193.775001
34264.075001
34334.400001
34404.700001
34475.000001
34545.325001
34615.600001
34685.900001
34756.225001
34826.500001
34896.825001
34967.150001
35037.425001
35107.775001
35178.075001
35248.350001
35318.675001
35388.975001
35459.275001
35529.625001
35599.900001
35670.200001
35740.525001
35810.825001
35881.125001
35951.450001
36021.725001
36092.050001
36162.375001
36232.650001
36302.950001
36373.275001
36443.575000
36513.875000
36584.200000
36654.500000
36724.800000
36795.125000
36865.400000
36935.725000
37006.025000
37076.325000
37146.650000
37216.950000
37287.250000
37357.575000
37427.875000
37498.150000
37568.500000
37638.775000
37709.075000
37779.425000
37849.700000
37920.000000
37990.325000
38060.625000
38130.925000
38201.250000
38271.525000
38341.850000
38412.175000
38482.450000
38552.775000
38623.075000
38693.375000
38763.675000
38834.000000
38904.300000
38974.600000
39044.925000
39115.200000
39185.525000
39255.850000
39326.125000
39396.450000
39466.750000
39537.050000
39607.400000
39677.675000
39747.975000
39818.300000
39888.600000
39958.875000
40029.225000
40099.500000
40169.825000
40240.150000
40310.425000
40380.750000
40451.050000
40521.325000
40591.650000
40661.975000
40732.274999
40802.574999
40872.874999
40943.174999
41013.499999
41083.799999
41154.099999
41224.424999
41294.724999
41364.999999
41435.349999
41505.649999
41575.924999
41646.274999
41716.574999
41786.849999
41857.199999
41927.474999
41997.774999
42068.124999
42138.399999
42208.699999
42279.024999
42349.299999
42419.624999
42489.949999
42560.224999
42630.549999
42700.849999
42771.149999
42841.474999
42911.774999
42982.074999
43052.374999
43122.699999
43192.999999
43263.299999
43333.624999
43403.899999
43474.224999
43544.549999
43614.824999
43685.149999
43755.449999
43825.749999
43896.074999
43966.374999
44036.674999
44106.999999
44177.274999
44247.599999
44317.924999
44388.199999
44458.499999
44528.849999
44599.124999
44669.424999
44739.749999
44810.024999
44880.349999
44950.674999
45020.949998
45091.274998
45161.574998
45231.874998
45302.199998
45372.499998
45442.799998
45513.124998
45583.424998
45653.724998
45724.049998
45794.349998
45864.624998
45934.974998
46005.249998
46075.549998
46145.874998
46216.174998
46286.474998
46356.799998
46427.074998
46497.399998
46567.724998
46637.999998
46708.324998
46778.649998
46848.924998
46919.224998
46989.549998
47059.824998
47130.149998
47200.474998
47270.749998
47341.074998
47411.374998
47481.674998
47551.999998
47622.299998
47692.599998
47762.924998
47833.224998
47903.524998
47973.849998
48044.149998
48114.424998
48184.749998
48255.049998
48325.349998
48395.674998
48465.974998
48536.274998
48606.599998
48676.874998
48747.174998
48817.524998
48887.799998
48958.124998
49028.424998
49098.699998
49169.049998
49239.349998
49309.624997
49379.949997
49450.274997
49520.549997
49590.874997
49661.174997
49731.474997
49801.799997
49872.099997
49942.399997
50012.724997
50083.024997
50153.324997
50223.649997
50293.924997
50364.224997
50434.549997
50504.849997
50575.149997
50645.474997
50715.749997
50786.074997
50856.399997
50926.674997
50996.974997
51067.299997
51137.599997
51207.924997
51278.224997
51348.499997
51418.849997
51489.124997
51559.424997
51629.774997
51700.049997
51770.349997
51840.699997
51910.974997
51981.274997
52051.599997
52121.899997
52192.199997
52262.524997
52332.824997
52403.124997
52473.449997
52543.724997
52614.024997
52684.349997
52754.649997
52824.949997
52895.274997
52965.549997
53035.874997
53106.199997
53176.474997
53246.799997
53317.124997
53387.399997
53457.724997
53528.024997
53598.299996
53668.649996
53738.924996
53809.224996
53879.574996
53949.849996
54020.149996
54090.499996
54160.774996
54231.074996
54301.399996
54371.699996
54441.999996
54512.324996
54582.624996
54652.924996
54723.249996
54793.524996
54863.824996
54934.149996
55004.449996
55074.749996
55145.074996
55215.349996
55285.674996
55355.999996
55426.274996
55496.599996
55566.924996
55637.199996
55707.524996
55777.824996
55848.124996
55918.449996
55988.749996
56059.024996
56129.374996
56199.674996
56269.974996
56340.299996
56410.574996
56480.899996
56551.199996
56621.499996
56691.824996
56762.124996
56832.424996
56902.724996
56973.049996
57043.324996
57113.649996
57183.949996
57254.249996
57324.574996
57394.874996
57465.174996
57535.499996
57605.799996
57676.074996
57746.424996
57816.724996
57886.999995
57957.349995
58027.624995
58097.924995
58168.274995
58238.549995
58308.849995
58379.199995
58449.474995
58519.774995
58590.099995
58660.374995
58730.699995
58801.024995
58871.299995
58941.624995
59011.924995
59082.224995
59152.524995
59222.849995
59293.149995
59363.449995
59433.774995
59504.049995
59574.374995
59644.699995
59714.974995
59785.299995
59855.599995
59925.899995
59996.224995
60066.524995
60136.824995
60207.149995
60277.424995
60347.749995
60418.074995
60488.349995
60558.674995
60628.999995
60699.274995
60769.599995
60839.899995
60910.199995
60980.499995
61050.824995
61121.099995
61191.424995
61261.724995
61332.024995
61402.349995
61472.649995
61542.949995
61613.274995
61683.574995
61753.874995
61824.199995
61894.499995
61964.774995
62035.124995
62105.424995
62175.699994
62246.049994
62316.324994
62386.624994
62456.974994
62527.249994
62597.549994
62667.874994
62738.149994
62808.474994
62878.799994
62949.074994
63019.399994
63089.699994
63159.999994
63230.324994
63300.624994
63370.899994
63441.224994
63511.549994
63581.824994
63652.149994
63722.449994
63792.749994
63863.074994
63933.374994
64003.674994
64073.999994
64144.299994
64214.574994
64284.924994
64355.224994
64425.524994
64495.849994
64566.124994
64636.424994
64706.774994
64777.049994
64847.349994
64917.674994
64987.974994
65058.274994
65128.599994
65198.874994
65269.199994
65339.499994
65409.799994
65480.124994
65550.424994
65620.724994
65691.049994
65761.349994
65831.624994
65901.949994
65972.249994
66042.549994
66112.899994
66183.174994
66253.474994
66323.799994
66394.099994
66464.374994
66534.724993
66605.024993
66675.324993
66745.649993
66815.924993
66886.224993
66956.549993
67026.824993
67097.149993
67167.474993
67237.749993
67308.074993
67378.374993
67448.674993
67518.999993
67589.299993
67659.574993
67729.924993
67800.224993
67870.499993
67940.849993
68011.124993
68081.424993
68151.749993
68222.049993
68292.349993
68362.674993
68432.974993
68503.274993
68573.599993
68643.899993
68714.199993
68784.524993
68854.799993
68925.099993
68995.449993
69065.724993
69136.024993
69206.349993
69276.624993
69346.949993
69417.274993
69487.549993
69557.874993
69628.174993
69698.474993
69768.799993
69839.099993
69909.374993
69979.724993
70050.024993
70120.324993
70190.649993
70260.924993
70331.224993
70401.549993
70471.849993
70542.149993
70612.474993
70682.774993
70753.074993
70823.399992
70893.674992
70963.999992
71034.299992
71104.599992
71174.899992
71245.224992
71315.524992
71385.824992
71456.149992
71526.424992
71596.749992
71667.074992
71737.349992
71807.674992
71877.974992
71948.274992
72018.599992
72088.899992
72159.199992
72229.549992
72299.824992
72370.124992
72440.449992
72510.724992
72581.049992
72651.374992
72721.649992
72791.974992
72862.274992
72932.574992
73002.874992
73073.199992
73143.499992
73213.799992
73284.124992
73354.399992
73424.724992
73495.049992
73565.324992
73635.649992
73705.949992
73776.224992
73846.574992
73916.874992
73987.149992
74057.499992
74127.799992
74198.074992
74268.424992
74338.699992
74408.999992
74479.349992
74549.624992
74619.924992
74690.249992
74760.549992
74830.849992
74901.174992
74971.449992
75041.774992
75112.099991
75182.374991
75252.674991
75322.999991
75393.299991
75463.599991
75533.924991
75604.224991
75674.524991
75744.849991
75815.124991
75885.449991
75955.774991
76026.049991
76096.374991
76166.674991
76236.974991
76307.324991
76377.599991
76447.899991
76518.224991
76588.499991
76658.799991
76729.149991
76799.424991
76869.749991
76940.049991
77010.349991
77080.649991
77150.974991
77221.249991
77291.574991
77361.899991
77432.174991
77502.499991
77572.799991
77643.099991
77713.424991
77783.724991
77854.024991
77924.349991
77994.649991
78064.924991
78135.274991
78205.574991
78275.849991
78346.199991
78416.499991
78486.774991
78557.124991
78627.399991
78697.699991
78768.049991
78838.324991
78908.624991
78978.949991
79049.224991
79119.549991
79189.874991
79260.149991
79330.474991
79400.774990
79471.074990
79541.399990
79611.699990
79681.999990
79752.299990
79822.624990
79892.899990
79963.224990
80033.524990
80103.824990
80174.149990
80244.449990
80314.749990
80385.074990
80455.374990
80525.674990
80595.999990
80666.299990
80736.574990
80806.924990
80877.199990
80947.499990
81017.849990
81088.124990
81158.424990
81228.749990
81299.024990
81369.349990
81439.674990
81509.949990
81580.274990
81650.574990
81720.874990
81791.199990
81861.499990
81931.799990
82002.099990
82072.424990
82142.724990
82213.049990
82283.349990
82353.624990
82423.974990
82494.249990
82564.549990
82634.874990
82705.174990
82775.474990
82845.799990
82916.099990
82986.399990
83056.724990
83126.999990
83197.299990
83267.649990
83337.924990
83408.224990
83478.549990
83548.824990
83619.149990
83689.449989
83759.749989
83830.074989
83900.374989
83970.674989
84040.999989
84111.299989
84181.599989
84251.924989
84322.224989
84392.524989
84462.849989
84533.149989
84603.424989
84673.774989
84744.049989
84814.349989
84884.674989
84954.974989
