100.000000
18.000000
570.875000
632.400000
686.975000
737.475000
785.625000
831.775000
876.325000
919.950000
962.975000
1005.050000
1046.600000
1087.200000
1127.350000
1167.400000
1206.775000
1245.550000
1283.650000
1321.000000
1358.200000
1395.600000
1431.850000
1468.300000
1504.075000
1540.100000
1574.925000
1609.750000
1644.875000
1679.725000
1713.700000
1747.300000
1780.625000
1813.825000
1847.050000
1880.225000
1913.350000
1946.000000
1978.975000
2010.850000
2042.625000
2074.650000
2106.725000
2137.400000
2168.975000
2200.000000
2230.375000
2261.125000
2291.475000
2321.150000
2351.575000
2380.675000
2410.975000
2440.900000
2469.925000
2499.750000
2529.225000
2558.050000
2586.100000
2615.075000
2643.925000
2673.525000
2702.450000
2730.525000
2759.475000
2788.550000
2817.950000
2846.850000
2875.000000
2904.050000
2933.025000
2962.400000
2991.350000
3019.450000
3048.375000
3076.775000
3106.750000
3135.650000
3163.825000
3192.850000
3221.150000
3251.150000
3280.100000
3308.275000
3337.150000
3366.425000
3395.700000
3424.600000
3452.775000
3481.700000
3510.725000
3540.200000
3569.075000
3597.225000
3626.175000
3655.350000
3684.625000
3713.475000
3741.725000
3770.625000
3799.225000
3829.150000
3857.975000
3886.075000
3915.025000
3943.725000
3973.525000
4002.425000
4030.525000
4059.475000
4088.550000
4117.950000
4146.850000
4175.000000
4204.050000
4233.025000
4262.400000
4291.350000
4319.450000
4348.375000
4376.775000
4406.750000
4435.650000
4463.825000
4492.850000
4521.150000
4551.150000
4580.100000
4608.275000
4637.150000
4666.425000
4695.700000
4724.600000
4752.775000
4781.700000
4810.725000
4840.200000
4869.075000
4897.225000
4926.175000
4955.350000
4984.625000
5013.475000
5041.725000
5070.625000
5099.225000
5129.275000
5158.125000
5187.325000
5217.800000
5247.025000
5276.375000
5306.950000
5336.150000
5367.725000
5397.275000
5429.000000
5458.975000
5491.150000
5522.650000
5553.975000
5585.750000
5617.950000
5649.850000
5681.750000
5713.775000
5746.825000
5780.075000
5813.450000
5846.900000
5880.325000
5913.775000
5947.600000
5981.850000
6016.650000
6051.425000
6086.025000
6121.475000
6157.775000
6193.900000
6230.325000
6267.600000
6304.300000
6341.600000
6379.725000
6418.050000
6456.825000
6495.800000
6535.400000
6575.100000
6615.325000
6656.675000
6697.975000
6740.375000
6783.050000
6826.250000
6870.375000
6915.225000
6961.025000
7007.875000
7055.825000
7104.900000
7155.450000
7207.625000
7261.700000
7318.150000
7377.350000
7440.950000
7510.950000
7602.800000
