10.000000
38.000000
743.350000
809.700000
869.050000
921.650000
969.600000
1013.825000
1055.775000
1095.750000
1134.225000
1170.925000
1207.325000
1242.650000
1277.550000
1312.125000
1345.875000
1379.350000
1412.500000
1445.475000
1477.700000
1509.475000
1541.475000
1573.375000
1604.200000
1635.600000
1666.650000
1697.075000
1727.425000
1757.950000
1787.550000
1817.975000
1847.125000
1876.300000
1905.675000
1934.875000
1963.700000
1991.850000
2020.500000
2048.625000
2076.500000
2104.450000
2132.150000
2159.775000
2187.300000
2214.050000
2241.650000
2269.225000
2296.225000
2323.675000
2350.825000
2377.075000
2404.025000
2430.450000
2457.075000
2483.050000
2508.375000
2534.925000
2560.075000
2586.025000
2612.475000
2637.200000
2663.575000
2689.100000
2713.975000
2740.450000
2765.400000
2791.575000
2817.950000
2842.775000
2868.950000
2894.800000
2919.700000
2946.050000
2971.025000
2997.125000
3023.525000
3048.350000
3074.525000
3100.300000
3125.200000
3151.550000
3176.525000
3202.675000
3229.100000
3253.975000
3280.225000
3305.750000
3330.625000
3357.075000
3382.050000
3408.150000
3433.975000
3459.150000
3485.875000
3511.500000
3536.300000
3562.900000
3588.700000
3613.875000
3640.325000
3665.225000
3691.475000
3717.500000
3742.825000
3769.000000
3794.725000
3819.625000
3845.975000
3870.950000
3897.100000
3923.425000
3948.100000
3974.675000
4000.275000
4025.175000
4051.550000
4076.525000
4102.650000
4129.075000
4153.925000
4180.225000
4205.750000
4230.625000
4257.075000
4282.050000
4308.150000
4333.975000
4359.175000
4385.875000
4411.475000
4436.275000
4462.800000
4487.925000
4513.825000
4540.300000
4565.175000
4591.450000
4617.325000
4642.825000
4669.025000
4694.725000
4719.625000
4745.975000
4770.950000
4797.100000
4823.425000
4848.100000
4874.675000
4900.275000
4925.175000
4951.550000
4976.525000
5002.650000
5029.100000
5053.925000
5080.225000
5105.775000
5130.725000
5157.700000
5184.675000
5209.900000
5236.100000
5263.200000
5290.400000
5317.750000
5343.925000
5370.850000
5397.425000
5424.950000
5452.600000
5480.300000
5508.075000
5535.900000
5563.725000
5591.650000
5619.500000
5647.475000
5676.200000
5704.950000
5734.675000
5763.625000
5792.600000
5822.300000
5852.075000
5881.775000
5912.350000
5941.775000
5972.350000
6002.675000
6033.425000
6063.875000
6095.700000
6126.400000
6158.125000
6190.275000
6222.175000
6254.175000
6286.250000
6319.275000
6352.475000
6385.850000
6419.350000
6452.950000
6487.225000
6521.875000
6557.025000
6591.925000
6627.750000
6663.675000
6700.175000
6736.825000
6774.575000
6812.600000
6851.200000
6890.250000
6929.950000
6970.225000
7011.400000
7053.100000
7096.050000
7140.075000
7185.225000
7231.775000
7280.275000
7331.000000
7385.375000
7445.025000
7516.500000
