2.000000
14.000000
1470.625000
1517.600000
1562.100000
1603.950000
1645.250000
1684.325000
1723.000000
1759.425000
1795.300000
1830.475000
1864.725000
1898.075000
1931.375000
1963.600000
1995.250000
2025.950000
2056.475000
2086.925000
2117.375000
2146.850000
2175.750000
2203.925000
2231.550000
2259.200000
2286.900000
2314.625000
2342.300000
2369.000000
2395.225000
2420.750000
2446.600000
2472.875000
2498.025000
2523.025000
2547.975000
2572.950000
2597.900000
2622.900000
2647.875000
2672.875000
2697.825000
2722.875000
2747.025000
2770.375000
2795.125000
2819.350000
2842.625000
2867.350000
2891.800000
2916.250000
2939.775000
2964.525000
2989.550000
3013.475000
3037.075000
3061.800000
3085.725000
3109.300000
3134.025000
3157.950000
3181.525000
3206.250000
3230.175000
3253.775000
3278.500000
3302.575000
3325.925000
3350.675000
3374.800000
3398.125000
3422.900000
3447.025000
3470.350000
3495.125000
3519.250000
3542.575000
3567.350000
3591.550000
3614.900000
3639.600000
3663.525000
3687.075000
3711.800000
3735.725000
3759.300000
3784.025000
3807.950000
3831.525000
3856.250000
3880.175000
3903.775000
3928.500000
3952.575000
3975.925000
4000.675000
4024.800000
4048.125000
4072.900000
4097.025000
4120.350000
4145.125000
4169.250000
4192.575000
4217.350000
4241.550000
4264.900000
4289.600000
4313.525000
4337.075000
4361.800000
4385.725000
4409.300000
4434.025000
4457.950000
4481.525000
4506.250000
4530.175000
4553.775000
4578.500000
4602.575000
4625.925000
4650.675000
4674.800000
4698.125000
4722.900000
4747.025000
4770.350000
4795.125000
4819.250000
4842.575000
4867.350000
4891.550000
4914.900000
4939.600000
4963.525000
4987.075000
5011.800000
5035.725000
5059.300000
5084.025000
5108.000000
5131.675000
5156.325000
5181.325000
5206.350000
5231.400000
5256.450000
5281.575000
5306.750000
5332.900000
5359.125000
5385.625000
5412.050000
5439.625000
5467.400000
5495.225000
5523.075000
5550.950000
5579.975000
5609.175000
5639.575000
5670.150000
5700.775000
5731.475000
5763.100000
5795.250000
5828.550000
5861.950000
5895.400000
5930.125000
5965.075000
6000.950000
6039.575000
6078.700000
6119.025000
6161.975000
6206.600000
6254.850000
6309.775000
