100.000000
29.000000
670.450000
727.575000
779.025000
826.250000
871.700000
915.575000
958.275000
1000.650000
1041.825000
1082.550000
1123.250000
1163.075000
1202.425000
1241.375000
1280.025000
1318.175000
1355.825000
1392.875000
1430.100000
1466.975000
1502.800000
1538.925000
1574.700000
1609.750000
1645.550000
1680.275000
1714.650000
1749.100000
1783.575000
1817.925000
1851.475000
1885.275000
1918.925000
1952.325000
1985.575000
2018.450000
2051.300000
2083.350000
2115.075000
2147.000000
2179.175000
2210.000000
2241.500000
2273.350000
2303.900000
2335.075000
2365.250000
2396.025000
2426.125000
2456.900000
2486.050000
2516.550000
2546.400000
2575.950000
2606.375000
2635.875000
2665.175000
2695.650000
2724.800000
2754.100000
2784.525000
2813.650000
2842.925000
2873.400000
2902.575000
2931.800000
2962.250000
2991.475000
3020.675000
3051.150000
3080.325000
3109.550000
3140.025000
3169.225000
3198.450000
3229.025000
3258.075000
3287.350000
3317.875000
3347.000000
3376.225000
3406.725000
3435.850000
3465.125000
3495.600000
3524.775000
3554.100000
3584.500000
3613.650000
3642.925000
3673.400000
3702.575000
3731.800000
3762.250000
3791.475000
3820.675000
3851.150000
3880.325000
3909.550000
3940.025000
3969.225000
3998.450000
4029.025000
4058.075000
4087.350000
4117.875000
4147.000000
4176.225000
4206.725000
4235.850000
4265.125000
4295.600000
4324.775000
4354.100000
4384.500000
4413.650000
4442.925000
4473.400000
4502.575000
4531.800000
4562.250000
4591.475000
4620.675000
4651.150000
4680.325000
4709.550000
4740.025000
4769.225000
4798.450000
4829.025000
4858.075000
4887.350000
4917.875000
4947.000000
4976.225000
5006.725000
5035.850000
5065.125000
5095.600000
5124.825000
5154.450000
5185.175000
5215.075000
5245.850000
5276.000000
5307.175000
5337.475000
5369.050000
5400.600000
5431.750000
5463.525000
5495.700000
5526.925000
5558.575000
5591.400000
5623.850000
5656.875000
5690.050000
5723.350000
5756.800000
5790.275000
5823.850000
5857.925000
5891.675000
5925.975000
5960.750000
5995.800000
6030.425000
6065.475000
6101.375000
6136.825000
6173.550000
6209.575000
6246.625000
6284.175000
6321.225000
6358.650000
6396.950000
6435.600000
6474.600000
6513.675000
6553.025000
6592.950000
6633.500000
6674.600000
6716.225000
6758.175000
6801.125000
6844.300000
6888.075000
6932.850000
6978.650000
7024.850000
7072.000000
7120.100000
7169.475000
7220.075000
7272.250000
7326.075000
7382.025000
7440.825000
7503.125000
7570.825000
7642.600000
7716.525000
7792.625000
7870.700000
7950.525000
8032.275000
8115.600000
8200.475000
8286.850000
8374.525000
8463.475000
8553.925000
8699.850000
8777.400000
8860.350000
8946.950000
9093.800000
9171.900000
9255.400000
9342.300000
9434.975000
9581.275000
9659.400000
9742.825000
9829.350000
9919.725000
10066.775000
10144.825000
10228.075000
10314.625000
10404.700000
10551.950000
10630.075000
10713.400000
10800.000000
10890.125000
11036.875000
11114.975000
11198.400000
11285.100000
11375.625000
11522.300000
11600.300000
11683.675000
11770.400000
11861.025000
12007.550000
12085.675000
12169.075000
12255.625000
12345.950000
12492.625000
12570.750000
12654.075000
12740.500000
12830.525000
12977.550000
13055.575000
13138.850000
13225.425000
13315.425000
13462.275000
13540.325000
13623.675000
13710.375000
13800.800000
13947.450000
14025.525000
14108.975000
14195.675000
14286.300000
14432.900000
14510.925000
14594.275000
14680.825000
14771.125000
14917.825000
14995.900000
15079.200000
15165.675000
15255.650000
15402.775000
15480.875000
15564.150000
15650.650000
15740.675000
15887.475000
15965.525000
16048.900000
16135.600000
16226.000000
16372.650000
16450.675000
16534.075000
16620.850000
16711.450000
16858.000000
16936.100000
17019.500000
17106.000000
17196.400000
17343.025000
17421.100000
17504.425000
17590.900000
17680.950000
17828.000000
17906.050000
17989.300000
18075.875000
18165.875000
18312.850001
18390.925001
18474.275001
18560.975001
18651.300001
18797.925001
18876.025001
18959.450001
19046.125001
19136.750001
19283.375001
19361.375001
19444.725001
19531.325001
19621.725001
19768.375001
19846.500001
19929.850001
20016.350001
20106.450001
20253.525001
20331.650001
20414.950001
20501.425001
20591.375001
20738.250001
20816.300001
20899.650001
20986.350001
21076.600001
21223.250001
21301.300001
21384.700001
21471.425001
21562.025001
21708.625001
21786.700001
21870.150001
21956.750001
22047.250001
22193.750001
22271.850001
22355.200001
22441.700001
22531.800001
22678.775001
22756.875001
22840.100001
22926.625001
23016.525001
23163.525001
23241.625001
23324.950001
23411.550001
23501.775001
23648.425001
23726.475001
23809.900001
23896.600001
23987.200001
24133.825001
24211.825001
24295.250001
24381.900001
24472.375001
24618.900001
24697.025001
24780.400001
24866.850001
24956.975001
25103.875001
25181.975001
25265.250001
25351.725001
25441.675001
25588.575001
25666.625001
25749.925001
25836.575001
25926.775001
26073.475001
26151.525001
26234.900001
26321.625001
26412.225001
26558.850001
26636.925001
26720.375001
26806.975001
26897.475001
27044.000001
27122.075001
27205.400001
27291.900001
27382.000001
27528.975001
27607.050001
27690.300001
27776.800001
27866.700001
28013.725001
28091.800001
28175.125001
28261.725001
28351.925001
28498.600001
28576.650001
28660.050001
28746.775001
28837.350001
28983.975001
29062.000001
29145.400001
29232.075001
29322.550001
29469.075001
29547.200001
29630.550001
29717.000001
29807.150001
29954.025001
30032.125001
30115.400001
30201.875001
30291.825001
30438.775001
30516.800001
30600.075001
30686.750001
30776.925001
30923.675001
31001.725001
31085.100001
31171.825001
31262.400001
31409.025001
31487.100001
31570.550001
31657.150001
31747.650001
31894.200001
31972.225001
32055.550001
32142.050001
32232.150001
32379.125001
32457.225001
32540.475001
32626.975001
32716.875001
32863.950001
32942.050001
33025.375001
33111.950001
33202.125001
33348.825001
33426.875001
33510.275001
33597.025001
33687.575001
33834.175001
33912.225001
33995.600001
34082.250001
34172.750001
34319.275001
34397.400001
34480.750001
34567.225001
34657.450001
34804.300001
34882.375001
34965.675001
35052.150001
35142.150001
35289.175001
35367.225001
35450.500001
35537.175001
35627.300001
35774.050001
35852.150001
35935.575001
36022.300001
36112.850001
36259.475001
36337.525001
36420.925000
36507.550000
36598.125000
36744.700000
36822.725000
36906.075000
36992.625000
37082.875000
37229.775000
37307.900000
37391.225000
37477.700000
37567.650000
37714.750000
37792.875000
37876.175000
37962.700000
38052.725000
38199.475000
38277.525000
38360.900000
38447.625000
38538.075000
38684.700000
38762.750000
38846.150000
38932.825000
39023.425000
39169.950000
39248.050000
39331.475000
39418.000000
39508.325000
39654.950000
39733.050000
39816.350000
39902.850000
39992.825000
40139.900000
40217.975000
40301.250000
40387.825000
40477.800000
40624.625000
40702.699999
40786.099999
40872.749999
40963.224999
41109.899999
41187.924999
41271.324999
41358.024999
41448.599999
41595.174999
41673.224999
41756.599999
41843.174999
41933.424999
42080.149999
42158.299999
42241.599999
42328.024999
42417.999999
42565.049999
42643.124999
42726.424999
42812.949999
42902.974999
43049.749999
43127.749999
43211.099999
43297.849999
43388.274999
43534.899999
43612.974999
43696.374999
43783.099999
43873.699999
44020.249999
44098.349999
44181.749999
44268.249999
44358.574999
44505.199999
44583.274999
44666.549999
44753.049999
44843.024999
44990.099999
45068.174998
45151.424998
45237.999998
45327.974998
45474.799998
45552.874998
45636.274998
45722.924998
45813.374998
45960.049998
46038.074998
46121.499998
46208.224998
46298.799998
46445.374998
46523.424998
46606.799998
46693.349998
46783.624998
46930.324998
47008.449998
47091.749998
47178.199998
47268.174998
47415.249998
47493.299998
47576.599998
47663.124998
47753.149998
47899.949998
47977.974998
48061.299998
48148.049998
48238.449998
48385.074998
48463.149998
48546.574998
48633.299998
48723.924998
48870.524998
48948.574998
49031.949998
49118.474998
49208.849998
49355.474997
49433.524997
49516.799997
49603.299997
49693.299997
49840.449997
49918.524997
50001.799997
50088.324997
50178.324997
50325.224997
50403.324997
50486.699997
50573.374997
50663.724997
50810.374997
50888.424997
50971.849997
51058.574997
51149.149997
51295.749997
51373.799997
51457.174997
51543.749997
51634.174997
51780.774997
51858.899997
51942.274997
52028.749997
52118.849997
52265.899997
52343.999997
52427.274997
52513.824997
52603.799997
52750.724997
52828.799997
52912.124997
52998.824997
53089.049997
53235.699997
53313.799997
53397.224997
53483.899997
53574.549997
53721.199996
53799.224996
53882.649996
53969.274996
54059.749996
54206.274996
54284.349996
54367.674996
54454.224996
54544.299996
54691.349996
54769.449996
54852.724996
54939.174996
55029.099996
55176.024996
55254.099996
55337.449996
55424.049996
55514.249996
55660.949996
55738.949996
55822.324996
55909.074996
55999.649996
56146.249996
56224.324996
56307.749996
56394.374996
56484.899996
56631.374996
56709.499996
56792.874996
56879.324996
56969.424996
57116.349996
57194.424996
57277.649996
57364.174996
57454.099996
57601.074996
57679.124996
57762.424996
57849.074996
57939.249995
58085.924995
58164.024995
58247.424995
58334.124995
58424.749995
58571.399995
58649.449995
58732.849995
58819.499995
58909.999995
59056.524995
59134.599995
59217.924995
59304.424995
59394.499995
59541.524995
59619.624995
59702.899995
59789.349995
59879.299995
60026.249995
60104.299995
60187.624995
60274.249995
60364.424995
60511.149995
60589.149995
60672.524995
60759.299995
60849.824995
60996.424995
61074.524995
61157.949995
61244.574995
61335.099995
61481.599995
61559.674995
61643.049995
61729.499995
61819.624995
61966.524995
62044.574995
62127.824995
62214.349994
62304.274994
62451.274994
62529.349994
62612.624994
62699.274994
62789.449994
62936.149994
63014.224994
63097.649994
63184.349994
63274.924994
63421.599994
63499.624994
63583.024994
63669.649994
63760.174994
63906.699994
63984.774994
64068.099994
64154.599994
64244.699994
64391.699994
64469.799994
64553.099994
64639.549994
64729.524994
64876.474994
64954.549994
65037.874994
65124.474994
65214.649994
65361.374994
65439.399994
65522.774994
65609.574994
65700.074994
65846.674994
65924.774994
66008.199994
66094.799994
66185.374994
66331.899994
66409.949994
66493.324993
66579.824993
66670.024993
66816.924993
66894.974993
66978.249993
67064.774993
67154.749993
67301.924993
67380.024993
67463.349993
67549.924993
67640.024993
67786.724993
67864.824993
67948.249993
68034.949993
68125.449993
68272.124993
68350.124993
68433.474993
68520.174993
68610.749993
68757.274993
68835.374993
68918.774993
69005.324993
69095.599993
69242.324993
69320.474993
69403.799993
69490.249993
69580.249993
69727.249993
69805.324993
69888.599993
69975.199993
70065.224993
70212.024993
70290.074993
70373.424993
70460.149993
70550.599993
70697.224993
70775.299992
70858.724992
70945.374992
71036.024992
71182.574992
71260.624992
71343.999992
71430.574992
71520.849992
71667.574992
71745.674992
71828.949992
71915.424992
72005.399992
72152.499992
72230.599992
72313.899992
72400.399992
72490.399992
72637.174992
72715.249992
72798.624992
72885.324992
72975.749992
73122.424992
73200.424992
73283.824992
73370.549992
73461.124992
73607.674992
73685.774992
73769.174992
73855.699992
73945.999992
74092.674992
74170.774992
74254.099992
74340.524992
74430.524992
74577.524992
74655.574992
74738.824992
74825.399992
74915.399992
75062.249991
75140.274991
75223.624991
75310.349991
75400.774991
75547.399991
75625.474991
75708.924991
75795.599991
75886.224991
76032.824991
76110.849991
76194.224991
76280.774991
76371.024991
76517.749991
76595.849991
76679.124991
76765.599991
76855.549991
77002.674991
77080.774991
77164.049991
77250.549991
77340.574991
77487.374991
77565.399991
77648.774991
77735.474991
77825.899991
77972.574991
78050.574991
78133.974991
78220.724991
78311.324991
78457.874991
78535.974991
78619.374991
78705.899991
78796.224991
78942.874991
79020.949991
79104.274991
79190.724991
79280.724991
79427.774990
79505.799990
79589.049990
79675.624990
79765.624990
79912.499990
79990.549990
80073.899990
80160.599990
80250.999990
80397.624990
80475.699990
80559.174990
80645.849990
80736.499990
80883.099990
80961.099990
81044.449990
81131.024990
81221.324990
81368.024990
81446.124990
81529.399990
81615.874990
81705.899990
81853.049990
81931.149990
82014.449990
82100.974990
82190.974990
82337.849990
82415.899990
82499.274990
82585.974990
82676.324990
82822.949990
82900.999990
82984.424990
83071.149990
83161.749990
83308.324990
83386.399990
83469.824990
83556.374990
83646.849990
83793.399989
83871.474989
83954.824989
84041.349989
84131.449989
84278.524989
84356.599989
84439.849989
84526.424989
84616.349989
84763.349989
84841.449989
84924.799989
