1.000000
17.000000
448.425000
521.925000
584.625000
639.075000
688.375000
734.475000
777.750000
819.200000
859.300000
898.275000
936.100000
973.575000
1009.900000
1046.000000
1081.450000
1116.725000
1151.325000
1185.625000
1219.350000
1252.700000
1285.850000
1318.950000
1351.550000
1384.125000
1416.300000
1447.700000
1479.750000
1511.050000
1541.675000
1572.650000
1602.800000
1633.275000
1663.475000
1693.000000
1723.275000
1752.525000
1781.525000
1810.850000
1840.100000
1868.600000
1897.100000
1925.000000
1952.825000
1980.525000
2008.225000
2035.900000
2063.550000
2091.225000
2118.300000
2145.750000
2172.300000
2198.525000
2224.925000
2251.475000
2277.675000
2302.950000
2329.600000
2355.575000
2380.550000
2406.925000
2431.550000
2457.425000
2482.150000
2507.950000
2532.150000
2557.725000
2582.000000
2607.100000
2630.700000
2656.525000
2680.550000
2705.575000
2730.350000
2754.325000
2779.575000
2804.075000
2829.275000
2852.900000
2877.975000
2902.650000
2926.525000
2951.600000
2975.625000
3001.400000
3025.125000
3050.200000
3074.875000
3098.750000
3123.825000
3147.925000
3173.650000
3197.350000
3222.475000
3247.125000
3271.000000
3296.075000
3320.475000
3345.850000
3369.550000
3394.625000
3419.325000
3443.200000
3468.275000
3492.675000
3518.075000
3541.800000
3567.300000
3591.700000
3616.725000
3641.525000
3665.400000
3690.500000
3714.075000
3740.000000
3763.850000
3788.750000
3813.600000
3837.550000
3862.675000
3886.250000
3911.600000
3936.075000
3960.975000
3985.825000
4009.800000
4034.900000
4058.475000
4083.925000
4108.325000
4133.325000
4158.100000
4182.050000
4207.175000
4230.750000
4256.750000
4280.525000
4305.525000
4330.325000
4354.300000
4379.500000
4403.850000
4429.250000
4452.900000
4477.950000
4502.650000
4526.500000
4551.575000
4575.425000
4601.350000
4625.050000
4650.000000
4674.800000
4698.675000
4723.725000
4747.450000
4773.400000
4797.225000
4821.600000
4847.025000
4870.925000
4895.975000
4919.775000
4945.725000
4969.475000
4994.350000
5019.200000
5043.125000
5068.200000
5092.000000
5118.025000
5141.875000
5168.025000
5192.225000
5218.250000
5243.150000
5269.225000
5295.425000
5320.725000
5347.000000
5373.525000
5398.750000
5425.000000
5451.825000
5479.200000
5505.750000
5532.200000
5559.225000
5586.200000
5613.775000
5641.525000
5669.250000
5697.075000
5724.925000
5752.800000
5780.750000
5809.525000
5838.350000
5868.000000
5896.975000
5926.125000
5955.800000
5985.750000
6015.350000
6045.850000
6075.975000
6107.000000
6137.425000
6168.850000
6200.475000
6231.900000
6263.675000
6295.875000
6328.575000
6361.175000
6394.150000
6427.350000
6461.000000
6494.975000
6529.375000
6563.675000
6598.400000
6633.725000
6669.300000
6705.400000
6741.625000
6778.900000
6816.200000
6854.050000
6892.400000
6931.475000
6970.875000
7011.075000
7052.050000
7093.825000
7136.225000
7179.875000
7224.500000
7270.225000
7317.550000
7366.300000
7417.000000
7470.050000
7526.250000
7586.500000
7648.500000
7711.600000
7775.750000
7840.900000
7906.850000
7973.500000
8040.725000
8108.450000
8176.650000
8245.425000
8314.675000
8384.575000
8455.075000
8526.300000
8598.250000
8670.775000
8743.725000
8817.050000
8890.575000
8964.225000
9038.025000
9112.000000
9186.050000
9260.200000
9334.575000
9409.100000
9483.900000
9559.100000
9634.875000
9711.375000
9788.700000
9866.625000
9944.950000
10023.500000
10102.200000
10181.025000
10259.925000
10338.900000
10418.000000
10497.175000
10576.400000
10655.725000
10735.200000
10814.700000
10894.325000
10974.050000
11053.850000
11133.725000
11213.700000
11293.725000
11373.900000
11454.075000
11534.375000
11614.725000
11695.175000
11775.650000
11856.225000
11936.825000
12017.550000
12098.275000
12179.075000
12259.900000
12340.825000
12421.850000
12502.950000
12584.150000
12665.475000
12746.950000
12828.600000
12910.400000
12992.425000
13074.675000
13157.200000
13239.975000
13323.175000
13406.875000
13490.925000
13575.225000
13659.575000
13743.975000
13828.400000
13912.875000
13997.300000
14081.750000
14166.150000
14250.600000
14335.075000
14419.525000
14503.950000
14588.350000
14672.800000
14757.300000
14841.750000
14926.150000
15010.550000
15095.025000
15179.525000
15263.925000
15348.350000
15432.775000
15517.250000
15601.700000
15686.125000
15770.575000
15855.000000
15939.425000
16023.900000
16108.350000
16192.775000
16277.175000
16361.625000
16446.100000
16530.550000
16614.950000
16699.375000
16783.825000
16868.300000
16952.725000
17037.150000
17121.575000
17206.025000
17290.475000
17374.925000
17459.350000
17543.775000
17628.225000
17712.675000
17797.125000
17881.550000
17965.975000
18050.400000
18134.875000
18219.325000
18303.750001
18388.175001
18472.600001
18557.075001
18641.525001
18725.950001
18810.375001
18894.825001
18979.300001
19063.725001
19148.150001
19232.600001
19317.050001
19401.475001
19485.925001
19570.375001
19654.800001
19739.225001
19823.675001
19908.125001
19992.575001
20076.975001
20161.425001
20245.875001
20330.325001
20414.750001
20499.175001
20583.625001
20668.075001
20752.500001
20836.950001
20921.375001
21005.825001
21090.250001
21174.700001
21259.125001
21343.575001
21428.000001
21512.425001
21596.900001
21681.350001
21765.750001
21850.175001
21934.625001
22019.100001
22103.525001
22187.950001
22272.375001
22356.850001
22441.300001
22525.725001
22610.150001
22694.600001
22779.050001
22863.500001
22947.925001
23032.375001
23116.800001
23201.225001
23285.700001
23370.150001
23454.600001
23539.000001
23623.450001
23707.925001
23792.375001
23876.775001
23961.200001
24045.650001
24130.125001
24214.550001
24298.975001
24383.400001
24467.850001
24552.300001
24636.750001
24721.175001
24805.600001
24890.025001
24974.500001
25058.950001
25143.375001
25227.775001
25312.225001
25396.700001
25481.150001
25565.575001
25649.975001
25734.425001
25818.900001
25903.350001
25987.750001
26072.175001
26156.625001
26241.100001
26325.550001
26409.975001
26494.400001
26578.825001
26663.300001
26747.750001
26832.175001
26916.600001
27001.025001
27085.500001
27169.975001
27254.400001
27338.800001
27423.250001
27507.725001
27592.200001
27676.600001
27761.000001
27845.475001
27929.950001
28014.375001
28098.800001
28183.225001
28267.675001
28352.125001
28436.575001
28521.000001
28605.425001
28689.850001
28774.325001
28858.775001
28943.225001
29027.600001
29112.050001
29196.525001
29281.000001
29365.400001
29449.800001
29534.250001
29618.750001
29703.200001
29787.600001
29872.000001
29956.475001
30040.950001
30125.375001
30209.800001
30294.225001
30378.675001
30463.150001
30547.600001
30632.025001
30716.425001
30800.875001
30885.350001
30969.825001
31054.225001
31138.625001
31223.075001
31307.575001
31392.050001
31476.425001
31560.850001
31645.300001
31729.800001
31814.225001
31898.650001
31983.075001
32067.525001
32152.000001
32236.425001
32320.850001
32405.275001
32489.700001
32574.175001
32658.650001
32743.075001
32827.450001
32911.900001
32996.400001
33080.850001
33165.250001
33249.650001
33334.100001
33418.600001
33503.050001
33587.450001
33671.850001
33756.325001
33840.800001
33925.225001
34009.650001
34094.075001
34178.525001
34263.000001
34347.450001
34431.875001
34516.275001
34600.725001
34685.200001
34769.675001
34854.075001
34938.475001
35022.925001
35107.425001
35191.875001
35276.275001
35360.700001
35445.175001
35529.650001
35614.075001
35698.500001
35782.925001
35867.375001
35951.850001
36036.275001
36120.700001
36205.125001
36289.575001
36374.050001
36458.500000
36542.925000
36627.325000
36711.775000
36796.250000
36880.700000
36965.100000
37049.500000
37133.975000
37218.450000
37302.875000
37387.300000
37471.725000
37556.175000
37640.650000
37725.075000
37809.500000
37893.925000
37978.375000
38062.850000
38147.275000
38231.725000
38316.125000
38400.575000
38485.050000
38569.500000
38653.925000
38738.325000
38822.775000
38907.275000
38991.700000
39076.100000
39160.525000
39245.000000
39329.475000
39413.900000
39498.325000
39582.750000
39667.225000
39751.675000
39836.100000
39920.525000
40004.975000
40089.400000
40173.875000
40258.300000
40342.750000
40427.150000
40511.600000
40596.075000
40680.525000
40764.924999
40849.324999
40933.799999
41018.274999
41102.699999
41187.099999
41271.549999
41355.999999
41440.449999
41524.874999
41609.299999
41693.749999
41778.174999
41862.624999
41947.074999
42031.524999
42115.924999
42200.374999
42284.824999
42369.299999
42453.724999
42538.124999
42622.574999
42707.049999
42791.499999
42875.899999
42960.324999
43044.799999
43129.249999
43213.674999
43298.124999
43382.549999
43466.999999
43551.449999
43635.874999
43720.324999
43804.774999
43889.199999
43973.624999
44058.099999
44142.549999
44226.949999
44311.374999
44395.824999
44480.299999
44564.724999
44649.149999
44733.574999
44818.049999
44902.474999
44986.899999
45071.349998
45155.774998
45240.224998
45324.649998
45409.099998
45493.549998
45577.949998
45662.399998
45746.849998
45831.299998
45915.724998
46000.149998
46084.599998
46169.074998
46253.499998
46337.924998
46422.349998
46506.799998
46591.249998
46675.699998
46760.124998
46844.549998
46928.999998
47013.449998
47097.899998
47182.349998
47266.774998
47351.199998
47435.649998
47520.124998
47604.549998
47688.949998
47773.399998
47857.874998
47942.349998
48026.749998
48111.149998
48195.624998
48280.099998
48364.524998
48448.949998
48533.349998
48617.824998
48702.274998
48786.724998
48871.149998
48955.574998
49039.999998
49124.449998
49208.924998
49293.349997
49377.749997
49462.199997
49546.674997
49631.124997
49715.524997
49799.949997
49884.399997
49968.874997
50053.324997
50137.724997
50222.149997
50306.599997
50391.074997
50475.524997
50559.924997
50644.349997
50728.799997
50813.274997
50897.724997
50982.149997
51066.574997
51150.999997
51235.474997
51319.949997
51404.374997
51488.774997
51573.224997
51657.699997
51742.174997
51826.574997
51910.974997
51995.449997
52079.924997
52164.349997
52248.774997
52333.199997
52417.649997
52502.099997
52586.549997
52670.974997
52755.399997
52839.824997
52924.299997
53008.749997
53093.199997
53177.574997
53262.024997
53346.499997
53430.974997
53515.374997
53599.774996
53684.224996
53768.724996
53853.174996
53937.574996
54021.974996
54106.449996
54190.924996
54275.349996
54359.774996
54444.199996
54528.649996
54613.124996
54697.574996
54781.999996
54866.399996
54950.849996
55035.324996
55119.799996
55204.199996
55288.599996
55373.049996
55457.549996
55542.024996
55626.399996
55710.824996
55795.274996
55879.774996
55964.199996
56048.624996
56133.049996
56217.499996
56301.974996
56386.399996
56470.824996
56555.249996
56639.699996
56724.174996
56808.624996
56893.049996
56977.424996
57061.874996
57146.374996
57230.824996
57315.224996
57399.624996
57484.099996
57568.574996
57653.024996
57737.424996
57821.824996
57906.299995
57990.774995
58075.199995
58159.624995
58244.049995
58328.499995
58412.974995
58497.424995
58581.849995
58666.249995
58750.699995
58835.174995
58919.649995
59004.049995
59088.449995
59172.924995
59257.399995
59341.849995
59426.249995
59510.674995
59595.149995
59679.624995
59764.049995
59848.474995
59932.899995
60017.349995
60101.824995
60186.249995
60270.674995
60355.099995
60439.549995
60524.024995
60608.474995
60692.899995
60777.299995
60861.749995
60946.224995
61030.674995
61115.074995
61199.474995
61283.949995
61368.424995
61452.849995
61537.274995
61621.674995
61706.149995
61790.624995
61875.049995
61959.474995
62043.899995
62128.349995
62212.799994
62297.249994
62381.674994
62466.099994
62550.549994
62635.024994
62719.474994
62803.874994
62888.299994
62972.749994
63057.224994
63141.674994
63226.074994
63310.499994
63394.974994
63479.449994
63563.874994
63648.299994
63732.724994
63817.174994
63901.624994
63986.074994
64070.499994
64154.949994
64239.374994
64323.824994
64408.274994
64492.724994
64577.124994
64661.549994
64746.024994
64830.474994
64914.899994
64999.299994
65083.749994
65168.224994
65252.649994
65337.074994
65421.499994
65505.974994
65590.399994
65674.849994
65759.274994
65843.724994
65928.149994
66012.599994
66097.049994
66181.499994
66265.899994
66350.324994
66434.799994
66519.249993
66603.674993
66688.099993
66772.524993
66856.999993
66941.449993
67025.874993
67110.299993
67194.749993
67279.199993
67363.649993
67448.074993
67532.524993
67616.974993
67701.399993
67785.849993
67870.299993
67954.724993
68039.149993
68123.599993
68208.049993
68292.499993
68376.924993
68461.349993
68545.799993
68630.249993
68714.674993
68799.099993
68883.549993
68967.999993
69052.424993
69136.874993
69221.299993
69305.749993
69390.174993
69474.624993
69559.074993
69643.499993
69727.924993
69812.349993
69896.824993
69981.274993
70065.699993
70150.099993
70234.549993
70319.024993
70403.474993
70487.874993
70572.299993
70656.774993
70741.224993
70825.649992
70910.099992
70994.524992
71078.974992
71163.424992
71247.874992
71332.299992
71416.724992
71501.174992
71585.624992
71670.099992
71754.524992
71838.924992
71923.374992
72007.849992
72092.299992
72176.724992
72261.124992
72345.574992
72430.049992
72514.499992
72598.899992
72683.324992
72767.799992
72852.249992
72936.674992
73021.124992
73105.549992
73189.974992
73274.424992
73358.899992
73443.324992
73527.724992
73612.149992
73696.624992
73781.099992
73865.499992
73949.899992
74034.349992
74118.849992
74203.299992
74287.699992
74372.124992
74456.574992
74541.049992
74625.474992
74709.899992
74794.324992
74878.774992
74963.249992
75047.699992
75132.124991
75216.524991
75300.974991
75385.449991
75469.924991
75554.349991
75638.749991
75723.199991
75807.674991
75892.149991
75976.549991
76060.949991
76145.399991
76229.899991
76314.324991
76398.749991
76483.174991
76567.624991
76652.074991
76736.524991
76820.949991
76905.374991
76989.799991
77074.274991
77158.749991
77243.174991
77327.549991
77411.999991
77496.499991
77580.949991
77665.349991
77749.749991
77834.199991
77918.699991
78003.149991
78087.549991
78171.949991
78256.424991
78340.899991
78425.324991
78509.749991
78594.174991
78678.624991
78763.099991
78847.549991
78931.974991
79016.374991
79100.824991
79185.299991
79269.774991
79354.174990
79438.574990
79523.024990
79607.524990
79691.999990
79776.374990
79860.799990
79945.249990
80029.749990
80114.174990
80198.599990
80283.024990
80367.474990
80451.949990
80536.374990
80620.799990
80705.224990
80789.674990
80874.149990
80958.599990
81043.024990
81127.399990
81211.849990
81296.349990
81380.799990
81465.199990
81549.599990
81634.074990
81718.549990
81802.999990
81887.399990
81971.799990
82056.274990
82140.749990
82225.174990
82309.599990
82394.024990
82478.474990
82562.949990
82647.399990
82731.824990
82816.224990
82900.674990
82985.149990
83069.599990
83154.024990
83238.424990
83322.899990
83407.374990
83491.824990
83576.224990
83660.649989
83745.124989
83829.599989
83914.024989
83998.449989
84082.874989
84167.324989
84251.799989
84336.224989
84420.649989
84505.074989
84589.524989
84673.999989
84758.424989
84842.874989
84927.274989
