10.000000
3.000000
283.900000
365.075000
435.325000
498.475000
556.750000
610.750000
661.125000
708.125000
752.500000
795.200000
835.950000
875.600000
914.250000
952.375000
989.900000
1026.200000
1062.375000
1097.350000
1132.150000
1166.775000
1201.025000
1234.675000
1267.950000
1301.000000
1333.300000
1365.125000
1396.950000
1428.875000
1459.550000
1490.450000
1520.675000
1551.250000
1580.550000
1610.100000
1640.175000
1669.175000
1697.525000
1726.275000
1754.500000
1783.025000
1811.050000
1838.775000
1866.250000
1893.200000
1920.375000
1947.225000
1974.275000
2001.375000
2027.450000
2053.075000
2079.975000
2105.875000
2130.775000
2157.050000
2181.850000
2207.225000
2231.875000
2257.050000
2280.700000
2305.700000
2330.325000
2354.125000
2378.925000
2402.600000
2425.325000
2448.800000
2473.400000
2496.375000
2519.475000
2542.000000
2564.775000
2587.650000
2610.150000
2633.550000
2657.025000
2680.125000
2702.750000
2725.050000
2747.375000
2769.700000
2792.900000
2815.325000
2837.675000
2860.500000
2884.550000
2907.225000
2930.375000
2952.775000
2975.075000
2997.375000
3019.750000
3042.975000
3065.350000
3087.725000
3110.900000
3133.750000
3157.125000
3180.325000
3202.750000
3225.075000
3247.375000
3269.725000
3292.925000
3315.325000
3337.700000
3360.600000
3384.500000
3407.200000
3430.375000
3452.775000
3475.075000
3497.375000
3519.750000
3542.950000
3565.350000
3587.700000
3610.825000
3633.850000
3657.200000
3680.375000
3702.775000
3725.075000
3747.400000
3769.775000
3793.000000
3815.375000
3837.750000
3861.050000
3884.000000
3907.275000
3930.425000
3952.800000
3975.100000
3997.400000
4019.850000
4043.050000
4065.450000
4087.975000
4111.400000
4134.825000
4157.900000
4180.500000
4202.850000
4225.150000
4247.500000
4270.600000
4293.125000
4315.500000
4338.700000
4361.525000
4384.900000
4408.050000
4430.525000
4452.850000
4475.150000
4497.500000
4520.550000
4543.125000
4565.525000
4588.750000
4611.550000
4634.900000
4658.050000
4680.525000
4702.850000
4725.150000
4747.500000
4770.575000
4793.125000
4815.525000
4838.725000
4861.525000
4884.900000
4908.050000
4930.525000
4952.850000
4975.150000
4997.500000
5020.550000
5043.125000
5065.525000
5088.725000
5112.275000
5135.300000
5158.325000
5180.850000
5204.800000
5229.400000
5252.800000
5276.400000
5301.325000
5324.975000
5348.725000
5373.725000
5397.550000
5423.550000
5447.450000
5473.575000
5498.300000
5523.975000
5549.725000
5575.075000
5601.500000
5627.600000
5653.650000
5680.450000
5707.550000
5734.875000
5762.425000
5789.975000
5817.900000
5845.750000
5873.625000
5901.700000
5930.325000
5958.375000
5987.325000
6016.700000
6045.950000
6075.100000
6105.400000
6135.700000
6166.275000
6197.050000
6228.300000
6259.575000
6291.425000
6323.550000
6355.725000
6388.400000
6421.325000
6455.225000
6488.925000
6523.400000
6557.975000
6592.925000
6628.925000
6664.575000
6701.450000
6738.550000
6776.150000
6814.175000
6853.050000
6892.800000
6933.225000
6974.550000
7016.850000
7059.800000
7104.050000
7149.500000
7196.525000
7245.200000
7295.625000
7348.025000
7403.250000
7462.100000
7525.700000
7596.950000
7669.525000
7743.675000
7819.550000
7897.025000
7975.900000
8056.175000
8137.575000
8219.800000
8302.575000
8385.800000
8469.375000
8553.275000
8637.500000
8722.025000
8806.900000
8892.025000
8977.450000
9063.250000
9149.550000
9236.500000
9324.050000
9411.900000
9499.875000
9587.875000
9675.950000
9764.075000
9852.225000
9940.400000
10028.600000
10116.850000
10205.100000
10293.375000
10381.750000
10470.175000
10558.725000
10647.450000
10736.450000
10825.775000
10915.250000
11004.800000
11094.400000
11184.025000
11273.650000
11363.250000
11452.875000
11542.475000
11632.075000
11721.675000
11811.275000
11900.875000
11990.500000
12080.125000
12169.750000
12259.350000
12348.925000
12438.500000
12528.100000
12617.725000
12707.375000
12797.000000
12886.575000
12976.175000
13065.750000
13155.350000
13244.975000
13334.600000
13424.225000
13513.825000
13603.425000
13693.025000
13782.625000
13872.250000
13961.850000
14051.475000
14141.100000
14230.725000
14320.325000
14409.925000
14499.500000
14589.075000
14678.700000
14768.350000
14857.975000
14947.575000
15037.175000
15126.725000
15216.325000
15305.925000
15395.575000
15485.200000
15574.825000
15664.400000
15754.000000
15843.575000
15933.200000
16022.800000
16112.425000
16202.050000
16291.675000
16381.275000
16470.875000
16560.475000
16650.075000
16739.675000
16829.300000
16918.950000
17008.550000
17098.150000
17187.725000
17277.300000
17366.925000
17456.550000
17546.175000
17635.800000
17725.400000
17814.975000
17904.575000
17994.175000
18083.775000
18173.425000
18263.025001
18352.650001
18442.250001
18531.850001
18621.450001
18711.050001
18800.650001
18890.275001
18979.900001
19069.525001
19159.125001
19248.725001
19338.300001
19427.900001
19517.525001
19607.175001
19696.800001
19786.400001
19875.975001
19965.550001
20055.150001
20144.775001
20234.400001
20324.025001
20413.625001
20503.225001
20592.825001
20682.425001
20772.025001
20861.625001
20951.250001
21040.850001
21130.500001
21220.100001
21309.700001
21399.275001
21488.875001
21578.475001
21668.125001
21757.750001
21847.375001
21936.950001
22026.550001
22116.125001
22205.750001
22295.375001
22385.000001
22474.625001
22564.200001
22653.800001
22743.400001
22833.000001
22922.600001
23012.225001
23101.825001
23191.450001
23281.050001
23370.675001
23460.250001
23549.850001
23639.425001
23729.075001
23818.700001
23908.325001
23997.925001
24087.525001
24177.075001
24266.700001
24356.325001
24445.975001
24535.575001
24625.200001
24714.775001
24804.375001
24893.975001
24983.575001
25073.200001
25162.825001
25252.425001
25342.050001
25431.650001
25521.225001
25610.825001
25700.425001
25790.050001
25879.675001
25969.300001
26058.900001
26148.500001
26238.075001
26327.675001
26417.275001
26506.950001
26596.575001
26686.175001
26775.775001
26865.350001
26954.950001
27044.575001
27134.175001
27223.825001
27313.425001
27403.025001
27492.625001
27582.225001
27671.825001
27761.425001
27851.025001
27940.650001
28030.275001
28119.900001
28209.500001
28299.075001
28388.650001
28478.250001
28567.900001
28657.525001
28747.150001
28836.725001
28926.325001
29015.900001
29105.525001
29195.150001
29284.775001
29374.400001
29464.000001
29553.600001
29643.200001
29732.800001
29822.400001
29912.025001
30001.625001
30091.250001
30180.875001
30270.475001
30360.050001
30449.650001
30539.225001
30628.850001
30718.500001
30808.125001
30897.725001
30987.300001
31076.875001
31166.475001
31256.075001
31345.725001
31435.350001
31524.975001
31614.550001
31704.150001
31793.750001
31883.350001
31972.975001
32062.600001
32152.225001
32241.825001
32331.450001
32421.025001
32510.625001
32600.225001
32689.825001
32779.475001
32869.100001
32958.700001
33048.300001
33137.875001
33227.450001
33317.075001
33406.700001
33496.325001
33585.950001
33675.550001
33765.125001
33854.725001
33944.325001
34033.950001
34123.575001
34213.200001
34302.800001
34392.400001
34482.025001
34571.600001
34661.200001
34750.825001
34840.450001
34930.075001
35019.700001
35109.300001
35198.875001
35288.450001
35378.050001
35467.675001
35557.325001
35646.950001
35736.525001
35826.125001
35915.700001
36005.300001
36094.925001
36184.550001
36274.175001
36363.775001
36453.375000
36542.975000
36632.575000
36722.175000
36811.775000
36901.400000
36991.025000
37080.650000
37170.250000
37259.850000
37349.425000
37439.025000
37528.650000
37618.300000
37707.925000
37797.525000
37887.125000
37976.675000
38066.275000
38155.875000
38245.525000
38335.150000
38424.775000
38514.350000
38603.950000
38693.525000
38783.150000
38872.750000
38962.375000
39051.975000
39141.600000
39231.225000
39320.825000
39410.400000
39500.000000
39589.600000
39679.250000
39768.875000
39858.500000
39948.100000
40037.675000
40127.250000
40216.875000
40306.500000
40396.125000
40485.750000
40575.350000
40664.925000
40754.524999
40844.124999
40933.724999
41023.349999
41112.974999
41202.574999
41292.199999
41381.799999
41471.374999
41560.974999
41650.574999
41740.199999
41829.849999
41919.474999
42009.074999
42098.674999
42188.249999
42277.824999
42367.449999
42457.124999
42546.724999
42636.324999
42725.924999
42815.499999
42905.099999
42994.724999
43084.349999
43173.974999
43263.574999
43353.174999
43442.774999
43532.374999
43621.974999
43711.549999
43801.174999
43890.799999
43980.424999
44070.049999
44159.649999
44249.224999
44338.799999
44428.399999
44518.049999
44607.699999
44697.324999
44786.899999
44876.474999
44966.074999
45055.674998
45145.299998
45234.949998
45324.549998
45414.149998
45503.749998
45593.349998
45682.949998
45772.549998
45862.174998
45951.774998
46041.399998
46130.999998
46220.599998
46310.199998
46399.774998
46489.374998
46578.999998
46668.649998
46758.274998
46847.874998
46937.449998
47027.024998
47116.649998
47206.249998
47295.899998
47385.524998
47475.124998
47564.724998
47654.324998
47743.924998
47833.524998
47923.149998
48012.774998
48102.374998
48191.999998
48281.599998
48371.174998
48460.774998
48550.374998
48639.974998
48729.624998
48819.249998
48908.849998
48998.449998
49088.024998
49177.599998
49267.224998
49356.874997
49446.499997
49536.124997
49625.699997
49715.299997
49804.874997
49894.499997
49984.124997
50073.749997
50163.374997
50252.974997
50342.574997
50432.174997
50521.774997
50611.374997
50700.974997
50790.599997
50880.224997
50969.849997
51059.449997
51148.999997
51238.599997
51328.199997
51417.824997
51507.474997
51597.099997
51686.674997
51776.274997
51865.849997
51955.449997
52045.074997
52134.724997
52224.324997
52313.924997
52403.524997
52493.124997
52582.724997
52672.349997
52761.949997
52851.574997
52941.199997
53030.799997
53120.424997
53209.999997
53299.574997
53389.174997
53478.799997
53568.424997
53658.074996
53747.674996
53837.249996
53926.824996
54016.424996
54106.024996
54195.674996
54285.299996
54374.899996
54464.499996
54554.099996
54643.674996
54733.299996
54822.899996
54912.549996
55002.149996
55091.774996
55181.374996
55270.974996
55360.574996
55450.174996
55539.774996
55629.424996
55719.049996
55808.649996
55898.249996
55987.824996
56077.399996
56167.024996
56256.649996
56346.274996
56435.899996
56525.474996
56615.074996
56704.674996
56794.274996
56883.874996
56973.524996
57063.124996
57152.749996
57242.349996
57331.949996
57421.549996
57511.149996
57600.749996
57690.374996
57779.999996
57869.649996
57959.224995
58048.824995
58138.399995
58227.999995
58317.624995
58407.274995
58496.899995
58586.474995
58676.074995
58765.649995
58855.249995
58944.849995
59034.499995
59124.099995
59213.724995
59303.299995
59392.924995
59482.524995
59572.124995
59661.724995
59751.349995
59840.949995
59930.599995
60020.199995
60109.799995
60199.374995
60288.974995
60378.574995
60468.224995
60557.849995
60647.474995
60737.049995
60826.624995
60916.224995
61005.824995
61095.474995
61185.099995
61274.699995
61364.299995
61453.899995
61543.474995
61633.074995
61722.699995
61812.324995
61901.924995
61991.549995
62081.149995
62170.749995
62260.349994
62349.949994
62439.524994
62529.174994
62618.799994
62708.424994
62798.024994
62887.624994
62977.199994
63066.799994
63156.424994
63246.074994
63335.699994
63425.299994
63514.874994
63604.474994
63694.074994
63783.674994
63873.299994
63962.924994
64052.524994
64142.124994
64231.749994
64321.324994
64410.924994
64500.524994
64590.149994
64679.774994
64769.399994
64858.999994
64948.599994
65038.174994
65127.774994
65217.399994
65307.049994
65396.674994
65486.274994
65575.874994
65665.449994
65755.049994
65844.674994
65934.274994
66023.899994
66113.524994
66203.124994
66292.724994
66382.324994
66471.924993
66561.499993
66651.124993
66740.749993
66830.374993
66919.974993
67009.574993
67099.149993
67188.749993
67278.349993
67367.999993
67457.624993
67547.249993
67636.849993
67726.424993
67815.999993
67905.624993
67995.249993
68084.899993
68174.499993
68264.099993
68353.699993
68443.299993
68532.899993
68622.499993
68712.099993
68801.724993
68891.349993
68980.949993
69070.549993
69160.149993
69249.724993
69339.324993
69428.949993
69518.574993
69608.199993
69697.799993
69787.399993
69876.974993
69966.574993
70056.199993
70145.824993
70235.449993
70325.074993
70414.649993
70504.249993
70593.849993
70683.474993
70773.074992
70862.699992
70952.324992
71041.924992
71131.549992
71221.124992
71310.724992
71400.324992
71489.924992
71579.574992
71669.199992
71758.799992
71848.399992
71937.974992
72027.549992
72117.149992
72206.799992
72296.424992
72386.049992
72475.649992
72565.224992
72654.824992
72744.449992
72834.049992
72923.674992
73013.299992
73102.899992
73192.524992
73282.124992
73371.699992
73461.299992
73550.924992
73640.549992
73730.174992
73819.799992
73909.374992
73998.949992
74088.549992
74178.124992
74267.774992
74357.424992
74447.024992
74536.624992
74626.224992
74715.774992
74805.399992
74895.024992
74984.649992
75074.274991
75163.874991
75253.474991
75343.074991
75432.674991
75522.274991
75611.899991
75701.524991
75791.124991
75880.749991
75970.349991
76059.949991
76149.524991
76239.124991
76328.749991
76418.374991
76507.999991
76597.624991
76687.199991
76776.774991
76866.349991
76955.974991
77045.599991
77135.249991
77224.849991
77314.424991
77404.049991
77493.624991
77583.249991
77672.849991
77762.474991
77852.074991
77941.699991
78031.324991
78120.924991
78210.499991
78300.099991
78389.699991
78479.349991
78568.974991
78658.599991
78748.199991
78837.774991
78927.349991
79016.949991
79106.599991
79196.224991
79285.849991
79375.424990
79465.024990
79554.599990
79644.224990
79733.824990
79823.449990
79913.074990
80002.674990
80092.274990
80181.899990
80271.474990
80361.074990
80450.674990
80540.324990
80629.949990
80719.574990
80809.174990
80898.749990
80988.349990
81077.924990
81167.574990
81257.224990
81346.824990
81436.424990
81526.024990
81615.599990
81705.199990
81794.799990
81884.449990
81974.049990
82063.674990
82153.249990
82242.874990
82332.449990
82422.049990
82511.649990
82601.274990
82690.899990
82780.524990
82870.124990
82959.749990
83049.324990
83138.899990
83228.524990
83318.174990
83407.799990
83497.424990
83586.999990
83676.574989
83766.149989
83855.774989
83945.399989
84035.049989
84124.649989
84214.249989
84303.849989
84393.424989
84483.024989
84572.624989
84662.249989
84751.874989
84841.499989
84931.099989
