100.000000
26.000000
634.725000
692.975000
745.150000
793.125000
838.975000
883.250000
926.200000
968.700000
1010.125000
1051.275000
1091.475000
1131.025000
1170.425000
1209.300000
1247.625000
1285.825000
1323.650000
1360.975000
1397.600000
1434.700000
1470.675000
1507.000000
1542.600000
1578.825000
1613.650000
1648.400000
1683.175000
1717.925000
1752.150000
1785.925000
1819.375000
1852.675000
1885.875000
1919.125000
1952.250000
1985.300000
2018.025000
2050.275000
2081.875000
2113.650000
2145.750000
2176.425000
2208.025000
2239.600000
2270.450000
2301.500000
2331.800000
2362.575000
2392.625000
2423.475000
2452.725000
2482.600000
2513.175000
2542.675000
2572.350000
2601.675000
2630.475000
2659.675000
2689.950000
2719.175000
2748.175000
2777.975000
2807.775000
2836.225000
2865.975000
2895.900000
2924.875000
2954.100000
2983.925000
3013.575000
3042.750000
3072.300000
3101.725000
3130.475000
3159.675000
3189.950000
3219.175000
3248.175000
3277.975000
3307.775000
3336.225000
3365.975000
3395.900000
3424.875000
3454.100000
3483.900000
3513.575000
3542.750000
3572.300000
3601.700000
3630.475000
3659.675000
3689.925000
3719.175000
3748.175000
3777.975000
3807.775000
3836.225000
3865.975000
3895.900000
3924.875000
3954.100000
3983.900000
4013.575000
4042.750000
4072.300000
4101.700000
4130.475000
4159.675000
4189.925000
4219.175000
4248.175000
4277.975000
4307.775000
4336.225000
4365.975000
4395.900000
4424.875000
4454.100000
4483.900000
4513.575000
4542.750000
4572.300000
4601.700000
4630.475000
4659.675000
4689.925000
4719.175000
4748.175000
4777.975000
4807.775000
4836.225000
4865.975000
4895.900000
4924.875000
4954.100000
4983.900000
5013.575000
5042.750000
5072.300000
5101.700000
5130.550000
5160.825000
5191.225000
5220.725000
5251.350000
5280.650000
5312.300000
5342.025000
5373.550000
5404.075000
5435.650000
5467.750000
5498.500000
5530.275000
5562.475000
5594.400000
5626.200000
5658.225000
5691.350000
5724.350000
5757.850000
5791.375000
5824.725000
5858.125000
5891.725000
5925.850000
5960.350000
5995.650000
6030.275000
6065.150000
6101.075000
6136.050000
6172.225000
6208.150000
6245.175000
6281.825000
6319.125000
6356.900000
6394.725000
6432.975000
6471.425000
6510.700000
6550.225000
6590.250000
6630.350000
6670.850000
6712.425000
6754.050000
6796.625000
6840.000000
6883.550000
6927.900000
6973.250000
7019.175000
7066.000000
7113.825000
7162.925000
7213.250000
7264.875000
7318.375000
7373.800000
7431.650000
7492.900000
7559.100000
7630.275000
7703.425000
7778.925000
7856.675000
7936.575000
8018.700000
8102.875000
8189.300000
8278.625000
8431.925000
8510.450000
8594.375000
8681.975000
8776.900000
8944.425000
9022.075000
9105.450000
9192.775000
9345.625000
9424.700000
9509.525000
9598.925000
9769.100000
9847.000000
9930.875000
10019.150000
10187.975000
10265.950000
10349.975000
10438.725000
10623.450000
10700.200000
10783.200000
10870.675000
11038.675000
11116.775000
11201.100000
11290.500000
11475.450000
11552.625000
11636.150000
11724.475000
11909.200000
11986.250000
12069.700000
12157.875000
12342.925000
12419.950000
12503.225000
12591.175000
12775.900000
12852.925000
12936.275000
13024.325000
13209.525000
13286.500000
13369.875000
13457.975000
13643.250000
13720.250000
13803.525000
13891.450000
14076.200000
14153.175000
14236.525000
14324.575000
14509.725000
14586.700000
14670.100000
14758.225000
14943.475000
15020.475000
15103.750000
15191.650000
15376.400000
15453.400000
15536.750000
15624.800000
15809.925000
15886.900000
15970.300000
16058.400000
16243.750000
16320.725000
16403.975000
16491.850000
16676.675000
16753.650000
16836.975000
16925.000000
17110.200000
17187.175000
17270.525000
17358.575000
17544.350000
17621.225000
17704.400000
17792.250000
17977.450000
18054.350000
18137.550000
18225.450000
18412.100001
18488.850001
18571.975001
18659.775001
18830.075001
18908.375001
18992.975001
19083.325001
19269.400001
19346.700001
19430.475001
19519.250001
19704.100001
19781.350001
19864.925001
19953.425001
20138.050001
20215.225001
20298.775001
20387.325001
20571.900001
20649.025001
20732.625001
20821.200001
21005.825001
21082.950001
21166.425001
21254.800001
21439.275001
21516.375001
21599.850001
21688.250001
21872.750001
21949.850001
22033.375001
22121.900001
22306.525001
22383.625001
22467.075001
22555.400001
22739.850001
22816.950001
22900.400001
22988.725001
23173.150001
23250.250001
23333.775001
23422.225001
23606.850001
23683.950001
23767.425001
23855.750001
24040.200001
24117.325001
24200.750001
24289.050001
24473.475001
24550.575001
24634.100001
24722.550001
24907.200001
24984.300001
25067.775001
25156.075001
25340.575001
25417.700001
25501.125001
25589.350001
25773.775001
25850.875001
25934.400001
26022.800001
26207.475001
26284.600001
26368.050001
26456.350001
26640.875001
26718.025001
26801.425001
26889.625001
27074.075001
27151.175001
27234.675001
27323.050001
27507.750001
27584.875001
27668.350001
27756.650001
27941.175001
28018.325001
28101.725001
28189.900001
28374.325001
28451.450001
28534.950001
28623.300001
28807.975001
28885.100001
28968.575001
29056.875001
29241.425001
29318.550001
29401.950001
29490.125001
29674.550001
29751.650001
29835.150001
29923.475001
30108.150001
30185.250001
30268.750001
30357.025001
30541.600001
30618.750001
30702.150001
30790.300001
30974.750001
31051.825001
31135.325001
31223.650001
31408.325001
31485.425001
31568.925001
31657.225001
31841.825001
31918.950001
32002.375001
32090.475001
32274.925001
32352.025001
32435.525001
32523.825001
32708.500001
32785.600001
32869.125001
32957.400001
33142.025001
33219.150001
33302.550001
33390.625001
33575.075001
33652.175001
33735.675001
33823.950001
34008.625001
34085.725001
34169.225001
34257.500001
34442.150001
34519.275001
34602.675001
34690.750001
34875.200001
34952.300001
35035.775001
35124.050001
35308.725001
35385.825001
35469.325001
35557.575001
35742.250001
35819.375001
35902.750001
35990.850001
36175.300001
36252.400001
36335.875001
36424.125000
36608.800000
36685.925000
36769.400000
36857.675000
37042.350000
37119.500000
37202.850000
37290.950000
37475.425000
37552.525000
37635.975000
37724.225000
37908.900000
37986.025000
38069.500000
38157.775000
38342.475000
38419.600000
38502.975000
38591.075000
38775.550000
38852.650000
38936.100000
39024.350000
39209.025000
39286.150000
39369.625000
39457.925000
39642.625000
39719.750000
39803.125000
39891.225000
40075.700000
40152.800000
40236.250000
40324.500000
40509.150000
40586.275000
40669.750000
40758.049999
40942.749999
41019.874999
41103.249999
41191.349999
41375.824999
41452.924999
41536.349999
41624.599999
41809.249999
41886.349999
41969.849999
42058.149999
42242.849999
42319.949999
42403.324999
42491.449999
42675.899999
42752.999999
42836.424999
42924.649999
43109.324999
43186.399999
43269.899999
43358.199999
43542.899999
43619.999999
43703.399999
43791.499999
43975.974999
44053.049999
44136.474999
44224.699999
44409.374999
44486.449999
44569.924999
44658.224999
44842.949999
44920.049999
45003.424998
45091.549998
45275.999998
45353.074998
45436.524998
45524.724998
45709.399998
45786.474998
45869.949998
45958.249998
46142.974998
46220.074998
46303.449998
46391.574998
46576.024998
46653.099998
46736.549998
46824.749998
47009.424998
47086.499998
47169.974998
47258.274998
47442.999998
47520.099998
47603.474998
47691.599998
47876.049998
47953.124998
48036.574998
48124.774998
48309.449998
48386.524998
48469.999998
48558.299998
48743.024998
48820.124998
48903.499998
48991.624998
49176.074998
49253.174998
49336.599997
49424.824997
49609.474997
49686.549997
49770.024997
49858.324997
50043.049997
50120.149997
50203.549997
50291.649997
50476.124997
50553.199997
50636.624997
50724.849997
50909.499997
50986.574997
51070.049997
51158.374997
51343.074997
51420.174997
51503.574997
51591.699997
51776.174997
51853.249997
51936.674997
52024.899997
52209.524997
52286.599997
52370.099997
52458.424997
52643.149997
52720.249997
52803.649997
52891.774997
53076.224997
53153.299997
53236.749997
53324.974997
53509.599997
53586.674996
53670.174996
53758.499996
53943.224996
54020.324996
54103.724996
54191.849996
54376.299996
54453.374996
54536.824996
54625.074996
54809.674996
54886.749996
54970.274996
55058.599996
55243.299996
55320.424996
55403.824996
55491.949996
55676.399996
55753.474996
55836.924996
55925.174996
56109.749996
56186.849996
56270.374996
56358.699996
56543.399996
56620.499996
56703.899996
56792.049996
56976.499996
57053.574996
57137.024996
57225.274996
57409.824996
57486.924996
57570.449996
57658.774996
57843.499996
57920.599995
58003.974995
58092.124995
58276.574995
58353.674995
58437.124995
58525.349995
58709.899995
58786.999995
58870.499995
58958.849995
59143.549995
59220.674995
59304.049995
59392.199995
59576.649995
59653.749995
59737.199995
59825.424995
60009.974995
60087.049995
60170.574995
60258.899995
60443.624995
60520.724995
60604.124995
60692.274995
60876.749995
60953.824995
61037.274995
61125.474995
61310.024995
61387.124995
61470.624995
61558.974995
61743.699995
61820.799995
61904.174995
61992.349995
62176.824994
62253.924994
62337.349994
62425.574994
62610.124994
62687.199994
62770.699994
62859.049994
63043.774994
63120.874994
63204.274994
63292.449994
63476.924994
63554.024994
63637.449994
63725.674994
63910.199994
63987.299994
64070.799994
64159.174994
64343.874994
64420.974994
64504.374994
64592.574994
64777.049994
64854.149994
64937.574994
65025.799994
65210.324994
65287.424994
65370.924994
65459.324994
65643.999994
65721.099994
65804.499994
65892.724994
66077.174994
66154.274994
66237.699994
66325.924994
66510.449993
66587.524993
66671.024993
66759.424993
66944.124993
67021.174993
67104.599993
67192.824993
67377.274993
67454.374993
67537.774993
67626.024993
67810.524993
67887.624993
67971.099993
68059.499993
68244.174993
68321.249993
68404.674993
68492.924993
68677.349993
68754.449993
68837.849993
68926.099993
69110.599993
69187.674993
69271.174993
69359.574993
69544.249993
69621.299993
69704.724993
69792.974993
69977.424993
70054.499993
70137.924993
70226.174993
70410.649993
70487.724993
70571.224993
70659.624993
70844.274992
70921.349992
71004.774992
71093.049992
71277.474992
71354.574992
71437.974992
71526.224992
71710.699992
71787.774992
71871.274992
71959.674992
72144.349992
72221.399992
72304.849992
72393.099992
72577.549992
72654.649992
72738.049992
72826.324992
73010.774992
73087.849992
73171.349992
73259.749992
73444.424992
73521.474992
73604.924992
73693.224992
73877.649992
73954.749992
74038.174992
74126.449992
74310.874992
74387.949992
74471.449992
74559.899992
74744.524992
74821.599992
74905.074992
74993.374992
75177.824991
75254.899991
75338.324991
75426.599991
75611.049991
75688.124991
75771.624991
75860.074991
76044.724991
76121.799991
76205.249991
76293.549991
76478.024991
76555.124991
76638.524991
76726.799991
76911.224991
76988.299991
77071.824991
77160.249991
77344.899991
77421.974991
77505.424991
77593.749991
77778.224991
77855.324991
77938.724991
78026.974991
78211.399991
78288.474991
78371.974991
78460.424991
78645.049991
78722.149991
78805.599991
78893.924991
79078.424991
79155.549991
79238.924991
79327.174991
79511.624990
79588.699990
79672.199990
79760.624990
79945.249990
80022.349990
80105.799990
80194.149990
80378.649990
80455.749990
80539.149990
80627.374990
80811.799990
80888.899990
80972.374990
81060.799990
81245.424990
81322.499990
81405.949990
81494.324990
81678.824990
81755.924990
81839.299990
81927.524990
82111.949990
82189.024990
82272.499990
82360.899990
82545.524990
82622.599990
82706.049990
82794.424990
82978.924990
83056.024990
83139.399990
83227.649990
83412.049990
83489.124990
83572.599990
83660.999989
83845.599989
83922.674989
84006.149989
84094.524989
84279.024989
84356.124989
84439.524989
84527.749989
84712.174989
84789.224989
84872.699989
84961.099989
