100.000000
7.000000
522.050000
588.300000
646.925000
701.200000
752.475000
801.875000
849.550000
895.925000
941.175000
985.500000
1029.050000
1071.000000
1112.850000
1153.800000
1194.275000
1234.350000
1273.575000
1312.450000
1351.000000
1388.750000
1426.000000
1463.350000
1500.050000
1535.925000
1571.975000
1607.725000
1642.850000
1677.775000
1712.450000
1746.775000
1780.425000
1813.775000
1847.075000
1880.275000
1913.450000
1946.300000
1979.125000
2011.075000
2042.800000
2074.675000
2106.700000
2137.375000
2168.875000
2199.900000
2230.300000
2260.950000
2291.350000
2320.800000
2351.275000
2380.400000
2409.675000
2439.775000
2469.125000
2497.400000
2526.275000
2555.325000
2584.400000
2612.825000
2641.450000
2669.425000
2697.775000
2726.350000
2755.375000
2784.450000
2812.950000
2841.500000
2869.450000
2898.100000
2926.425000
2955.475000
2984.525000
3013.075000
3041.550000
3069.525000
3098.275000
3126.400000
3155.425000
3184.500000
3213.000000
3241.525000
3269.475000
3298.200000
3326.400000
3355.450000
3384.500000
3413.025000
3441.550000
3469.500000
3498.225000
3526.400000
3555.425000
3584.500000
3613.025000
3641.525000
3669.475000
3698.200000
3726.400000
3755.450000
3784.500000
3813.025000
3841.525000
3869.500000
3898.225000
3926.400000
3955.450000
3984.500000
4013.025000
4041.525000
4069.500000
4098.225000
4126.400000
4155.450000
4184.500000
4213.025000
4241.525000
4269.500000
4298.225000
4326.400000
4355.450000
4384.500000
4413.025000
4441.525000
4469.500000
4498.225000
4526.400000
4555.450000
4584.500000
4613.025000
4641.525000
4669.500000
4698.225000
4726.400000
4755.450000
4784.500000
4813.025000
4841.525000
4869.500000
4898.225000
4926.400000
4955.450000
4984.500000
5013.025000
5041.525000
5069.500000
5098.225000
5126.625000
5156.700000
5185.725000
5214.275000
5244.400000
5274.000000
5303.875000
5334.525000
5363.800000
5394.550000
5424.825000
5455.700000
5486.025000
5517.925000
5548.550000
5580.275000
5612.425000
5644.350000
5676.200000
5708.250000
5741.375000
5774.550000
5807.950000
5841.475000
5874.900000
5908.425000
5942.825000
5977.550000
6012.550000
6047.250000
6083.075000
6119.075000
6155.425000
6191.675000
6229.100000
6266.475000
6304.050000
6342.175000
6380.600000
6419.600000
6459.300000
6499.675000
6540.625000
6581.775000
6623.875000
6666.625000
6709.725000
6753.950000
6798.750000
6845.175000
6892.400000
6941.075000
6991.050000
7042.375000
7095.650000
7150.950000
7208.750000
7270.125000
7336.300000
7410.275000
