100.000000
31.000000
704.475000
761.125000
812.250000
859.475000
904.925000
948.675000
991.575000
1033.775000
1074.950000
1115.525000
1156.050000
1195.950000
1235.475000
1274.575000
1313.325000
1351.550000
1389.475000
1426.475000
1463.600000
1500.800000
1537.000000
1573.550000
1608.775000
1644.825000
1680.200000
1715.000000
1749.900000
1784.675000
1819.025000
1852.700000
1886.075000
1919.450000
1952.700000
1985.875000
2019.100000
2052.200000
2085.250000
2118.025000
2150.150000
2181.800000
2213.625000
2245.750000
2276.425000
2308.025000
2339.800000
2370.450000
2401.575000
2431.850000
2462.800000
2492.825000
2523.550000
2552.775000
2583.100000
2613.400000
2642.950000
2673.525000
2702.700000
2732.675000
2763.450000
2792.950000
2823.525000
2852.700000
2882.700000
2913.450000
2942.950000
2973.525000
3002.700000
3032.700000
3063.450000
3092.950000
3123.525000
3152.700000
3182.700000
3213.450000
3242.950000
3273.525000
3302.700000
3332.700000
3363.450000
3392.950000
3423.525000
3452.700000
3482.700000
3513.450000
3542.950000
3573.525000
3602.700000
3632.700000
3663.450000
3692.950000
3723.525000
3752.700000
3782.700000
3813.450000
3842.950000
3873.525000
3902.700000
3932.700000
3963.450000
3992.950000
4023.525000
4052.700000
4082.700000
4113.450000
4142.950000
4173.525000
4202.700000
4232.700000
4263.450000
4292.950000
4323.525000
4352.700000
4382.700000
4413.450000
4442.950000
4473.525000
4502.700000
4532.700000
4563.450000
4592.950000
4623.525000
4652.700000
4682.700000
4713.450000
4742.950000
4773.525000
4802.700000
4832.700000
4863.450000
4892.950000
4923.525000
4952.700000
4982.700000
5013.450000
5042.950000
5073.525000
5102.725000
5133.250000
5163.575000
5193.475000
5224.700000
5255.525000
5285.950000
5317.900000
5348.425000
5380.200000
5412.350000
5443.150000
5474.925000
5507.650000
5540.350000
5573.325000
5605.750000
5638.650000
5671.025000
5704.200000
5737.400000
5770.750000
5804.450000
5838.750000
5873.450000
5907.950000
5942.650000
5977.875000
6013.400000
6048.550000
6084.775000
6120.525000
6157.225000
6193.475000
6230.425000
6268.050000
6305.575000
6343.100000
6381.300000
6420.050000
6459.125000
6498.525000
6538.500000
6579.200000
6619.550000
6660.925000
6702.600000
6745.300000
6788.150000
6831.725000
6875.875000
6920.725000
6966.575000
7013.325000
7060.925000
7109.400000
7159.125000
7210.300000
7263.250000
7318.025000
7374.850000
7434.650000
7498.275000
7568.475000
7644.150000
7723.350000
7807.200000
7981.475000
8058.500000
8148.000000
8371.575000
8448.000000
8622.175000
8701.525000
8924.550000
9002.450000
9225.175000
9303.225000
9525.850000
9604.050000
9826.800000
9905.075000
10128.025000
10206.400000
10429.650000
10508.175000
10732.000000
10810.475000
11035.200000
11113.650000
11339.775000
11418.275000
11647.000000
11725.350000
11965.125000
12043.175000
12267.800000
12346.600000
12585.850000
12664.100000
12903.175000
12981.600000
13220.875000
13299.300000
13539.425000
13618.025000
13859.375000
13938.050000
14184.100000
14262.575000
14518.525000
14596.925000
14839.950000
14918.800000
15174.450000
15252.875000
15508.925000
15587.325000
15844.100000
15922.450000
16166.350000
16245.200000
16500.650000
16579.125000
16834.575000
16912.975000
17168.675000
17247.175000
17502.775000
17581.275000
17836.975000
17915.350000
18171.300000
18249.650001
18505.625001
18584.050001
18839.950001
18918.350001
19174.600001
19252.950001
19510.175001
19588.450001
19831.775001
19910.650001
20166.275001
20244.825001
20500.200001
20578.575001
20834.250001
20912.625001
21168.425001
21246.900001
21502.575001
21581.050001
21836.825001
21915.200001
22171.175001
22249.525001
22505.525001
22583.925001
22839.825001
22918.225001
23174.475001
23252.825001
23509.875001
23588.150001
23831.850001
23910.700001
24166.300001
24244.850001
24500.225001
24578.575001
24834.275001
24912.650001
25168.475001
25246.950001
25502.625001
25581.075001
25836.850001
25915.225001
26171.225001
26249.575001
26505.575001
26583.975001
26839.900001
26918.275001
27174.550001
27252.900001
27510.050001
27588.350001
27831.800001
27910.675001
28166.300001
28244.825001
28500.200001
28578.575001
28834.250001
28912.625001
29168.425001
29246.925001
29502.600001
29581.050001
29836.825001
29915.200001
30171.200001
30249.550001
30505.525001
30583.950001
30839.850001
30918.250001
31174.500001
31252.850001
31509.925001
31588.200001
31831.850001
31910.700001
32166.300001
32244.850001
32500.225001
32578.600001
32834.275001
32912.650001
33168.475001
33246.950001
33502.625001
33581.075001
33836.850001
33915.225001
34171.225001
34249.575001
34505.575001
34583.975001
34839.900001
34918.275001
35174.550001
35252.900001
35510.050001
35588.350001
35831.800001
35910.675001
36166.300001
36244.825001
36500.200000
36578.575000
36834.275000
36912.625000
37168.450000
37246.925000
37502.600000
37581.050000
37836.825000
37915.200000
38171.200000
38249.550000
38505.525000
38583.950000
38839.850000
38918.250000
39174.500000
39252.850000
39509.925000
39588.200000
39831.850000
39910.700000
40166.300000
40244.850000
40500.225000
40578.600000
40834.274999
40912.649999
41168.474999
41246.949999
41502.624999
41581.074999
41836.849999
41915.224999
42171.224999
42249.574999
42505.574999
42583.974999
42839.874999
42918.274999
43174.549999
43252.899999
43510.049999
43588.349999
43831.799999
43910.674999
44166.299999
44244.824999
44500.199999
44578.574999
44834.274999
44912.624999
45168.449998
45246.924998
45502.599998
45581.049998
45836.824998
45915.199998
46171.199998
46249.549998
46505.524998
46583.949998
46839.849998
46918.249998
47174.499998
47252.849998
47509.924998
47588.199998
47831.849998
47910.699998
48166.299998
48244.849998
48500.224998
48578.599998
48834.274998
48912.649998
49168.474998
49246.949998
49502.624997
49581.074997
49836.849997
49915.224997
50171.224997
50249.574997
50505.574997
50583.974997
50839.874997
50918.274997
51174.549997
51252.899997
51510.049997
51588.324997
51831.799997
51910.674997
52166.299997
52244.824997
52500.199997
52578.574997
52834.274997
52912.649997
53168.449997
53246.924997
53502.599997
53581.049997
53836.824996
53915.199996
54171.199996
54249.549996
54505.524996
54583.949996
54839.849996
54918.249996
55174.499996
55252.849996
55509.924996
55588.199996
55831.849996
55910.699996
56166.299996
56244.849996
56500.224996
56578.599996
56834.274996
56912.649996
57168.474996
57246.949996
57502.624996
57581.074996
57836.849996
57915.224995
58171.224995
58249.574995
58505.574995
58583.974995
58839.874995
58918.274995
59174.549995
59252.899995
59510.049995
59588.324995
59831.799995
59910.674995
60166.299995
60244.824995
60500.199995
60578.574995
60834.274995
60912.649995
61168.449995
61246.924995
61502.599995
61581.049995
61836.824995
61915.199995
62171.199995
62249.549994
62505.524994
62583.949994
62839.849994
62918.249994
63174.499994
63252.849994
63509.924994
63588.199994
63831.849994
63910.699994
64166.299994
64244.849994
64500.224994
64578.599994
64834.274994
64912.649994
65168.474994
65246.949994
65502.624994
65581.074994
65836.849994
65915.224994
66171.224994
66249.574994
66505.574993
66583.974993
66839.874993
66918.274993
67174.549993
67252.899993
67510.049993
67588.324993
67831.799993
67910.674993
68166.299993
68244.824993
68500.199993
68578.574993
68834.274993
68912.649993
69168.449993
69246.924993
69502.599993
69581.049993
69836.824993
69915.199993
70171.199993
70249.549993
70505.524993
70583.949993
70839.849992
70918.249992
71174.499992
71252.849992
71509.924992
71588.199992
71831.849992
71910.699992
72166.299992
72244.849992
72500.224992
72578.599992
72834.274992
72912.649992
73168.474992
73246.949992
73502.624992
73581.074992
73836.849992
73915.224992
74171.224992
74249.574992
74505.574992
74583.974992
74839.874992
74918.274992
75174.549991
75252.899991
75510.049991
75588.324991
75831.799991
75910.674991
76166.299991
76244.824991
76500.199991
76578.574991
76834.274991
76912.649991
77168.449991
77246.924991
77502.599991
77581.049991
77836.824991
77915.199991
78171.199991
78249.549991
78505.524991
78583.949991
78839.849991
78918.249991
79174.499991
79252.849991
79509.924990
79588.199990
79831.849990
79910.699990
80166.299990
80244.849990
80500.224990
80578.599990
80834.274990
80912.649990
81168.474990
81246.949990
81502.624990
81581.074990
81836.849990
81915.224990
82171.224990
82249.574990
82505.574990
82583.974990
82839.874990
82918.274990
83174.549990
83252.899990
83510.049990
83588.324990
83831.799989
83910.674989
84166.299989
84244.824989
84500.199989
84578.574989
84834.274989
84912.649989
