1.000000
21.000000
483.975000
555.125000
615.000000
667.750000
715.225000
759.600000
801.875000
842.425000
881.650000
919.525000
956.925000
993.075000
1029.200000
1064.000000
1098.675000
1133.225000
1167.625000
1201.325000
1234.725000
1267.925000
1300.850000
1333.275000
1365.175000
1397.025000
1429.075000
1459.875000
1491.375000
1522.250000
1552.675000
1583.275000
1613.550000
1643.175000
1673.525000
1702.725000
1731.950000
1761.325000
1790.525000
1819.300000
1847.475000
1876.175000
1904.300000
1932.225000
1960.225000
1988.550000
2016.475000
2043.350000
2070.750000
2097.475000
2124.875000
2152.050000
2179.350000
2206.400000
2232.900000
2258.575000
2285.750000
2312.400000
2337.525000
2363.675000
2389.850000
2414.750000
2441.300000
2466.675000
2491.600000
2516.900000
2541.625000
2566.725000
2591.525000
2615.475000
2641.150000
2665.375000
2690.675000
2715.125000
2740.400000
2764.025000
2790.075000
2813.875000
2838.950000
2863.700000
2887.775000
2913.425000
2937.600000
2962.925000
2987.375000
3012.625000
3036.250000
3062.325000
3086.100000
3111.175000
3135.925000
3160.000000
3185.650000
3209.825000
3235.150000
3259.600000
3284.850000
3308.475000
3334.550000
3358.325000
3383.400000
3408.150000
3432.250000
3457.900000
3482.075000
3507.375000
3531.875000
3557.100000
3580.750000
3606.850000
3630.575000
3655.700000
3680.425000
3705.200000
3730.325000
3754.425000
3780.100000
3804.325000
3829.875000
3854.300000
3879.825000
3904.300000
3929.800000
3954.275000
3979.700000
4004.250000
4029.525000
4054.075000
4079.325000
4103.050000
4129.150000
4152.850000
4177.975000
4202.700000
4226.700000
4252.325000
4276.475000
4301.625000
4326.175000
4351.425000
4375.175000
4401.200000
4425.025000
4450.050000
4474.850000
4498.775000
4524.000000
4548.575000
4573.725000
4597.525000
4623.550000
4647.300000
4672.450000
4697.150000
4721.200000
4746.900000
4770.925000
4796.050000
4820.575000
4845.875000
4869.625000
4895.650000
4919.475000
4944.525000
4969.325000
4993.275000
5018.700000
5043.150000
5068.325000
5092.925000
5118.175000
5142.875000
5168.225000
5193.075000
5219.050000
5244.575000
5269.525000
5295.900000
5321.000000
5347.175000
5373.675000
5399.850000
5425.850000
5452.700000
5479.975000
5507.100000
5534.600000
5561.400000
5588.825000
5615.950000
5643.525000
5671.250000
5699.475000
5727.950000
5756.750000
5784.950000
5813.600000
5841.850000
5870.750000
5900.000000
5929.425000
5958.325000
5987.925000
6018.175000
6047.900000
6079.075000
6108.675000
6140.150000
6170.625000
6201.950000
6233.450000
6264.850000
6296.950000
6329.250000
6361.500000
6394.300000
6426.750000
6459.825000
6493.100000
6526.575000
6560.850000
6595.525000
6630.200000
6665.125000
6700.900000
6736.300000
6772.875000
6809.450000
6846.650000
6884.475000
6922.350000
6960.875000
6999.925000
7039.750000
7080.175000
7121.025000
7162.950000
7205.575000
7249.025000
7293.725000
7339.800000
7387.075000
7436.025000
7487.075000
7540.875000
7598.200000
7656.825000
7716.950000
7778.350000
7840.650000
7903.600000
7967.050000
8030.850000
8094.975000
8159.375000
8224.125000
8289.200000
8354.625000
8420.450000
8486.650000
8553.175000
8619.925000
8686.875000
8753.975000
8821.125000
8888.375000
8955.725000
9023.125000
9090.575000
9158.075000
9225.575000
9293.150000
9360.750000
9428.425000
9496.125000
9563.850000
9631.625000
9699.450000
9767.400000
9835.400000
9903.450000
9971.575000
10039.875000
10108.250000
10176.775000
10245.600000
10314.700000
10384.250000
10454.150000
10524.450000
10595.075000
10665.825000
10736.725000
10807.750000
10878.800000
10949.825000
11020.875000
11091.950000
11163.050000
11234.175000
11305.300000
11376.375000
11447.475000
11518.625000
11589.775000
11660.875000
11732.000000
11803.100000
11874.250000
11945.450000
12016.575000
12087.675000
12158.800000
12230.000000
12301.150000
12372.275000
12443.400000
12514.550000
12585.725000
12656.925000
12728.050000
12799.150000
12870.325000
12941.525000
13012.675000
13083.825000
13155.000000
13226.150000
13297.300000
13368.500000
13439.675000
13510.850000
13581.975000
13653.125000
13724.325000
13795.550000
13866.700000
13937.825000
14009.000000
14080.225000
14151.400000
14222.550000
14293.725000
14364.900000
14436.075000
14507.300000
14578.475000
14649.650000
14720.825000
14792.000000
14863.225000
14934.450000
15005.625000
15076.750000
15147.950000
15219.175000
15290.375000
15361.550000
15432.750000
15503.975000
15575.150000
15646.375000
15717.625000
15788.800000
15859.975000
15931.175000
16002.425000
16073.650000
16144.850000
16216.050000
16287.275000
16358.475000
16429.725000
16500.975000
16572.200000
16643.400000
16714.600000
16785.875000
16857.125000
16928.350000
16999.600000
17070.825000
17142.075000
17213.325000
17284.625000
17355.875000
17427.100000
17498.350000
17569.625000
17640.925000
17712.225000
17783.475000
17854.750000
17926.025000
17997.325000
18068.650000
18139.975000
18211.250000
18282.550001
18353.900001
18425.200001
18496.550001
18567.950001
18639.250001
18710.600001
18781.950001
18853.300001
18924.700001
18996.100001
19067.500001
19138.875001
19210.250001
19281.675001
19353.075001
19424.500001
19495.950001
19567.400001
19638.825001
19710.225001
19781.675001
19853.125001
19924.575001
19996.075001
20067.550001
20139.000001
20210.425001
20281.900001
20353.350001
20424.850001
20496.325001
20567.850001
20639.300001
20710.775001
20782.225001
20853.700001
20925.175001
20996.675001
21068.200001
21139.675001
21211.150001
21282.625001
21354.100001
21425.575001
21497.075001
21568.575001
21640.075001
21711.550001
21783.025001
21854.500001
21925.975001
21997.450001
22068.975001
22140.475001
22211.975001
22283.450001
22354.925001
22426.400001
22497.875001
22569.375001
22640.875001
22712.400001
22783.875001
22855.350001
22926.800001
22998.275001
23069.775001
23141.275001
23212.775001
23284.275001
23355.775001
23427.225001
23498.700001
23570.175001
23641.675001
23713.175001
23784.700001
23856.200001
23927.675001
23999.125001
24070.600001
24142.100001
24213.575001
24285.100001
24356.600001
24428.075001
24499.525001
24571.000001
24642.500001
24713.975001
24785.475001
24857.000001
24928.500001
24999.975001
25071.425001
25142.925001
25214.400001
25285.900001
25357.400001
25428.925001
25500.400001
25571.850001
25643.325001
25714.800001
25786.275001
25857.800001
25929.325001
26000.800001
26072.275001
26143.750001
26215.225001
26286.700001
26358.200001
26429.725001
26501.225001
26572.700001
26644.200001
26715.650001
26787.125001
26858.600001
26930.125001
27001.625001
27073.100001
27144.600001
27216.075001
27287.525001
27359.000001
27430.525001
27502.025001
27573.525001
27645.025001
27716.500001
27787.975001
27859.450001
27930.925001
28002.425001
28073.925001
28145.425001
28216.925001
28288.375001
28359.850001
28431.325001
28502.825001
28574.325001
28645.850001
28717.350001
28788.825001
28860.275001
28931.775001
29003.225001
29074.725001
29146.250001
29217.750001
29289.225001
29360.700001
29432.175001
29503.650001
29575.125001
29646.625001
29718.150001
29789.650001
29861.125001
29932.600001
30004.075001
30075.550001
30147.050001
30218.550001
30290.075001
30361.525001
30433.025001
30504.500001
30575.950001
30647.450001
30718.950001
30790.450001
30861.950001
30933.425001
31004.900001
31076.375001
31147.850001
31219.375001
31290.875001
31362.375001
31433.850001
31505.350001
31576.800001
31648.275001
31719.750001
31791.275001
31862.775001
31934.275001
32005.750001
32077.225001
32148.675001
32220.175001
32291.675001
32363.175001
32434.700001
32506.175001
32577.650001
32649.100001
32720.600001
32792.075001
32863.575001
32935.075001
33006.600001
33078.075001
33149.525001
33221.000001
33292.500001
33363.975001
33435.475001
33507.000001
33578.500001
33649.975001
33721.425001
33792.925001
33864.375001
33935.875001
34007.400001
34078.925001
34150.375001
34221.850001
34293.325001
34364.800001
34436.275001
34507.775001
34579.300001
34650.800001
34722.275001
34793.750001
34865.225001
34936.700001
35008.200001
35079.725001
35151.225001
35222.700001
35294.200001
35365.650001
35437.100001
35508.600001
35580.100001
35651.600001
35723.100001
35794.600001
35866.050001
35937.525001
36009.000001
36080.525001
36152.000001
36223.525001
36295.025001
36366.500001
36437.950000
36509.425000
36580.925000
36652.400000
36723.925000
36795.425000
36866.900000
36938.375000
37009.850000
37081.325000
37152.825000
37224.325000
37295.825000
37367.350000
37438.800000
37510.275000
37581.750000
37653.225000
37724.725000
37796.225000
37867.750000
37939.225000
38010.675000
38082.150000
38153.625000
38225.125000
38296.625000
38368.150000
38439.625000
38511.100000
38582.575000
38654.075000
38725.550000
38797.050000
38868.550000
38940.050000
39011.525000
39083.000000
39154.475000
39225.950000
39297.425000
39368.950000
39440.450000
39511.950000
39583.425000
39654.900000
39726.375000
39797.850000
39869.350000
39940.875000
40012.375000
40083.850000
40155.350000
40226.800000
40298.275000
40369.750000
40441.250000
40512.775000
40584.275000
40655.750000
40727.199999
40798.674999
40870.149999
40941.674999
41013.174999
41084.674999
41156.174999
41227.649999
41299.099999
41370.599999
41442.074999
41513.574999
41585.074999
41656.599999
41728.049999
41799.524999
41870.999999
41942.474999
42013.974999
42085.474999
42156.999999
42228.474999
42299.974999
42371.424999
42442.924999
42514.374999
42585.874999
42657.399999
42728.899999
42800.374999
42871.849999
42943.324999
43014.774999
43086.274999
43157.774999
43229.299999
43300.799999
43372.274999
43443.749999
43515.224999
43586.674999
43658.199999
43729.699999
43801.224999
43872.699999
43944.174999
44015.624999
44087.099999
44158.574999
44230.099999
44301.599999
44373.099999
44444.574999
44516.049999
44587.524999
44658.999999
44730.499999
44801.999999
44873.524999
44944.999999
45016.499998
45087.949998
45159.424998
45230.899998
45302.399998
45373.899998
45445.424998
45516.899998
45588.374998
45659.824998
45731.324998
45802.799998
45874.299998
45945.824998
46017.324998
46088.799998
46160.274998
46231.749998
46303.224998
46374.724998
46446.224998
46517.749998
46589.199998
46660.674998
46732.149998
46803.624998
46875.124998
46946.624998
47018.149998
47089.624998
47161.099998
47232.574998
47304.074998
47375.524998
47447.024998
47518.549998
47590.049998
47661.524998
47732.999998
47804.474998
47875.949998
47947.424998
48018.949998
48090.449998
48161.949998
48233.424998
48304.899998
48376.374998
48447.849998
48519.349998
48590.849998
48662.374998
48733.849998
48805.349998
48876.774998
48948.249998
49019.749998
49091.249998
49162.749998
49234.249998
49305.749997
49377.199997
49448.674997
49520.149997
49591.649997
49663.149997
49734.674997
49806.174997
49877.649997
49949.099997
50020.574997
50092.074997
50163.574997
50235.074997
50306.574997
50378.049997
50449.524997
50520.974997
50592.474997
50663.949997
50735.474997
50806.999997
50878.474997
50949.949997
51021.424997
51092.899997
51164.374997
51235.874997
51307.374997
51378.899997
51450.374997
51521.849997
51593.299997
51664.774997
51736.249997
51807.774997
51879.299997
51950.774997
52022.274997
52093.724997
52165.199997
52236.674997
52308.174997
52379.699997
52451.199997
52522.674997
52594.174997
52665.624997
52737.099997
52808.574997
52880.099997
52951.599997
53023.099997
53094.574997
53166.049997
53237.524997
53308.999997
53380.499997
53451.999997
53523.499997
53594.999996
53666.499996
53737.949996
53809.424996
53880.899996
53952.399996
54023.899996
54095.399996
54166.899996
54238.349996
54309.824996
54381.324996
54452.799996
54524.299996
54595.824996
54667.324996
54738.799996
54810.249996
54881.749996
54953.224996
55024.724996
55096.224996
55167.724996
55239.199996
55310.674996
55382.149996
55453.624996
55525.099996
55596.624996
55668.149996
55739.624996
55811.099996
55882.574996
55954.049996
56025.524996
56097.024996
56168.549996
56240.049996
56311.524996
56382.999996
56454.474996
56525.924996
56597.424996
56668.924996
56740.449996
56811.924996
56883.424996
56954.899996
57026.349996
57097.824996
57169.349996
57240.849996
57312.349996
57383.849996
57455.324996
57526.774996
57598.249996
57669.749996
57741.249996
57812.749996
57884.249995
57955.724995
58027.199995
58098.649995
58170.149995
58241.649995
58313.149995
58384.674995
58456.174995
58527.649995
58599.099995
58670.574995
58742.074995
58813.549995
58885.074995
58956.574995
59028.049995
59099.499995
59170.974995
59242.474995
59313.949995
59385.449995
59456.974995
59528.474995
59599.949995
59671.399995
59742.899995
59814.349995
59885.874995
59957.374995
60028.899995
60100.349995
60171.824995
60243.299995
60314.774995
60386.249995
60457.774995
60529.299995
60600.774995
60672.249995
60743.724995
60815.199995
60886.674995
60958.174995
61029.699995
61101.199995
61172.674995
61244.174995
61315.624995
61387.099995
61458.574995
61530.074995
61601.574995
61673.074995
61744.574995
61816.024995
61887.499995
61958.974995
62030.499995
62101.999995
62173.499994
62244.999994
62316.474994
62387.924994
62459.399994
62530.899994
62602.399994
62673.899994
62745.399994
62816.899994
62888.349994
62959.824994
63031.299994
63102.799994
63174.299994
63245.824994
63317.324994
63388.799994
63460.249994
63531.749994
63603.199994
63674.699994
63746.199994
63817.724994
63889.199994
63960.649994
64032.124994
64103.624994
64175.099994
64246.599994
64318.124994
64389.624994
64461.099994
64532.549994
64604.049994
64675.524994
64747.024994
64818.524994
64890.049994
64961.499994
65032.974994
65104.449994
65175.924994
65247.424994
65318.924994
65390.424994
65461.924994
65533.399994
65604.874994
65676.349994
65747.824994
65819.349994
65890.849994
65962.349994
66033.824994
66105.324994
66176.774994
66248.249994
66319.724994
66391.249994
66462.749994
66534.249993
66605.724993
66677.174993
66748.649993
66820.149993
66891.649993
66963.149993
67034.674993
67106.149993
67177.624993
67249.074993
67320.574993
67392.049993
67463.549993
67535.049993
67606.574993
67678.049993
67749.499993
67820.974993
67892.449993
67963.949993
68035.449993
68106.974993
68178.474993
68249.949993
68321.399993
68392.899993
68464.349993
68535.849993
68607.374993
68678.874993
68750.349993
68821.824993
68893.299993
68964.749993
69036.249993
69107.749993
69179.274993
69250.774993
69322.249993
69393.724993
69465.199993
69536.674993
69608.174993
69679.699993
69751.199993
69822.674993
69894.149993
69965.599993
70037.074993
70108.549993
70180.074993
70251.574993
70323.074993
70394.574993
70466.024993
70537.499993
70608.974993
70680.499993
70751.974993
70823.499992
70894.999992
70966.474992
71037.924992
71109.399992
71180.874992
71252.374992
71323.874992
71395.399992
71466.874992
71538.349992
71609.824992
71681.299992
71752.799992
71824.299992
71895.799992
71967.299992
72038.774992
72110.249992
72181.724992
72253.199992
72324.699992
72396.199992
72467.724992
72539.174992
72610.649992
72682.124992
72753.599992
72825.099992
72896.599992
72968.124992
73039.599992
73111.074992
73182.549992
73254.049992
73325.499992
73397.024992
73468.524992
73540.024992
73611.499992
73682.974992
73754.449992
73825.924992
73897.399992
73968.924992
74040.424992
74111.924992
74183.399992
74254.874992
74326.349992
74397.824992
74469.324992
74540.824992
74612.349992
74683.824992
74755.324992
74826.749992
74898.224992
74969.724992
75041.224992
75112.724991
75184.224991
75255.724991
75327.174991
75398.649991
75470.124991
75541.649991
75613.149991
75684.649991
75756.149991
75827.624991
75899.074991
75970.549991
76042.049991
76113.549991
76185.049991
76256.574991
76328.024991
76399.499991
76470.974991
76542.449991
76613.924991
76685.449991
76756.974991
76828.449991
76899.924991
76971.399991
77042.874991
77114.349991
77185.849991
77257.374991
77328.874991
77400.349991
77471.824991
77543.274991
77614.749991
77686.249991
77757.749991
77829.274991
77900.774991
77972.249991
78043.724991
78115.199991
78186.649991
78258.174991
78329.674991
78401.199991
78472.674991
78544.149991
78615.599991
78687.074991
78758.549991
78830.074991
78901.574991
78973.074991
79044.549991
79116.024991
79187.499991
79258.974991
79330.474991
79401.974990
79473.499990
79544.974990
79616.474990
79687.924990
79759.399990
79830.874990
79902.374990
79973.874990
80045.374990
80116.874990
80188.324990
80259.799990
80331.299990
80402.774990
80474.274990
80545.799990
80617.299990
80688.774990
80760.224990
80831.724990
80903.199990
80974.699990
81046.199990
81117.724990
81189.174990
81260.649990
81332.124990
81403.599990
81475.074990
81546.599990
81618.124990
81689.599990
81761.074990
81832.549990
81904.024990
81975.499990
82046.999990
82118.524990
82190.024990
82261.499990
82332.974990
82404.449990
82475.924990
82547.399990
82618.924990
82690.424990
82761.899990
82833.399990
82904.874990
82976.349990
83047.824990
83119.324990
83190.824990
83262.349990
83333.824990
83405.299990
83476.749990
83548.224990
83619.724990
83691.224989
83762.724989
83834.224989
83905.724989
83977.174989
84048.649989
84120.124989
84191.624989
84263.124989
84334.649989
84406.149989
84477.624989
84549.074989
84620.549989
84692.049989
84763.524989
84835.049989
84906.549989
84978.024989
