1.000000
36.000000
725.325000
788.775000
843.900000
892.975000
937.825000
980.250000
1020.500000
1059.350000
1097.100000
1134.450000
1170.475000
1206.650000
1241.575000
1276.200000
1310.675000
1345.100000
1379.200000
1412.600000
1445.825000
1479.050000
1511.325000
1543.250000
1575.100000
1607.350000
1639.000000
1670.100000
1701.775000
1732.850000
1763.700000
1794.425000
1824.800000
1854.975000
1885.600000
1915.200000
1945.600000
1974.800000
2004.000000
2033.250000
2062.525000
2091.450000
2119.500000
2147.725000
2176.325000
2204.325000
2232.125000
2259.875000
2287.550000
2315.100000
2342.375000
2369.625000
2397.150000
2424.725000
2451.700000
2479.225000
2505.825000
2532.000000
2558.300000
2585.325000
2612.500000
2638.700000
2664.025000
2691.450000
2718.100000
2744.125000
2769.800000
2797.025000
2823.675000
2849.925000
2875.475000
2902.625000
2929.375000
2955.750000
2981.700000
3008.200000
3034.900000
3061.275000
3087.225000
3113.750000
3140.475000
3167.500000
3193.200000
3219.475000
3246.300000
3273.575000
3298.925000
3325.100000
3352.375000
3379.275000
3405.600000
3430.825000
3458.100000
3484.825000
3511.150000
3536.375000
3563.675000
3590.400000
3616.825000
3642.875000
3669.325000
3695.950000
3722.300000
3748.300000
3774.900000
3801.500000
3827.875000
3854.000000
3880.425000
3907.100000
3933.450000
3959.125000
3986.000000
4012.800000
4039.600000
4065.650000
4091.825000
4119.100000
4145.850000
4171.750000
4198.000000
4224.925000
4251.550000
4278.075000
4304.200000
4330.475000
4357.250000
4383.975000
4410.025000
4436.150000
4463.475000
4490.325000
4516.675000
4542.425000
4569.350000
4595.975000
4622.400000
4648.475000
4674.900000
4701.525000
4727.925000
4754.075000
4780.425000
4807.125000
4833.475000
4859.350000
4886.000000
4912.725000
4939.100000
4965.150000
4991.600000
5018.200000
5044.650000
5070.725000
5097.125000
5123.850000
5151.300000
5177.750000
5204.225000
5230.625000
5258.175000
5285.825000
5313.550000
5341.425000
5369.200000
5397.025000
5424.875000
5452.725000
5480.550000
5508.425000
5536.825000
5565.975000
5595.775000
5624.725000
5653.250000
5683.200000
5712.775000
5741.875000
5772.075000
5802.275000
5832.075000
5862.850000
5893.050000
5923.975000
5955.000000
5986.025000
6017.950000
6048.700000
6080.425000
6112.625000
6144.900000
6177.275000
6209.775000
6242.675000
6275.600000
6308.925000
6342.825000
6376.400000
6410.750000
6445.625000
6480.275000
6515.150000
6550.975000
6586.200000
6622.575000
6658.650000
6695.850000
6733.075000
6770.625000
6808.475000
6847.125000
6886.075000
6925.775000
6966.350000
7007.425000
7048.900000
7091.450000
7134.825000
7179.200000
7224.550000
7271.025000
7319.200000
7369.175000
7421.400000
7476.875000
7537.150000
7606.175000
7683.400000
