3.000000
2.000000
777.200000
820.550000
863.200000
903.075000
941.825000
980.125000
1018.000000
1054.425000
1091.050000
1126.100000
1161.400000
1196.475000
1230.150000
1263.450000
1296.700000
1329.925000
1362.950000
1395.475000
1427.100000
1457.950000
1489.775000
1519.925000
1551.050000
1580.275000
1610.250000
1640.600000
1669.175000
1698.025000
1727.225000
1756.600000
1785.425000
1813.375000
1841.200000
1868.925000
1896.675000
1924.400000
1952.125000
1979.825000
2007.450000
2034.575000
2061.175000
2086.300000
2113.200000
2139.925000
2165.100000
2191.050000
2217.550000
2241.650000
2267.675000
2291.500000
2317.525000
2341.325000
2366.525000
2391.075000
2415.000000
2439.975000
2463.375000
2486.175000
2510.425000
2534.725000
2557.800000
2580.250000
2602.600000
2624.900000
2647.175000
2669.600000
2692.775000
2716.775000
2740.925000
2763.450000
2785.825000
2808.100000
2830.375000
2852.700000
2875.000000
2897.700000
2921.500000
2945.575000
2968.875000
2991.350000
3013.625000
3035.900000
3058.150000
3080.400000
3102.725000
3125.025000
3148.100000
3172.075000
3195.675000
3218.875000
3241.375000
3263.625000
3285.900000
3308.150000
3330.400000
3352.725000
3375.025000
3398.100000
3422.075000
3445.675000
3468.875000
3491.375000
3513.625000
3535.900000
3558.150000
3580.400000
3602.725000
3625.025000
3648.100000
3672.075000
3695.675000
3718.875000
3741.375000
3763.625000
3785.900000
3808.150000
3830.400000
3852.725000
3875.025000
3898.100000
3922.075000
3945.675000
3968.875000
3991.375000
4013.625000
4035.900000
4058.150000
4080.400000
4102.725000
4125.025000
4148.100000
4172.075000
4195.675000
4218.875000
4241.375000
4263.625000
4285.900000
4308.150000
4330.400000
4352.725000
4375.025000
4398.100000
4422.075000
4445.675000
4468.875000
4491.375000
4513.625000
4535.900000
4558.150000
4580.400000
4602.725000
4625.025000
4648.100000
4672.075000
4695.675000
4718.875000
4741.375000
4763.625000
4785.900000
4808.150000
4830.400000
4852.725000
4875.025000
4898.100000
4922.075000
4945.675000
4968.875000
4991.375000
5013.625000
5035.900000
5058.150000
5080.400000
5102.725000
5125.975000
5150.825000
5174.450000
5197.175000
5220.875000
5245.575000
5269.025000
5293.025000
5318.000000
5341.450000
5367.475000
5391.375000
5417.575000
5441.550000
5467.725000
5492.675000
5518.825000
5545.425000
5570.750000
5596.700000
5623.500000
5650.800000
5677.725000
5704.025000
5730.200000
5757.725000
5785.475000
5813.275000
5841.150000
5868.975000
5896.800000
5924.650000
5952.525000
5980.425000
6009.250000
6038.825000
6068.800000
6098.225000
6128.925000
6158.175000
6189.550000
6220.025000
6252.025000
6284.275000
6316.325000
6348.100000
6380.200000
6413.325000
6446.725000
6480.150000
6513.650000
6547.975000
6583.300000
6618.975000
6655.325000
6691.550000
6729.750000
6768.650000
6807.850000
6847.275000
6888.175000
6930.300000
6974.525000
7019.750000
7068.950000
7120.900000
