100.000000
24.000000
613.875000
673.125000
725.325000
773.900000
819.800000
864.000000
907.600000
950.000000
991.500000
1032.225000
1072.900000
1112.950000
1152.375000
1191.400000
1230.075000
1268.275000
1306.200000
1343.250000
1380.300000
1417.475000
1453.750000
1490.150000
1525.300000
1560.950000
1596.050000
1630.475000
1665.050000
1699.325000
1734.200000
1768.150000
1801.900000
1835.650000
1869.075000
1902.300000
1935.475000
1968.175000
2001.075000
2033.050000
2064.325000
2096.750000
2129.000000
2159.650000
2191.325000
2222.275000
2252.675000
2283.600000
2313.725000
2344.350000
2374.650000
2404.250000
2434.700000
2463.750000
2493.050000
2523.375000
2552.475000
2580.675000
2609.750000
2639.825000
2669.125000
2697.425000
2726.425000
2756.600000
2785.725000
2813.950000
2843.050000
2873.150000
2902.425000
2930.625000
2959.750000
2989.725000
3019.125000
3047.450000
3076.425000
3106.625000
3135.725000
3163.925000
3193.050000
3223.150000
3252.425000
3280.625000
3309.750000
3339.750000
3369.125000
3397.450000
3426.425000
3456.625000
3485.725000
3513.925000
3543.050000
3573.150000
3602.425000
3630.625000
3659.750000
3689.750000
3719.125000
3747.450000
3776.425000
3806.625000
3835.725000
3863.925000
3893.050000
3923.150000
3952.425000
3980.625000
4009.750000
4039.750000
4069.125000
4097.450000
4126.425000
4156.625000
4185.725000
4213.925000
4243.050000
4273.150000
4302.425000
4330.625000
4359.750000
4389.750000
4419.125000
4447.450000
4476.425000
4506.625000
4535.725000
4563.925000
4593.050000
4623.150000
4652.425000
4680.625000
4709.750000
4739.750000
4769.125000
4797.450000
4826.425000
4856.625000
4885.725000
4913.925000
4943.050000
4973.150000
5002.425000
5030.625000
5059.750000
5089.750000
5119.175000
5148.350000
5178.925000
5208.100000
5237.575000
5268.100000
5297.525000
5329.050000
5358.350000
5390.100000
5420.400000
5451.950000
5483.325000
5513.900000
5545.900000
5577.675000
5609.100000
5641.525000
5674.050000
5706.950000
5740.050000
5773.275000
5806.725000
5840.175000
5873.650000
5907.750000
5941.600000
5975.825000
6010.700000
6045.775000
6080.400000
6115.475000
6151.350000
6186.875000
6223.550000
6259.625000
6296.725000
6334.325000
6371.625000
6409.475000
6447.325000
6485.875000
6524.800000
6563.850000
6603.775000
6644.150000
6685.050000
6726.125000
6768.100000
6810.400000
6853.550000
6897.175000
6941.550000
6986.475000
7032.475000
7079.675000
7127.600000
7176.450000
7226.650000
7278.725000
7332.250000
7387.925000
7446.500000
7508.675000
7576.425000
7647.900000
7721.650000
7797.850000
7876.325000
7957.150000
8040.375000
8126.425000
8216.450000
8407.375000
8485.325000
8569.925000
8660.625000
8888.425000
8964.925000
9048.400000
9137.900000
9364.850000
9442.400000
9527.800000
9753.300000
9831.650000
9918.625000
10162.650000
10240.275000
10325.700000
10533.375000
10612.075000
10698.450000
10906.475000
10985.250000
11071.575000
11279.075000
11357.750000
11443.750000
11637.525000
11716.750000
11803.375000
12010.725000
12089.150000
12174.825000
12268.500000
12498.375000
12576.100000
12661.025000
12752.500000
12979.825000
13057.650000
13142.600000
13233.950000
13460.275000
13537.925000
13622.700000
13713.500000
13939.125000
14016.700000
14101.300000
14191.650000
14417.175000
14494.700000
14579.175000
14669.275000
14896.575000
14973.925000
15058.225000
15147.800000
15356.950000
15435.250000
15520.575000
15611.950000
15837.400000
15914.925000
15999.375000
16089.225000
16300.800000
16378.975000
16464.100000
16555.175000
16780.850000
16858.400000
16942.875000
17032.775000
17242.925000
17321.175000
17406.375000
17497.800000
17723.200000
17800.675000
17885.175000
17975.050000
18185.300000
18263.575001
18348.775001
18439.850001
18665.375001
18742.925001
18827.275001
18917.050001
19127.725001
19205.925001
19291.075001
19382.275001
19607.875001
19685.425001
19769.925001
19859.800001
20069.400001
20147.700001
20232.950001
20324.275001
20549.700001
20627.150001
20711.575001
20801.350001
21011.800001
21090.025001
21175.200001
21266.225001
21491.750001
21569.300001
21653.725001
21743.525001
21953.650001
22031.925001
22117.050001
22208.375001
22433.925001
22511.400001
22595.850001
22685.725001
22895.475001
22973.750001
23059.025001
23150.225001
23375.600001
23453.125001
23537.525001
23627.275001
23837.650001
23915.825001
24000.975001
24092.075001
24317.625001
24395.150001
24479.600001
24569.475001
24779.525001
24857.825001
24943.050001
25034.350001
25259.850001
25337.325001
25421.750001
25511.550001
25721.350001
25799.575001
25884.825001
25976.025001
26201.425001
26278.925001
26363.350001
26453.100001
26663.675001
26741.900001
26827.000001
26918.075001
27143.650001
27221.150001
27305.550001
27395.400001
27605.200001
27683.450001
27768.700001
27860.075001
28085.575001
28163.100001
28247.575001
28337.375001
28547.275001
28625.525001
28710.725001
28801.850001
29027.250001
29104.775001
29189.150001
29278.900001
29489.425001
29567.675001
29652.825001
29743.975001
29969.625001
30047.150001
30131.600001
30221.475001
30431.175001
30509.475001
30594.700001
30686.025001
30911.400001
30988.825001
31073.250001
31163.025001
31373.125001
31451.350001
31536.575001
31627.650001
31853.100001
31930.675001
32015.050001
32104.825001
32315.275001
32393.500001
32478.600001
32569.825001
32795.400001
32872.875001
32957.375001
33047.250001
33256.850001
33335.125001
33420.425001
33511.700001
33737.125001
33814.650001
33899.050001
33988.825001
34199.100001
34277.300001
34362.475001
34453.550001
34679.050001
34756.600001
34841.000001
34930.825001
35141.025001
35219.350001
35304.500001
35395.775001
35621.300001
35698.775001
35783.200001
35873.050001
36082.850001
36161.075001
36246.325001
36337.600001
36562.975000
36640.475000
36724.925000
36814.650000
37024.975000
37103.200000
37188.350000
37279.400000
37504.925000
37582.475000
37666.850000
37756.700000
37966.825000
38045.075000
38130.325000
38221.625000
38447.200000
38524.700000
38609.175000
38699.000000
38908.700000
38986.975000
39072.200000
39163.400000
39388.750000
39466.225000
39550.625000
39640.375000
39851.000000
39929.225000
40014.375000
40105.425000
40331.075000
40408.625000
40493.050000
40582.900000
40792.649999
40870.924999
40956.124999
41047.499999
41272.899999
41350.374999
41434.824999
41524.649999
41734.574999
41812.824999
41898.049999
41989.174999
42214.649999
42292.199999
42376.599999
42466.324999
42676.799999
42755.024999
42840.149999
42931.299999
43156.874999
43234.374999
43318.849999
43408.749999
43618.449999
43696.774999
43782.024999
43873.349999
44098.799999
44176.274999
44260.674999
44350.449999
44560.574999
44638.774999
44723.949999
44815.049999
45040.424998
45117.974998
45202.374998
45292.149998
45502.524998
45580.799998
45665.899998
45757.099998
45982.749998
46060.249998
46144.674998
46234.549998
46444.249998
46522.474998
46607.749998
46699.049998
46924.424998
47001.949998
47086.424998
47176.199998
47386.299998
47464.549998
47549.699998
47640.774998
47866.299998
47943.824998
48028.199998
48117.999998
48328.424998
48406.699998
48491.874998
48583.099998
48808.674998
48886.174998
48970.649998
49060.474998
49270.074998
49348.374997
49433.574997
49524.849997
49750.224997
49827.674997
49912.074997
50001.824997
50212.299997
50290.499997
50375.674997
50466.674997
50692.224997
50769.774997
50854.174997
50943.999997
51153.999997
51232.249997
51317.399997
51408.774997
51634.299997
51711.774997
51796.249997
51886.124997
52095.899997
52174.149997
52259.424997
52350.599997
52575.999997
52653.524997
52737.949997
52827.674997
53038.074997
53116.274997
53201.399997
53292.499997
53518.099997
53595.624996
53680.074996
53769.949996
53979.899996
54058.224996
54143.424996
54234.749996
54460.224996
54537.674996
54622.099996
54711.899996
54921.774996
54999.974996
55085.224996
55176.399996
55401.799996
55479.324996
55563.749996
55653.474996
55864.049996
55942.299996
56027.399996
56118.499996
56344.099996
56421.574996
56505.999996
56595.899996
56805.624996
56883.874996
56969.174996
57060.524996
57286.024996
57363.524996
57447.999996
57537.774996
57747.799996
57826.049996
57911.199995
58002.299995
58227.724995
58305.224995
58389.599995
58479.374995
58689.849995
58768.124995
58853.274995
58944.424995
59170.074995
59247.599995
59332.049995
59421.899995
59631.574995
59709.824995
59795.049995
59886.399995
60111.749995
60189.224995
60273.649995
60363.424995
60573.599995
60651.824995
60737.024995
60828.074995
61053.574995
61131.149995
61215.549995
61305.324995
61515.699995
61593.949995
61679.099995
61770.349995
61995.924995
62073.424995
62157.899995
62247.774994
62457.374994
62535.674994
62620.949994
62712.199994
62937.574994
63015.074994
63099.449994
63189.199994
63399.599994
63477.774994
63562.924994
63653.974994
63879.499994
63957.049994
64041.474994
64131.274994
64341.324994
64419.624994
64504.799994
64596.099994
64821.624994
64899.099994
64983.524994
65073.374994
65283.174994
65361.374994
65446.649994
65537.874994
65763.299994
65840.824994
65925.274994
66015.024994
66225.324994
66303.574994
66388.699994
66479.774993
66705.324993
66782.824993
66867.224993
66957.124993
67167.174993
67245.449993
67330.699993
67421.999993
67647.549993
67725.049993
67809.499993
67899.274993
68109.074993
68187.324993
68272.524993
68363.699993
68589.024993
68666.499993
68750.874993
68840.624993
69051.224993
69129.449993
69214.599993
69305.674993
69531.324993
69608.874993
69693.324993
69783.174993
69992.899993
70071.149993
70156.374993
70247.749993
70473.124993
70550.624993
70635.074993
70724.899993
70934.874992
71013.124992
71098.374992
71189.449992
71414.949992
71492.499992
71576.899992
71666.624992
71877.099992
71955.324992
72040.449992
72131.624992
72357.174992
72434.699992
72519.149992
72609.049992
72818.674992
72896.999992
72982.249992
73073.549992
73298.999992
73376.474992
73460.849992
73550.624992
73760.824992
73838.999992
73924.174992
74015.274992
74240.674992
74318.199992
74402.624992
74492.374992
74702.724992
74780.999992
74866.124992
74957.349992
75182.999991
75260.474991
75344.899991
75434.799991
75644.499991
75722.749991
75808.049991
75899.324991
76124.699991
76202.224991
76286.674991
76376.449991
76586.649991
76664.899991
76750.024991
76841.099991
77066.624991
77144.124991
77228.499991
77318.324991
77528.699991
77606.974991
77692.149991
77783.399991
78008.974991
78086.499991
78170.949991
78260.774991
78470.399991
78548.649991
78633.874991
78725.149991
78950.499991
79027.974991
79112.374991
79202.124991
79412.724990
79490.949990
79576.124990
79667.124990
79892.699990
79970.249990
80054.674990
80144.499990
80354.399990
80432.674990
80517.874990
80609.249990
80834.774990
80912.249990
80996.724990
81086.574990
81296.374990
81374.674990
81459.899990
81551.049990
81776.449990
81853.949990
81938.324990
82028.049990
82238.499990
82316.699990
82401.824990
82492.924990
82718.524990
82796.049990
82880.499990
82970.374990
83180.174990
83258.499990
83343.699990
83435.049990
83660.499989
83737.974989
83822.374989
83912.199989
84122.099989
84200.274989
84285.524989
84376.674989
84602.099989
84679.674989
84764.099989
84853.849989
