30.000000
1.000000
582.525000
626.825000
668.125000
707.075000
744.250000
780.125000
814.975000
849.400000
883.125000
916.300000
948.400000
980.150000
1012.125000
1042.825000
1073.875000
1103.900000
1134.300000
1163.475000
1192.600000
1221.800000
1250.900000
1279.725000
1307.775000
1335.550000
1363.275000
1391.000000
1418.525000
1445.550000
1472.150000
1498.100000
1524.400000
1550.875000
1576.050000
1602.050000
1627.500000
1652.275000
1677.450000
1702.175000
1726.225000
1751.025000
1774.575000
1798.275000
1822.900000
1846.625000
1869.275000
1892.450000
1915.900000
1939.775000
1963.125000
1985.575000
2007.850000
2030.050000
2052.275000
2074.450000
2096.650000
2118.850000
2141.050000
2163.200000
2185.375000
2207.450000
2229.100000
2250.875000
2272.000000
2291.600000
2313.175000
2334.425000
2355.025000
2374.650000
2395.575000
2415.100000
2435.475000
2456.475000
2474.900000
2495.525000
2513.700000
2534.375000
2552.525000
2573.125000
2591.350000
2611.125000
2630.025000
2649.800000
2668.900000
2688.575000
2707.750000
2727.325000
2746.650000
2766.450000
2785.525000
2805.275000
2824.425000
2844.025000
2863.300000
2883.000000
2902.200000
2921.775000
2941.100000
2960.775000
2979.975000
2999.525000
3018.875000
3038.550000
3057.750000
3077.300000
3096.650000
3116.450000
3135.525000
3155.275000
3174.425000
3194.025000
3213.300000
3233.000000
3252.200000
3271.775000
3291.100000
3310.775000
3329.975000
3349.525000
3368.875000
3388.550000
3407.750000
3427.300000
3446.650000
3466.450000
3485.525000
3505.275000
3524.425000
3544.025000
3563.300000
3583.000000
3602.200000
3621.775000
3641.100000
3660.775000
3679.975000
3699.525000
3718.875000
3738.550000
3757.750000
3777.300000
3796.650000
3816.450000
3835.525000
3855.275000
3874.425000
3894.025000
3913.300000
3933.000000
3952.200000
3971.775000
3991.100000
4010.775000
4029.975000
4049.525000
4068.875000
4088.550000
4107.750000
4127.300000
4146.650000
4166.450000
4185.525000
4205.275000
4224.425000
4244.025000
4263.300000
4283.000000
4302.200000
4321.775000
4341.100000
4360.775000
4379.975000
4399.525000
4418.875000
4438.550000
4457.750000
4477.300000
4496.650000
4516.450000
4535.525000
4555.275000
4574.425000
4594.025000
4613.300000
4633.000000
4652.200000
4671.775000
4691.100000
4710.775000
4729.975000
4749.525000
4768.875000
4788.550000
4807.750000
4827.300000
4846.650000
4866.450000
4885.525000
4905.275000
4924.425000
4944.025000
4963.300000
4983.000000
5002.200000
5021.775000
5041.100000
5060.775000
5079.975000
5099.525000
5118.900000
5138.775000
5157.825000
5178.725000
5197.050000
5217.750000
5236.175000
5257.125000
5277.525000
5296.850000
5317.850000
5338.475000
5358.000000
5379.775000
5401.100000
5422.175000
5442.650000
5463.400000
5485.425000
5507.575000
5529.825000
5552.075000
5574.350000
5596.600000
5618.875000
5641.125000
5663.350000
5685.600000
5707.875000
5730.150000
5752.475000
5774.800000
5797.175000
5820.375000
5844.250000
5868.025000
5891.250000
5914.975000
5939.825000
5963.450000
5988.350000
6013.250000
6038.400000
6063.325000
6088.800000
6113.500000
6139.850000
6165.175000
6191.150000
6217.800000
6244.350000
6270.550000
6296.925000
6324.400000
6352.150000
6379.975000
6407.825000
6435.700000
6463.650000
6492.375000
6521.775000
6551.400000
6580.425000
6610.725000
6641.175000
6672.200000
6702.925000
6735.075000
6767.625000
6800.700000
6834.275000
6868.175000
6902.325000
6937.075000
6973.125000
7009.300000
7046.725000
7085.350000
7124.650000
7165.050000
7207.675000
7252.250000
7299.175000
7351.275000
