200.000000
4.000000
654.125000
697.975000
735.950000
770.250000
802.300000
832.700000
861.875000
889.850000
917.350000
944.075000
970.225000
996.425000
1021.900000
1046.950000
1071.800000
1096.575000
1121.375000
1145.400000
1169.950000
1193.875000
1217.500000
1241.175000
1264.625000
1288.175000
1311.725000
1334.450000
1357.550000
1380.100000
1403.100000
1425.625000
1447.925000
1470.175000
1492.375000
1514.575000
1536.750000
1558.875000
1580.200000
1602.000000
1623.100000
1645.000000
1666.175000
1686.975000
1707.850000
1728.650000
1749.525000
1770.150000
1791.000000
1811.775000
1832.400000
1852.675000
1872.875000
1892.600000
1913.075000
1932.975000
1952.850000
1972.825000
1992.400000
2011.950000
2031.375000
2050.775000
2070.175000
2089.625000
2109.025000
2128.475000
2147.825000
2167.275000
2185.925000
2204.875000
2223.175000
2242.275000
2260.900000
2278.875000
2297.775000
2316.225000
2334.200000
2352.375000
2370.250000
2388.525000
2406.350000
2424.425000
2442.375000
2460.525000
2478.500000
2496.525000
2514.525000
2531.675000
2549.450000
2567.275000
2584.300000
2601.975000
2619.350000
2636.775000
2653.750000
2670.700000
2688.275000
2706.175000
2723.100000
2740.975000
2758.100000
2775.625000
2792.575000
2810.425000
2828.400000
2845.325000
2863.150000
2880.325000
2897.850000
2914.850000
2932.625000
2950.575000
2967.525000
2985.375000
3003.350000
3020.275000
3038.150000
3056.175000
3073.075000
3090.975000
3108.075000
3125.625000
3142.575000
3160.425000
3178.400000
3195.325000
3213.150000
3230.325000
3247.850000
3264.850000
3282.625000
3300.575000
3317.525000
3335.375000
3353.350000
3370.275000
3388.150000
3406.175000
3423.075000
3440.975000
3458.075000
3475.625000
3492.575000
3510.425000
3528.400000
3545.325000
3563.150000
3580.325000
3597.850000
3614.850000
3632.625000
3650.575000
3667.525000
3685.375000
3703.350000
3720.275000
3738.150000
3756.175000
3773.075000
3790.975000
3808.075000
3825.625000
3842.575000
3860.425000
3878.400000
3895.325000
3913.150000
3930.325000
3947.850000
3964.850000
3982.625000
4000.575000
4017.525000
4035.375000
4053.350000
4070.275000
4088.150000
4106.175000
4123.075000
4140.975000
4158.075000
4175.625000
4192.575000
4210.425000
4228.400000
4245.325000
4263.150000
4280.325000
4297.850000
4314.850000
4332.625000
4350.575000
4367.525000
4385.375000
4403.350000
4420.275000
4438.150000
4456.175000
4473.075000
4490.975000
4508.075000
4525.625000
4542.575000
4560.425000
4578.400000
4595.325000
4613.150000
4630.325000
4647.850000
4664.850000
4682.625000
4700.575000
4717.525000
4735.375000
4753.350000
4770.275000
4788.150000
4806.175000
4823.075000
4840.975000
4858.075000
4875.625000
4892.575000
4910.425000
4928.400000
4945.325000
4963.150000
4980.325000
4997.850000
5014.850000
5032.625000
5050.575000
5067.525000
5085.375000
5103.350000
5120.325000
5138.250000
5156.225000
5173.400000
5191.125000
5209.050000
5227.175000
5245.125000
5263.250000
5281.325000
5299.600000
5317.425000
5335.600000
5353.675000
5372.775000
5391.125000
5409.275000
5428.425000
5446.825000
5465.075000
5484.025000
5503.400000
5522.800000
5542.225000
5561.725000
5581.175000
5600.650000
5620.100000
5639.625000
5659.100000
5678.600000
5698.025000
5717.550000
5737.100000
5756.700000
5776.125000
5796.475000
5817.200000
5837.000000
5857.600000
5878.425000
5898.575000
5918.975000
5939.650000
5960.525000
5981.325000
6002.275000
6023.100000
6044.950000
6066.175000
6087.150000
6108.950000
6130.300000
6152.100000
6174.225000
6196.450000
6218.725000
6241.025000
6263.275000
6285.600000
6307.975000
6330.900000
6353.550000
6376.100000
6399.325000
6422.825000
6446.400000
6470.075000
6493.800000
6517.475000
6541.350000
6565.075000
6589.525000
6613.850000
6638.275000
6663.175000
6688.200000
6713.275000
6738.500000
6764.175000
6789.700000
6815.850000
6842.225000
6868.700000
6895.225000
6922.025000
6949.150000
6976.225000
7003.675000
7031.450000
7059.425000
7088.025000
7117.125000
7146.400000
7175.850000
7206.050000
7236.575000
7267.425000
7298.700000
7330.500000
7363.050000
7396.300000
7430.175000
7464.900000
7500.775000
7537.850000
7576.450000
7616.575000
7657.550000
7699.450000
7742.350000
7786.225000
7831.200000
7877.300000
7924.600000
7973.125000
8022.975000
8074.200000
8126.875000
8181.250000
8237.475000
8295.975000
8357.375000
8422.550000
8493.875000
8624.625000
8684.725000
8751.550000
8887.075000
8946.875000
9012.725000
9088.275000
9224.200000
9283.825000
9349.175000
9422.650000
9557.650000
9617.300000
9682.575000
9755.450000
9889.950000
9949.525000
10014.725000
10087.500000
10221.700000
10281.350000
10346.550000
10419.250000
10553.250000
10612.850000
10677.975000
10750.625000
10884.650000
10944.225000
11009.400000
11082.025000
11215.825000
11275.475000
11340.625000
11413.250000
11547.275000
11606.850000
11671.975000
11744.550000
11878.325000
11937.925000
12003.125000
12075.775000
12209.725000
12269.325000
12334.450000
12407.025000
12540.800000
12600.400000
12665.550000
12738.175000
12872.150000
12931.750000
12996.900000
13069.500000
13203.250000
13262.850000
13327.975000
13400.600000
13534.550000
13594.125000
13659.300000
13731.925000
13865.700000
13925.325000
13990.450000
14063.050000
14196.975000
14256.575000
14321.725000
14394.325000
14528.150000
14587.725000
14652.875000
14725.500000
14859.400000
14919.025000
14984.175000
15056.775000
15190.600000
15250.175000
15315.300000
15387.900000
15521.800000
15581.450000
15646.625000
15719.250000
15853.050000
15912.650000
15977.725000
16050.325000
16184.250000
16243.850000
16309.075000
16381.725000
16515.525000
16575.125000
16640.200000
16712.800000
16846.675000
16906.325000
16971.500000
17044.125000
17177.975000
17237.550000
17302.675000
17375.300000
17509.175000
17568.825000
17634.000000
17706.625000
17840.450000
17900.000000
17965.125000
18037.750000
18171.600000
18231.275001
18296.475001
18369.100001
18502.925001
18562.500001
18627.575001
18700.200001
18834.100001
18893.725001
18958.950001
19031.600001
19165.400001
19224.975001
19290.075001
19362.675001
19496.550001
19556.200001
19621.375001
19694.025001
19827.875001
19887.450001
19952.575001
20025.175001
20159.075001
20218.725001
20283.900001
20356.525001
20490.375001
20549.900001
20615.050001
20687.675001
20821.525001
20881.200001
20946.375001
21019.000001
21152.850001
21212.425001
21277.525001
21350.125001
21484.050001
21543.650001
21608.900001
21681.525001
21815.350001
21874.925001
21940.025001
22012.625001
22146.500001
22206.150001
22271.325001
22343.975001
22477.825001
22537.400001
22602.525001
22675.150001
22809.025001
22868.675001
22933.850001
23006.475001
23140.325001
23199.875001
23265.025001
23337.625001
23471.500001
23531.175001
23596.350001
23668.975001
23802.825001
23862.400001
23927.500001
24000.100001
24134.025001
24193.650001
24258.875001
24331.525001
24465.325001
24524.900001
24590.025001
24662.600001
24796.475001
24856.125001
24921.325001
24993.950001
25127.800001
25187.375001
25252.500001
25325.125001
25459.025001
25518.675001
25583.850001
25656.475001
25790.325001
25849.850001
25915.000001
25987.625001
26121.475001
26181.150001
26246.350001
26318.975001
26452.825001
26512.400001
26577.475001
26650.100001
26784.000001
26843.625001
26908.850001
26981.500001
27115.325001
27174.900001
27240.000001
27312.600001
27446.475001
27506.125001
27571.300001
27643.950001
27777.800001
27837.375001
27902.500001
27975.125001
28109.025001
28168.650001
28233.850001
28306.475001
28440.300001
28499.850001
28565.000001
28637.625001
28771.475001
28831.150001
28896.350001
28968.950001
29102.825001
29162.375001
29227.475001
29300.075001
29434.000001
29493.625001
29558.850001
29631.500001
29765.325001
29824.900001
29890.000001
29962.600001
30096.475001
30156.125001
30221.300001
30293.925001
30427.800001
30487.375001
30552.500001
30625.125001
30759.025001
30818.650001
30883.850001
30956.450001
31090.300001
31149.850001
31215.000001
31287.625001
31421.475001
31481.150001
31546.325001
31618.950001
31752.800001
31812.375001
31877.475001
31950.075001
32084.000001
32143.625001
32208.850001
32281.500001
32415.325001
32474.900001
32540.000001
32612.600001
32746.475001
32806.125001
32871.300001
32943.925001
33077.800001
33137.375001
33202.500001
33275.125001
33409.025001
33468.650001
33533.850001
33606.450001
33740.300001
33799.850001
33865.000001
33937.625001
34071.475001
34131.150001
34196.325001
34268.950001
34402.800001
34462.375001
34527.475001
34600.075001
34734.000001
34793.625001
34858.850001
34931.500001
35065.325001
35124.900001
35190.000001
35262.600001
35396.475001
35456.125001
35521.300001
35593.925001
35727.800001
35787.375001
35852.500001
35925.125001
36059.025001
36118.650001
36183.850001
36256.450001
36390.300001
36449.850000
36515.000000
36587.625000
36721.475000
36781.150000
36846.325000
36918.950000
37052.800000
37112.375000
37177.475000
37250.075000
37384.000000
37443.625000
37508.850000
37581.500000
37715.325000
37774.900000
37840.000000
37912.600000
38046.475000
38106.125000
38171.300000
38243.925000
38377.800000
38437.375000
38502.500000
38575.125000
38709.025000
38768.650000
38833.825000
38906.450000
39040.300000
39099.850000
39165.000000
39237.600000
39371.475000
39431.150000
39496.325000
39568.950000
39702.800000
39762.375000
39827.475000
39900.075000
40034.000000
40093.625000
40158.850000
40231.500000
40365.325000
40424.900000
40490.000000
40562.600000
40696.475000
40756.124999
40821.299999
40893.924999
41027.799999
41087.374999
41152.499999
41225.124999
41359.024999
41418.649999
41483.824999
41556.449999
41690.299999
41749.849999
41814.999999
41887.599999
42021.474999
42081.149999
42146.324999
42218.949999
42352.799999
42412.374999
42477.474999
42550.074999
42683.999999
42743.624999
42808.849999
42881.499999
43015.324999
43074.899999
43139.999999
43212.599999
43346.474999
43406.124999
43471.299999
43543.924999
43677.799999
43737.374999
43802.499999
43875.124999
44009.024999
44068.649999
44133.824999
44206.449999
44340.299999
44399.849999
44464.999999
44537.599999
44671.474999
44731.149999
44796.324999
44868.949999
45002.799998
45062.374998
45127.474998
45200.074998
45333.999998
45393.624998
45458.849998
45531.499998
45665.324998
45724.899998
45789.999998
45862.599998
45996.474998
46056.124998
46121.299998
46193.924998
46327.799998
46387.374998
46452.499998
46525.124998
46659.024998
46718.649998
46783.824998
46856.449998
46990.299998
47049.849998
47114.999998
47187.599998
47321.474998
47381.149998
47446.324998
47518.949998
47652.799998
47712.374998
47777.474998
47850.074998
47983.999998
48043.624998
48108.849998
48181.499998
48315.324998
48374.899998
48439.999998
48512.599998
48646.474998
48706.124998
48771.299998
48843.924998
48977.799998
49037.374998
49102.499998
49175.124998
49309.024997
49368.649997
49433.824997
49506.449997
49640.299997
49699.849997
49764.999997
49837.599997
49971.474997
50031.149997
50096.324997
50168.949997
50302.799997
50362.374997
50427.474997
50500.074997
50633.999997
50693.624997
50758.849997
50831.499997
50965.324997
51024.899997
51089.999997
51162.599997
51296.474997
51356.124997
51421.299997
51493.924997
51627.799997
51687.374997
51752.499997
51825.124997
51959.024997
52018.649997
52083.824997
52156.449997
52290.299997
52349.849997
52414.999997
52487.599997
52621.474997
52681.149997
52746.324997
52818.949997
52952.799997
53012.374997
53077.474997
53150.074997
53283.999997
53343.624997
53408.849997
53481.499997
53615.324996
53674.899996
53739.999996
53812.599996
53946.474996
54006.124996
54071.299996
54143.924996
54277.799996
54337.374996
54402.499996
54475.124996
54609.024996
54668.649996
54733.824996
54806.449996
54940.299996
54999.849996
55064.999996
55137.599996
55271.474996
55331.149996
55396.324996
55468.949996
55602.799996
55662.374996
55727.474996
55800.074996
55933.999996
55993.624996
56058.849996
56131.499996
56265.324996
56324.899996
56389.999996
56462.599996
56596.474996
56656.124996
56721.299996
56793.924996
56927.799996
56987.374996
57052.499996
57125.124996
57259.024996
57318.649996
57383.824996
57456.449996
57590.299996
57649.849996
57714.999996
57787.599996
57921.474995
57981.149995
58046.324995
58118.949995
58252.799995
58312.374995
58377.474995
58450.074995
58583.999995
58643.624995
58708.849995
58781.499995
58915.324995
58974.899995
59039.999995
59112.599995
59246.474995
59306.124995
59371.299995
59443.924995
59577.799995
59637.374995
59702.499995
59775.124995
59909.024995
59968.649995
60033.824995
60106.449995
60240.299995
60299.849995
60364.999995
60437.599995
60571.474995
60631.149995
60696.324995
60768.949995
60902.799995
60962.374995
61027.474995
61100.074995
61233.999995
61293.624995
61358.849995
61431.499995
61565.324995
61624.899995
61689.999995
61762.599995
61896.474995
61956.124995
62021.299995
62093.924995
62227.799994
62287.374994
62352.499994
62425.124994
62559.024994
62618.649994
62683.824994
62756.449994
62890.299994
62949.849994
63014.999994
63087.599994
63221.474994
63281.149994
63346.324994
63418.949994
63552.799994
63612.374994
63677.474994
63750.074994
63883.999994
63943.624994
64008.849994
64081.499994
64215.324994
64274.899994
64339.999994
64412.599994
64546.474994
64606.124994
64671.299994
64743.924994
64877.799994
64937.374994
65002.499994
65075.124994
65209.024994
65268.649994
65333.824994
65406.449994
65540.299994
65599.849994
65664.999994
65737.599994
65871.474994
65931.149994
65996.324994
66068.949994
66202.799994
66262.374994
66327.474994
66400.074994
66533.999993
66593.624993
66658.849993
66731.499993
66865.324993
66924.899993
66989.999993
67062.599993
67196.474993
67256.124993
67321.299993
67393.924993
67527.799993
67587.374993
67652.499993
67725.124993
67859.024993
67918.649993
67983.824993
68056.449993
68190.299993
68249.849993
68314.999993
68387.599993
68521.474993
68581.149993
68646.324993
68718.949993
68852.799993
68912.374993
68977.474993
69050.074993
69183.999993
69243.624993
69308.849993
69381.499993
69515.324993
69574.899993
69639.999993
69712.599993
69846.474993
69906.124993
69971.299993
70043.924993
70177.799993
70237.374993
70302.499993
70375.124993
70509.024993
70568.649993
70633.824993
70706.449993
70840.299992
70899.849992
70964.999992
71037.599992
71171.474992
71231.149992
71296.324992
71368.949992
71502.799992
71562.374992
71627.474992
71700.074992
71833.999992
71893.624992
71958.849992
72031.499992
72165.324992
72224.899992
72289.999992
72362.599992
72496.474992
72556.124992
72621.299992
72693.924992
72827.799992
72887.374992
72952.499992
73025.124992
73159.024992
73218.649992
73283.824992
73356.449992
73490.299992
73549.849992
73614.999992
73687.599992
73821.474992
73881.149992
73946.324992
74018.949992
74152.799992
74212.374992
74277.474992
74350.074992
74483.999992
74543.624992
74608.849992
74681.499992
74815.324992
74874.899992
74939.999992
75012.599992
75146.474991
75206.124991
75271.299991
75343.924991
75477.799991
75537.374991
75602.499991
75675.124991
75809.024991
75868.649991
75933.824991
76006.449991
76140.299991
76199.849991
76264.999991
76337.599991
76471.474991
76531.149991
76596.324991
76668.949991
76802.799991
76862.374991
76927.474991
77000.074991
77133.999991
77193.624991
77258.849991
77331.499991
77465.324991
77524.899991
77589.999991
77662.599991
77796.474991
77856.124991
77921.299991
77993.924991
78127.799991
78187.374991
78252.499991
78325.124991
78459.024991
78518.649991
78583.824991
78656.449991
78790.299991
78849.849991
78914.999991
78987.599991
79121.474991
79181.149991
79246.324991
79318.949991
79452.799990
79512.374990
79577.474990
79650.074990
79783.999990
79843.624990
79908.849990
79981.499990
80115.324990
80174.899990
80239.999990
80312.599990
80446.474990
80506.124990
80571.299990
80643.924990
80777.799990
80837.374990
80902.499990
80975.124990
81109.024990
81168.649990
81233.824990
81306.449990
81440.299990
81499.849990
81564.999990
81637.599990
81771.474990
81831.149990
81896.324990
81968.949990
82102.799990
82162.374990
82227.474990
82300.074990
82433.999990
82493.624990
82558.849990
82631.499990
82765.324990
82824.899990
82889.999990
82962.599990
83096.474990
83156.124990
83221.299990
83293.924990
83427.799990
83487.374990
83552.499990
83625.124990
83759.024989
83818.649989
83883.824989
83956.449989
84090.299989
84149.849989
84214.999989
84287.599989
84421.474989
84481.149989
84546.324989
84618.949989
84752.799989
84812.374989
84877.474989
84950.074989
