1.000000
3.000000
337.425000
417.400000
486.725000
549.025000
606.300000
658.675000
707.525000
753.375000
797.100000
839.525000
880.475000
920.525000
959.625000
998.100000
1035.900000
1073.400000
1109.700000
1145.900000
1181.475000
1216.950000
1251.625000
1285.850000
1319.525000
1352.850000
1385.950000
1419.050000
1451.550000
1484.000000
1515.975000
1547.375000
1579.175000
1609.675000
1640.625000
1670.775000
1701.300000
1730.575000
1760.375000
1790.350000
1819.325000
1848.225000
1876.625000
1905.550000
1934.225000
1962.550000
1990.450000
2018.200000
2045.850000
2073.500000
2100.925000
2127.825000
2154.225000
2180.500000
2207.300000
2233.575000
2259.400000
2285.800000
2311.750000
2337.225000
2363.300000
2388.775000
2413.725000
2438.800000
2463.650000
2487.650000
2512.700000
2536.200000
2561.050000
2585.450000
2608.600000
2633.525000
2658.075000
2681.500000
2706.875000
2730.475000
2754.250000
2779.225000
2802.750000
2826.425000
2851.375000
2874.950000
2898.625000
2923.575000
2947.175000
2970.850000
2995.800000
3019.400000
3043.100000
3068.050000
3091.650000
3115.350000
3140.300000
3163.800000
3187.525000
3212.500000
3236.025000
3259.750000
3284.700000
3308.250000
3331.975000
3356.950000
3380.500000
3404.275000
3429.250000
3452.750000
3476.425000
3501.375000
3524.950000
3548.650000
3573.575000
3597.175000
3620.850000
3645.800000
3669.400000
3693.100000
3718.050000
3741.650000
3765.350000
3790.300000
3813.800000
3837.525000
3862.500000
3886.025000
3909.750000
3934.700000
3958.250000
3981.975000
4006.950000
4030.500000
4054.275000
4079.250000
4102.750000
4126.425000
4151.375000
4174.950000
4198.650000
4223.575000
4247.175000
4270.850000
4295.800000
4319.400000
4343.100000
4368.050000
4391.650000
4415.350000
4440.300000
4463.800000
4487.525000
4512.500000
4536.025000
4559.750000
4584.700000
4608.250000
4631.975000
4656.950000
4680.500000
4704.275000
4729.250000
4752.750000
4776.425000
4801.375000
4824.950000
4848.650000
4873.575000
4897.175000
4920.850000
4945.800000
4969.400000
4993.100000
5018.050000
5041.650000
5065.350000
5090.300000
5113.850000
5137.850000
5163.450000
5187.600000
5213.150000
5237.775000
5263.650000
5288.925000
5313.850000
5340.250000
5365.275000
5391.525000
5418.025000
5443.375000
5469.625000
5496.925000
5523.725000
5551.250000
5578.350000
5606.200000
5634.550000
5662.425000
5690.325000
5718.325000
5746.925000
5775.000000
5803.925000
5833.000000
5862.525000
5891.600000
5920.875000
5951.300000
5980.675000
6011.425000
6041.800000
6073.400000
6104.175000
6135.800000
6167.950000
6199.925000
6231.975000
6264.475000
6297.625000
6330.950000
6364.925000
6398.800000
6433.500000
6468.575000
6504.025000
6540.100000
6576.125000
6613.175000
6650.950000
6688.750000
6727.125000
6766.500000
6806.450000
6846.925000
6888.125000
6930.325000
6973.425000
7017.600000
7062.725000
7108.850000
7156.825000
7206.150000
7257.475000
7310.850000
7367.000000
7426.525000
7491.200000
7563.700000
7642.925000
7723.775000
7806.850000
7892.200000
7979.750000
8069.125000
8160.300000
8253.425000
8347.950000
8443.225000
8538.875000
8634.875000
8731.100000
8827.475000
8924.100000
9020.900000
9117.925000
9215.100000
9312.550000
9410.200000
9508.150000
9606.325000
9704.700000
9803.250000
9902.050000
10000.975000
10100.000000
10199.100000
10298.350000
10397.675000
10497.050000
10596.475000
10695.925000
10795.375000
10894.850000
10994.300000
11093.775000
11193.250000
11292.750000
11392.250000
11491.775000
11591.275000
11690.775000
11790.275000
11889.775000
11989.250000
12088.725000
12188.200000
12287.700000
12387.175000
12486.700000
12586.225000
12685.750000
12785.300000
12884.825000
12984.350000
13083.875000
13183.375000
13282.875000
13382.375000
13481.900000
13581.400000
13680.950000
13780.475000
13880.000000
13979.550000
14079.050000
14178.525000
14278.000000
14377.475000
14476.950000
14576.425000
14675.925000
14775.425000
14874.950000
14974.475000
15074.025000
15173.525000
15273.050000
15372.550000
15472.050000
15571.525000
15671.050000
15770.575000
15870.100000
15969.625000
16069.175000
16168.700000
16268.250000
16367.775000
16467.275000
16566.750000
16666.225000
16765.700000
16865.175000
16964.650000
17064.175000
17163.675000
17263.200000
17362.725000
17462.250000
17561.725000
17661.225000
17760.725000
17860.225000
17959.725000
18059.250000
18158.775000
18258.300001
18357.850001
18457.425001
18556.950001
18656.475001
18755.975001
18855.475001
18954.950001
19054.450001
19153.950001
19253.425001
19352.950001
19452.450001
19551.950001
19651.475001
19750.975001
19850.475001
19949.950001
20049.425001
20148.925001
20248.425001
20347.950001
20447.475001
20547.000001
20646.550001
20746.100001
20845.625001
20945.150001
21044.650001
21144.150001
21243.650001
21343.150001
21442.650001
21542.175001
21641.700001
21741.200001
21840.725001
21940.225001
22039.725001
22139.200001
22238.675001
22338.150001
22437.650001
22537.125001
22636.650001
22736.175001
22835.700001
22935.250001
23034.800001
23134.300001
23233.825001
23333.325001
23432.825001
23532.350001
23631.850001
23731.375001
23830.900001
23930.425001
24029.950001
24129.500001
24229.000001
24328.475001
24427.950001
24527.425001
24626.900001
24726.375001
24825.875001
24925.400001
25024.900001
25124.425001
25223.975001
25323.475001
25423.000001
25522.500001
25622.000001
25721.475001
25821.000001
25920.525001
26020.050001
26119.575001
26219.125001
26318.675001
26418.200001
26517.725001
26617.225001
26716.700001
26816.175001
26915.650001
27015.125001
27114.625001
27214.125001
27313.625001
27413.150001
27512.700001
27612.200001
27711.675001
27811.175001
27910.675001
28010.175001
28109.675001
28209.200001
28308.725001
28408.275001
28507.800001
28607.375001
28706.900001
28806.425001
28905.925001
29005.425001
29104.900001
29204.400001
29303.900001
29403.400001
29502.900001
29602.400001
29701.925001
29801.425001
29900.925001
30000.425001
30099.900001
30199.375001
30298.875001
30398.375001
30497.900001
30597.425001
30696.950001
30796.500001
30896.050001
30995.575001
31095.100001
31194.600001
31294.100001
31393.600001
31493.100001
31592.600001
31692.125001
31791.650001
31891.150001
31990.675001
32090.175001
32189.675001
32289.150001
32388.625001
32488.100001
32587.600001
32687.100001
32786.600001
32886.125001
32985.650001
33085.200001
33184.750001
33284.250001
33383.775001
33483.275001
33582.775001
33682.300001
33781.800001
33881.325001
33980.850001
34080.375001
34179.925001
34279.450001
34378.950001
34478.425001
34577.900001
34677.375001
34776.850001
34876.325001
34975.825001
35075.350001
35174.850001
35274.375001
35373.925001
35473.425001
35572.950001
35672.450001
35771.950001
35871.425001
35970.950001
36070.475001
36170.000001
36269.550001
36369.075001
36468.625000
36568.150000
36667.675000
36767.175000
36866.650000
36966.125000
37065.600000
37165.075000
37264.575000
37364.075000
37463.575000
37563.125000
37662.650000
37762.150000
37861.650000
37961.125000
38060.625000
38160.125000
38259.650000
38359.150000
38458.700000
38558.225000
38657.775000
38757.325000
38856.850000
38956.375000
39055.875000
39155.375000
39254.850000
39354.350000
39453.850000
39553.350000
39652.850000
39752.350000
39851.875000
39951.375000
40050.875000
40150.375000
40249.850000
40349.325000
40448.825000
40548.325000
40647.850000
40747.374999
40846.924999
40946.449999
41045.999999
41145.524999
41245.049999
41344.549999
41444.049999
41543.549999
41643.049999
41742.574999
41842.099999
41941.599999
42041.124999
42140.624999
42240.124999
42339.624999
42439.099999
42538.574999
42638.049999
42737.549999
42837.049999
42936.549999
43036.074999
43135.624999
43235.174999
43334.699999
43434.224999
43533.724999
43633.224999
43732.724999
43832.249999
43931.749999
44031.274999
44130.799999
44230.324999
44329.874999
44429.399999
44528.899999
44628.374999
44727.849999
44827.299999
44926.799999
45026.274998
45125.774998
45225.299998
45324.799998
45424.324998
45523.874998
45623.374998
45722.899998
45822.399998
45921.899998
46021.374998
46120.899998
46220.424998
46319.949998
46419.499998
46519.024998
46618.574998
46718.099998
46817.624998
46917.124998
47016.599998
47116.074998
47215.549998
47315.024998
47414.524998
47514.024998
47613.549998
47713.074998
47812.599998
47912.099998
48011.599998
48111.099998
48210.574998
48310.099998
48409.599998
48509.099998
48608.649998
48708.174998
48807.724998
48907.274998
49006.824998
49106.324998
49205.824998
49305.324997
49404.799997
49504.299997
49603.799997
49703.299997
49802.799997
49902.299997
50001.824997
50101.324997
50200.824997
50300.324997
50399.799997
50499.274997
50598.774997
50698.274997
50797.799997
50897.349997
50996.874997
51096.424997
51195.949997
51295.474997
51394.999997
51494.499997
51593.999997
51693.499997
51793.024997
51892.524997
51992.049997
52091.549997
52191.074997
52290.599997
52390.074997
52489.574997
52589.049997
52688.524997
52787.999997
52887.499997
52986.999997
53086.524997
53186.024997
53285.574997
53385.124997
53484.649997
53584.174996
53683.674996
53783.174996
53882.674996
53982.199996
54081.699996
54181.224996
54280.749996
54380.274996
54479.824996
54579.349996
54678.849996
54778.324996
54877.799996
54977.249996
55076.749996
55176.224996
55275.724996
55375.249996
55474.749996
55574.274996
55673.824996
55773.324996
55872.849996
55972.349996
56071.849996
56171.349996
56270.849996
56370.374996
56469.924996
56569.449996
56668.974996
56768.524996
56868.074996
56967.574996
57067.074996
57166.549996
57266.024996
57365.499996
57464.974996
57564.474996
57663.974996
57763.499996
57863.024996
57962.549995
58062.049995
58161.549995
58261.049995
58360.524995
58460.049995
58559.549995
58659.074995
58758.599995
58858.124995
58957.674995
59057.249995
59156.774995
59256.274995
59355.774995
59455.274995
59554.749995
59654.249995
59753.749995
59853.249995
59952.749995
60052.249995
60151.774995
60251.274995
60350.774995
60450.274995
60549.749995
60649.224995
60748.724995
60848.224995
60947.749995
61047.299995
61146.824995
61246.374995
61345.924995
61445.449995
61544.949995
61644.474995
61743.949995
61843.474995
61942.974995
62042.474995
62141.999995
62241.499994
62341.024994
62440.549994
62540.024994
62639.524994
62738.999994
62838.474994
62937.949994
63037.449994
63136.949994
63236.474994
63335.999994
63435.524994
63535.074994
63634.599994
63734.124994
63833.624994
63933.124994
64032.624994
64132.149994
64231.649994
64331.174994
64430.699994
64530.224994
64629.774994
64729.299994
64828.799994
64928.274994
65027.749994
65127.199994
65226.699994
65326.174994
65425.674994
65525.199994
65624.724994
65724.249994
65823.774994
65923.299994
66022.799994
66122.299994
66221.799994
66321.299994
66420.799994
66520.324993
66619.874993
66719.399993
66818.949993
66918.499993
67018.024993
67117.524993
67217.024993
67316.499993
67415.974993
67515.449993
67614.924993
67714.424993
67813.924993
67913.449993
68012.974993
68112.499993
68211.999993
68311.499993
68410.999993
68510.474993
68609.999993
68709.499993
68809.024993
68908.549993
69008.099993
69107.649993
69207.199993
69306.724993
69406.224993
69505.724993
69605.224993
69704.699993
69804.199993
69903.699993
70003.199993
70102.699993
70202.199993
70301.724993
70401.224993
70500.724993
70600.224993
70699.699993
70799.174992
70898.674992
70998.174992
71097.724992
71197.249992
71296.774992
71396.324992
71495.874992
71595.399992
71694.924992
71794.424992
71893.899992
71993.424992
72092.924992
72192.424992
72291.949992
72391.449992
72490.974992
72590.499992
72689.974992
72789.449992
72888.949992
72988.399992
73087.899992
73187.399992
73286.899992
73386.424992
73485.949992
73585.474992
73685.024992
73784.549992
73884.074992
73983.574992
74083.074992
74182.574992
74282.099992
74381.599992
74481.124992
74580.649992
74680.199992
74779.724992
74879.249992
74978.749992
75078.224991
75177.699991
75277.149991
75376.649991
75476.124991
75575.624991
75675.149991
75774.674991
75874.199991
75973.724991
76073.249991
76172.749991
76272.249991
76371.749991
76471.249991
76570.774991
76670.274991
76769.824991
76869.349991
76968.899991
77068.449991
77167.974991
77267.474991
77366.974991
77466.449991
77565.899991
77665.399991
77764.874991
77864.374991
77963.874991
78063.399991
78162.924991
78262.449991
78361.949991
78461.449991
78560.924991
78660.424991
78759.949991
78859.449991
78958.974991
79058.499991
79158.049991
79257.599991
79357.149990
79456.674990
79556.174990
79655.674990
79755.174990
79854.674990
79954.149990
80053.649990
80153.149990
80252.649990
80352.149990
80451.674990
80551.174990
80650.674990
80750.174990
80849.649990
80949.124990
81048.624990
81148.149990
81247.674990
81347.199990
81446.724990
81546.274990
81645.824990
81745.349990
81844.874990
81944.374990
82043.849990
82143.374990
82242.874990
82342.374990
82441.899990
82541.399990
82640.924990
82740.449990
82839.924990
82939.399990
83038.874990
83138.349990
83237.849990
83337.349990
83436.849990
83536.374990
83635.899990
83735.424989
83834.974989
83934.499989
84034.024989
84133.524989
84233.024989
84332.524989
84432.049989
84531.549989
84631.074989
84730.624989
84830.149989
84929.674989
