10.000000
13.000000
363.775000
442.025000
510.075000
570.900000
625.925000
675.950000
722.100000
765.225000
806.825000
846.750000
885.650000
923.525000
960.300000
996.800000
1032.175000
1067.675000
1102.225000
1136.050000
1169.500000
1202.675000
1235.700000
1268.275000
1300.800000
1332.575000
1363.925000
1395.700000
1426.250000
1457.125000
1487.325000
1517.925000
1547.250000
1576.625000
1606.800000
1635.825000
1664.175000
1693.050000
1721.400000
1750.275000
1779.050000
1806.975000
1834.775000
1862.525000
1890.175000
1917.750000
1944.500000
1970.825000
1997.250000
2023.975000
2051.075000
2076.450000
2102.650000
2129.125000
2154.200000
2180.225000
2205.575000
2230.475000
2255.700000
2280.475000
2305.475000
2330.300000
2354.300000
2379.300000
2402.850000
2426.550000
2451.400000
2474.925000
2498.300000
2522.050000
2545.925000
2569.300000
2591.800000
2614.450000
2638.600000
2662.575000
2685.900000
2708.375000
2730.900000
2754.475000
2779.075000
2802.050000
2825.075000
2848.350000
2871.075000
2895.650000
2918.750000
2941.775000
2964.450000
2988.575000
3012.575000
3035.900000
3058.375000
3080.900000
3104.475000
3129.100000
3152.125000
3175.075000
3198.375000
3221.075000
3245.625000
3268.725000
3291.775000
3314.450000
3338.525000
3362.575000
3385.900000
3408.375000
3430.925000
3454.550000
3479.175000
3502.400000
3525.075000
3548.250000
3571.075000
3595.700000
3618.825000
3641.775000
3664.475000
3688.650000
3712.575000
3735.900000
3758.375000
3780.875000
3804.450000
3828.925000
3851.925000
3875.050000
3898.075000
3921.175000
3945.800000
3969.125000
3991.775000
4014.225000
4037.675000
4061.400000
4085.050000
4108.275000
4130.700000
4154.225000
4177.450000
4201.450000
4224.800000
4247.300000
4270.525000
4293.325000
4318.000000
4341.400000
4363.900000
4386.325000
4409.775000
4433.400000
4457.050000
4480.400000
4502.900000
4526.150000
4548.850000
4573.350000
4596.400000
4619.525000
4642.875000
4665.650000
4690.200000
4713.525000
4736.125000
4758.575000
4782.050000
4805.725000
4829.400000
4852.675000
4875.125000
4898.500000
4921.125000
4945.725000
4968.925000
4991.775000
5014.400000
5038.225000
5062.600000
5085.950000
5108.425000
5131.950000
5155.875000
5180.275000
5203.175000
5227.900000
5252.450000
5276.300000
5301.375000
5325.075000
5350.075000
5374.900000
5399.650000
5424.900000
5450.200000
5475.075000
5501.375000
5526.400000
5552.575000
5579.150000
5604.675000
5630.675000
5657.975000
5684.850000
5712.000000
5739.000000
5766.125000
5793.275000
5820.800000
5848.450000
5876.225000
5904.200000
5932.200000
5961.050000
5990.175000
6019.075000
6047.975000
6077.825000
6107.650000
6137.400000
6167.975000
6197.700000
6229.125000
6259.550000
6291.025000
6322.675000
6354.250000
6386.000000
6418.500000
6451.350000
6484.500000
6517.900000
6551.400000
6585.525000
6619.650000
6654.350000
6689.875000
6725.100000
6761.200000
6797.450000
6834.725000
6872.200000
6910.175000
6948.825000
6988.375000
7028.875000
7069.525000
7111.300000
7153.975000
7197.650000
7242.700000
7289.050000
7336.950000
7386.750000
7438.800000
7493.500000
7551.925000
7614.525000
7677.975000
7742.950000
7809.325000
7876.825000
7945.300000
8014.400000
8084.000000
8153.925000
8224.175000
8294.725000
8365.450000
8436.450000
8507.725000
8579.250000
8651.050000
8723.125000
8795.425000
8867.825000
8940.250000
9012.700000
9085.200000
9157.725000
9230.250000
9302.725000
9375.225000
9447.725000
9520.250000
9592.775000
9665.275000
9737.775000
9810.275000
9882.825000
9955.375000
10027.875000
10100.400000
10172.950000
10245.525000
10318.075000
10390.600000
10463.150000
10535.725000
10608.250000
10680.775000
10753.300000
10825.825000
10898.375000
10970.875000
11043.400000
11115.925000
11188.450000
11261.000000
11333.500000
11406.050000
11478.625000
11551.175000
11623.725000
11696.275000
11768.825000
11841.400000
11913.925000
11986.425000
12058.950000
12131.500000
12204.050000
12276.525000
12349.050000
12421.575000
12494.125000
12566.675000
12639.175000
12711.725000
12784.300000
12856.875000
12929.425000
13001.950000
13074.525000
13147.050000
13219.575000
13292.125000
13364.650000
13437.175000
13509.700000
13582.225000
13654.750000
13727.275000
13799.825000
13872.350000
13944.875000
14017.450000
14090.025000
14162.550000
14235.100000
14307.675000
14380.250000
14452.750000
14525.275000
14597.800000
14670.350000
14742.900000
14815.400000
14887.900000
14960.425000
15032.975000
15105.525000
15178.025000
15250.575000
15323.150000
15395.725000
15468.250000
15540.800000
15613.375000
15685.925000
15758.425000
15830.950000
15903.500000
15976.025000
16048.550000
16121.050000
16193.575000
16266.125000
16338.650000
16411.175000
16483.700000
16556.275000
16628.850000
16701.400000
16773.925000
16846.475000
16919.050000
16991.600000
17064.100000
17136.625000
17209.150000
17281.700000
17354.225000
17426.725000
17499.250000
17571.800000
17644.325000
17716.875000
17789.400000
17861.950000
17934.525000
18007.075000
18079.625000
18152.175000
18224.725000
18297.250001
18369.775001
18442.325001
18514.850001
18587.375001
18659.900001
18732.400001
18804.950001
18877.500001
18950.025001
19022.550001
19095.100001
19167.700001
19240.225001
19312.775001
19385.325001
19457.900001
19530.450001
19602.950001
19675.475001
19748.025001
19820.550001
19893.075001
19965.575001
20038.100001
20110.650001
20183.200001
20255.725001
20328.250001
20400.800001
20473.375001
20545.925001
20618.475001
20691.025001
20763.575001
20836.100001
20908.625001
20981.150001
21053.700001
21126.225001
21198.725001
21271.250001
21343.775001
21416.325001
21488.850001
21561.375001
21633.925001
21706.500001
21779.075001
21851.600001
21924.125001
21996.700001
22069.250001
22141.775001
22214.300001
22286.825001
22359.375001
22431.900001
22504.400001
22576.925001
22649.450001
22722.000001
22794.525001
22867.075001
22939.625001
23012.200001
23084.750001
23157.300001
23229.850001
23302.400001
23374.950001
23447.450001
23520.000001
23592.550001
23665.075001
23737.575001
23810.075001
23882.625001
23955.175001
24027.700001
24100.225001
24172.750001
24245.350001
24317.900001
24390.450001
24463.000001
24535.550001
24608.100001
24680.625001
24753.150001
24825.675001
24898.225001
24970.750001
25043.250001
25115.775001
25188.300001
25260.850001
25333.375001
25405.900001
25478.475001
25551.025001
25623.575001
25696.125001
25768.675001
25841.250001
25913.775001
25986.300001
26058.825001
26131.375001
26203.900001
26276.400001
26348.900001
26421.425001
26494.000001
26566.525001
26639.050001
26711.575001
26784.150001
26856.725001
26929.275001
27001.800001
27074.350001
27146.925001
27219.450001
27291.975001
27364.500001
27437.050001
27509.575001
27582.075001
27654.600001
27727.125001
27799.675001
27872.200001
27944.725001
28017.300001
28089.850001
28162.400001
28234.950001
28307.500001
28380.075001
28452.625001
28525.125001
28597.650001
28670.200001
28742.750001
28815.250001
28887.775001
28960.275001
29032.825001
29105.375001
29177.900001
29250.425001
29323.000001
29395.575001
29468.125001
29540.650001
29613.225001
29685.775001
29758.300001
29830.825001
29903.350001
29975.900001
30048.425001
30120.925001
30193.450001
30265.975001
30338.525001
30411.050001
30483.575001
30556.125001
30628.700001
30701.250001
30773.775001
30846.325001
30918.900001
30991.475001
31063.975001
31136.475001
31209.025001
31281.575001
31354.100001
31426.600001
31499.100001
31571.650001
31644.200001
31716.725001
31789.250001
31861.800001
31934.375001
32006.925001
32079.475001
32152.025001
32224.575001
32297.125001
32369.650001
32442.175001
32514.700001
32587.250001
32659.750001
32732.275001
32804.800001
32877.350001
32949.875001
33022.400001
33094.950001
33167.525001
33240.075001
33312.625001
33385.175001
33457.750001
33530.300001
33602.825001
33675.325001
33747.875001
33820.425001
33892.950001
33965.450001
34037.950001
34110.500001
34183.050001
34255.575001
34328.100001
34400.650001
34473.225001
34545.775001
34618.325001
34690.875001
34763.450001
34835.975001
34908.500001
34981.025001
35053.575001
35126.100001
35198.600001
35271.100001
35343.650001
35416.200001
35488.725001
35561.225001
35633.775001
35706.350001
35778.925001
35851.450001
35924.000001
35996.550001
36069.125001
36141.650001
36214.150001
36286.675001
36359.225001
36431.775000
36504.275000
36576.775000
36649.300000
36721.850000
36794.400000
36866.925000
36939.450000
37012.025000
37084.600000
37157.150000
37229.700000
37302.250000
37374.800000
37447.325000
37519.850000
37592.400000
37664.925000
37737.450000
37809.950000
37882.475000
37955.025000
38027.575000
38100.075000
38172.600000
38245.175000
38317.750000
38390.300000
38462.850000
38535.400000
38607.975000
38680.500000
38753.025000
38825.525000
38898.075000
38970.625000
39043.125000
39115.650000
39188.175000
39260.700000
39333.250000
39405.775000
39478.300000
39550.875000
39623.450000
39695.975000
39768.525000
39841.100000
39913.650000
39986.175000
40058.675000
40131.225000
40203.775000
40276.275000
40348.775000
40421.300000
40493.850000
40566.400000
40638.900000
40711.424999
40783.974999
40856.574999
40929.124999
41001.649999
41074.199999
41146.774999
41219.324999
41291.849999
41364.349999
41436.899999
41509.424999
41581.949999
41654.474999
41726.974999
41799.524999
41872.074999
41944.599999
42017.124999
42089.699999
42162.249999
42234.799999
42307.349999
42379.924999
42452.474999
42524.999999
42597.524999
42670.049999
42742.599999
42815.124999
42887.624999
42960.149999
43032.674999
43105.249999
43177.774999
43250.274999
43322.824999
43395.399999
43467.974999
43540.499999
43613.049999
43685.624999
43758.174999
43830.699999
43903.199999
43975.749999
44048.299999
44120.799999
44193.324999
44265.824999
44338.374999
44410.924999
44483.424999
44555.974999
44628.524999
44701.099999
44773.649999
44846.199999
44918.749999
44991.324999
45063.849998
45136.349998
45208.874998
45281.424998
45353.974998
45426.474998
45498.974998
45571.499998
45644.049998
45716.599998
45789.099998
45861.624998
45934.199998
46006.774998
46079.324998
46151.874998
46224.424998
46296.974998
46369.524998
46442.049998
46514.549998
46587.099998
46659.624998
46732.149998
46804.674998
46877.199998
46949.749998
47022.274998
47094.799998
47167.349998
47239.924998
47312.474998
47385.024998
47457.574998
47530.149998
47602.674998
47675.199998
47747.724998
47820.274998
47892.824998
47965.324998
48037.824998
48110.349998
48182.899998
48255.449998
48327.949998
48400.499998
48473.074998
48545.624998
48618.174998
48690.724998
48763.274998
48835.849998
48908.374998
48980.874998
49053.424998
49125.949998
49198.474998
49270.974998
49343.499997
49416.049997
49488.574997
49561.099997
49633.624997
49706.174997
49778.774997
49851.324997
49923.849997
49996.399997
50068.974997
50141.524997
50214.024997
50286.549997
50359.074997
50431.624997
50504.149997
50576.649997
50649.174997
50721.699997
50794.249997
50866.799997
50939.299997
51011.874997
51084.449997
51156.999997
51229.549997
51302.099997
51374.649997
51447.174997
51519.699997
51592.249997
51664.774997
51737.299997
51809.824997
51882.324997
51954.874997
52027.424997
52099.949997
52172.474997
52245.024997
52317.599997
52390.149997
52462.699997
52535.249997
52607.799997
52680.374997
52752.874997
52825.399997
52897.924997
52970.474997
53042.999997
53115.499997
53188.024997
53260.574997
53333.124997
53405.649997
53478.174997
53550.724997
53623.299996
53695.849996
53768.399996
53840.949996
53913.499996
53986.024996
54058.549996
54131.074996
54203.624996
54276.149996
54348.649996
54421.174996
54493.699996
54566.249996
54638.774996
54711.299996
54783.824996
54856.399996
54928.974996
55001.524996
55074.049996
55146.624996
55219.174996
55291.724996
55364.224996
55436.749996
55509.299996
55581.824996
55654.349996
55726.849996
55799.374996
55871.924996
55944.449996
56016.999996
56089.524996
56162.099996
56234.649996
56307.199996
56379.774996
56452.324996
56524.874996
56597.374996
56669.899996
56742.449996
56814.999996
56887.499996
56959.999996
57032.549996
57105.099996
57177.624996
57250.149996
57322.674996
57395.249996
57467.824996
57540.374996
57612.899996
57685.474996
57758.024996
57830.574996
57903.074995
57975.599995
58048.149995
58120.674995
58193.199995
58265.699995
58338.224995
58410.774995
58483.299995
58555.824995
58628.374995
58700.949995
58773.499995
58846.049995
58918.599995
58991.174995
59063.699995
59136.224995
59208.749995
59281.274995
59353.824995
59426.349995
59498.849995
59571.349995
59643.899995
59716.449995
59788.974995
59861.499995
59934.049995
60006.624995
60079.199995
60151.724995
60224.274995
60296.849995
60369.374995
60441.899995
60514.424995
60586.949995
60659.499995
60731.999995
60804.524995
60877.049995
60949.599995
61022.124995
61094.649995
61167.199995
61239.774995
61312.324995
61384.874995
61457.424995
61529.999995
61602.549995
61675.074995
61747.574995
61820.124995
61892.674995
61965.199995
62037.699995
62110.199995
62182.749994
62255.299994
62327.824994
62400.349994
62472.899994
62545.474994
62618.049994
62690.574994
62763.124994
62835.699994
62908.224994
62980.749994
63053.274994
63125.824994
63198.349994
63270.849994
63343.374994
63415.899994
63488.449994
63560.974994
63633.499994
63706.024994
63778.599994
63851.174994
63923.699994
63996.249994
64068.824994
64141.374994
64213.899994
64286.399994
64358.949994
64431.499994
64504.024994
64576.524994
64649.024994
64721.574994
64794.124994
64866.649994
64939.174994
65011.699994
65084.274994
65156.849994
65229.399994
65301.949994
65374.499994
65447.049994
65519.574994
65592.099994
65664.624994
65737.174994
65809.674994
65882.199994
65954.724994
66027.274994
66099.799994
66172.324994
66244.874994
66317.424994
66389.999994
66462.549994
66535.099993
66607.649993
66680.224993
66752.749993
66825.249993
66897.774993
66970.324993
67042.874993
67115.374993
67187.874993
67260.424993
67332.974993
67405.499993
67478.024993
67550.549993
67623.124993
67695.699993
67768.249993
67840.799993
67913.349993
67985.899993
68058.424993
68130.949993
68203.474993
68276.024993
68348.549993
68421.049993
68493.574993
68566.099993
68638.649993
68711.174993
68783.699993
68856.249993
68928.824993
69001.374993
69073.899993
69146.474993
69219.049993
69291.574993
69364.074993
69436.599993
69509.149993
69581.699993
69654.199993
69726.699993
69799.224993
69871.774993
69944.324993
70016.849993
70089.374993
70161.924993
70234.499993
70307.049993
70379.624993
70452.174993
70524.724993
70597.249993
70669.774993
70742.299993
70814.849992
70887.374992
70959.874992
71032.399992
71104.949992
71177.474992
71249.999992
71322.524992
71395.099992
71467.674992
71540.224992
71612.749992
71685.299992
71757.874992
71830.424992
71902.949992
71975.449992
72047.999992
72120.549992
72193.074992
72265.574992
72338.074992
72410.624992
72483.174992
72555.699992
72628.224992
72700.799992
72773.349992
72845.899992
72918.449992
72991.024992
73063.574992
73136.099992
73208.599992
73281.149992
73353.699992
73426.224992
73498.724992
73571.224992
73643.774992
73716.324992
73788.849992
73861.349992
73933.899992
74006.474992
74079.049992
74151.574992
74224.124992
74296.699992
74369.249992
74441.774992
74514.274992
74586.799992
74659.349992
74731.874992
74804.399992
74876.899992
74949.449992
75021.999992
75094.524991
75167.049991
75239.599991
75312.174991
75384.724991
75457.274991
75529.849991
75602.399991
75674.924991
75747.449991
75819.974991
75892.524991
75965.049991
76037.549991
76110.074991
76182.599991
76255.174991
76327.699991
76400.199991
76472.749991
76545.324991
76617.899991
76690.424991
76762.974991
76835.549991
76908.099991
76980.624991
77053.124991
77125.674991
77198.199991
77270.724991
77343.249991
77415.749991
77488.299991
77560.849991
77633.374991
77705.899991
77778.449991
77851.024991
77923.574991
77996.099991
78068.674991
78141.249991
78213.774991
78286.274991
78358.799991
78431.349991
78503.899991
78576.399991
78648.899991
78721.424991
78793.974991
78866.524991
78939.024991
79011.549991
79084.124991
79156.699991
79229.249991
79301.799991
79374.349990
79446.899990
79519.449990
79591.974990
79664.474990
79737.024990
79809.549990
79882.074990
79954.599990
80027.124990
80099.649990
80172.199990
80244.724990
80317.274990
80389.849990
80462.399990
80534.949990
80607.499990
80680.074990
80752.599990
80825.124990
80897.649990
80970.199990
81042.749990
81115.249990
81187.749990
81260.274990
81332.824990
81405.374990
81477.874990
81550.424990
81622.974990
81695.549990
81768.099990
81840.649990
81913.199990
81985.749990
82058.299990
82130.824990
82203.324990
82275.874990
82348.399990
82420.924990
82493.424990
82565.974990
82638.499990
82711.024990
82783.549990
82856.099990
82928.674990
83001.224990
83073.774990
83146.324990
83218.899990
83291.449990
83363.949990
83436.474990
83508.999990
83581.549990
83654.074989
83726.574989
83799.099989
83871.624989
83944.174989
84016.724989
84089.224989
84161.774989
84234.349989
84306.924989
84379.474989
84451.999989
84524.574989
84597.099989
84669.624989
84742.174989
84814.699989
84887.224989
84959.749989
