1.000000
8.000000
375.625000
453.825000
521.750000
582.250000
636.550000
686.100000
732.375000
776.275000
818.825000
859.775000
899.850000
938.850000
977.125000
1014.900000
1052.150000
1088.725000
1124.675000
1159.875000
1195.375000
1230.100000
1263.900000
1297.600000
1330.825000
1363.800000
1396.850000
1429.525000
1462.050000
1493.675000
1525.125000
1556.900000
1587.450000
1618.325000
1648.550000
1679.200000
1708.425000
1738.625000
1768.175000
1797.150000
1826.200000
1855.350000
1884.450000
1912.775000
1941.375000
1969.275000
1997.075000
2024.800000
2052.500000
2080.175000
2107.575000
2134.900000
2162.275000
2188.625000
2214.200000
2241.425000
2267.975000
2293.125000
2319.275000
2345.625000
2370.500000
2396.100000
2420.900000
2446.425000
2471.000000
2496.375000
2520.875000
2545.925000
2569.550000
2594.125000
2619.050000
2643.025000
2668.075000
2691.700000
2715.775000
2741.300000
2765.075000
2790.275000
2813.850000
2837.725000
2862.700000
2886.175000
2911.075000
2935.775000
2959.550000
2984.700000
3008.300000
3032.175000
3057.175000
3080.650000
3105.625000
3130.300000
3154.175000
3179.225000
3202.800000
3226.600000
3251.525000
3275.125000
3299.925000
3324.575000
3348.550000
3373.600000
3397.225000
3421.000000
3445.950000
3469.550000
3494.350000
3519.025000
3543.025000
3568.075000
3591.700000
3615.675000
3641.100000
3665.125000
3690.275000
3713.850000
3737.750000
3762.725000
3786.200000
3811.125000
3835.775000
3859.575000
3884.700000
3908.300000
3932.200000
3957.175000
3980.650000
4005.625000
4030.300000
4054.175000
4079.225000
4102.800000
4126.600000
4151.525000
4175.125000
4199.925000
4224.600000
4248.550000
4273.600000
4297.225000
4321.000000
4345.950000
4369.550000
4394.350000
4419.025000
4443.025000
4468.075000
4491.700000
4515.700000
4541.100000
4565.125000
4590.275000
4613.850000
4637.750000
4662.725000
4686.200000
4711.100000
4735.775000
4759.575000
4784.700000
4808.300000
4832.200000
4857.175000
4880.650000
4905.625000
4930.300000
4954.175000
4979.225000
5002.800000
5026.600000
5051.525000
5075.125000
5099.925000
5124.775000
5148.700000
5173.875000
5198.575000
5223.875000
5248.675000
5274.675000
5300.150000
5325.125000
5351.500000
5377.000000
5403.025000
5430.250000
5456.975000
5483.425000
5509.750000
5536.175000
5563.675000
5591.375000
5619.025000
5646.925000
5674.775000
5702.650000
5730.500000
5758.425000
5787.175000
5816.250000
5845.750000
5874.800000
5904.100000
5934.275000
5963.775000
5994.150000
6024.675000
6055.425000
6085.950000
6117.775000
6148.575000
6180.350000
6212.525000
6244.800000
6277.425000
6310.125000
6343.175000
6376.475000
6410.500000
6445.400000
6480.150000
6515.050000
6550.875000
6586.275000
6623.100000
6659.650000
6696.950000
6734.800000
6773.300000
6812.325000
6851.825000
6891.950000
6933.000000
6974.725000
7017.650000
7061.150000
7105.775000
7151.600000
7198.625000
7247.300000
7297.875000
7350.900000
7406.575000
7465.625000
7529.725000
7601.425000
7674.200000
7748.575000
7824.150000
7900.600000
7977.675000
8055.325000
8133.525000
8212.225000
8291.400000
8371.100000
8451.425000
8532.250000
8613.475000
8694.950000
8776.550000
8858.375000
8940.400000
9022.775000
9105.625000
9188.875000
9272.450000
9356.175000
9439.975000
9523.775000
9607.625000
9691.475000
9775.275000
9859.100000
9942.950000
10026.725000
10110.550000
10194.400000
10278.200000
10362.050000
10445.925000
10529.800000
10613.650000
10697.475000
10781.300000
10865.125000
10948.925000
11032.750000
11116.600000
11200.425000
11284.275000
11368.150000
11451.975000
11535.850000
11619.675000
11703.500000
11787.325000
11871.150000
11954.975000
12038.800000
12122.625000
12206.500000
12290.350000
12374.200000
12458.075000
12541.900000
12625.725000
12709.550000
12793.375000
12877.175000
12961.000000
13044.850000
13128.700000
13212.550000
13296.425000
13380.300000
13464.100000
13547.925000
13631.775000
13715.575000
13799.375000
13883.225000
13967.050000
14050.900000
14134.775000
14218.625000
14302.475000
14386.300000
14470.150000
14554.000000
14637.775000
14721.600000
14805.450000
14889.250000
14973.125000
15057.000000
15140.850000
15224.700000
15308.525000
15392.375000
15476.200000
15560.000000
15643.825000
15727.650000
15811.475000
15895.325000
15979.200000
16063.050000
16146.925000
16230.750000
16314.575000
16398.400000
16482.225000
16566.025000
16649.875000
16733.700000
16817.550000
16901.400000
16985.250000
17069.125000
17152.950000
17236.775000
17320.625000
17404.425000
17488.250000
17572.075000
17655.925000
17739.750000
17823.625000
17907.475000
17991.350000
18075.175000
18159.000000
18242.850001
18326.625001
18410.450001
18494.300001
18578.125001
18661.950001
18745.825001
18829.700001
18913.550001
18997.375001
19081.225001
19165.050001
19248.850001
19332.675001
19416.525001
19500.325001
19584.175001
19668.050001
19751.900001
19835.750001
19919.600001
20003.425001
20087.250001
20171.050001
20254.900001
20338.725001
20422.550001
20506.400001
20590.250001
20674.100001
20757.975001
20841.825001
20925.625001
21009.475001
21093.275001
21177.100001
21260.925001
21344.750001
21428.600001
21512.475001
21596.325001
21680.200001
21764.025001
21847.850001
21931.700001
22015.475001
22099.300001
22183.150001
22266.975001
22350.825001
22434.675001
22518.550001
22602.400001
22686.225001
22770.050001
22853.900001
22937.700001
23021.525001
23105.375001
23189.175001
23273.025001
23356.900001
23440.750001
23524.600001
23608.450001
23692.275001
23776.100001
23859.925001
23943.750001
24027.575001
24111.375001
24195.250001
24279.125001
24362.950001
24446.825001
24530.675001
24614.475001
24698.325001
24782.150001
24865.950001
24949.775001
25033.600001
25117.475001
25201.325001
25285.175001
25369.050001
25452.875001
25536.675001
25620.525001
25704.350001
25788.150001
25872.000001
25955.825001
26039.675001
26123.525001
26207.400001
26291.250001
26375.075001
26458.900001
26542.750001
26626.550001
26710.375001
26794.225001
26878.025001
26961.875001
27045.750001
27129.600001
27213.450001
27297.300001
27381.125001
27464.950001
27548.775001
27632.600001
27716.425001
27800.250001
27884.100001
27967.975001
28051.800001
28135.675001
28219.525001
28303.325001
28387.175001
28470.975001
28554.800001
28638.625001
28722.450001
28806.325001
28890.175001
28974.025001
29057.875001
29141.725001
29225.550001
29309.400001
29393.200001
29477.000001
29560.850001
29644.675001
29728.525001
29812.375001
29896.225001
29980.100001
30063.925001
30147.750001
30231.600001
30315.400001
30399.225001
30483.075001
30566.900001
30650.725001
30734.600001
30818.450001
30902.300001
30986.150001
31069.975001
31153.825001
31237.625001
31321.450001
31405.300001
31489.100001
31572.950001
31656.825001
31740.675001
31824.525001
31908.375001
31992.200001
32076.025001
32159.850001
32243.675001
32327.500001
32411.300001
32495.175001
32579.050001
32662.875001
32746.750001
32830.600001
32914.400001
32998.250001
33082.075001
33165.875001
33249.700001
33333.525001
33417.375001
33501.250001
33585.100001
33668.950001
33752.800001
33836.600001
33920.450001
34004.275001
34088.075001
34171.925001
34255.750001
34339.575001
34423.450001
34507.325001
34591.175001
34675.000001
34758.825001
34842.675001
34926.475001
35010.300001
35094.150001
35177.950001
35261.800001
35345.675001
35429.525001
35513.375001
35597.225001
35681.050001
35764.875001
35848.700001
35932.525001
36016.350001
36100.175001
36184.025001
36267.900001
36351.725001
36435.600000
36519.450000
36603.250000
36687.100000
36770.925000
36854.725000
36938.575000
37022.400000
37106.250000
37190.100000
37273.950000
37357.800000
37441.675000
37525.475000
37609.325000
37693.150000
37776.950000
37860.775000
37944.600000
38028.450000
38112.300000
38196.150000
38280.025000
38363.875000
38447.700000
38531.550000
38615.350000
38699.150000
38783.000000
38866.825000
38950.650000
39034.525000
39118.375000
39202.225000
39286.075000
39369.900000
39453.750000
39537.550000
39621.375000
39705.225000
39789.025000
39872.875000
39956.750000
40040.600000
40124.450000
40208.300000
40292.125000
40375.950000
40459.775000
40543.600000
40627.425000
40711.249999
40795.099999
40878.974999
40962.799999
41046.674999
41130.524999
41214.324999
41298.174999
41381.999999
41465.799999
41549.624999
41633.449999
41717.299999
41801.174999
41885.024999
41968.899999
42052.724999
42136.549999
42220.399999
42304.224999
42388.024999
42471.849999
42555.699999
42639.499999
42723.374999
42807.249999
42891.099999
42974.949999
43058.774999
43142.624999
43226.424999
43310.224999
43394.074999
43477.899999
43561.724999
43645.599999
43729.449999
43813.299999
43897.149999
43980.999999
44064.824999
44148.624999
44232.449999
44316.274999
44400.099999
44483.949999
44567.824999
44651.674999
44735.524999
44819.374999
44903.199999
44987.024999
45070.849998
45154.674998
45238.499998
45322.324998
45406.174998
45490.024998
45573.874998
45657.749998
45741.599998
45825.424998
45909.249998
45993.074998
46076.874998
46160.699998
46244.549998
46328.374998
46412.249998
46496.099998
46579.949998
46663.799998
46747.624998
46831.474998
46915.274998
46999.074998
47082.924998
47166.749998
47250.574998
47334.449998
47418.324998
47502.149998
47586.024998
47669.849998
47753.674998
47837.499998
47921.299998
48005.149998
48088.974998
48172.799998
48256.674998
48340.524998
48424.374998
48508.224998
48592.074998
48675.874998
48759.724998
48843.524998
48927.349998
49011.174998
49095.024998
49178.899998
49262.749998
49346.599997
49430.449997
49514.274997
49598.099997
49681.949997
49765.724997
49849.549997
49933.399997
50017.249997
50101.099997
50184.949997
50268.824997
50352.674997
50436.474997
50520.324997
50604.149997
50687.949997
50771.774997
50855.624997
50939.449997
51023.299997
51107.174997
51191.024997
51274.874997
51358.699997
51442.549997
51526.349997
51610.174997
51693.999997
51777.824997
51861.649997
51945.524997
52029.399997
52113.224997
52197.099997
52280.924997
52364.749997
52448.574997
52532.374997
52616.224997
52700.049997
52783.874997
52867.749997
52951.599997
53035.449997
53119.324997
53203.124997
53286.949997
53370.774997
53454.599997
53538.424997
53622.249996
53706.099996
53789.949996
53873.799996
53957.674996
54041.524996
54125.349996
54209.174996
54293.024996
54376.799996
54460.624996
54544.474996
54628.299996
54712.174996
54796.024996
54879.899996
54963.724996
55047.549996
55131.399996
55215.224996
55299.024996
55382.849996
55466.699996
55550.524996
55634.374996
55718.249996
55802.099996
55885.949996
55969.774996
56053.599996
56137.424996
56221.224996
56305.074996
56388.899996
56472.724996
56556.599996
56640.449996
56724.299996
56808.174996
56891.999996
56975.824996
57059.649996
57143.474996
57227.274996
57311.099996
57394.949996
57478.824996
57562.674996
57646.524996
57730.399996
57814.199996
57898.024995
57981.874995
58065.674995
58149.474995
58233.324995
58317.174995
58401.024995
58484.874995
58568.749995
58652.599995
58736.399995
58820.249995
58904.074995
58987.874995
59071.699995
59155.549995
59239.374995
59323.224995
59407.099995
59490.949995
59574.799995
59658.624995
59742.474995
59826.299995
59910.099995
59993.924995
60077.749995
60161.574995
60245.449995
60329.324995
60413.149995
60497.024995
60580.849995
60664.674995
60748.499995
60832.324995
60916.149995
60999.974995
61083.799995
61167.674995
61251.524995
61335.374995
61419.249995
61503.049995
61586.874995
61670.724995
61754.524995
61838.349995
61922.174995
62006.024995
62089.874995
62173.724994
62257.599994
62341.449994
62425.274994
62509.099994
62592.949994
62676.724994
62760.549994
62844.399994
62928.224994
63012.074994
63095.949994
63179.799994
63263.649994
63347.474994
63431.324994
63515.149994
63598.949994
63682.774994
63766.624994
63850.449994
63934.299994
64018.174994
64101.999994
64185.874994
64269.699994
64353.524994
64437.349994
64521.174994
64604.999994
64688.824994
64772.649994
64856.524994
64940.374994
65024.224994
65108.099994
65191.924994
65275.749994
65359.574994
65443.399994
65527.199994
65611.024994
65694.874994
65778.724994
65862.574994
65946.449994
66030.324994
66114.124994
66197.949994
66281.799994
66365.599994
66449.399994
66533.249993
66617.074993
66700.924993
66784.799993
66868.674993
66952.524993
67036.324993
67120.174993
67203.999993
67287.799993
67371.624993
67455.474993
67539.299993
67623.149993
67707.024993
67790.874993
67874.724993
67958.549993
68042.399993
68126.224993
68210.024993
68293.849993
68377.674993
68461.499993
68545.374993
68629.224993
68713.074993
68796.949993
68880.774993
68964.599993
69048.424993
69132.249993
69216.049993
69299.899993
69383.724993
69467.574993
69551.424993
69635.299993
69719.174993
69802.974993
69886.799993
69970.649993
70054.449993
70138.274993
70222.099993
70305.949993
70389.774993
70473.649993
70557.499993
70641.374993
70725.199993
70809.024992
70892.874992
70976.649992
71060.474992
71144.324992
71228.149992
71311.999992
71395.849992
71479.724992
71563.574992
71647.399992
71731.249992
71815.074992
71898.874992
71982.699992
72066.549992
72150.349992
72234.199992
72318.074992
72401.924992
72485.774992
72569.624992
72653.449992
72737.274992
72821.074992
72904.924992
72988.749992
73072.574992
73156.424992
73240.274992
73324.124992
73407.999992
73491.849992
73575.649992
73659.499992
73743.299992
73827.124992
73910.949992
73994.774992
74078.624992
74162.499992
74246.349992
74330.224992
74414.049992
74497.874992
74581.724992
74665.499992
74749.324992
74833.174992
74916.999992
75000.849992
75084.724991
75168.574991
75252.424991
75336.249991
75420.099991
75503.924991
75587.724991
75671.549991
75755.399991
75839.199991
75923.049991
76006.924991
76090.774991
76174.624991
76258.474991
76342.299991
76426.124991
76509.949991
76593.774991
76677.599991
76761.399991
76845.274991
76929.149991
77012.999991
77096.849991
77180.699991
77264.499991
77348.349991
77432.149991
77515.974991
77599.799991
77683.624991
77767.499991
77851.349991
77935.199991
78019.074991
78102.899991
78186.699991
78270.549991
78354.374991
78438.174991
78522.024991
78605.849991
78689.699991
78773.549991
78857.424991
78941.274991
79025.099991
79108.924991
79192.774991
79276.574991
79360.399990
79444.249990
79528.049990
79611.899990
79695.774990
79779.624990
79863.474990
79947.324990
80031.149990
80114.974990
80198.774990
80282.624990
80366.449990
80450.274990
80534.124990
80617.999990
80701.824990
80785.699990
80869.549990
80953.349990
81037.199990
81120.999990
81204.824990
81288.649990
81372.474990
81456.349990
81540.199990
81624.049990
81707.924990
81791.749990
81875.574990
81959.424990
82043.224990
82127.024990
82210.874990
82294.699990
82378.549990
82462.399990
82546.249990
82630.124990
82713.949990
82797.774990
82881.624990
82965.424990
83049.249990
83133.074990
83216.924990
83300.749990
83384.624990
83468.474990
83552.324990
83636.174990
83719.999989
83803.849989
83887.649989
83971.474989
84055.324989
84139.124989
84222.974989
84306.849989
84390.699989
84474.549989
84558.399989
84642.224989
84726.049989
84809.874989
84893.674989
84977.524989
