100.000000
17.000000
564.425000
626.375000
681.400000
732.350000
780.550000
827.000000
872.175000
916.175000
959.150000
1001.500000
1042.800000
1083.725000
1124.050000
1163.625000
1202.675000
1241.450000
1280.000000
1318.050000
1355.475000
1392.500000
1429.750000
1466.300000
1502.400000
1538.025000
1573.675000
1608.250000
1642.950000
1677.625000
1712.250000
1746.025000
1780.075000
1813.575000
1846.925000
1880.150000
1913.300000
1945.975000
1978.925000
2010.800000
2042.625000
2074.650000
2106.725000
2137.375000
2168.950000
2199.975000
2230.375000
2261.075000
2291.450000
2321.000000
2351.450000
2380.550000
2410.775000
2440.575000
2469.400000
2498.500000
2527.850000
2556.975000
2585.775000
2613.850000
2642.850000
2671.100000
2701.075000
2730.075000
2758.250000
2787.000000
2816.500000
2845.700000
2874.575000
2902.775000
2931.625000
2960.575000
2990.225000
3019.075000
3047.225000
3076.125000
3105.250000
3134.600000
3163.450000
3191.700000
3220.600000
3248.850000
3278.925000
3307.775000
3336.025000
3364.800000
3393.950000
3423.525000
3452.400000
3480.500000
3509.375000
3538.425000
3567.950000
3596.825000
3625.000000
3654.000000
3682.825000
3712.425000
3741.350000
3769.425000
3798.350000
3826.600000
3856.450000
3885.625000
3913.825000
3942.825000
3971.025000
4000.950000
4030.100000
4058.250000
4087.025000
4116.500000
4145.700000
4174.575000
4202.775000
4231.625000
4260.575000
4290.225000
4319.075000
4347.225000
4376.125000
4405.250000
4434.600000
4463.450000
4491.700000
4520.600000
4548.850000
4578.925000
4607.775000
4636.025000
4664.800000
4693.950000
4723.525000
4752.400000
4780.500000
4809.375000
4838.425000
4867.950000
4896.825000
4925.000000
4954.000000
4982.825000
5012.425000
5041.350000
5069.425000
5098.350000
5127.600000
5157.000000
5185.925000
5215.200000
5245.625000
5274.850000
5305.075000
5335.700000
5365.700000
5396.825000
5427.525000
5458.125000
5489.850000
5520.650000
5552.400000
5584.525000
5615.875000
5648.050000
5680.350000
5713.275000
5746.050000
5779.225000
5812.450000
5845.775000
5879.575000
5913.475000
5947.200000
5981.550000
6016.475000
6051.350000
6086.000000
6121.350000
6157.700000
6193.800000
6230.325000
6267.650000
6304.400000
6341.675000
6379.925000
6418.350000
6457.100000
6496.175000
6535.750000
6575.750000
6616.600000
6657.775000
6699.550000
6741.725000
6784.800000
6828.725000
6873.325000
6918.675000
6964.800000
7012.275000
7060.475000
7109.975000
7160.975000
7213.650000
7268.550000
7325.850000
7386.500000
7452.050000
7525.775000
