100.000000
16.000000
559.875000
622.400000
677.800000
729.325000
778.000000
824.775000
870.175000
914.350000
957.850000
1000.550000
1042.225000
1083.325000
1123.725000
1163.550000
1202.700000
1241.550000
1280.150000
1318.250000
1355.900000
1392.875000
1430.050000
1466.675000
1502.575000
1538.500000
1574.250000
1609.400000
1644.400000
1679.175000
1713.475000
1747.175000
1780.575000
1813.825000
1847.075000
1880.250000
1913.400000
1946.100000
1979.025000
2010.925000
2042.700000
2074.675000
2106.725000
2137.400000
2169.000000
2200.000000
2230.375000
2261.125000
2291.475000
2321.075000
2351.500000
2380.600000
2410.875000
2440.575000
2469.400000
2498.500000
2527.850000
2557.000000
2585.775000
2613.850000
2642.850000
2671.100000
2701.075000
2730.075000
2758.250000
2787.000000
2816.500000
2845.700000
2874.575000
2902.775000
2931.625000
2960.550000
2990.225000
3019.075000
3047.225000
3076.125000
3105.250000
3134.600000
3163.450000
3191.700000
3220.600000
3248.850000
3278.900000
3307.775000
3336.025000
3364.800000
3393.975000
3423.525000
3452.400000
3480.500000
3509.375000
3538.425000
3567.950000
3596.825000
3625.000000
3654.000000
3682.825000
3712.425000
3741.350000
3769.425000
3798.350000
3826.600000
3856.450000
3885.625000
3913.825000
3942.825000
3971.025000
4000.950000
4030.100000
4058.250000
4087.025000
4116.500000
4145.700000
4174.550000
4202.775000
4231.625000
4260.550000
4290.225000
4319.075000
4347.225000
4376.125000
4405.250000
4434.600000
4463.450000
4491.700000
4520.600000
4548.850000
4578.900000
4607.775000
4636.025000
4664.800000
4693.975000
4723.525000
4752.400000
4780.500000
4809.375000
4838.425000
4867.950000
4896.825000
4925.000000
4954.000000
4982.800000
5012.425000
5041.350000
5069.425000
5098.350000
5127.600000
5157.000000
5185.925000
5215.200000
5245.650000
5274.850000
5305.150000
5335.700000
5365.775000
5396.875000
5427.600000
5458.125000
5489.925000
5520.650000
5552.400000
5584.550000
5616.150000
5648.250000
5680.375000
5713.325000
5746.200000
5779.450000
5812.625000
5845.950000
5880.000000
5913.675000
5947.450000
5981.800000
6016.675000
6051.525000
6086.150000
6122.000000
6157.925000
6194.250000
6230.400000
6267.800000
6304.900000
6342.650000
6380.450000
6419.050000
6457.950000
6497.075000
6536.575000
6576.675000
6617.850000
6658.725000
6701.075000
6743.275000
6786.225000
6830.275000
6874.875000
6920.450000
6967.350000
7014.925000
7063.700000
7113.750000
7165.325000
7219.000000
7274.825000
7333.450000
7396.025000
7464.375000
7545.325000
