2.000000
7.000000
664.675000
711.850000
753.650000
792.150000
827.325000
860.400000
891.525000
920.625000
949.125000
976.075000
1002.425000
1028.450000
1053.575000
1078.475000
1102.475000
1125.900000
1149.475000
1172.875000
1195.450000
1217.825000
1240.000000
1262.025000
1284.150000
1306.275000
1328.425000
1350.475000
1371.800000
1392.625000
1413.625000
1434.325000
1455.175000
1475.775000
1496.625000
1517.375000
1538.000000
1558.150000
1578.525000
1598.175000
1617.875000
1637.425000
1657.250000
1677.175000
1696.700000
1716.275000
1735.525000
1755.000000
1774.375000
1793.725000
1813.000000
1831.575000
1850.700000
1869.450000
1888.225000
1906.500000
1925.500000
1943.975000
1962.000000
1980.125000
1998.050000
2016.375000
2034.150000
2052.225000
2070.175000
2088.275000
2106.275000
2123.450000
2141.125000
2159.000000
2175.925000
2192.875000
2210.475000
2228.400000
2245.250000
2262.100000
2278.800000
2295.375000
2312.075000
2328.700000
2345.300000
2361.975000
2378.625000
2395.225000
2411.900000
2428.550000
2445.175000
2461.850000
2478.500000
2495.125000
2511.800000
2528.450000
2545.075000
2561.025000
2576.100000
2592.350000
2607.925000
2623.250000
2639.600000
2656.100000
2672.000000
2687.125000
2703.475000
2719.075000
2734.400000
2750.675000
2767.275000
2783.000000
2798.175000
2814.525000
2830.125000
2845.450000
2861.825000
2878.425000
2894.225000
2909.350000
2925.650000
2941.300000
2956.600000
2972.900000
2988.825000
3003.925000
3020.125000
3035.675000
3051.000000
3067.350000
3083.575000
3099.525000
3114.825000
3130.575000
3146.525000
3162.050000
3178.475000
3195.025000
3210.775000
3225.950000
3242.325000
3257.900000
3273.225000
3289.600000
3305.875000
3321.825000
3337.075000
3353.450000
3369.050000
3384.375000
3400.675000
3417.275000
3433.000000
3448.175000
3464.525000
3480.125000
3495.450000
3511.825000
3528.425000
3544.225000
3559.350000
3575.650000
3591.300000
3606.600000
3622.900000
3638.825000
3653.925000
3670.125000
3685.675000
3701.000000
3717.350000
3733.575000
3749.525000
3764.825000
3780.575000
3796.525000
3812.050000
3828.475000
3845.025000
3860.775000
3875.950000
3892.325000
3907.900000
3923.225000
3939.600000
3955.875000
3971.825000
3987.075000
4003.450000
4019.050000
4034.375000
4050.675000
4067.275000
4083.000000
4098.175000
4114.525000
4130.125000
4145.450000
4161.825000
4178.425000
4194.225000
4209.350000
4225.650000
4241.300000
4256.600000
4272.900000
4288.825000
4303.925000
4320.125000
4335.675000
4351.000000
4367.350000
4383.575000
4399.525000
4414.825000
4430.575000
4446.525000
4462.050000
4478.475000
4495.025000
4510.775000
4525.950000
4542.325000
4557.900000
4573.225000
4589.600000
4605.875000
4621.825000
4637.075000
4653.450000
4669.050000
4684.375000
4700.675000
4717.275000
4733.000000
4748.175000
4764.525000
4780.125000
4795.450000
4811.825000
4828.425000
4844.225000
4859.350000
4875.650000
4891.300000
4906.600000
4922.900000
4938.825000
4953.925000
4970.125000
4985.675000
5001.000000
5017.350000
5033.575000
5049.525000
5064.825000
5080.575000
5096.525000
5112.075000
5128.500000
5145.075000
5161.750000
5178.450000
5195.100000
5211.800000
5228.500000
5245.125000
5261.850000
5278.550000
5295.200000
5311.900000
5328.600000
5345.250000
5361.975000
5378.700000
5395.325000
5412.100000
5428.825000
5445.450000
5462.300000
5479.800000
5496.950000
5514.575000
5531.575000
5549.375000
5567.325000
5584.600000
5602.275000
5620.175000
5638.300000
5656.325000
5674.450000
5692.450000
5710.700000
5728.675000
5746.875000
5764.850000
5783.975000
5802.325000
5820.475000
5839.600000
5858.150000
5877.175000
5895.725000
5914.700000
5934.075000
5953.525000
5972.950000
5992.425000
6011.950000
6031.425000
6050.900000
6070.375000
6090.050000
6109.975000
6130.025000
6150.650000
6170.450000
6191.075000
6211.825000
6232.650000
6253.525000
6274.425000
6295.275000
6316.450000
6337.125000
6358.825000
6380.075000
6401.925000
6423.300000
6445.200000
6467.375000
6489.625000
6511.900000
6534.200000
6556.550000
6579.050000
6602.050000
6625.175000
6648.050000
6671.575000
6695.175000
6718.875000
6742.550000
6767.025000
6791.175000
6815.850000
6840.775000
6865.850000
6891.050000
6916.375000
6942.175000
6967.775000
6993.900000
7020.250000
7046.900000
7074.125000
7101.500000
7129.150000
7157.425000
7185.925000
7214.850000
7244.625000
7274.700000
7305.600000
7337.125000
7369.900000
7403.650000
7438.750000
7475.750000
7515.375000
7559.275000
7613.225000
