200.000000
0.000000
612.025000
656.525000
695.225000
730.500000
763.325000
795.025000
825.525000
854.875000
883.875000
911.875000
939.575000
967.125000
993.825000
1020.200000
1046.525000
1072.750000
1098.075000
1123.300000
1148.150000
1173.025000
1197.900000
1222.800000
1247.500000
1271.600000
1295.375000
1319.300000
1342.550000
1366.225000
1389.625000
1413.125000
1436.675000
1459.275000
1482.450000
1505.050000
1528.275000
1550.650000
1572.950000
1595.175000
1617.375000
1639.575000
1661.750000
1683.900000
1706.000000
1727.325000
1748.200000
1769.975000
1791.075000
1811.975000
1832.950000
1853.575000
1874.425000
1895.150000
1916.025000
1936.750000
1957.475000
1978.350000
1998.050000
2018.650000
2038.600000
2058.650000
2078.475000
2098.000000
2117.525000
2136.950000
2156.375000
2175.725000
2195.150000
2214.600000
2234.025000
2253.425000
2272.825000
2292.225000
2311.650000
2330.100000
2348.400000
2367.300000
2385.650000
2403.825000
2422.775000
2441.100000
2459.175000
2478.325000
2496.525000
2514.600000
2532.800000
2550.700000
2568.825000
2586.800000
2604.900000
2622.875000
2641.000000
2659.000000
2677.150000
2695.100000
2713.175000
2731.225000
2749.350000
2767.325000
2785.375000
2803.450000
2821.575000
2839.575000
2857.625000
2875.625000
2893.800000
2911.775000
2929.825000
2947.850000
2966.050000
2984.000000
3002.075000
3020.075000
3038.225000
3056.250000
3074.300000
3092.300000
3110.450000
3128.475000
3146.525000
3164.550000
3182.675000
3200.650000
3218.750000
3236.775000
3254.900000
3272.875000
3291.000000
3309.000000
3327.125000
3345.100000
3363.175000
3381.225000
3399.350000
3417.325000
3435.375000
3453.450000
3471.575000
3489.575000
3507.600000
3525.625000
3543.800000
3561.775000
3579.825000
3597.850000
3616.050000
3634.000000
3652.075000
3670.075000
3688.225000
3706.250000
3724.300000
3742.300000
3760.450000
3778.475000
3796.525000
3814.550000
3832.675000
3850.650000
3868.750000
3886.775000
3904.900000
3922.875000
3941.000000
3959.000000
3977.125000
3995.100000
4013.175000
4031.225000
4049.350000
4067.325000
4085.375000
4103.450000
4121.575000
4139.575000
4157.600000
4175.625000
4193.800000
4211.775000
4229.825000
4247.850000
4266.050000
4284.000000
4302.075000
4320.075000
4338.225000
4356.250000
4374.300000
4392.300000
4410.450000
4428.475000
4446.525000
4464.550000
4482.675000
4500.650000
4518.750000
4536.775000
4554.900000
4572.875000
4591.000000
4609.000000
4627.125000
4645.100000
4663.175000
4681.225000
4699.350000
4717.325000
4735.375000
4753.450000
4771.575000
4789.575000
4807.600000
4825.625000
4843.800000
4861.775000
4879.825000
4897.850000
4916.050000
4934.000000
4952.075000
4970.075000
4988.225000
5006.250000
5024.300000
5042.300000
5060.450000
5078.475000
5096.525000
5114.575000
5132.725000
5150.700000
5168.900000
5186.900000
5205.250000
5223.025000
5241.500000
5259.275000
5278.375000
5296.725000
5314.925000
5333.975000
5353.200000
5372.000000
5390.950000
5409.525000
5428.525000
5447.850000
5467.325000
5486.775000
5506.275000
5525.700000
5545.200000
5564.700000
5584.250000
5603.725000
5623.225000
5642.700000
5663.075000
5683.775000
5703.600000
5724.250000
5745.025000
5765.150000
5785.500000
5806.300000
5827.200000
5847.925000
5868.925000
5889.775000
5911.600000
5932.725000
5953.775000
5975.575000
5996.975000
6018.725000
6040.875000
6063.050000
6085.325000
6107.600000
6129.900000
6152.275000
6174.675000
6197.650000
6220.150000
6242.725000
6266.000000
6289.500000
6313.050000
6336.725000
6360.400000
6384.125000
6407.875000
6431.650000
6456.175000
6480.375000
6504.875000
6529.800000
6554.850000
6579.925000
6605.150000
6630.925000
6656.375000
6682.500000
6708.875000
6735.325000
6761.875000
6788.575000
6815.800000
6842.775000
6870.225000
6898.000000
6925.950000
6954.625000
6983.625000
7012.800000
7042.325000
7072.375000
7102.450000
7133.075000
7164.450000
7196.350000
7228.650000
7261.750000
7295.350000
7329.875000
7365.125000
7401.475000
7439.125000
7478.325000
7519.350000
7563.075000
7610.400000
7659.250000
7709.875000
7762.300000
7816.750000
7873.425000
7932.900000
7996.025000
8064.525000
8239.375000
8301.100000
8372.525000
8620.400000
8682.125000
8755.200000
9024.600000
9085.975000
9157.275000
9409.825000
9471.125000
9541.600000
9786.050000
9847.325000
9917.475000
10158.175000
10219.450000
10289.400000
10528.300000
10589.550000
10659.500000
10897.450000
10958.725000
11028.575000
11265.925000
11327.150000
11397.050000
11634.175000
11695.425000
11765.225000
12002.150000
12063.400000
12133.250000
12370.025000
12431.325000
12501.100000
12737.750000
12798.950000
12868.825000
13105.325000
13166.550000
13236.375000
13472.825000
13534.100000
13603.925000
13840.250000
13901.450000
13971.300000
14207.700000
14268.950000
14338.725000
14575.200000
14636.450000
14706.275000
14942.550000
15003.800000
15073.600000
15309.900000
15371.125000
15440.925000
15677.275000
15738.475000
15808.325000
16044.600000
16105.825000
16175.650000
16411.925000
16473.175000
16543.000000
16779.275000
16840.475000
16910.300000
17146.600000
17207.850000
17277.600000
17513.925000
17575.150000
17645.000000
17881.250000
17942.525000
18012.325000
18248.625001
18309.850001
18379.675001
18615.850001
18677.075001
18746.925001
18983.225001
19044.450001
19114.250001
19350.525001
19411.775001
19481.625001
19717.825001
19779.050001
19848.850001
20085.075001
20146.325001
20216.125001
20452.450001
20513.650001
20583.475001
20819.700001
20880.975001
20950.775001
21187.050001
21248.275001
21318.100001
21554.325001
21615.525001
21685.375001
21921.625001
21982.875001
22052.650001
22288.925001
22350.125001
22420.000001
22656.225001
22717.475001
22787.300001
23023.600001
23084.825001
23154.625001
23390.800001
23452.050001
23521.900001
23758.200001
23819.425001
23889.200001
24125.500001
24186.775001
24256.600001
24492.800001
24554.025001
24623.825001
24860.050001
24921.275001
24991.100001
25227.400001
25288.575001
25358.450001
25594.650001
25655.875001
25725.700001
25961.975001
26023.200001
26093.025001
26329.275001
26390.475001
26460.300001
26696.575001
26757.850001
26827.600001
27063.900001
27125.125001
27194.975001
27431.225001
27492.500001
27562.300001
27798.600001
27859.800001
27929.625001
28165.800001
28227.025001
28296.875001
28533.175001
28594.375001
28664.175001
28900.450001
28961.700001
29031.550001
29267.750001
29328.975001
29398.775001
29635.000001
29696.250001
29766.025001
30002.375001
30063.575001
30133.400001
30369.625001
30430.900001
30500.675001
30736.975001
30798.200001
30868.025001
31104.250001
31165.450001
31235.300001
31471.575001
31532.800001
31602.575001
31838.875001
31900.075001
31969.950001
32206.150001
32267.425001
32337.250001
32573.550001
32634.775001
32704.575001
32940.750001
33001.975001
33071.825001
33308.125001
33369.375001
33439.125001
33675.425001
33736.700001
33806.525001
34042.725001
34103.975001
34173.775001
34409.975001
34471.200001
34541.000001
34777.325001
34838.500001
34908.375001
35144.575001
35205.825001
35275.650001
35511.900001
35573.125001
35642.975001
35879.225001
35940.425001
36010.250001
36246.525001
36307.800001
36377.550001
36613.875000
36675.075000
36744.925000
36981.175000
37042.450000
37112.250000
37348.550000
37409.750000
37479.575000
37715.750000
37776.975000
37846.825000
38083.125000
38144.325000
38214.125000
38450.400000
38511.625000
38581.500000
38817.700000
38878.925000
38948.725000
39184.950000
39246.200000
39315.975000
39552.300000
39613.525000
39683.350000
39919.600000
39980.850000
40050.650000
40286.925000
40348.150000
40417.975000
40654.225000
40715.424999
40785.274999
41021.524999
41082.774999
41152.549999
41388.849999
41450.024999
41519.924999
41756.124999
41817.399999
41887.224999
42123.524999
42184.724999
42254.549999
42490.699999
42551.949999
42621.774999
42858.099999
42919.324999
42989.074999
43225.374999
43286.649999
43356.474999
43592.699999
43653.924999
43723.724999
43959.949999
44021.174999
44090.974999
44327.274999
44388.474999
44458.324999
44694.549999
44755.799999
44825.624999
45061.849998
45123.099998
45192.924998
45429.199998
45490.399998
45560.224998
45796.499998
45857.749998
45927.524998
46163.849998
46225.049998
46294.899998
46531.124998
46592.424998
46662.224998
46898.524998
46959.724998
47029.549998
47265.699998
47326.924998
47396.799998
47633.074998
47694.299998
47764.074998
48000.349998
48061.599998
48131.449998
48367.649998
48428.874998
48498.699998
48734.924998
48796.149998
48865.949998
49102.274998
49163.474998
49233.299998
49469.574997
49530.824997
49600.624997
49836.899997
49898.124997
49967.949997
50204.199997
50265.399997
50335.249997
50571.499997
50632.749997
50702.524997
50938.824997
51000.024997
51069.899997
51306.099997
51367.374997
51437.199997
51673.499997
51734.699997
51804.524997
52040.674997
52101.899997
52171.749997
52408.049997
52469.299997
52539.049997
52775.349997
52836.599997
52906.449997
53142.649997
53203.899997
53273.699997
53509.924997
53571.149997
53640.949996
53877.249996
53938.449996
54008.299996
54244.524996
54305.774996
54375.599996
54611.824996
54673.074996
54742.924996
54979.174996
55040.374996
55110.199996
55346.474996
55407.724996
55477.499996
55713.824996
55775.049996
55844.874996
56081.124996
56142.399996
56212.199996
56448.499996
56509.724996
56579.524996
56815.674996
56876.899996
56946.749996
57183.049996
57244.249996
57314.049996
57550.324996
57611.549996
57681.424996
57917.624995
57978.849995
58048.674995
58284.899995
58346.124995
58415.924995
58652.224995
58713.449995
58783.274995
59019.549995
59080.799995
59150.599995
59386.874995
59448.124995
59517.924995
59754.199995
59815.374995
59885.224995
60121.474995
60182.724995
60252.499995
60488.799995
60549.999995
60619.874995
60856.074995
60917.349995
60987.174995
61223.474995
61284.699995
61354.499995
61590.649995
61651.874995
61721.724995
61958.024995
62019.274995
62089.024995
62325.324994
62386.574994
62456.424994
62692.624994
62753.874994
62823.674994
63059.899994
63121.124994
63190.924994
63427.224994
63488.424994
63558.274994
63794.524994
63855.749994
63925.574994
64161.824994
64223.049994
64292.899994
64529.149994
64590.349994
64660.199994
64896.449994
64957.724994
65027.474994
65263.799994
65325.024994
65394.874994
65631.099994
65692.374994
65762.174994
65998.499994
66059.699994
66129.499994
66365.649994
66426.874994
66496.724993
66733.024993
66794.224993
66864.024993
67100.299993
67161.524993
67231.399993
67467.599993
67528.824993
67598.649993
67834.874993
67896.099993
67965.899993
68202.199993
68263.424993
68333.249993
68569.524993
68630.774993
68700.574993
68936.849993
68998.099993
69067.899993
69304.174993
69365.374993
69435.199993
69671.449993
69732.699993
69802.499993
70038.799993
70099.974993
70169.874993
70406.049993
70467.324993
70537.174993
70773.449992
70834.674992
70904.474992
71140.624992
71201.849992
71271.699992
71507.999992
71569.249992
71638.999992
71875.299992
71936.549992
72006.399992
72242.599992
72303.849992
72373.649992
72609.874992
72671.099992
72740.899992
72977.199992
73038.399992
73108.249992
73344.499992
73405.724992
73475.549992
73711.799992
73773.049992
73842.874992
74079.124992
74140.324992
74210.174992
74446.424992
74507.699992
74577.449992
74813.799992
74874.999992
74944.849992
75181.074991
75242.349991
75312.149991
75548.474991
75609.674991
75679.474991
75915.624991
75976.849991
76046.699991
76282.999991
76344.199991
76413.999991
76650.274991
76711.499991
76781.374991
77017.549991
77078.799991
77148.624991
77384.849991
77446.099991
77515.874991
77752.174991
77813.399991
77883.249991
78119.499991
78180.749991
78250.549991
78486.824991
78548.074991
78617.899991
78854.149991
78915.349991
78985.199991
79221.424991
79282.674991
79352.474991
79588.774990
79649.974990
79719.849990
79956.049990
80017.299990
80087.149990
80323.424990
80384.649990
80454.449990
80690.599990
80751.824990
80821.674990
81057.974990
81119.199990
81188.949990
81425.274990
81486.524990
81556.349990
81792.574990
81853.824990
81923.624990
82159.849990
82221.074990
82290.874990
82527.174990
82588.374990
82658.224990
82894.474990
82955.699990
83025.524990
83261.774990
83323.024990
83392.849990
83629.124990
83690.324989
83760.149989
83996.399989
84057.674989
84127.424989
84363.774989
84424.974989
84494.824989
84731.049989
84792.324989
84862.124989
