10.000000
37.000000
712.875000
780.075000
838.800000
891.350000
938.850000
982.875000
1024.475000
1063.700000
1101.575000
1138.050000
1174.050000
1208.700000
1243.075000
1276.700000
1310.025000
1343.000000
1375.400000
1408.075000
1440.350000
1472.100000
1503.125000
1534.850000
1565.450000
1596.675000
1627.275000
1658.025000
1687.775000
1718.150000
1747.350000
1776.675000
1806.875000
1835.875000
1864.125000
1893.050000
1921.775000
1951.125000
1979.450000
2007.925000
2035.925000
2063.725000
2091.550000
2119.225000
2146.850000
2174.300000
2201.750000
2229.300000
2256.600000
2283.125000
2308.750000
2335.950000
2362.625000
2388.775000
2413.975000
2440.575000
2466.625000
2491.750000
2518.100000
2543.000000
2568.650000
2593.675000
2619.425000
2645.700000
2669.675000
2695.900000
2720.675000
2746.125000
2770.925000
2796.925000
2821.675000
2847.200000
2873.450000
2897.425000
2923.675000
2948.400000
2973.875000
2998.700000
3024.650000
3049.375000
3075.000000
3101.250000
3125.200000
3151.450000
3176.200000
3201.675000
3226.475000
3252.425000
3277.300000
3302.775000
3329.050000
3353.000000
3379.300000
3404.125000
3430.025000
3455.475000
3480.475000
3505.850000
3530.600000
3556.925000
3580.775000
3607.075000
3631.800000
3657.625000
3683.125000
3708.250000
3733.575000
3758.350000
3784.675000
3808.525000
3834.825000
3859.400000
3885.425000
3910.925000
3936.025000
3961.350000
3986.125000
4012.450000
4036.300000
4062.600000
4087.200000
4113.175000
4138.675000
4163.800000
4189.150000
4213.900000
4240.225000
4264.075000
4290.400000
4314.925000
4341.100000
4366.625000
4391.650000
4417.850000
4441.875000
4468.125000
4492.900000
4518.325000
4543.150000
4569.125000
4593.950000
4619.425000
4645.625000
4669.650000
4695.900000
4720.600000
4746.100000
4770.925000
4796.875000
4821.625000
4847.225000
4873.450000
4897.425000
4923.675000
4948.425000
4973.875000
4998.700000
5024.675000
5049.375000
5075.000000
5101.250000
5125.425000
5151.800000
5177.725000
5202.875000
5229.475000
5255.625000
5280.750000
5308.000000
5334.775000
5361.150000
5387.325000
5413.850000
5441.400000
5468.325000
5495.900000
5523.600000
5551.325000
5579.200000
5607.025000
5634.950000
5663.350000
5691.600000
5719.500000
5747.775000
5776.500000
5805.675000
5834.875000
5863.775000
5892.975000
5923.100000
5952.675000
5982.225000
6012.750000
6042.850000
6073.625000
6104.075000
6135.200000
6166.600000
6197.350000
6229.400000
6261.125000
6292.925000
6325.000000
6357.875000
6391.025000
6424.375000
6458.000000
6491.600000
6525.200000
6559.500000
6594.225000
6629.325000
6664.150000
6700.050000
6735.975000
6772.600000
6809.475000
6846.950000
6884.975000
6923.575000
6962.650000
7002.375000
7042.750000
7084.100000
7126.075000
7169.150000
7213.325000
7258.575000
7305.550000
7354.350000
7405.750000
7460.725000
7521.425000
7596.250000
