100.000000
33.000000
744.950000
801.400000
852.275000
899.750000
945.500000
989.800000
1032.850000
1074.950000
1116.625000
1157.750000
1198.075000
1237.975000
1277.575000
1316.675000
1355.300000
1393.100000
1430.600000
1468.550000
1505.925000
1542.700000
1579.775000
1616.100000
1652.425000
1687.750000
1723.575000
1758.225000
1792.950000
1827.800000
1862.475000
1896.800000
1930.425000
1963.800000
1997.150000
2030.375000
2063.600000
2096.825000
2130.050000
2162.950000
2195.725000
2227.750000
2259.225000
2291.475000
2323.525000
2354.325000
2385.825000
2417.825000
2448.025000
2479.925000
2510.550000
2541.475000
2571.150000
2602.200000
2632.075000
2663.275000
2693.075000
2723.775000
2753.900000
2784.725000
2813.925000
2845.500000
2874.950000
2905.625000
2935.850000
2966.050000
2996.950000
3026.475000
3057.675000
3087.525000
3118.275000
3148.275000
3179.250000
3208.400000
3239.975000
3269.400000
3300.050000
3330.300000
3360.375000
3391.425000
3420.925000
3451.800000
3481.775000
3512.575000
3542.250000
3573.550000
3602.875000
3634.275000
3663.800000
3694.500000
3724.775000
3755.175000
3785.775000
3815.450000
3846.350000
3876.300000
3907.125000
3936.325000
3967.925000
3997.225000
4028.150000
4058.150000
4088.700000
4119.150000
4148.675000
4179.950000
4209.750000
4240.775000
4270.700000
4301.425000
4330.650000
4362.250000
4391.650000
4422.325000
4452.575000
4482.725000
4513.575000
4543.175000
4574.175000
4604.225000
4635.175000
4665.100000
4695.850000
4725.200000
4756.750000
4786.025000
4817.025000
4847.050000
4877.250000
4908.025000
4937.875000
4968.975000
4998.625000
5029.875000
5059.725000
5090.650000
5120.700000
5151.625000
5181.925000
5213.475000
5244.725000
5275.175000
5307.425000
5339.175000
5370.600000
5402.575000
5434.975000
5467.875000
5500.025000
5532.100000
5564.850000
5597.575000
5630.525000
5663.775000
5697.150000
5730.550000
5764.150000
5798.450000
5833.125000
5868.050000
5902.650000
5937.525000
5973.500000
6008.400000
6045.025000
6080.750000
6117.975000
6154.350000
6191.525000
6229.350000
6267.600000
6305.675000
6344.200000
6383.050000
6422.300000
6462.300000
6502.375000
6542.800000
6584.150000
6625.425000
6667.925000
6710.125000
6753.150000
6797.025000
6841.525000
6886.375000
6932.275000
6979.450000
7027.100000
7076.050000
7126.075000
7177.575000
7230.600000
7285.725000
7343.025000
7403.450000
7468.375000
7540.450000
7743.175000
7824.550000
8125.250000
8203.300000
8486.950000
8565.775000
8851.650000
8930.650000
9214.950000
9294.325000
9593.200000
9671.950000
9970.125000
10048.600000
10345.650000
10424.025000
10710.425000
10789.200000
11076.700000
11155.750000
11456.175000
11534.725000
11831.550000
11910.075000
12193.950000
12273.125000
12573.125000
12651.450000
12950.575000
13028.825000
13311.625000
13390.700000
13677.025000
13756.325000
14054.825000
14133.625000
14430.250000
14508.925000
14793.150000
14872.400000
15172.625000
15250.975000
15549.825000
15628.050000
15911.250000
15990.275000
16277.050000
16356.325000
16654.850000
16733.625000
17030.275000
17108.950000
17393.125000
17472.375000
17772.575000
17850.925000
18149.750000
18227.975001
18511.225001
18590.250001
18877.050001
18956.325001
19254.850001
19333.625001
19630.275001
19708.975001
19993.125001
20072.375001
20372.575001
20450.900001
20749.725001
20827.975001
21111.200001
21190.250001
21477.050001
21556.325001
21854.850001
21933.625001
22230.275001
22308.975001
22593.125001
22672.375001
22972.575001
23050.900001
23349.725001
23427.950001
23711.200001
23790.225001
24077.050001
24156.325001
24454.850001
24533.625001
24830.275001
24908.975001
25193.125001
25272.375001
25572.575001
25650.900001
25949.725001
26027.950001
26311.200001
26390.225001
26677.050001
26756.325001
27054.850001
27133.625001
27430.275001
27508.975001
27793.125001
27872.375001
28172.575001
28250.900001
28549.725001
28627.950001
28911.200001
28990.225001
29277.050001
29356.325001
29654.850001
29733.625001
30030.275001
30108.975001
30393.125001
30472.375001
30772.575001
30850.900001
31149.725001
31227.950001
31511.200001
31590.225001
31877.050001
31956.325001
32254.850001
32333.625001
32630.275001
32708.975001
32993.125001
33072.375001
33372.575001
33450.900001
33749.725001
33827.950001
34111.200001
34190.225001
34477.050001
34556.325001
34854.850001
34933.625001
35230.275001
35308.975001
35593.125001
35672.375001
35972.575001
36050.900001
36349.725001
36427.950000
36711.200000
36790.225000
37077.050000
37156.325000
37454.850000
37533.625000
37830.275000
37908.975000
38193.125000
38272.375000
38572.575000
38650.900000
38949.725000
39027.950000
39311.200000
39390.225000
39677.050000
39756.325000
40054.850000
40133.625000
40430.275000
40508.975000
40793.124999
40872.374999
41172.574999
41250.899999
41549.724999
41627.949999
41911.199999
41990.224999
42277.049999
42356.324999
42654.849999
42733.624999
43030.274999
43108.974999
43393.124999
43472.374999
43772.574999
43850.899999
44149.724999
44227.949999
44511.199999
44590.224999
44877.049999
44956.324999
45254.849998
45333.624998
45630.274998
45708.974998
45993.124998
46072.374998
46372.574998
46450.899998
46749.724998
46827.949998
47111.199998
47190.224998
47477.049998
47556.324998
47854.849998
47933.624998
48230.274998
48308.974998
48593.124998
48672.374998
48972.574998
49050.899998
49349.724997
49427.949997
49711.199997
49790.224997
50077.049997
50156.324997
50454.849997
50533.624997
50830.274997
50908.974997
51193.124997
51272.374997
51572.574997
51650.899997
51949.724997
52027.949997
52311.199997
52390.224997
52677.049997
52756.324997
53054.849997
53133.624997
53430.274997
53508.974997
53793.124996
53872.374996
54172.574996
54250.899996
54549.724996
54627.949996
54911.199996
54990.224996
55277.049996
55356.324996
55654.849996
55733.624996
56030.274996
56108.974996
56393.124996
56472.374996
56772.574996
56850.899996
57149.724996
57227.949996
57511.199996
57590.224996
57877.049996
57956.324995
58254.849995
58333.624995
58630.274995
58708.974995
58993.124995
59072.374995
59372.574995
59450.899995
59749.724995
59827.949995
60111.199995
60190.224995
60477.049995
60556.324995
60854.849995
60933.624995
61230.274995
61308.974995
61593.124995
61672.374995
61972.574995
62050.899995
62349.724994
62427.949994
62711.199994
62790.224994
63077.049994
63156.324994
63454.849994
63533.624994
63830.274994
63908.974994
64193.124994
64272.374994
64572.574994
64650.899994
64949.724994
65027.949994
65311.199994
65390.224994
65677.049994
65756.324994
66054.849994
66133.624994
66430.274994
66508.974993
66793.124993
66872.374993
67172.574993
67250.899993
67549.724993
67627.949993
67911.199993
67990.224993
68277.049993
68356.324993
68654.849993
68733.624993
69030.274993
69108.974993
69393.124993
69472.374993
69772.574993
69850.899993
70149.724993
70227.949993
70511.199993
70590.224993
70877.049992
70956.324992
71254.849992
71333.624992
71630.274992
71708.974992
71993.124992
72072.374992
72372.574992
72450.899992
72749.724992
72827.949992
73111.199992
73190.224992
73477.049992
73556.324992
73854.849992
73933.624992
74230.274992
74308.974992
74593.124992
74672.374992
74972.574992
75050.899992
75349.724991
75427.949991
75711.199991
75790.224991
76077.049991
76156.324991
76454.849991
76533.624991
76830.274991
76908.974991
77193.124991
77272.374991
77572.574991
77650.899991
77949.724991
78027.949991
78311.199991
78390.224991
78677.049991
78756.324991
79054.849991
79133.624991
79430.274990
79508.974990
79793.124990
79872.374990
80172.574990
80250.899990
80549.724990
80627.949990
80911.199990
80990.224990
81277.049990
81356.324990
81654.849990
81733.624990
82030.274990
82108.974990
82393.124990
82472.374990
82772.574990
82850.899990
83149.724990
83227.949990
83511.199990
83590.224990
83877.049989
83956.324989
84254.849989
84333.624989
84630.274989
84708.974989
84993.124989
