1.000000
27.000000
549.400000
616.600000
673.425000
723.550000
769.300000
812.400000
852.900000
892.075000
930.225000
967.625000
1003.825000
1039.775000
1074.800000
1109.325000
1143.375000
1177.425000
1211.000000
1244.225000
1276.725000
1309.425000
1341.650000
1373.800000
1405.675000
1437.100000
1468.850000
1500.150000
1530.575000
1561.775000
1592.050000
1623.100000
1652.800000
1682.950000
1712.875000
1742.075000
1771.525000
1801.350000
1830.300000
1858.425000
1887.225000
1915.400000
1943.575000
1972.250000
2000.300000
2028.900000
2056.825000
2084.600000
2112.250000
2139.200000
2166.600000
2193.050000
2219.500000
2246.825000
2273.650000
2300.000000
2325.875000
2352.600000
2379.200000
2404.375000
2430.400000
2456.800000
2481.300000
2507.900000
2533.325000
2558.225000
2583.450000
2608.250000
2633.475000
2658.275000
2683.525000
2708.275000
2733.575000
2758.300000
2783.750000
2808.350000
2834.575000
2858.425000
2884.675000
2908.450000
2934.700000
2958.475000
2984.725000
3008.525000
3034.750000
3058.550000
3084.775000
3108.625000
3134.825000
3158.950000
3185.175000
3209.900000
3235.775000
3260.525000
3285.975000
3311.200000
3336.025000
3361.250000
3386.025000
3411.275000
3436.050000
3461.325000
3486.075000
3511.400000
3536.100000
3561.925000
3586.225000
3612.500000
3636.275000
3662.525000
3686.300000
3712.550000
3736.350000
3762.575000
3786.450000
3812.625000
3837.150000
3862.825000
3887.525000
3913.300000
3938.150000
3963.750000
3988.975000
4013.800000
4039.025000
4063.800000
4089.050000
4113.825000
4139.100000
4163.850000
4189.175000
4213.850000
4239.475000
4263.975000
4290.250000
4314.025000
4340.275000
4364.050000
4390.300000
4414.100000
4440.325000
4464.150000
4490.350000
4514.250000
4540.400000
4564.850000
4590.750000
4615.450000
4641.400000
4665.900000
4691.600000
4716.925000
4741.675000
4767.850000
4791.800000
4818.000000
4841.925000
4868.075000
4892.450000
4918.250000
4943.050000
4968.350000
4993.100000
5018.650000
5043.350000
5069.250000
5093.975000
5119.400000
5145.675000
5170.150000
5196.825000
5223.100000
5248.550000
5274.800000
5301.350000
5326.550000
5352.800000
5380.025000
5407.025000
5433.575000
5459.950000
5486.425000
5513.800000
5541.475000
5569.100000
5596.850000
5624.725000
5652.575000
5680.400000
5708.250000
5736.125000
5764.125000
5792.950000
5821.650000
5851.325000
5880.325000
5909.325000
5939.000000
5968.950000
5998.525000
6029.125000
6058.450000
6089.225000
6119.500000
6151.000000
6181.700000
6213.275000
6245.225000
6276.525000
6308.275000
6340.775000
6373.525000
6406.350000
6439.475000
6473.175000
6506.850000
6540.500000
6574.625000
6608.550000
6643.125000
6678.475000
6713.700000
6749.400000
6785.700000
6822.200000
6858.700000
6896.175000
6934.125000
6972.375000
7011.025000
7050.250000
7090.175000
7130.450000
7171.525000
7213.500000
7256.325000
7299.900000
7344.450000
7390.200000
7437.225000
7485.925000
7536.575000
7589.925000
7644.425000
7700.225000
7757.450000
7816.250000
7876.750000
7939.125000
8003.175000
8068.725000
8135.400000
8202.850000
8270.850000
8339.225000
8407.925000
8476.700000
8545.700000
8614.750000
8683.925000
8753.150000
8822.400000
8891.750000
8961.100000
9030.550000
9100.000000
9169.525000
9239.050000
9308.650000
9378.300000
9448.000000
9517.775000
9587.525000
9657.400000
9727.300000
9797.300000
9867.450000
9937.675000
10008.075000
10078.650000
10149.275000
10220.025000
10290.825000
10361.625000
10432.425000
10503.250000
10574.125000
10644.975000
10715.800000
10786.625000
10857.525000
10928.400000
10999.225000
11070.100000
11141.000000
11211.850000
11282.725000
11353.575000
11424.475000
11495.375000
11566.225000
11637.075000
11707.950000
11778.850000
11849.675000
11920.525000
11991.400000
12062.250000
12133.100000
12203.925000
12274.775000
12345.650000
12416.500000
12487.300000
12558.175000
12629.050000
12699.850000
12770.700000
12841.550000
12912.400000
12983.225000
13054.075000
13124.900000
13195.775000
13266.600000
13337.425000
13408.275000
13479.150000
13549.950000
13620.775000
13691.650000
13762.500000
13833.325000
13904.150000
13974.975000
14045.850000
14116.675000
14187.500000
14258.350000
14329.225000
14400.025000
14470.850000
14541.700000
14612.550000
14683.375000
14754.200000
14825.050000
14895.925000
14966.750000
15037.550000
15108.400000
15179.275000
15250.100000
15320.900000
15391.750000
15462.625000
15533.450000
15604.275000
15675.100000
15745.975000
15816.800000
15887.600000
15958.450000
16029.325000
16100.150000
16170.975000
16241.825000
16312.675000
16383.500000
16454.325000
16525.175000
16596.025000
16666.875000
16737.675000
16808.525000
16879.400000
16950.225000
17021.025000
17091.875000
17162.750000
17233.575000
17304.400000
17375.225000
17446.100000
17516.950000
17587.750000
17658.600000
17729.475000
17800.300000
17871.125000
17941.975000
18012.850000
18083.675000
18154.500000
18225.350000
18296.225001
18367.075001
18437.900001
18508.750001
18579.650001
18650.500001
18721.325001
18792.200001
18863.100001
18933.950001
19004.825001
19075.675001
19146.575001
19217.475001
19288.325001
19359.200001
19430.100001
19500.975001
19571.825001
19642.675001
19713.550001
19784.425001
19855.275001
19926.100001
19996.975001
20067.850001
20138.675001
20209.500001
20280.375001
20351.225001
20422.050001
20492.900001
20563.750001
20634.600001
20705.450001
20776.250001
20847.125001
20918.000001
20988.800001
21059.625001
21130.475001
21201.350001
21272.175001
21343.000001
21413.825001
21484.700001
21555.525001
21626.350001
21697.200001
21768.075001
21838.875001
21909.700001
21980.550001
22051.400001
22122.225001
22193.050001
22263.900001
22334.750001
22405.600001
22476.400001
22547.250001
22618.125001
22688.925001
22759.750001
22830.600001
22901.450001
22972.275001
23043.100001
23113.950001
23184.800001
23255.650001
23326.450001
23397.300001
23468.175001
23538.975001
23609.800001
23680.650001
23751.500001
23822.325001
23893.150001
23963.975001
24034.850001
24105.675001
24176.475001
24247.325001
24318.200001
24389.025001
24459.825001
24530.700001
24601.550001
24672.375001
24743.200001
24814.025001
24884.900001
24955.725001
25026.525001
25097.375001
25168.250001
25239.075001
25309.875001
25380.725001
25451.575001
25522.425001
25593.225001
25664.075001
25734.925001
25805.775001
25876.575001
25947.425001
26018.300001
26089.125001
26159.925001
26230.775001
26301.650001
26372.475001
26443.300001
26514.125001
26585.000001
26655.825001
26726.650001
26797.475001
26868.375001
26939.175001
27010.000001
27080.850001
27151.725001
27222.550001
27293.375001
27364.200001
27435.100001
27505.950001
27576.750001
27647.600001
27718.475001
27789.325001
27860.150001
27931.000001
28001.900001
28072.750001
28143.600001
28214.450001
28285.350001
28356.225001
28427.075001
28497.925001
28568.850001
28639.725001
28710.575001
28781.450001
28852.325001
28923.225001
28994.075001
29064.900001
29135.775001
29206.675001
29277.500001
29348.325001
29419.200001
29490.075001
29560.900001
29631.725001
29702.600001
29773.450001
29844.300001
29915.100001
29985.950001
30056.850001
30127.650001
30198.475001
30269.325001
30340.200001
30411.000001
30481.850001
30552.700001
30623.550001
30694.375001
30765.200001
30836.050001
30906.925001
30977.725001
31048.550001
31119.400001
31190.250001
31261.075001
31331.900001
31402.750001
31473.600001
31544.450001
31615.250001
31686.100001
31756.975001
31827.775001
31898.600001
31969.450001
32040.300001
32111.125001
32181.950001
32252.800001
32323.650001
32394.475001
32465.300001
32536.125001
32607.000001
32677.825001
32748.625001
32819.500001
32890.350001
32961.175001
33032.000001
33102.825001
33173.700001
33244.525001
33315.325001
33386.175001
33457.050001
33527.850001
33598.675001
33669.525001
33740.375001
33811.200001
33882.025001
33952.875001
34023.725001
34094.550001
34165.375001
34236.200001
34307.075001
34377.900001
34448.700001
34519.550001
34590.425001
34661.225001
34732.050001
34802.900001
34873.750001
34944.600001
35015.400001
35086.225001
35157.125001
35227.925001
35298.750001
35369.600001
35440.450001
35511.275001
35582.100001
35652.925001
35723.800001
35794.625001
35865.425001
35936.275001
36007.150001
36077.975001
36148.775001
36219.625001
36290.500001
36361.300001
36432.125000
36502.975000
36573.825000
36644.675000
36715.475000
36786.325000
36857.200000
36928.025000
36998.825000
37069.675000
37140.550000
37211.375000
37282.200000
37353.025000
37423.900000
37494.725000
37565.550000
37636.375000
37707.250000
37778.100000
37848.900000
37919.750000
37990.625000
38061.450000
38132.275000
38203.125000
38274.000000
38344.850000
38415.675000
38486.500000
38557.400000
38628.250000
38699.075000
38769.925000
38840.825000
38911.675000
38982.525000
39053.400000
39124.300000
39195.175000
39266.025000
39336.900000
39407.800000
39478.700000
39549.525000
39620.400000
39691.300000
39762.150000
39833.000000
39903.850000
39974.725000
40045.600000
40116.425000
40187.250000
40258.125000
40329.000000
40399.825000
40470.650000
40541.525000
40612.375000
40683.200000
40754.024999
40824.874999
40895.749999
40966.574999
41037.399999
41108.249999
41179.124999
41249.924999
41320.749999
41391.624999
41462.474999
41533.299999
41604.124999
41674.974999
41745.824999
41816.674999
41887.474999
41958.324999
42029.199999
42099.999999
42170.824999
42241.674999
42312.549999
42383.374999
42454.199999
42525.024999
42595.899999
42666.724999
42737.524999
42808.374999
42879.249999
42950.074999
43020.899999
43091.749999
43162.599999
43233.424999
43304.249999
43375.099999
43445.949999
43516.774999
43587.599999
43658.449999
43729.324999
43800.124999
43870.949999
43941.799999
44012.649999
44083.474999
44154.299999
44225.149999
44295.999999
44366.849999
44437.649999
44508.499999
44579.374999
44650.199999
44720.999999
44791.849999
44862.724999
44933.549999
45004.374998
45075.199998
45146.074998
45216.924998
45287.724998
45358.574998
45429.449998
45500.274998
45571.099998
45641.949998
45712.799998
45783.649998
45854.474998
45925.299998
45996.174998
46067.024998
46137.849998
46208.699998
46279.574998
46350.424998
46421.249998
46492.099998
46562.974998
46633.849998
46704.699998
46775.549998
46846.449998
46917.324998
46988.174998
47059.024998
47129.949998
47200.824998
47271.674998
47342.549998
47413.449998
47484.324998
47555.174998
47626.024998
47696.899998
47767.799998
47838.599998
47909.449998
47980.324998
48051.199998
48122.024998
48192.849998
48263.699998
48334.574998
48405.399998
48476.224998
48547.074998
48617.949998
48688.774998
48759.599998
48830.449998
48901.324998
48972.149998
49042.974998
49113.799998
49184.674998
49255.499998
49326.324997
49397.174997
49468.049997
49538.849997
49609.674997
49680.524997
49751.399997
49822.199997
49893.049997
49963.874997
50034.749997
50105.574997
50176.374997
50247.224997
50318.099997
50388.924997
50459.724997
50530.599997
50601.449997
50672.274997
50743.099997
50813.924997
50884.799997
50955.624997
51026.424997
51097.274997
51168.149997
51238.974997
51309.774997
51380.624997
51451.499997
51522.299997
51593.124997
51663.974997
51734.824997
51805.674997
51876.474997
51947.324997
52018.199997
52088.999997
52159.824997
52230.674997
52301.524997
52372.349997
52443.174997
52513.999997
52584.874997
52655.724997
52726.524997
52797.349997
52868.224997
52939.049997
53009.874997
53080.724997
53151.574997
53222.399997
53293.224997
53364.049997
53434.924997
53505.749997
53576.549997
53647.399996
53718.274996
53789.099996
53859.924996
53930.774996
54001.624996
54072.449996
54143.274996
54214.099996
54284.974996
54355.824996
54426.624996
54497.449996
54568.349996
54639.149996
54709.974996
54780.824996
54851.699996
54922.524996
54993.349996
55064.174996
55135.049996
55205.899996
55276.699996
55347.549996
55418.449996
55489.274996
55560.099996
55630.949996
55701.824996
55772.674996
55843.499996
55914.349996
55985.224996
56056.099996
56126.924996
56197.799996
56268.699996
56339.574996
56410.424996
56481.299996
56552.199996
56623.074996
56693.924996
56764.799996
56835.674996
56906.574996
56977.399996
57048.249996
57119.149996
57189.999996
57260.824996
57331.674996
57402.549996
57473.399996
57544.249996
57615.074996
57685.924996
57756.799996
57827.624996
57898.449995
57969.299995
58040.174995
58110.974995
58181.824995
58252.674995
58323.524995
58394.349995
58465.174995
58536.024995
58606.899995
58677.699995
58748.524995
58819.399995
58890.249995
58961.049995
59031.899995
59102.724995
59173.599995
59244.424995
59315.224995
59386.074995
59456.949995
59527.774995
59598.574995
59669.449995
59740.299995
59811.124995
59881.949995
59952.774995
60023.649995
60094.474995
60165.274995
60236.124995
60306.999995
60377.824995
60448.624995
60519.474995
60590.349995
60661.149995
60731.974995
60802.824995
60873.674995
60944.499995
61015.324995
61086.149995
61157.024995
61227.849995
61298.649995
61369.524995
61440.374995
61511.199995
61582.024995
61652.849995
61723.724995
61794.549995
61865.349995
61936.199995
62007.074995
62077.874995
62148.699995
62219.549994
62290.399994
62361.224994
62432.049994
62502.899994
62573.749994
62644.574994
62715.399994
62786.224994
62857.099994
62927.924994
62998.724994
63069.574994
63140.449994
63211.249994
63282.074994
63352.924994
63423.774994
63494.624994
63565.424994
63636.249994
63707.149994
63777.949994
63848.774994
63919.624994
63990.474994
64061.299994
64132.124994
64202.949994
64273.824994
64344.649994
64415.474994
64486.299994
64557.174994
64627.999994
64698.799994
64769.649994
64840.524994
64911.349994
64982.174994
65052.999994
65123.874994
65194.699994
65265.524994
65336.349994
65407.249994
65478.049994
65548.874994
65619.724994
65690.599994
65761.424994
65832.249994
65903.074994
65973.949994
66044.799994
66115.624994
66186.449994
66257.349994
66328.174994
66398.999994
66469.849993
66540.749993
66611.574993
66682.424993
66753.274993
66824.174993
66895.049993
66965.874993
67036.749993
67107.649993
67178.524993
67249.374993
67320.249993
67391.149993
67462.049993
67532.899993
67603.749993
67674.624993
67745.524993
67816.349993
67887.199993
67958.074993
68028.949993
68099.774993
68170.599993
68241.474993
68312.324993
68383.149993
68453.999993
68524.849993
68595.724993
68666.549993
68737.349993
68808.224993
68879.099993
68949.899993
69020.724993
69091.599993
69162.449993
69233.274993
69304.099993
69374.949993
69445.799993
69516.649993
69587.449993
69658.299993
69729.174993
69799.999993
69870.799993
69941.674993
70012.524993
70083.349993
70154.174993
70225.024993
70295.874993
70366.699993
70437.524993
70508.374993
70579.249993
70650.049993
70720.874993
70791.724992
70862.574992
70933.399992
71004.224992
71075.074992
71145.949992
71216.774992
71287.574992
71358.424992
71429.299992
71500.124992
71570.924992
71641.774992
71712.649992
71783.474992
71854.299992
71925.124992
71995.999992
72066.824992
72137.624992
72208.474992
72279.349992
72350.174992
72420.999992
72491.849992
72562.699992
72633.524992
72704.349992
72775.199992
72846.049992
72916.899992
72987.699992
73058.549992
73129.424992
73200.249992
73271.049992
73341.924992
73412.774992
73483.599992
73554.424992
73625.274992
73696.149992
73766.999992
73837.799992
73908.649992
73979.524992
74050.349992
74121.174992
74192.049992
74262.924992
74333.749992
74404.599992
74475.449992
74546.324992
74617.199992
74688.024992
74758.899992
74829.799992
74900.674992
74971.524992
75042.399992
75113.299991
75184.174991
75255.049991
75325.899991
75396.799991
75467.699991
75538.524991
75609.374991
75680.249991
75751.124991
75821.949991
75892.799991
75963.649991
76034.524991
76105.374991
76176.199991
76247.049991
76317.924991
76388.749991
76459.574991
76530.424991
76601.299991
76672.099991
76742.949991
76813.799991
76884.649991
76955.474991
77026.299991
77097.149991
77168.024991
77238.824991
77309.649991
77380.524991
77451.374991
77522.199991
77593.024991
77663.849991
77734.724991
77805.549991
77876.374991
77947.224991
78018.099991
78088.899991
78159.724991
78230.574991
78301.424991
78372.249991
78443.074991
78513.924991
78584.774991
78655.599991
78726.424991
78797.274991
78868.149991
78938.949991
79009.774991
79080.624991
79151.474991
79222.299991
79293.124991
79363.949990
79434.824990
79505.649990
79576.449990
79647.299990
79718.174990
79788.999990
79859.799990
79930.674990
80001.524990
80072.349990
80143.174990
80213.999990
80284.874990
80355.699990
80426.499990
80497.349990
80568.224990
80639.024990
80709.849990
80780.699990
80851.549990
80922.374990
80993.199990
81064.049990
81134.899990
81205.749990
81276.549990
81347.399990
81418.274990
81489.074990
81559.899990
81630.749990
81701.599990
81772.424990
81843.249990
81914.099990
81984.949990
82055.799990
82126.599990
82197.449990
82268.324990
82339.149990
82409.949990
82480.799990
82551.674990
82622.499990
82693.324990
82764.149990
82835.024990
82905.874990
82976.674990
83047.524990
83118.399990
83189.224990
83260.049990
83330.899990
83401.774990
83472.599990
83543.449990
83614.274990
83685.149989
83756.024989
83826.849989
83897.699989
83968.599989
84039.449989
84110.274989
84181.149989
84252.049989
84322.924989
84393.774989
84464.649989
84535.549989
84606.449989
84677.274989
84748.149989
84819.049989
84889.924989
84960.749989
