2.000000
1.000000
565.275000
612.575000
653.750000
691.100000
725.600000
757.675000
788.175000
817.375000
845.325000
872.850000
899.450000
925.650000
951.025000
975.950000
1000.800000
1025.625000
1050.325000
1074.350000
1098.025000
1121.750000
1145.175000
1168.725000
1192.200000
1214.800000
1237.425000
1260.175000
1282.675000
1305.000000
1327.250000
1349.400000
1371.525000
1393.025000
1414.625000
1436.600000
1457.775000
1478.900000
1500.525000
1521.600000
1542.425000
1563.275000
1584.100000
1604.900000
1625.625000
1645.800000
1666.125000
1686.675000
1706.450000
1726.050000
1745.625000
1765.000000
1784.375000
1803.700000
1823.050000
1842.450000
1861.875000
1881.275000
1900.675000
1920.075000
1939.525000
1958.200000
1977.125000
1995.425000
2014.525000
2033.025000
2050.950000
2069.975000
2088.300000
2106.400000
2124.550000
2142.450000
2160.625000
2178.575000
2196.625000
2214.600000
2232.650000
2250.650000
2267.825000
2285.450000
2303.425000
2320.325000
2338.150000
2356.125000
2373.000000
2389.925000
2406.625000
2423.175000
2439.875000
2456.500000
2473.075000
2489.750000
2506.400000
2523.000000
2539.675000
2556.325000
2572.925000
2589.625000
2606.275000
2622.900000
2639.600000
2656.275000
2672.900000
2689.600000
2706.275000
2722.900000
2739.600000
2756.275000
2772.900000
2789.600000
2806.275000
2822.900000
2839.600000
2856.275000
2872.900000
2889.600000
2906.275000
2922.900000
2939.600000
2956.275000
2972.900000
2989.600000
3006.275000
3022.900000
3039.600000
3056.275000
3072.900000
3089.600000
3106.275000
3122.900000
3139.600000
3156.275000
3172.900000
3189.600000
3206.275000
3222.900000
3239.600000
3256.275000
3272.900000
3289.600000
3306.275000
3322.900000
3339.600000
3356.275000
3372.900000
3389.600000
3406.275000
3422.900000
3439.600000
3456.275000
3472.900000
3489.600000
3506.275000
3522.900000
3539.600000
3556.275000
3572.900000
3589.600000
3606.275000
3622.900000
3639.600000
3656.275000
3672.900000
3689.600000
3706.275000
3722.900000
3739.600000
3756.275000
3772.900000
3789.600000
3806.275000
3822.900000
3839.600000
3856.275000
3872.900000
3889.600000
3906.275000
3922.900000
3939.600000
3956.275000
3972.900000
3989.600000
4006.275000
4022.900000
4039.600000
4056.275000
4072.900000
4089.600000
4106.275000
4122.900000
4139.600000
4156.275000
4172.900000
4189.600000
4206.275000
4222.900000
4239.600000
4256.275000
4272.900000
4289.600000
4306.275000
4322.900000
4339.600000
4356.275000
4372.900000
4389.600000
4406.275000
4422.900000
4439.600000
4456.275000
4472.900000
4489.600000
4506.275000
4522.900000
4539.600000
4556.275000
4572.900000
4589.600000
4606.275000
4622.900000
4639.600000
4656.275000
4672.900000
4689.600000
4706.275000
4722.900000
4739.600000
4756.275000
4772.900000
4789.600000
4806.275000
4822.900000
4839.600000
4856.275000
4872.900000
4889.600000
4906.275000
4922.900000
4939.600000
4956.275000
4972.900000
4989.600000
5006.275000
5022.900000
5039.600000
5056.275000
5072.900000
5089.600000
5106.275000
5122.925000
5139.650000
5156.325000
5172.975000
5189.725000
5206.425000
5223.050000
5239.825000
5256.525000
5273.175000
5290.000000
5306.775000
5323.575000
5341.025000
5358.100000
5375.650000
5392.625000
5410.500000
5428.475000
5445.700000
5463.325000
5481.300000
5499.425000
5517.375000
5535.500000
5553.575000
5571.900000
5589.750000
5607.925000
5625.900000
5645.025000
5663.350000
5681.650000
5700.650000
5719.825000
5738.525000
5757.600000
5776.200000
5795.200000
5814.600000
5834.075000
5853.525000
5872.975000
5892.450000
5912.000000
5931.475000
5951.000000
5970.500000
5990.925000
6011.175000
6031.275000
6051.475000
6071.775000
6092.325000
6113.150000
6134.050000
6154.950000
6175.750000
6196.800000
6217.600000
6239.450000
6260.650000
6282.100000
6303.575000
6325.600000
6347.800000
6370.050000
6392.325000
6414.625000
6436.925000
6459.250000
6481.675000
6504.725000
6527.975000
6550.775000
6574.300000
6597.875000
6621.575000
6645.225000
6669.100000
6692.825000
6717.300000
6742.125000
6767.100000
6792.175000
6817.325000
6842.475000
6867.800000
6893.650000
6919.900000
6946.175000
6972.800000
6999.450000
7026.225000
7053.525000
7081.225000
7109.125000
7137.225000
7165.925000
7195.075000
7224.475000
7254.450000
7284.750000
7315.725000
7347.175000
7379.325000
7412.075000
7445.725000
7480.325000
7516.125000
7553.425000
7592.475000
7632.625000
7673.625000
7715.550000
7758.375000
7802.150000
7846.875000
7892.600000
7939.450000
7987.375000
8036.550000
8086.950000
8138.575000
8191.500000
8245.600000
8300.800000
8356.950000
8413.850000
8471.475000
8529.825000
8588.775000
8648.550000
8709.175000
8770.575000
8832.800000
8895.875000
8959.950000
9025.150000
9091.675000
9159.400000
9227.925000
9297.200000
9367.000000
9437.150000
9507.625000
9578.225000
9649.200000
9720.775000
9793.350000
9867.575000
9943.675000
10020.450000
10097.000000
10173.375000
10249.650000
10326.000000
10402.350000
10478.850000
10555.550000
10632.625000
10710.200000
10788.600000
10868.775000
10950.275000
11030.800000
11112.000000
11191.875000
11272.825000
11352.450000
11433.175000
11512.950000
11593.200000
11673.250000
11753.250000
11833.325000
11913.400000
11993.325000
12073.500000
12153.350000
12233.450000
12313.450000
12393.400000
12473.500000
12553.400000
12633.450000
12713.475000
12793.400000
12873.500000
12953.400000
13033.450000
13113.475000
13193.375000
13273.500000
13353.375000
13433.425000
13513.450000
13593.375000
13673.475000
13753.350000
13833.425000
13913.425000
13993.350000
14073.475000
14153.325000
14233.400000
14313.400000
14393.325000
14473.450000
14553.300000
14633.375000
14713.400000
14793.300000
14873.425000
14953.275000
15033.350000
15113.375000
15193.275000
15273.425000
15353.250000
15433.350000
15513.350000
15593.250000
15673.400000
15753.225000
15833.325000
15913.300000
15993.225000
16073.375000
16153.175000
16233.300000
16313.275000
16393.200000
16473.350000
16553.150000
16633.275000
16713.250000
16793.175000
16873.325000
16953.125000
17033.250000
17113.200000
17193.125000
17273.300000
17353.075000
17433.225000
17513.175000
17593.100000
17673.250000
17753.050000
17833.200000
17913.125000
17993.075000
18073.225000
18153.000000
18233.175001
18313.100001
18393.050001
18473.200001
18552.975001
18633.150001
18713.050001
18793.025001
18873.150001
18952.950001
19033.125001
19113.025001
19193.000001
19273.125001
19352.925001
19433.100001
19513.000001
19592.975001
19673.100001
19752.900001
19833.075001
19912.975001
19992.950001
20073.075001
20152.875001
20233.050001
20312.950001
20392.925001
20473.050001
20552.850001
20633.050001
20712.925001
20792.925001
20873.025001
20952.825001
21033.025001
21112.925001
21192.900001
21273.000001
21352.800001
21433.000001
21512.900001
21592.875001
21672.975001
21752.800001
21833.000001
21912.875001
21992.875001
22072.975001
22152.775001
22232.975001
22312.875001
22392.850001
22472.950001
22552.775001
22632.975001
22712.850001
22792.850001
22872.925001
22952.750001
23032.950001
23112.850001
23192.850001
23272.925001
23352.750001
23432.950001
23512.825001
23592.825001
23672.900001
23752.725001
23832.925001
23912.825001
23992.825001
24072.900001
24152.725001
24232.925001
24312.800001
24392.825001
24472.875001
24552.725001
24632.925001
24712.800001
24792.825001
24872.875001
24952.700001
25032.900001
25112.800001
25192.800001
25272.875001
25352.700001
25432.900001
25512.800001
25592.800001
25672.850001
25752.700001
25832.900001
25912.775001
25992.800001
26072.850001
26152.700001
26232.900001
26312.775001
26392.800001
26472.850001
26552.700001
26632.875001
26712.775001
26792.800001
26872.850001
26952.675001
27032.875001
27112.775001
27192.800001
27272.850001
27352.675001
27432.875001
27512.775001
27592.775001
27672.825001
27752.675001
27832.875001
27912.775001
27992.775001
28072.825001
28152.675001
28232.875001
28312.750001
28392.775001
28472.825001
28552.675001
28632.875001
28712.750001
28792.775001
28872.825001
28952.675001
29032.850001
29112.750001
29192.775001
29272.825001
29352.675001
29432.850001
29512.750001
29592.775001
29672.825001
29752.675001
29832.850001
29912.750001
29992.775001
30072.825001
30152.675001
30232.850001
30312.750001
30392.775001
30472.825001
30552.675001
30632.850001
30712.750001
30792.775001
30872.825001
30952.675001
31032.850001
31112.750001
31192.775001
31272.800001
31352.650001
31432.850001
31512.750001
31592.775001
31672.800001
31752.650001
31832.850001
31912.750001
31992.775001
32072.800001
32152.650001
32232.850001
32312.750001
32392.775001
32472.800001
32552.650001
32632.850001
32712.750001
32792.775001
32872.800001
32952.650001
33032.850001
33112.750001
33192.775001
33272.800001
33352.650001
33432.850001
33512.750001
33592.775001
33672.800001
33752.650001
33832.850001
33912.750001
33992.775001
34072.800001
34152.650001
34232.850001
34312.750001
34392.750001
34472.800001
34552.650001
34632.850001
34712.750001
34792.750001
34872.800001
34952.650001
35032.850001
35112.750001
35192.750001
35272.800001
35352.650001
35432.850001
35512.750001
35592.750001
35672.800001
35752.650001
35832.850001
35912.750001
35992.750001
36072.800001
36152.650001
36232.850001
36312.750001
36392.750001
36472.800000
36552.650000
36632.850000
36712.750000
36792.750000
36872.800000
36952.650000
37032.850000
37112.750000
37192.750000
37272.800000
37352.650000
37432.850000
37512.750000
37592.750000
37672.800000
37752.650000
37832.850000
37912.725000
37992.750000
38072.800000
38152.650000
38232.825000
38312.725000
38392.750000
38472.800000
38552.650000
38632.825000
38712.725000
38792.750000
38872.800000
38952.650000
39032.825000
39112.725000
39192.750000
39272.800000
39352.650000
39432.825000
39512.725000
39592.750000
39672.800000
39752.650000
39832.825000
39912.725000
39992.750000
40072.800000
40152.650000
40232.825000
40312.725000
40392.750000
40472.800000
40552.650000
40632.825000
40712.724999
40792.749999
40872.799999
40952.649999
41032.824999
41112.724999
41192.749999
41272.799999
41352.649999
41432.824999
41512.724999
41592.749999
41672.799999
41752.649999
41832.824999
41912.724999
41992.749999
42072.799999
42152.649999
42232.824999
42312.724999
42392.749999
42472.799999
42552.649999
42632.824999
42712.724999
42792.749999
42872.799999
42952.649999
43032.824999
43112.724999
43192.749999
43272.799999
43352.649999
43432.824999
43512.724999
43592.749999
43672.799999
43752.649999
43832.824999
43912.724999
43992.749999
44072.799999
44152.649999
44232.824999
44312.724999
44392.749999
44472.799999
44552.649999
44632.824999
44712.724999
44792.749999
44872.799999
44952.649999
45032.824998
45112.724998
45192.749998
45272.799998
45352.649998
45432.824998
45512.724998
45592.749998
45672.799998
45752.649998
45832.824998
45912.724998
45992.749998
46072.799998
46152.649998
46232.824998
46312.724998
46392.749998
46472.799998
46552.649998
46632.824998
46712.724998
46792.749998
46872.799998
46952.649998
47032.824998
47112.724998
47192.749998
47272.799998
47352.649998
47432.824998
47512.724998
47592.749998
47672.799998
47752.649998
47832.824998
47912.724998
47992.749998
48072.799998
48152.649998
48232.824998
48312.724998
48392.749998
48472.799998
48552.649998
48632.824998
48712.724998
48792.749998
48872.799998
48952.649998
49032.824998
49112.724998
49192.749998
49272.799998
49352.649997
49432.824997
49512.724997
49592.749997
49672.799997
49752.649997
49832.824997
49912.724997
49992.749997
50072.799997
50152.649997
50232.824997
50312.724997
50392.749997
50472.799997
50552.649997
50632.824997
50712.724997
50792.749997
50872.799997
50952.649997
51032.824997
51112.724997
51192.749997
51272.799997
51352.649997
51432.824997
51512.724997
51592.749997
51672.799997
51752.649997
51832.824997
51912.724997
51992.749997
52072.799997
52152.649997
52232.824997
52312.724997
52392.749997
52472.799997
52552.649997
52632.824997
52712.724997
52792.749997
52872.799997
52952.649997
53032.824997
53112.724997
53192.749997
53272.799997
53352.649997
53432.824997
53512.724997
53592.749996
53672.799996
53752.649996
53832.824996
53912.724996
53992.749996
54072.799996
54152.649996
54232.824996
54312.724996
54392.749996
54472.799996
54552.649996
54632.824996
54712.724996
54792.749996
54872.799996
54952.649996
55032.824996
55112.724996
55192.749996
55272.799996
55352.649996
55432.824996
55512.724996
55592.749996
55672.799996
55752.649996
55832.824996
55912.724996
55992.749996
56072.799996
56152.649996
56232.824996
56312.724996
56392.749996
56472.799996
56552.649996
56632.824996
56712.724996
56792.749996
56872.799996
56952.649996
57032.824996
57112.724996
57192.749996
57272.799996
57352.649996
57432.824996
57512.724996
57592.749996
57672.799996
57752.649996
57832.824996
57912.724995
57992.749995
58072.799995
58152.649995
58232.824995
58312.724995
58392.749995
58472.799995
58552.649995
58632.824995
58712.724995
58792.749995
58872.799995
58952.649995
59032.824995
59112.724995
59192.749995
59272.799995
59352.649995
59432.824995
59512.724995
59592.749995
59672.799995
59752.649995
59832.824995
59912.724995
59992.749995
60072.799995
60152.649995
60232.824995
60312.724995
60392.749995
60472.799995
60552.649995
60632.824995
60712.724995
60792.749995
60872.799995
60952.649995
61032.824995
61112.724995
61192.749995
61272.799995
61352.649995
61432.824995
61512.724995
61592.749995
61672.799995
61752.649995
61832.824995
61912.724995
61992.749995
62072.799995
62152.649995
62232.824994
62312.724994
62392.749994
62472.799994
62552.649994
62632.824994
62712.724994
62792.749994
62872.799994
62952.649994
63032.824994
63112.724994
63192.749994
63272.799994
63352.649994
63432.824994
63512.724994
63592.749994
63672.799994
63752.649994
63832.824994
63912.724994
63992.749994
64072.799994
64152.649994
64232.824994
64312.724994
64392.749994
64472.799994
64552.649994
64632.824994
64712.724994
64792.749994
64872.799994
64952.649994
65032.824994
65112.724994
65192.749994
65272.799994
65352.649994
65432.824994
65512.724994
65592.749994
65672.799994
65752.649994
65832.824994
65912.724994
65992.749994
66072.799994
66152.649994
66232.824994
66312.724994
66392.749994
66472.799993
66552.649993
66632.824993
66712.724993
66792.749993
66872.799993
66952.649993
67032.824993
67112.724993
67192.749993
67272.799993
67352.649993
67432.824993
67512.724993
67592.749993
67672.799993
67752.649993
67832.824993
67912.724993
67992.749993
68072.799993
68152.649993
68232.824993
68312.724993
68392.749993
68472.799993
68552.649993
68632.824993
68712.724993
68792.749993
68872.799993
68952.649993
69032.824993
69112.724993
69192.749993
69272.799993
69352.649993
69432.824993
69512.724993
69592.749993
69672.799993
69752.649993
69832.824993
69912.724993
69992.749993
70072.799993
70152.649993
70232.824993
70312.724993
70392.749993
70472.799993
70552.649993
70632.824993
70712.724993
70792.749992
70872.799992
70952.649992
71032.824992
71112.724992
71192.749992
71272.799992
71352.649992
71432.824992
71512.724992
71592.749992
71672.799992
71752.649992
71832.824992
71912.724992
71992.749992
72072.799992
72152.649992
72232.824992
72312.724992
72392.749992
72472.799992
72552.649992
72632.824992
72712.724992
72792.749992
72872.799992
72952.649992
73032.824992
73112.724992
73192.749992
73272.799992
73352.649992
73432.824992
73512.724992
73592.749992
73672.799992
73752.649992
73832.824992
73912.724992
73992.749992
74072.799992
74152.649992
74232.824992
74312.724992
74392.749992
74472.799992
74552.649992
74632.824992
74712.724992
74792.749992
74872.799992
74952.649992
75032.824992
75112.724991
75192.749991
75272.799991
75352.649991
75432.824991
75512.724991
75592.749991
75672.799991
75752.649991
75832.824991
75912.724991
75992.749991
76072.799991
76152.649991
76232.824991
76312.724991
76392.749991
76472.799991
76552.649991
76632.824991
76712.724991
76792.749991
76872.799991
76952.649991
77032.824991
77112.724991
77192.749991
77272.799991
77352.649991
77432.824991
77512.724991
77592.749991
77672.799991
77752.649991
77832.824991
77912.724991
77992.749991
78072.799991
78152.649991
78232.824991
78312.724991
78392.749991
78472.799991
78552.649991
78632.824991
78712.724991
78792.749991
78872.799991
78952.649991
79032.824991
79112.724991
79192.749991
79272.799991
79352.649991
79432.824990
79512.724990
79592.749990
79672.799990
79752.649990
79832.824990
79912.724990
79992.749990
80072.799990
80152.649990
80232.824990
80312.724990
80392.749990
80472.799990
80552.649990
80632.824990
80712.724990
80792.749990
80872.799990
80952.649990
81032.824990
81112.724990
81192.749990
81272.799990
81352.649990
81432.824990
81512.724990
81592.749990
81672.799990
81752.649990
81832.824990
81912.724990
81992.749990
82072.799990
82152.649990
82232.824990
82312.724990
82392.749990
82472.799990
82552.649990
82632.824990
82712.724990
82792.749990
82872.799990
82952.649990
83032.824990
83112.724990
83192.749990
83272.799990
83352.649990
83432.824990
83512.724990
83592.749990
83672.799989
83752.649989
83832.824989
83912.724989
83992.749989
84072.799989
84152.649989
84232.824989
84312.724989
84392.749989
84472.799989
84552.649989
84632.824989
84712.724989
84792.749989
84872.799989
84952.649989
