100.000000
20.000000
582.475000
643.100000
696.950000
746.875000
794.300000
840.075000
884.500000
927.600000
969.675000
1011.275000
1052.300000
1092.675000
1132.450000
1171.925000
1210.800000
1248.850000
1286.725000
1324.650000
1362.250000
1398.575000
1435.500000
1471.800000
1507.900000
1543.125000
1579.000000
1613.600000
1648.250000
1682.875000
1717.725000
1751.450000
1785.450000
1819.100000
1852.425000
1885.650000
1918.750000
1951.450000
1984.275000
2016.475000
2047.975000
2080.200000
2112.275000
2142.950000
2174.525000
2205.575000
2235.925000
2267.000000
2297.075000
2327.450000
2357.900000
2387.450000
2417.925000
2447.050000
2476.225000
2505.750000
2535.225000
2563.775000
2592.775000
2621.225000
2651.225000
2680.175000
2708.300000
2737.300000
2766.600000
2795.750000
2824.675000
2852.825000
2881.825000
2910.975000
2940.250000
2969.125000
2997.275000
3026.250000
3055.475000
3084.675000
3113.550000
3141.800000
3170.725000
3199.875000
3229.175000
3258.000000
3286.100000
3315.150000
3344.275000
3373.525000
3402.450000
3430.550000
3459.550000
3488.725000
3517.975000
3546.900000
3575.050000
3604.100000
3633.225000
3662.475000
3691.400000
3719.500000
3748.475000
3777.600000
3806.900000
3835.775000
3863.875000
3892.925000
3922.000000
3951.300000
3980.225000
4008.325000
4037.325000
4066.625000
4095.750000
4124.675000
4152.825000
4181.825000
4210.975000
4240.250000
4269.125000
4297.275000
4326.250000
4355.475000
4384.700000
4413.550000
4441.800000
4470.725000
4499.875000
4529.175000
4558.000000
4586.100000
4615.150000
4644.275000
4673.525000
4702.450000
4730.550000
4759.550000
4788.725000
4817.975000
4846.900000
4875.050000
4904.100000
4933.225000
4962.475000
4991.400000
5019.500000
5048.475000
5077.600000
5106.925000
5135.850000
5164.925000
5195.375000
5224.800000
5254.225000
5284.725000
5313.875000
5344.800000
5374.875000
5405.700000
5435.975000
5467.825000
5498.350000
5530.125000
5562.225000
5593.100000
5624.875000
5657.375000
5690.125000
5722.450000
5755.275000
5787.675000
5820.675000
5854.000000
5887.325000
5920.800000
5955.175000
5990.000000
6024.575000
6059.300000
6094.775000
6130.225000
6165.850000
6202.300000
6238.725000
6274.975000
6312.375000
6349.600000
6387.225000
6425.000000
6463.575000
6502.500000
6541.650000
6581.425000
6621.900000
6662.800000
6703.975000
6745.925000
6788.400000
6831.575000
6875.250000
6919.725000
6965.050000
7011.425000
7058.525000
7107.150000
7156.950000
7208.100000
7260.975000
7315.900000
7373.625000
7434.650000
7500.650000
7575.800000
7659.200000
7758.150000
8583.225000
8668.450000
13595.200000
20512.200001
27726.975001
34842.625001
42040.374999
49275.924998
56434.624996
63617.524994
70756.699993
77944.299991
