1.000000
27.000000
8063.475000
8140.500000
8214.075000
8284.775000
8353.250000
8420.425000
8486.550000
8552.125000
8617.000000
8681.250000
8745.225000
8808.575000
8871.525000
8934.475000
8996.975000
9059.150000
9121.100000
9182.900000
9244.525000
9305.875000
9367.125000
9428.100000
9488.800000
9549.225000
9609.575000
9669.625000
9729.675000
9789.350000
9848.625000
9907.850000
9966.750000
10025.125000
10083.250000
10141.250000
10198.750000
10256.250000
10313.450000
10370.250000
10426.600000
10482.750000
10538.650000
10594.200000
10649.350000
10704.250000
10758.650000
10812.900000
10866.700000
10920.100000
10973.450000
11026.225000
11079.000000
11131.250000
11183.300000
11235.100000
11286.425000
11337.575000
11388.600000
11439.575000
11490.425000
11541.150000
11591.675000
11642.100000
11692.550000
11742.875000
11793.050000
11843.175000
11893.250000
11943.275000
11993.250000
12043.175000
12093.075000
12142.950000
12192.800000
12242.650000
12292.500000
12342.350000
12392.100000
12441.775000
12491.450000
12541.150000
12590.850000
12640.450000
12690.000000
12739.475000
12788.875000
12838.200000
12887.475000
12936.675000
12985.925000
13035.200000
13084.475000
13133.475000
13182.500000
13231.550000
13280.500000
13329.525000
13378.575000
13427.475000
13476.225000
13524.975000
13573.800000
13622.600000
13671.275000
13720.050000
13768.950000
13817.850000
13866.550000
13915.125000
13963.750000
14012.525000
14061.125000
14109.700000
14158.275000
14207.025000
14255.650000
14304.225000
14352.800000
14401.500000
14450.100000
14498.600000
14547.200000
14595.900000
14644.525000
14693.050000
14741.650000
14790.350000
14838.925000
14887.450000
14936.025000
14984.725000
15033.300000
15081.850000
15130.450000
15179.200000
15227.750000
15276.275000
15324.875000
15373.575000
15422.150000
15470.675000
15519.300000
15568.025000
15616.625000
15665.150000
15713.725000
15762.450000
15811.000000
15859.550000
15908.150000
15956.875000
16005.475000
16054.050000
16102.625000
16151.325000
16199.900000
16248.425000
16297.050000
16345.750000
16394.350000
16442.900000
16491.525000
16540.225000
16588.775000
16637.325000
16685.900000
16734.625000
16783.200000
16831.775000
16880.375000
16929.125000
16977.675000
17026.200000
17074.825000
17123.525000
17172.100000
17220.625000
17269.275000
17317.975000
17366.600000
17415.125000
17463.700000
17512.425000
17560.975000
17609.525000
17658.125000
17706.875000
17755.450000
17804.025000
17852.600000
17901.300000
17949.875000
17998.400000
18047.025000
18095.725000
18144.325000
18192.875000
18241.525001
18290.200001
18338.775001
18387.325001
18435.900001
18484.625001
18533.200001
18581.775001
18630.375001
18679.125001
18727.675001
18776.200001
18824.825001
18873.525001
18922.100001
18970.625001
19019.275001
19067.975001
19116.600001
19165.125001
19213.700001
19262.425001
19310.975001
19359.525001
19408.125001
19456.875001
19505.450001
19554.025001
19602.600001
19651.300001
19699.875001
19748.400001
19797.025001
19845.725001
19894.325001
19942.875001
19991.525001
20040.200001
20088.775001
20137.350001
20186.000001
20234.825001
20283.600001
20332.450001
20381.400001
20430.425001
20479.600001
20528.875001
20578.000001
20627.225001
20676.475001
20725.850001
20775.275001
20824.775001
20874.425001
20924.200001
20974.025001
21023.850001
21073.725001
21123.675001
21173.700001
21223.800001
21273.975001
21324.300001
21374.675001
21425.000001
21475.425001
21525.975001
21576.525001
21627.250001
21678.150001
21729.150001
21780.150001
21831.200001
21882.350001
21933.600001
21984.975001
22036.250001
22087.675001
22139.325001
22191.125001
22242.925001
22294.875001
22346.900001
22398.950001
22451.250001
22503.575001
22556.175001
22608.725001
22661.450001
22714.175001
22767.275001
22820.375001
22873.675001
22926.975001
22980.525001
23034.300001
23088.075001
23142.100001
23196.325001
23250.725001
23305.250001
23359.825001
23414.625001
23469.650001
23524.825001
23580.250001
23635.850001
23691.650001
23747.575001
23803.800001
23860.175001
23916.850001
23973.700001
24030.700001
24087.875001
24145.450001
24203.025001
24260.825001
24318.875001
24376.975001
24435.350001
24493.775001
24552.400001
24611.050001
24669.800001
24728.850001
24787.825001
24847.025001
24906.400001
24965.850001
25025.425001
25085.225001
25145.150001
25205.200001
25265.250001
25325.500001
25385.925001
25446.525001
25507.325001
25568.200001
25629.225001
25690.375001
25751.675001
25813.150001
25874.775001
25936.475001
25998.375001
26060.425001
26122.725001
26185.175001
26247.750001
26310.500001
26373.475001
26436.525001
26499.800001
26563.275001
26626.900001
26690.800001
26754.825001
26819.100001
26883.475001
26948.075001
27012.950001
27077.925001
27143.125001
27208.550001
27274.250001
27340.200001
27406.350001
27472.725001
27539.325001
27606.200001
27673.350001
27740.725001
27808.350001
27876.225001
27944.375001
28012.850001
28081.600001
28150.675001
28220.075001
28289.825001
28359.825001
28430.250001
28501.025001
28572.125001
28643.650001
28715.600001
28788.000001
28860.900001
28934.375001
29008.450001
29083.225001
29158.700001
29234.850001
29311.675001
29389.150001
29467.325001
29546.250001
29625.925001
29706.525001
29788.125001
29870.925001
29955.200001
30041.450001
30130.100001
30221.400001
30316.100001
30414.600001
30517.625001
30694.575001
30784.900001
30884.075001
31107.200001
31199.175001
31453.000001
31545.200001
31794.075001
31886.400001
32134.450001
32226.750001
32474.600001
32566.900001
32814.725001
32907.025001
33154.800001
33247.100001
33494.925001
33587.225001
33835.025001
33927.325001
34175.125001
34267.425001
34515.250001
34607.550001
34855.325001
34947.625001
