100.000000
23.000000
7488.025000
7557.975000
7627.950000
7696.950000
7764.800000
7831.925000
7898.350000
7964.250000
8029.950000
8095.150000
8159.775000
8224.275000
8288.325000
8352.275000
8415.725000
8479.125000
8542.075000
8604.800000
8667.500000
8729.950000
8791.975000
8853.700000
8915.100000
8976.225000
9037.100000
9097.750000
9158.150000
9218.300000
9277.950000
9337.225000
9396.400000
9455.200000
9513.675000
9571.800000
9629.900000
9687.475000
9744.950000
9802.250000
9859.225000
9916.025000
9972.700000
10029.225000
10085.450000
10141.550000
10197.375000
10253.150000
10308.850000
10364.550000
10420.275000
10475.925000
10531.550000
10587.075000
10642.650000
10698.175000
10753.725000
10809.225000
10864.725000
10920.275000
10975.800000
11031.350000
11086.825000
11142.425000
11197.925000
11253.450000
11308.925000
11364.400000
11419.875000
11475.275000
11530.675000
11586.075000
11641.575000
11697.025000
11752.500000
11808.025000
11863.525000
11919.100000
11974.625000
12030.200000
12085.725000
12141.300000
12196.825000
12252.375000
12307.925000
12363.475000
12419.050000
12474.600000
12530.175000
12585.700000
12641.300000
12696.825000
12752.375000
12807.925000
12863.475000
12919.050000
12974.575000
13030.175000
13085.700000
13141.300000
13196.825000
13252.350000
13307.925000
13363.475000
13419.050000
13474.575000
13530.175000
13585.700000
13641.300000
13696.825000
13752.350000
13807.925000
13863.475000
13919.050000
13974.575000
14030.175000
14085.700000
14141.300000
14196.825000
14252.350000
14307.925000
14363.475000
14419.050000
14474.575000
14530.175000
14585.700000
14641.300000
14696.825000
14752.350000
14807.925000
14863.475000
14919.050000
14974.575000
15030.175000
15085.700000
15141.300000
15196.825000
15252.350000
15307.925000
15363.475000
15419.050000
15474.575000
15530.175000
15585.700000
15641.300000
15696.825000
15752.350000
15807.925000
15863.475000
15919.050000
15974.575000
16030.175000
16085.700000
16141.300000
16196.825000
16252.350000
16307.925000
16363.475000
16419.050000
16474.575000
16530.175000
16585.700000
16641.300000
16696.825000
16752.350000
16807.925000
16863.475000
16919.050000
16974.575000
17030.175000
17085.700000
17141.300000
17196.825000
17252.350000
17307.925000
17363.475000
17419.050000
17474.575000
17530.175000
17585.700000
17641.300000
17696.825000
17752.350000
17807.925000
17863.475000
17919.050000
17974.575000
18030.175000
18085.700000
18141.300000
18196.825000
18252.350001
18307.925001
18363.475001
18419.050001
18474.575001
18530.175001
18585.700001
18641.300001
18696.825001
18752.350001
18807.925001
18863.475001
18919.050001
18974.575001
19030.175001
19085.700001
19141.300001
19196.825001
19252.350001
19307.925001
19363.475001
19419.050001
19474.575001
19530.175001
19585.700001
19641.300001
19696.825001
19752.350001
19807.925001
19863.475001
19919.050001
19974.575001
20030.175001
20085.700001
20141.350001
20196.950001
20252.600001
20308.300001
20364.000001
20419.900001
20475.900001
20531.950001
20588.100001
20644.450001
20700.950001
20757.575001
20814.075001
20870.675001
20927.450001
20984.475001
21041.500001
21098.450001
21155.675001
21213.075001
21270.475001
21328.000001
21385.700001
21443.400001
21501.350001
21559.250001
21617.575001
21675.775001
21734.275001
21792.750001
21851.400001
21909.950001
21968.925001
22027.875001
22086.900001
22146.250001
22205.600001
22265.000001
22324.675001
22384.525001
22444.375001
22504.325001
22564.425001
22624.800001
22685.375001
22746.100001
22806.950001
22867.975001
22929.125001
22990.400001
23051.850001
23113.475001
23175.175001
23237.025001
23299.050001
23361.325001
23423.825001
23486.375001
23549.100001
23612.250001
23675.425001
23738.800001
23802.475001
23866.325001
23930.450001
23994.750001
24059.250001
24124.125001
24189.125001
24254.350001
24319.900001
24385.800001
24452.000001
24518.550001
24585.375001
24652.500001
24719.900001
24787.575001
24855.725001
24924.350001
24993.300001
25062.800001
25132.675001
25203.150001
25274.250001
25345.975001
25418.375001
25491.500001
25565.300001
25640.175001
25716.050001
25793.225001
25871.650001
25951.550001
26033.000001
26116.150001
26201.525001
26289.725001
26501.000001
26580.725001
26668.925001
26971.900001
27051.300001
27144.250001
27564.775001
27646.575001
28223.625001
28312.000001
