10.000000
5.000000
5607.925000
5712.900000
5823.825000
5935.300000
6044.875000
6151.975000
6256.875000
6359.475000
6460.075000
6559.100000
6656.650000
6752.575000
6847.225000
6940.575000
7032.800000
7124.125000
7214.250000
7303.400000
7391.775000
7479.250000
7565.675000
7651.525000
7736.475000
7820.750000
7904.275000
7987.150000
8069.475000
8151.175000
8232.150000
8312.600000
8392.475000
8471.800000
8550.625000
8629.000000
8706.725000
8783.825000
8860.450000
8936.525000
9012.225000
9087.200000
9161.825000
9235.925000
9309.375000
9382.275000
9454.575000
9526.125000
9596.925000
9666.450000
9734.375000
9800.525000
9865.175000
9929.025000
9991.775000
10053.850000
10115.100000
10175.875000
10236.025000
10295.700000
10354.675000
10413.350000
10471.600000
10529.725000
10587.325000
10644.675000
10701.700000
10758.325000
10814.750000
10870.975000
10927.000000
10983.075000
11038.850000
11094.500000
11149.975000
11205.300000
11260.400000
11315.275000
11369.925000
11424.525000
11479.050000
11533.200000
11587.225000
11641.300000
11695.375000
11749.200000
11802.975000
11856.825000
11910.450000
11964.000000
12017.675000
12070.925000
12124.275000
12177.500000
12230.500000
12283.525000
12336.375000
12389.475000
12442.525000
12495.650000
12548.475000
12601.450000
12654.300000
12707.325000
12760.225000
12813.325000
12866.375000
12919.275000
12972.200000
13025.025000
13077.950000
13130.775000
13183.750000
13236.650000
13289.825000
13342.775000
13395.775000
13448.550000
13501.500000
13554.350000
13607.375000
13660.325000
13713.400000
13766.450000
13819.325000
13872.225000
13925.050000
13977.975000
14030.800000
14083.800000
14136.750000
14189.900000
14242.825000
14295.800000
14348.600000
14401.550000
14454.400000
14507.425000
14560.400000
14613.475000
14666.475000
14719.350000
14772.275000
14825.075000
14878.000000
14930.850000
14983.875000
15036.850000
15090.000000
15142.875000
15195.850000
15248.625000
15301.575000
15354.450000
15407.475000
15460.475000
15513.525000
15566.525000
15619.375000
15672.300000
15725.100000
15778.050000
15830.900000
15883.975000
15936.950000
15990.075000
16042.900000
16095.875000
16148.650000
16201.600000
16254.500000
16307.550000
16360.575000
16413.575000
16466.550000
16519.400000
16572.325000
16625.125000
16678.100000
16730.975000
16784.075000
16837.050000
16890.125000
16942.950000
16995.900000
17048.675000
17101.650000
17154.550000
17207.625000
17260.650000
17313.600000
17366.600000
17419.425000
17472.350000
17525.150000
17578.125000
17631.025000
17684.175000
17737.125000
17790.175000
17842.975000
17895.950000
17948.725000
18001.700000
18054.600000
18107.700000
18160.700000
18213.650000
18266.625001
18319.450001
18372.375001
18425.175001
18478.175001
18531.125001
18584.275001
18637.175001
18690.200001
18743.025001
18795.975001
18848.750001
18901.725001
18954.675001
19007.775001
19060.775001
19113.675001
19166.650001
19219.475001
19272.400001
19325.225001
19378.225001
19431.200001
19484.350001
19537.225001
19590.225001
19643.050001
19696.000001
19748.775001
19801.775001
19854.750001
19907.825001
19960.825001
20013.700001
20066.675001
20119.525001
20172.625001
20225.775001
20279.175001
20332.425001
20385.825001
20439.375001
20492.925001
20546.625001
20600.525001
20654.325001
20708.200001
20762.300001
20816.400001
20870.550001
20924.825001
20979.275001
21033.725001
21088.350001
21143.000001
21197.750001
21252.625001
21307.675001
21362.850001
21418.075001
21473.375001
21528.850001
21584.400001
21640.050001
21695.750001
21751.500001
21807.450001
21863.500001
21919.575001
21975.775001
22032.100001
22088.525001
22145.225001
22201.975001
22258.725001
22315.600001
22372.650001
22429.900001
22487.150001
22544.525001
22602.050001
22659.650001
22717.500001
22775.325001
22833.275001
22891.400001
22949.625001
23008.025001
23066.550001
23125.100001
23183.925001
23242.850001
23301.925001
23361.125001
23420.425001
23480.025001
23539.775001
23599.575001
23659.500001
23719.550001
23779.875001
23840.350001
23900.950001
23961.750001
24022.725001
24083.825001
24145.150001
24206.650001
24268.200001
24329.975001
24391.850001
24453.875001
24516.075001
24578.600001
24641.225001
24703.975001
24766.900001
24830.025001
24893.275001
24956.800001
25020.425001
25084.350001
25148.350001
25212.625001
25277.000001
25341.675001
25406.600001
25471.650001
25536.950001
25602.475001
25668.225001
25734.225001
25800.425001
25866.850001
25933.450001
26000.325001
26067.550001
26135.000001
26202.625001
26270.550001
26338.725001
26407.275001
26476.025001
26545.200001
26614.625001
26684.450001
26754.525001
26824.975001
26895.850001
26967.100001
27038.775001
27110.925001
27183.600001
27256.900001
27330.800001
27405.500001
27481.075001
27557.725001
27635.300001
27713.625001
27792.600001
27872.175001
27952.350001
28033.125001
28114.475001
28196.550001
28279.250001
28362.600001
28446.675001
28531.500001
28617.125001
28703.575001
28790.950001
28879.275001
28968.625001
29059.100001
29150.850001
29244.075001
29339.075001
29436.325001
29536.025001
29638.450001
29744.450001
29856.475001
30396.575001
30508.150001
30631.425001
31110.775001
31222.375001
31345.500001
31824.550001
31936.125001
32059.250001
32538.300001
32649.875001
32773.000001
33252.050001
33363.625001
33486.750001
33965.800001
34077.400001
34200.525001
34679.575001
34791.150001
34914.275001
