10.000000
21.000000
6792.500000
6879.500000
6964.000000
7044.650000
7121.875000
7196.350000
7268.375000
7338.300000
7407.100000
7474.650000
7541.325000
7607.150000
7672.100000
7736.425000
7800.375000
7863.750000
7926.450000
7988.650000
8050.275000
8111.250000
8171.725000
8231.775000
8291.450000
8350.825000
8409.750000
8468.550000
8526.975000
8585.375000
8643.350000
8701.275000
8758.825000
8816.425000
8873.775000
8930.850000
8987.800000
9044.700000
9101.450000
9158.000000
9214.325000
9270.550000
9326.400000
9382.075000
9437.450000
9492.675000
9547.625000
9602.450000
9657.075000
9711.275000
9765.150000
9818.950000
9872.450000
9925.625000
9978.900000
10031.650000
10084.425000
10136.775000
10189.075000
10241.125000
10292.850000
10344.300000
10395.600000
10446.675000
10497.500000
10548.150000
10598.600000
10648.850000
10699.025000
10749.175000
10799.275000
10849.325000
10899.350000
10949.300000
10999.200000
11049.050000
11098.800000
11148.500000
11198.250000
11248.025000
11297.825000
11347.575000
11397.225000
11446.950000
11496.700000
11546.500000
11596.225000
11645.850000
11695.475000
11745.025000
11794.450000
11843.750000
11893.025000
11942.275000
11991.550000
12040.800000
12090.075000
12139.100000
12188.125000
12237.150000
12286.025000
12334.950000
12383.700000
12432.325000
12480.850000
12529.475000
12577.875000
12626.150000
12674.550000
12722.975000
12771.150000
12819.325000
12867.650000
12915.675000
12963.700000
13011.800000
13059.675000
13107.600000
13155.400000
13202.925000
13250.575000
13298.050000
13345.600000
13392.825000
13440.150000
13487.250000
13534.525000
13581.625000
13628.900000
13675.950000
13723.225000
13770.300000
13817.600000
13864.650000
13911.925000
13959.000000
14006.300000
14053.375000
14100.625000
14147.675000
14194.850000
14241.875000
14288.925000
14335.925000
14383.025000
14430.150000
14477.250000
14524.450000
14571.575000
14618.800000
14665.925000
14713.175000
14760.250000
14807.475000
14854.550000
14901.675000
14948.600000
14995.750000
15042.775000
15089.975000
15136.975000
15184.250000
15231.325000
15278.625000
15325.675000
15372.950000
15420.025000
15467.325000
15514.325000
15561.450000
15608.425000
15655.500000
15702.525000
15749.625000
15796.775000
15843.900000
15891.125000
15938.225000
15985.475000
16032.600000
16079.850000
16126.900000
16174.100000
16221.075000
16268.225000
16315.175000
16362.350000
16409.350000
16456.600000
16503.650000
16550.900000
16597.975000
16645.250000
16692.350000
16739.600000
16786.650000
16833.850000
16880.875000
16927.975000
16974.950000
17022.050000
17069.125000
17116.250000
17163.400000
17210.525000
17257.750000
17304.900000
17352.100000
17399.200000
17446.425000
17493.475000
17540.650000
17587.625000
17634.775000
17681.750000
17728.950000
17775.950000
17823.200000
17870.250000
17917.575000
17964.600000
18011.875000
18058.925000
18106.175000
18153.225000
18200.400000
18247.375001
18294.475001
18341.500001
18388.575001
18435.700001
18482.825001
18530.050001
18577.125001
18624.350001
18671.450001
18718.700001
18765.800001
18813.000001
18860.000001
18907.150001
18954.150001
19001.275001
19048.275001
19095.500001
19142.550001
19189.800001
19236.850001
19284.125001
19331.200001
19378.500001
19425.550001
19472.775001
19519.825001
19566.975001
19613.900001
19660.975001
19708.025001
19755.150001
19802.300001
19849.425001
19896.625001
19943.750001
19991.025001
20038.100001
20085.350001
20132.475001
20179.800001
20227.000001
20274.400001
20321.775001
20369.175001
20416.575001
20463.875001
20511.375001
20558.825001
20606.625001
20654.175001
20701.925001
20749.725001
20797.425001
20845.425001
20893.225001
20941.275001
20989.300001
21037.325001
21085.525001
21133.775001
21181.950001
21230.250001
21278.750001
21327.100001
21375.600001
21424.225001
21472.950001
21521.600001
21570.325001
21619.125001
21668.000001
21716.825001
21765.625001
21814.575001
21863.625001
21912.750001
21961.975001
22011.150001
22060.375001
22109.675001
22159.025001
22208.425001
22257.950001
22307.600001
22357.325001
22407.050001
22456.825001
22506.700001
22556.625001
22606.625001
22656.700001
22706.800001
22756.925001
22807.125001
22857.400001
22907.775001
22958.150001
23008.500001
23059.000001
23109.600001
23160.200001
23210.925001
23261.750001
23312.675001
23363.575001
23414.550001
23465.600001
23516.750001
23568.000001
23619.250001
23670.550001
23721.975001
23773.500001
23825.000001
23876.550001
23928.350001
23980.200001
24032.025001
24084.050001
24136.050001
24188.150001
24240.400001
24292.650001
24345.100001
24397.500001
24450.025001
24502.575001
24555.275001
24608.050001
24660.900001
24713.800001
24766.850001
24819.925001
24873.250001
24926.475001
24979.950001
25033.450001
25087.025001
25140.775001
25194.600001
25248.425001
25302.425001
25356.625001
25410.800001
25465.100001
25519.500001
25574.050001
25628.800001
25683.575001
25738.475001
25793.500001
25848.650001
25903.975001
25959.425001
26015.025001
26070.800001
26126.725001
26182.950001
26239.400001
26296.075001
26352.950001
26410.100001
26467.625001
26525.300001
26583.225001
26641.375001
26699.700001
26758.225001
26816.925001
26875.775001
26934.875001
26994.075001
27053.450001
27113.050001
27172.800001
27232.725001
27292.825001
27353.050001
27413.500001
27474.175001
27535.050001
27596.100001
27657.400001
27718.925001
27780.650001
27842.650001
27904.950001
27967.600001
28030.550001
28093.925001
28157.850001
28222.300001
28287.350001
28352.975001
28419.125001
28485.700001
28552.675001
28620.000001
28687.700001
28755.775001
28824.275001
28893.175001
28962.525001
29032.325001
29102.675001
29173.650001
29245.275001
29317.775001
29391.175001
29465.575001
29541.025001
29617.550001
29695.250001
29774.100001
29853.950001
29934.700001
30016.325001
30098.850001
30181.675001
30264.875001
30348.475001
30432.525001
30517.075001
30602.150001
30687.700001
30773.625001
30859.750001
30946.050001
31032.425001
31118.850001
31205.300001
31291.775001
31378.275001
31464.775001
31551.275001
31637.775001
31724.275001
31810.800001
31897.300001
31983.825001
32070.325001
32156.825001
32243.350001
32329.850001
32416.375001
32502.900001
32589.400001
32675.925001
32762.425001
32848.950001
32935.475001
33021.975001
33108.500001
33195.025001
33281.525001
33368.050001
33454.550001
33541.075001
33627.600001
33714.100001
33800.625001
33887.150001
33973.650001
34060.175001
34146.675001
34233.200001
34319.725001
34406.225001
34492.750001
34579.250001
34665.775001
34752.300001
34838.800001
34925.325001
