1.000000
21.000000
6939.000000
7020.475000
7098.325000
7172.825000
7245.100000
7315.500000
7384.775000
7452.825000
7519.925000
7586.100000
7651.475000
7715.975000
7780.050000
7843.350000
7906.350000
7969.000000
8031.225000
8093.125000
8154.775000
8216.275000
8277.400000
8338.250000
8398.650000
8458.625000
8518.475000
8577.875000
8637.025000
8696.150000
8755.000000
8813.650000
8872.050000
8930.300000
8988.275000
9046.125000
9103.525000
9160.650000
9217.500000
9273.750000
9329.675000
9385.300000
9440.650000
9495.725000
9550.475000
9605.000000
9659.250000
9713.325000
9767.125000
9820.500000
9873.700000
9926.475000
9979.325000
10031.775000
10084.300000
10136.475000
10188.675000
10240.850000
10292.800000
10344.600000
10396.250000
10447.675000
10498.925000
10550.050000
10601.075000
10651.775000
10702.275000
10752.500000
10802.500000
10852.350000
10902.150000
10951.825000
11001.350000
11050.900000
11100.325000
11149.700000
11198.950000
11248.250000
11297.525000
11346.900000
11396.250000
11445.675000
11495.025000
11544.375000
11593.600000
11642.900000
11692.175000
11741.525000
11790.900000
11840.275000
11889.650000
11938.925000
11988.200000
12037.450000
12086.700000
12135.975000
12185.375000
12234.775000
12284.125000
12333.425000
12382.700000
12431.975000
12481.225000
12530.525000
12579.925000
12629.350000
12678.750000
12728.025000
12777.275000
12826.500000
12875.775000
12925.050000
12974.400000
13023.750000
13073.150000
13122.425000
13171.700000
13220.925000
13270.200000
13319.475000
13368.850000
13418.250000
13467.650000
13516.975000
13566.275000
13615.450000
13664.725000
13713.950000
13763.325000
13812.700000
13862.075000
13911.325000
13960.600000
14009.825000
14059.075000
14108.350000
14157.725000
14207.125000
14256.500000
14305.775000
14355.075000
14404.350000
14453.625000
14502.875000
14552.225000
14601.575000
14650.950000
14700.225000
14749.475000
14798.700000
14847.975000
14897.225000
14946.600000
14995.950000
15045.350000
15094.650000
15143.925000
15193.150000
15242.450000
15291.750000
15341.125000
15390.500000
15439.850000
15489.100000
15538.375000
15587.600000
15636.850000
15686.100000
15735.475000
15784.850000
15834.225000
15883.500000
15932.775000
15982.025000
16031.300000
16080.575000
16129.950000
16179.375000
16228.775000
16278.025000
16327.275000
16376.475000
16425.750000
16475.025000
16524.375000
16573.725000
16623.125000
16672.400000
16721.650000
16770.875000
16820.150000
16869.450000
16918.825000
16968.200000
17017.600000
17066.925000
17116.200000
17165.425000
17214.675000
17263.900000
17313.275000
17362.650000
17412.025000
17461.275000
17510.550000
17559.775000
17609.025000
17658.300000
17707.675000
17757.075000
17806.450000
17855.750000
17905.025000
17954.300000
18003.575000
18052.825000
18102.175000
18151.525000
18200.900000
18250.200001
18299.450001
18348.650001
18397.925001
18447.200001
18496.575001
18545.925001
18595.325001
18644.625001
18693.900001
18743.125001
18792.425001
18841.725001
18891.100001
18940.475001
18989.825001
19039.075001
19088.350001
19137.575001
19186.825001
19236.075001
19285.450001
19334.850001
19384.200001
19433.475001
19482.750001
19532.000001
19581.275001
19630.550001
19679.950001
19729.350001
19778.750001
19828.000001
19877.275001
19926.475001
19975.750001
20025.000001
20074.375001
20123.750001
20173.200001
20222.675001
20272.125001
20321.625001
20371.175001
20420.750001
20470.425001
20520.225001
20570.100001
20620.025001
20670.000001
20720.050001
20770.175001
20820.350001
20870.550001
20920.750001
20970.950001
21021.275001
21071.800001
21122.325001
21173.025001
21223.725001
21274.475001
21325.225001
21376.025001
21426.925001
21477.950001
21529.075001
21580.200001
21631.400001
21682.725001
21734.225001
21785.675001
21837.125001
21888.675001
21940.300001
21991.900001
22043.600001
22095.575001
22147.350001
22199.275001
22251.400001
22303.475001
22355.675001
22407.950001
22460.250001
22512.700001
22565.075001
22617.750001
22670.325001
22723.150001
22775.900001
22828.900001
22881.750001
22934.775001
22987.725001
23040.975001
23094.225001
23147.450001
23200.925001
23254.375001
23307.950001
23361.600001
23415.275001
23469.100001
23523.075001
23577.025001
23631.075001
23685.325001
23739.625001
23793.975001
23848.350001
23902.775001
23957.425001
24012.150001
24066.900001
24121.725001
24176.600001
24231.600001
24286.700001
24341.925001
24397.200001
24452.575001
24508.075001
24563.650001
24619.325001
24675.075001
24730.925001
24786.900001
24843.000001
24899.150001
24955.500001
25011.950001
25068.550001
25125.125001
25181.825001
25238.650001
25295.650001
25352.675001
25409.800001
25467.150001
25524.600001
25582.100001
25639.825001
25697.575001
25755.500001
25813.525001
25871.675001
25930.075001
25988.500001
26047.075001
26105.750001
26164.550001
26223.600001
26282.700001
26342.000001
26401.450001
26461.000001
26520.700001
26580.575001
26640.700001
26700.975001
26761.425001
26822.025001
26882.850001
26943.925001
27005.225001
27066.750001
27128.550001
27190.650001
27253.025001
27315.725001
27378.900001
27442.425001
27506.450001
27570.800001
27635.550001
27700.650001
27766.050001
27831.750001
27897.700001
27963.925001
28030.425001
28097.200001
28164.225001
28231.575001
28299.200001
28367.175001
28435.450001
28504.025001
28572.925001
28642.200001
28711.850001
28781.900001
28852.375001
28923.325001
28994.825001
29066.925001
29139.825001
29213.650001
29288.650001
29364.825001
29442.100001
29520.275001
29599.250001
29679.000001
29759.550001
29840.950001
29923.225001
30006.500001
30090.825001
30175.750001
30261.275001
30347.550001
30434.725001
30523.175001
30613.075001
30704.325001
30796.775001
30890.625001
30985.875001
31081.900001
31178.325001
31275.000001
31371.900001
31469.125001
31566.750001
31664.875001
31763.650001
31863.250001
31963.625001
32064.575001
32165.800001
32267.175001
32368.575001
32469.975001
32571.375001
32672.775001
32774.150001
32875.550001
32976.925001
33078.300001
33179.675001
33281.050001
33382.400001
33483.775001
33585.125001
33686.500001
33787.875001
33889.250001
33990.600001
34091.975001
34193.350001
34294.725001
34396.075001
34497.450001
34598.800001
34700.175001
34801.550001
34902.925001
