1.000000
32.000000
9904.150000
9977.550000
10047.200000
10113.475000
10177.525000
10240.325000
10302.025000
10363.000000
10423.225000
10482.750000
10541.950000
10600.925000
10659.475000
10718.075000
10776.200000
10834.525000
10892.550000
10950.625000
11008.450000
11066.150000
11123.900000
11181.300000
11238.650000
11295.850000
11352.675000
11409.300000
11465.650000
11521.850000
11577.775000
11633.450000
11688.900000
11744.250000
11799.400000
11854.550000
11909.500000
11964.325000
12019.250000
12074.050000
12128.925000
12183.450000
12237.850000
12292.350000
12346.875000
12401.300000
12455.550000
12509.625000
12563.750000
12618.000000
12672.025000
12726.000000
12780.150000
12834.250000
12888.150000
12942.125000
12996.075000
13049.850000
13103.650000
13157.625000
13211.425000
13265.075000
13318.925000
13372.700000
13426.275000
13480.075000
13533.750000
13587.300000
13641.025000
13694.625000
13748.100000
13801.750000
13855.225000
13908.575000
13962.125000
14015.350000
14068.800000
14122.100000
14175.200000
14228.475000
14281.575000
14334.725000
14387.500000
14440.475000
14493.150000
14545.975000
14598.525000
14651.250000
14703.775000
14756.475000
14808.875000
14861.300000
14913.625000
14965.850000
15018.225000
15070.325000
15122.450000
15174.525000
15226.375000
15278.400000
15330.325000
15382.000000
15433.750000
15485.525000
15537.175000
15588.750000
15640.375000
15691.825000
15743.200000
15794.700000
15846.175000
15897.525000
15948.800000
16000.200000
16051.600000
16102.850000
16154.150000
16205.500000
16256.925000
16308.175000
16359.425000
16410.725000
16462.200000
16513.500000
16564.750000
16616.125000
16667.650000
16719.000000
16770.275000
16821.575000
16873.050000
16924.425000
16975.675000
17026.925000
17078.325000
17129.750000
17180.950000
17232.100000
17283.325000
17334.625000
17385.825000
17437.000000
17488.250000
17539.675000
17591.050000
17642.300000
17693.500000
17744.775000
17796.000000
17847.125000
17898.275000
17949.450000
18000.850000
18052.150000
18103.350000
18154.550000
18205.725000
18256.975001
18308.100001
18359.225001
18410.400001
18461.700001
18513.000001
18564.050001
18615.125001
18666.300001
18717.625001
18768.850001
18819.950001
18870.975001
18922.100001
18973.300001
19024.450001
19075.500001
19126.475001
19177.525001
19228.750001
19279.900001
19330.875001
19381.825001
19432.800001
19483.900001
19534.975001
19585.850001
19636.700001
19687.550001
19738.425001
19789.375001
19840.300001
19891.200001
19941.975001
19992.750001
20043.425001
20094.225001
20145.150001
20196.075001
20246.975001
20297.875001
20348.825001
20399.925001
20451.150001
20502.375001
20553.700001
20605.125001
20656.750001
20708.175001
20759.675001
20811.300001
20863.150001
20914.975001
20966.975001
21019.025001
21071.000001
21123.325001
21175.500001
21227.900001
21280.350001
21332.900001
21385.650001
21438.400001
21491.350001
21544.275001
21597.225001
21650.375001
21703.600001
21757.075001
21810.450001
21863.975001
21917.775001
21971.450001
22025.325001
22079.425001
22133.475001
22187.575001
22241.875001
22296.400001
22351.125001
22405.800001
22460.600001
22515.525001
22570.575001
22625.800001
22681.200001
22736.750001
22792.500001
22848.325001
22904.275001
22960.400001
23016.825001
23073.425001
23130.175001
23187.075001
23244.225001
23301.625001
23359.175001
23417.150001
23475.250001
23533.625001
23592.325001
23651.400001
23710.600001
23770.175001
23830.150001
23890.325001
23950.775001
24011.450001
24072.425001
24133.675001
24195.375001
24257.400001
24319.650001
24382.225001
24445.350001
24508.800001
24572.750001
24637.125001
24702.100001
24767.625001
24833.550001
24899.975001
24967.075001
25034.800001
25103.050001
25171.800001
25241.250001
25310.925001
25381.050001
25451.600001
25522.325001
25593.425001
25664.900001
25736.750001
25808.975001
25881.550001
25954.425001
26027.625001
26101.325001
26175.350001
26249.725001
26324.675001
26399.900001
26475.650001
26551.975001
26628.725001
26705.975001
26783.725001
26862.050001
26941.025001
27020.600001
27100.725001
27181.675001
27263.300001
27345.775001
27429.025001
27513.275001
27598.550001
27685.025001
27772.850001
27862.375001
27954.050001
28048.975001
28199.925001
28290.725001
28520.625001
28612.350001
29031.025001
30606.800001
31348.725001
32048.125001
32747.750001
33447.300001
34146.800001
34846.275001
