200.000000
5.000000
16679.525000
16733.425000
16785.525000
16835.725000
16884.375000
16931.625000
16977.775000
17023.075000
17067.600000
17111.600000
17154.900000
17197.850000
17240.200000
17282.125000
17323.775000
17365.000000
17406.250000
17447.100000
17487.625000
17528.200000
17568.525000
17608.625000
17648.250000
17687.900000
17727.300000
17766.575000
17805.725000
17844.825000
17883.775000
17922.650000
17961.250000
17999.625000
18038.050000
18076.200000
18114.550000
18152.675000
18190.875000
18228.875001
18267.025001
18304.900001
18342.675001
18380.450001
18418.200001
18456.075001
18493.800001
18531.450001
18569.050001
18606.575001
18644.050001
18681.500001
18718.975001
18756.450001
18793.875001
18831.325001
18868.775001
18906.250001
18943.625001
18981.075001
19018.375001
19055.475001
19092.525001
19129.800001
19167.125001
19204.050001
19241.125001
19278.375001
19315.275001
19352.250001
19389.425001
19426.225001
19463.225001
19500.350001
19537.150001
19574.200001
19611.125001
19648.000001
19685.025001
19721.850001
19758.900001
19795.700001
19832.600001
19869.575001
19906.425001
19943.325001
19980.125001
20017.200001
20053.950001
20090.950001
20127.925001
20164.750001
20201.825001
20238.700001
20275.725001
20312.900001
20349.975001
20387.000001
20424.275001
20461.675001
20498.950001
20536.300001
20573.475001
20610.750001
20648.100001
20685.575001
20723.100001
20760.625001
20798.150001
20835.750001
20873.375001
20911.075001
20948.800001
20986.750001
21024.625001
21062.600001
21100.700001
21138.700001
21176.875001
21214.975001
21253.400001
21291.800001
21330.100001
21368.675001
21407.325001
21445.850001
21484.425001
21523.100001
21561.950001
21600.825001
21639.800001
21678.800001
21717.800001
21756.900001
21796.150001
21835.475001
21874.825001
21914.375001
21953.825001
21993.475001
22033.050001
22072.900001
22112.850001
22152.750001
22192.650001
22232.725001
22273.000001
22313.300001
22353.700001
22394.125001
22434.625001
22475.375001
22516.125001
22556.950001
22597.950001
22639.025001
22680.150001
22721.450001
22762.975001
22804.525001
22846.250001
22888.025001
22929.975001
22971.925001
23014.125001
23056.425001
23098.800001
23141.350001
23184.125001
23227.000001
23270.125001
23313.325001
23356.625001
23400.125001
23443.775001
23487.525001
23531.500001
23575.725001
23620.175001
23664.750001
23709.450001
23754.425001
23799.550001
23845.100001
23890.900001
23936.900001
23983.025001
24029.650001
24076.325001
24123.375001
24170.700001
24218.600001
24266.750001
24315.125001
24363.925001
24413.175001
24462.825001
24512.875001
24563.275001
24614.100001
24665.225001
24716.950001
24769.100001
24821.700001
24874.850001
24928.625001
24982.825001
25037.575001
25092.925001
25148.775001
25205.250001
25262.375001
25320.275001
25378.825001
25438.025001
25498.125001
25559.125001
25620.925001
25683.825001
25747.925001
25813.225001
25880.100001
25948.650001
26019.500001
26093.050001
26173.200001
26249.525001
26399.525001
26458.975001
26526.875001
26699.550001
26759.375001
26833.400001
27041.100001
27101.450001
27325.175001
27386.000001
27701.775001
27763.325001
