1.000000
5.000000
6035.300000
6127.875000
6221.175000
6313.575000
6404.575000
6494.175000
6582.200000
6668.900000
6754.175000
6838.275000
6921.600000
7004.100000
7085.900000
7167.025000
7247.475000
7327.300000
7406.800000
7485.575000
7563.700000
7641.225000
7718.100000
7794.050000
7869.250000
7943.525000
8017.300000
8090.475000
8163.075000
8235.275000
8306.900000
8377.625000
8447.600000
8516.875000
8585.600000
8653.825000
8721.525000
8788.875000
8855.750000
8922.175000
8988.175000
9053.875000
9119.125000
9183.950000
9248.300000
9312.325000
9375.800000
9438.900000
9501.525000
9563.625000
9625.300000
9686.575000
9747.525000
9808.100000
9868.325000
9928.000000
9987.250000
10046.300000
10104.975000
10163.350000
10221.125000
10278.750000
10335.850000
10392.700000
10449.350000
10505.875000
10562.175000
10618.250000
10674.250000
10730.250000
10786.025000
10841.800000
10897.525000
10953.300000
11009.150000
11064.950000
11120.675000
11176.350000
11232.025000
11287.700000
11343.400000
11399.150000
11455.075000
11510.875000
11566.675000
11622.400000
11678.200000
11734.100000
11790.025000
11845.825000
11901.575000
11957.425000
12013.300000
12069.175000
12124.875000
12180.575000
12236.200000
12291.950000
12347.675000
12403.500000
12459.325000
12515.075000
12570.750000
12626.375000
12682.075000
12737.750000
12793.475000
12849.250000
12905.150000
12960.950000
13016.725000
13072.450000
13128.275000
13184.225000
13240.125000
13295.900000
13351.650000
13407.500000
13463.375000
13519.225000
13574.925000
13630.600000
13686.225000
13741.975000
13797.725000
13853.575000
13909.400000
13965.100000
14020.775000
14076.400000
14132.100000
14187.775000
14243.500000
14299.325000
14355.225000
14410.975000
14466.750000
14522.500000
14578.375000
14634.325000
14690.175000
14745.925000
14801.700000
14857.575000
14913.450000
14969.250000
15024.950000
15080.625000
15136.250000
15192.025000
15247.775000
15303.625000
15359.425000
15415.125000
15470.800000
15526.425000
15582.125000
15637.800000
15693.550000
15749.375000
15805.275000
15861.000000
15916.800000
15972.550000
16028.450000
16084.400000
16140.200000
16195.975000
16251.750000
16307.625000
16363.500000
16419.275000
16474.975000
16530.650000
16586.275000
16642.050000
16697.800000
16753.675000
16809.475000
16865.150000
16920.800000
16976.450000
17032.150000
17087.825000
17143.600000
17199.425000
17255.325000
17311.025000
17366.825000
17422.600000
17478.500000
17534.450000
17590.250000
17646.000000
17701.800000
17757.675000
17813.525000
17869.300000
17924.975000
17980.650000
18036.300000
18092.075000
18147.850000
18203.725000
18259.475001
18315.175001
18370.825001
18426.450001
18482.150001
18537.850001
18593.625001
18649.475001
18705.350001
18761.050001
18816.850001
18872.625001
18928.550001
18984.500001
19040.275001
19096.050001
19151.825001
19207.725001
19263.550001
19319.325001
19375.000001
19430.675001
19486.325001
19542.100001
19597.875001
19653.750001
19709.500001
19765.175001
19820.825001
19876.475001
19932.175001
19987.875001
20043.650001
20099.525001
20155.475001
20211.400001
20267.625001
20323.850001
20380.175001
20436.475001
20492.925001
20549.525001
20606.425001
20663.350001
20720.325001
20777.425001
20834.650001
20891.825001
20949.125001
21006.775001
21064.225001
21121.950001
21179.900001
21237.825001
21295.950001
21354.075001
21412.425001
21470.725001
21529.350001
21587.950001
21646.825001
21705.800001
21764.800001
21824.100001
21883.425001
21942.825001
22002.425001
22062.250001
22122.075001
22181.975001
22242.100001
22302.400001
22362.925001
22423.525001
22484.300001
22545.300001
22606.450001
22667.750001
22729.125001
22790.600001
22852.250001
22913.975001
22975.875001
23038.000001
23100.300001
23162.750001
23225.250001
23287.975001
23351.025001
23414.050001
23477.325001
23540.900001
23604.600001
23668.525001
23732.550001
23796.850001
23861.250001
23925.800001
23990.725001
24055.750001
24120.875001
24186.225001
24251.925001
24317.900001
24384.025001
24450.425001
24517.025001
24583.850001
24651.000001
24718.350001
24785.850001
24853.625001
24921.675001
24990.050001
25058.525001
25127.275001
25196.425001
25265.725001
25335.400001
25405.300001
25475.425001
25545.875001
25616.575001
25687.525001
25758.800001
25830.450001
25902.400001
25974.700001
26047.275001
26120.200001
26193.500001
26267.200001
26341.250001
26415.600001
26490.375001
26565.475001
26641.075001
26717.125001
26793.550001
26870.450001
26947.800001
27025.650001
27104.000001
27182.850001
27262.325001
27342.325001
27422.975001
27504.225001
27586.150001
27668.875001
27752.400001
27836.775001
27922.175001
28008.625001
28096.450001
28185.800001
28277.100001
28371.100001
28468.325001
28568.600001
28671.675001
28777.650001
28887.175001
29001.725001
