100.000000
14.000000
6766.350000
6841.700000
6918.725000
6995.000000
7070.450000
7145.250000
7219.425000
7292.900000
7365.850000
7438.475000
7510.700000
7582.575000
7654.100000
7725.200000
7796.075000
7866.475000
7936.525000
8006.450000
8075.925000
8145.275000
8214.100000
8282.675000
8351.125000
8419.250000
8486.975000
8554.525000
8621.775000
8688.825000
8755.650000
8822.200000
8888.550000
8954.775000
9020.750000
9086.500000
9152.225000
9217.875000
9283.075000
9348.125000
9413.200000
9477.900000
9542.475000
9607.025000
9671.050000
9735.200000
9798.925000
9862.725000
9926.150000
9989.600000
10052.825000
10115.825000
10179.125000
10242.175000
10305.275000
10368.475000
10431.475000
10494.550000
10557.675000
10620.650000
10683.600000
10746.700000
10809.600000
10872.550000
10935.575000
10998.450000
11061.300000
11124.275000
11187.150000
11250.000000
11312.975000
11375.800000
11438.675000
11501.575000
11564.300000
11627.100000
11690.125000
11752.850000
11815.575000
11878.525000
11941.475000
12004.225000
12067.150000
12130.125000
12192.925000
12255.750000
12318.700000
12381.575000
12444.400000
12507.350000
12570.175000
12633.050000
12695.975000
12758.675000
12821.450000
12884.475000
12947.225000
13009.925000
13072.825000
13135.775000
13198.500000
13261.250000
13324.175000
13386.975000
13449.825000
13512.725000
13575.475000
13638.275000
13701.275000
13763.975000
13826.625000
13889.525000
13952.450000
14015.175000
14077.950000
14140.900000
14203.775000
14266.625000
14329.600000
14392.450000
14455.350000
14518.300000
14581.050000
14643.925000
14706.950000
14769.700000
14832.475000
14895.475000
14958.275000
15020.950000
15083.800000
15146.775000
15209.550000
15272.325000
15335.275000
15398.100000
15460.925000
15523.800000
15586.525000
15649.300000
15712.325000
15775.050000
15837.725000
15900.650000
15963.575000
16026.275000
16089.025000
16151.950000
16214.750000
16277.600000
16340.500000
16403.250000
16466.100000
16529.150000
16591.925000
16654.725000
16717.775000
16780.550000
16843.275000
16906.200000
16969.175000
17031.900000
17094.750000
17157.700000
17220.550000
17283.325000
17346.250000
17409.025000
17471.900000
17534.825000
17597.575000
17660.325000
17723.350000
17786.075000
17848.750000
17911.600000
17974.550000
18037.300000
18100.075000
18163.000000
18225.825000
18288.675001
18351.550001
18414.250001
18476.975001
18539.975001
18602.750001
18665.425001
18728.325001
18791.300001
18854.075001
18916.925001
18979.925001
19042.775001
19105.600001
19168.550001
19231.400001
19294.275001
19357.225001
19420.000001
19482.850001
19545.850001
19608.550001
19671.250001
19734.250001
19797.100001
19859.800001
19922.650001
19985.575001
20048.375001
20111.150001
20174.250001
20237.350001
20300.725001
20364.100001
20427.625001
20491.450001
20555.350001
20619.425001
20683.625001
20747.975001
20812.725001
20877.375001
20942.400001
21007.725001
21073.175001
21138.625001
21204.225001
21270.050001
21336.100001
21402.400001
21469.000001
21535.725001
21602.600001
21669.625001
21736.800001
21804.275001
21871.925001
21939.925001
22008.125001
22076.350001
22145.025001
22213.850001
22282.900001
22352.350001
22421.925001
22491.825001
22561.975001
22632.350001
22703.000001
22774.025001
22845.400001
22917.025001
22988.800001
23060.925001
23133.425001
23206.400001
23279.875001
23353.550001
23427.525001
23502.025001
23576.725001
23652.025001
23727.575001
23803.625001
23880.300001
23957.350001
24034.825001
24112.725001
24191.250001
24270.275001
24349.750001
24430.050001
24510.800001
24592.350001
24674.675001
24757.825001
24841.750001
24926.425001
25012.175001
25099.025001
25187.200001
25276.675001
25367.925001
25461.275001
25557.950001
26072.500001
26157.800001
26253.625001
