1.000000
9.000000
6099.525000
6190.250000
6280.475000
6368.075000
6453.225000
6536.625000
6618.575000
6698.600000
6777.075000
6854.550000
6931.050000
7006.800000
7081.500000
7155.375000
7228.375000
7300.625000
7372.150000
7443.050000
7513.575000
7583.725000
7653.525000
7723.150000
7792.375000
7861.200000
7929.875000
7998.175000
8066.200000
8134.050000
8201.550000
8268.800000
8335.750000
8402.400000
8468.850000
8535.000000
8600.775000
8666.225000
8731.275000
8795.975000
8859.900000
8923.425000
8986.100000
9048.200000
9109.750000
9170.750000
9231.375000
9291.575000
9351.275000
9410.400000
9469.250000
9527.450000
9585.325000
9642.675000
9699.550000
9756.175000
9812.450000
9868.375000
9924.050000
9979.650000
10035.025000
10090.200000
10145.400000
10200.575000
10255.675000
10310.675000
10365.675000
10420.625000
10475.550000
10530.500000
10585.500000
10640.475000
10695.425000
10750.200000
10804.925000
10859.575000
10913.975000
10968.550000
11023.100000
11077.450000
11131.700000
11185.875000
11240.125000
11294.225000
11348.275000
11402.400000
11456.625000
11510.650000
11564.675000
11618.825000
11672.925000
11726.700000
11780.450000
11834.300000
11887.925000
11941.600000
11995.350000
12048.875000
12102.500000
12156.275000
12209.825000
12263.450000
12317.225000
12370.775000
12424.425000
12478.125000
12531.700000
12585.375000
12639.000000
12692.600000
12746.300000
12799.925000
12853.500000
12907.250000
12960.800000
13014.325000
13068.050000
13121.600000
13175.175000
13228.925000
13282.475000
13336.025000
13389.750000
13443.300000
13496.900000
13550.625000
13604.200000
13657.850000
13711.525000
13765.075000
13818.775000
13872.425000
13925.975000
13979.750000
14033.350000
14086.875000
14140.625000
14194.225000
14247.775000
14301.475000
14355.075000
14408.625000
14462.325000
14515.875000
14569.475000
14623.200000
14676.700000
14730.300000
14784.000000
14837.550000
14891.225000
14944.950000
14998.475000
15052.150000
15105.825000
15159.375000
15213.075000
15266.750000
15320.300000
15374.000000
15427.600000
15481.175000
15534.900000
15588.450000
15642.075000
15695.750000
15749.300000
15802.900000
15856.625000
15910.150000
15963.700000
16017.475000
16071.000000
16124.625000
16178.350000
16231.900000
16285.575000
16339.225000
16392.775000
16446.475000
16500.100000
16553.675000
16607.425000
16661.025000
16714.550000
16768.300000
16821.875000
16875.425000
16929.150000
16982.725000
17036.275000
17089.975000
17143.525000
17197.125000
17250.825000
17304.425000
17358.025000
17411.700000
17465.250000
17518.925000
17572.625000
17626.150000
17679.900000
17733.525000
17787.050000
17840.800000
17894.425000
17947.975000
18001.700000
18055.300000
18108.825000
18162.525000
18216.125000
18269.725001
18323.400001
18376.900001
18430.500001
18484.225001
18537.750001
18591.400001
18645.125001
18698.625001
18752.275001
18806.000001
18859.550001
18913.225001
18966.950001
19020.475001
19074.175001
19127.800001
19181.375001
19235.100001
19288.675001
19342.275001
19395.975001
19449.550001
19503.125001
19556.825001
19610.375001
19663.925001
19717.700001
19771.200001
19824.775001
19878.525001
19932.075001
19985.700001
20039.375001
20092.950001
20146.675001
20200.600001
20254.425001
20308.250001
20362.325001
20416.425001
20470.525001
20524.775001
20579.225001
20633.600001
20688.100001
20742.775001
20797.400001
20852.250001
20907.275001
20962.325001
21017.525001
21072.825001
21128.200001
21183.550001
21238.950001
21294.500001
21350.100001
21405.850001
21461.775001
21517.900001
21573.950001
21630.150001
21686.350001
21742.700001
21799.150001
21855.800001
21912.500001
21969.250001
22026.075001
22083.100001
22140.250001
22197.350001
22254.675001
22312.250001
22369.725001
22427.375001
22485.275001
22543.125001
22601.175001
22659.275001
22717.675001
22776.025001
22834.600001
22893.100001
22951.850001
23010.750001
23069.700001
23128.900001
23188.100001
23247.475001
23307.025001
23366.625001
23426.275001
23486.100001
23546.175001
23606.425001
23666.775001
23727.175001
23787.775001
23848.450001
23909.325001
23970.375001
24031.575001
24092.900001
24154.325001
24215.975001
24277.800001
24339.800001
24402.000001
24464.250001
24526.625001
24589.250001
24652.075001
24715.050001
24778.200001
24841.550001
24905.050001
24968.850001
25032.775001
25096.900001
25161.150001
25225.575001
25290.300001
25355.175001
25420.275001
25485.650001
25551.225001
25616.950001
25682.925001
25749.100001
25815.525001
25882.150001
25949.050001
26016.275001
26083.750001
26151.475001
26219.450001
26287.675001
26356.300001
26425.175001
26494.350001
26563.800001
26633.625001
26703.800001
26774.375001
26845.350001
26916.650001
26988.325001
27060.450001
27133.025001
27206.050001
27279.575001
27353.575001
27428.175001
27503.400001
27579.325001
27655.750001
27732.700001
27810.125001
27888.000001
27966.375001
28045.275001
28124.700001
28204.575001
28285.050001
28366.025001
28447.625001
28529.875001
28612.725001
28696.225001
28780.425001
28865.325001
28951.025001
29037.525001
29124.925001
29213.275001
29302.650001
29393.175001
29484.975001
29578.175001
29672.975001
29769.475001
29867.900001
29968.425001
30071.400001
30175.400001
30279.725001
30384.350001
30489.225001
30594.325001
30699.625001
30805.125001
30910.825001
31016.725001
31122.875001
31229.275001
31336.000001
31443.150001
31551.000001
31660.150001
31771.225001
31883.525001
31996.125001
32108.875001
32221.750001
32334.875001
32448.350001
32562.400001
32677.425001
32794.550001
33121.500001
33222.000001
33329.175001
33440.225001
33555.425001
34135.500001
34242.000001
