2.000000
3.000000
10523.025000
10577.725000
10629.800000
10679.500000
10727.150000
10773.400000
10818.825000
10863.375000
10907.375000
10950.725000
10993.525000
11035.675000
11077.350000
11118.750000
11159.450000
11199.725000
11239.700000
11279.325000
11318.575000
11357.500000
11395.950000
11434.100000
11471.900000
11509.350000
11546.700000
11584.000000
11620.775000
11657.575000
11694.100000
11730.425000
11766.700000
11802.775000
11838.625000
11874.500000
11910.350000
11946.200000
11981.700000
12017.350000
12052.875000
12088.225000
12123.450000
12158.850000
12193.975000
12229.050000
12264.200000
12299.200000
12334.175000
12369.025000
12403.775000
12438.475000
12473.150000
12507.825000
12542.475000
12577.100000
12611.800000
12646.425000
12681.075000
12715.450000
12749.700000
12784.050000
12818.450000
12852.600000
12886.800000
12920.800000
12954.875000
12988.875000
13022.875000
13056.700000
13090.650000
13124.425000
13158.075000
13191.775000
13225.475000
13259.075000
13292.525000
13325.900000
13359.275000
13392.575000
13425.875000
13459.200000
13492.475000
13525.775000
13559.075000
13592.375000
13625.675000
13658.975000
13692.275000
13725.575000
13758.875000
13792.175000
13825.450000
13858.700000
13891.900000
13924.900000
13957.875000
13991.050000
14024.250000
14057.475000
14090.700000
14123.825000
14156.775000
14189.775000
14222.925000
14256.150000
14289.375000
14322.575000
14355.625000
14388.500000
14421.575000
14454.700000
14487.775000
14520.600000
14553.625000
14586.750000
14619.925000
14653.050000
14685.900000
14718.875000
14752.000000
14785.100000
14817.975000
14850.850000
14883.975000
14917.100000
14950.075000
14982.850000
15015.900000
15048.800000
15081.575000
15114.550000
15147.600000
15180.375000
15213.250000
15246.250000
15279.025000
15311.875000
15344.900000
15377.675000
15410.450000
15443.275000
15475.925000
15508.875000
15541.650000
15574.375000
15607.250000
15639.900000
15672.775000
15705.425000
15738.150000
15770.700000
15803.475000
15836.125000
15868.800000
15901.400000
15934.075000
15966.775000
15999.325000
16031.800000
16064.475000
16096.975000
16129.625000
16162.075000
16194.700000
16227.150000
16259.500000
16292.100000
16324.475000
16356.825000
16389.350000
16421.650000
16453.900000
16486.225000
16518.575000
16550.800000
16582.975000
16615.025000
16647.150000
16679.275000
16711.475000
16743.625000
16775.700000
16807.725000
16839.725000
16871.700000
16903.650000
16935.550000
16967.500000
16999.400000
17031.325000
17063.250000
17095.175000
17127.075000
17159.025000
17190.975000
17222.875000
17254.775000
17286.725000
17318.650000
17350.600000
17382.475000
17414.425000
17446.325000
17478.300000
17510.125000
17542.075000
17573.900000
17605.700000
17637.300000
17669.000000
17700.775000
17732.600000
17764.500000
17796.375000
17828.325000
17860.150000
17892.075000
17923.850000
17955.550000
17987.150000
18018.900000
18050.700000
18082.525000
18114.450000
18146.300000
18178.250000
18210.000000
18241.775001
18273.325001
18305.025001
18336.825001
18368.675001
18400.575001
18432.375001
18464.275001
18495.975001
18527.625001
18559.250001
18591.050001
18622.875001
18654.700001
18686.600001
18718.450001
18750.300001
18781.875001
18813.500001
18845.225001
18877.025001
18908.925001
18940.800001
18972.675001
19004.450001
19036.100001
19067.675001
19099.400001
19131.250001
19163.075001
19194.975001
19226.725001
19258.500001
19290.075001
19321.725001
19353.525001
19385.350001
19417.225001
19449.025001
19480.875001
19512.525001
19544.150001
19575.800001
19607.600001
19639.475001
19671.275001
19703.175001
19734.925001
19766.575001
19798.150001
19829.900001
19861.775001
19893.575001
19925.450001
19957.225001
19988.900001
20020.425001
20052.175001
20084.025001
20115.850001
20147.725001
20179.600001
20211.550001
20243.350001
20275.250001
20307.025001
20338.775001
20370.475001
20402.350001
20434.250001
20466.175001
20498.100001
20530.075001
20562.075001
20594.075001
20626.000001
20658.050001
20690.075001
20722.250001
20754.450001
20786.725001
20818.950001
20851.125001
20883.500001
20915.875001
20948.150001
20980.525001
21013.025001
21045.400001
21078.025001
21110.475001
21142.925001
21175.600001
21208.125001
21240.875001
21273.475001
21306.250001
21339.075001
21371.750001
21404.650001
21437.400001
21470.250001
21503.325001
21536.375001
21569.250001
21602.250001
21635.375001
21668.600001
21701.825001
21735.050001
21768.275001
21801.450001
21834.625001
21867.800001
21901.050001
21934.350001
21967.700001
22001.050001
22034.475001
22067.925001
22101.450001
22135.125001
22168.800001
22202.450001
22236.200001
22270.025001
22303.775001
22337.575001
22371.500001
22405.375001
22439.450001
22473.375001
22507.525001
22541.625001
22575.750001
22609.975001
22644.150001
22678.500001
22712.925001
22747.350001
22781.650001
22816.125001
22850.700001
22885.350001
22920.050001
22954.775001
22989.575001
23024.375001
23059.175001
23094.025001
23128.900001
23163.800001
23198.775001
23233.925001
23269.025001
23304.150001
23339.475001
23374.725001
23410.075001
23445.425001
23481.000001
23516.475001
23552.075001
23587.725001
23623.325001
23659.100001
23695.025001
23731.025001
23767.075001
23803.200001
23839.375001
23875.575001
23911.825001
23948.075001
23984.375001
24020.700001
24057.250001
24093.800001
24130.425001
24167.225001
24203.975001
24240.925001
24278.000001
24314.975001
24352.150001
24389.500001
24426.900001
24464.450001
24502.050001
24539.700001
24577.400001
24615.150001
24653.175001
24691.175001
24729.325001
24767.525001
24805.900001
24844.250001
24882.700001
24921.350001
24960.050001
24998.800001
25037.650001
25076.600001
25115.700001
25154.925001
25194.225001
25233.725001
25273.225001
25313.000001
25352.850001
25392.725001
25432.800001
25473.075001
25513.475001
25553.975001
25594.750001
25635.600001
25676.575001
25717.700001
25759.050001
25800.575001
25842.275001
25884.100001
25926.000001
25968.100001
26010.400001
26052.950001
26095.600001
26138.500001
26181.700001
26225.225001
26269.025001
26313.150001
26357.650001
26402.450001
26447.675001
26493.175001
26539.125001
26585.500001
26632.300001
26679.625001
26727.350001
26775.700001
26824.550001
26873.975001
26923.950001
26974.475001
27025.650001
27077.325001
27129.800001
27182.900001
27236.925001
27291.925001
27348.025001
27405.450001
27464.625001
27526.025001
27590.625001
27660.550001
27830.625001
27893.175001
28109.050001
28172.325001
28522.300001
28586.675001
