100.000000
26.000000
8022.500000
8088.575000
8155.025000
8220.000000
8283.625000
8346.225000
8407.850000
8468.700000
8528.825000
8588.075000
8646.975000
8705.400000
8763.500000
8821.150000
8878.825000
8936.050000
8993.050000
9049.925000
9106.825000
9163.475000
9219.950000
9276.225000
9332.425000
9388.575000
9444.600000
9500.575000
9556.600000
9612.400000
9668.075000
9723.625000
9779.175000
9834.550000
9889.875000
9945.125000
10000.200000
10055.175000
10109.950000
10164.775000
10219.650000
10274.575000
10329.600000
10384.525000
10439.325000
10494.125000
10548.775000
10603.600000
10658.375000
10713.275000
10768.225000
10823.125000
10877.900000
10932.650000
10987.400000
11042.175000
11097.000000
11151.850000
11206.775000
11261.525000
11316.325000
11370.950000
11425.700000
11480.500000
11535.400000
11590.300000
11645.150000
11699.925000
11754.625000
11809.350000
11864.000000
11918.900000
11973.750000
12028.650000
12083.375000
12138.000000
12192.775000
12247.425000
12302.250000
12357.125000
12411.925000
12466.700000
12521.250000
12575.950000
12630.625000
12685.450000
12740.275000
12795.000000
12849.650000
12904.250000
12958.800000
13013.525000
13068.275000
13123.000000
13177.625000
13232.100000
13286.625000
13341.375000
13396.050000
13450.725000
13505.375000
13559.825000
13614.325000
13669.050000
13723.700000
13778.375000
13832.975000
13887.450000
13942.025000
13996.725000
14051.400000
14106.025000
14160.600000
14215.150000
14269.675000
14324.375000
14379.150000
14433.700000
14488.250000
14542.850000
14597.350000
14652.050000
14706.825000
14761.325000
14815.850000
14870.425000
14925.000000
14979.750000
15034.500000
15088.975000
15143.475000
15198.050000
15252.675000
15307.375000
15362.075000
15416.700000
15471.100000
15525.675000
15580.350000
15635.025000
15689.700000
15744.325000
15798.725000
15853.275000
15907.975000
15962.650000
16017.375000
16071.950000
16126.400000
16180.925000
16235.625000
16290.325000
16344.950000
16399.525000
16454.100000
16508.575000
16563.275000
16618.050000
16672.625000
16727.150000
16781.750000
16836.225000
16890.975000
16945.700000
17000.250000
17054.825000
17109.400000
17163.900000
17218.625000
17273.375000
17327.900000
17382.400000
17436.950000
17491.600000
17546.275000
17601.000000
17655.575000
17710.025000
17764.550000
17819.250000
17873.875000
17928.600000
17983.175000
18037.625000
18092.200000
18146.900000
18201.550000
18256.225001
18310.800001
18365.275001
18419.825001
18474.500001
18529.275001
18583.850001
18638.450001
18692.975001
18747.500001
18802.175001
18856.950001
18911.475001
18966.050001
19020.625001
19075.125001
19129.900001
19184.625001
19239.150001
19293.675001
19348.275001
19402.800001
19457.525001
19512.275001
19566.850001
19621.300001
19675.900001
19730.500001
19785.200001
19839.925001
19894.500001
19948.900001
20003.500001
20058.150001
20112.850001
20167.675001
20222.375001
20277.125001
20331.975001
20386.875001
20441.975001
20497.075001
20552.350001
20607.775001
20663.275001
20718.900001
20774.525001
20830.250001
20885.925001
20941.725001
20997.500001
21053.450001
21109.500001
21165.550001
21221.775001
21278.200001
21334.725001
21391.325001
21447.900001
21504.650001
21561.500001
21618.550001
21675.500001
21732.650001
21790.050001
21847.300001
21904.700001
21962.375001
22019.975001
22077.725001
22135.650001
22193.625001
22251.850001
22309.950001
22368.375001
22426.675001
22485.375001
22544.100001
22602.875001
22661.900001
22720.900001
22780.200001
22839.600001
22899.000001
22958.575001
23018.450001
23078.400001
23138.450001
23198.600001
23258.925001
23319.475001
23380.250001
23441.225001
23502.325001
23563.600001
23624.975001
23686.500001
23748.250001
23810.150001
23872.300001
23934.725001
23997.225001
24059.825001
24122.725001
24185.875001
24249.025001
24312.575001
24376.125001
24440.050001
24504.050001
24568.375001
24632.775001
24697.450001
24762.375001
24827.375001
24892.725001
24958.300001
25024.125001
25090.225001
25156.550001
25223.125001
25289.975001
25357.100001
25424.450001
25492.100001
25559.925001
25628.100001
25696.700001
25765.450001
25834.675001
25904.150001
25974.075001
26044.300001
26114.875001
26185.975001
26257.525001
26329.500001
26401.900001
26474.775001
26548.125001
26621.975001
26696.550001
26771.625001
26847.450001
26923.975001
27001.225001
27079.375001
27158.500001
27238.525001
27319.950001
27402.625001
27486.975001
27573.425001
27662.950001
27830.900001
27908.900001
27993.225001
28084.450001
28289.200001
28366.550001
28452.200001
28672.450001
28750.200001
28838.400001
29114.275001
29191.750001
29283.375001
29615.375001
29693.625001
29984.875001
30066.475001
30432.400001
30511.775001
30823.475001
30903.850001
31233.725001
31313.725001
31642.300001
31722.250001
32050.700001
32130.625001
32459.125001
32539.075001
32867.500001
32947.450001
33275.950001
33355.875001
33684.325001
33764.250001
34092.775001
34172.700001
34501.150001
34581.075001
34909.575001
34989.525001
