100.000000
6.000000
6814.925000
6897.275000
6982.650000
7068.750000
7154.500000
7239.825000
7324.800000
7409.125000
7492.925000
7576.000000
7658.625000
7740.700000
7822.100000
7903.000000
7983.350000
8063.375000
8142.900000
8221.825000
8300.325000
8378.450000
8456.275000
8533.500000
8610.225000
8686.625000
8762.775000
8838.300000
8913.675000
8988.500000
9063.225000
9137.375000
9211.125000
9284.725000
9358.000000
9430.875000
9503.400000
9575.675000
9647.675000
9719.375000
9790.800000
9861.925000
9932.725000
10003.200000
10073.475000
10143.375000
10213.425000
10283.350000
10353.125000
10423.075000
10492.875000
10562.700000
10632.300000
10702.075000
10771.775000
10841.550000
10911.075000
10980.650000
11050.175000
11119.725000
11189.250000
11258.775000
11328.475000
11398.100000
11467.900000
11537.325000
11607.025000
11676.375000
11746.025000
11815.375000
11885.050000
11954.525000
12024.175000
12093.750000
12163.475000
12233.050000
12302.600000
12372.100000
12441.650000
12511.075000
12580.600000
12650.050000
12719.575000
12789.000000
12858.450000
12927.925000
12997.375000
13066.950000
13136.350000
13205.950000
13275.425000
13345.100000
13414.650000
13484.425000
13553.925000
13623.550000
13692.975000
13762.575000
13832.000000
13901.575000
13970.950000
14040.575000
14109.950000
14179.675000
14249.125000
14318.900000
14388.450000
14458.100000
14527.575000
14597.100000
14666.625000
14736.075000
14805.600000
14875.050000
14944.550000
15013.975000
15083.450000
15152.900000
15222.375000
15291.900000
15361.350000
15430.850000
15500.375000
15569.925000
15639.500000
15709.100000
15778.875000
15848.325000
15918.025000
15987.400000
16057.075000
16126.400000
16196.025000
16265.375000
16335.025000
16404.475000
16474.100000
16543.625000
16613.325000
16682.950000
16752.550000
16822.050000
16891.600000
16961.050000
17030.550000
17100.000000
17169.525000
17238.950000
17308.400000
17377.850000
17447.325000
17516.875000
17586.275000
17655.825000
17725.275000
17794.850000
17864.300000
17933.925000
18003.525000
18073.275000
18142.800000
18212.425000
18281.875001
18351.450001
18420.825001
18490.425001
18559.800001
18629.500001
18698.850001
18768.550001
18838.000001
18907.775001
18977.300001
19046.975001
19116.500001
19186.000001
19255.525001
19324.975001
19394.500001
19463.925001
19533.400001
19602.850001
19672.325001
19741.825001
19811.275001
19880.775001
19950.250001
20019.750001
20089.250001
20158.950001
20229.150001
20299.250001
20369.850001
20440.700001
20511.775001
20583.125001
20654.675001
20726.425001
20798.500001
20870.875001
20943.650001
21016.850001
21090.350001
21164.025001
21238.075001
21312.725001
21387.425001
21462.750001
21538.275001
21614.325001
21690.900001
21767.950001
21845.325001
21923.200001
22001.450001
22080.250001
22159.375001
22238.900001
22319.200001
22399.800001
22481.125001
22563.125001
22645.750001
22728.900001
22812.750001
22897.300001
22982.550001
23068.925001
23156.000001
23244.000001
23333.100001
23423.400001
23514.950001
23608.325001
23703.250001
23800.425001
23901.100001
