1.000000
2.000000
6096.225000
6191.250000
6284.800000
6376.025000
6465.625000
6553.925000
6641.175000
6727.350000
6812.825000
6897.350000
6981.125000
7064.125000
7146.550000
7228.200000
7309.175000
7389.525000
7469.300000
7548.300000
7626.650000
7704.550000
7781.925000
7858.825000
7935.475000
8011.575000
8087.150000
8162.400000
8237.075000
8311.425000
8385.425000
8459.000000
8532.125000
8604.800000
8677.075000
8748.875000
8820.225000
8891.225000
8961.500000
9031.075000
9100.050000
9168.450000
9236.100000
9303.025000
9369.325000
9435.000000
9500.000000
9564.600000
9629.075000
9692.900000
9756.600000
9819.750000
9882.575000
9945.225000
10007.375000
10069.000000
10130.225000
10191.200000
10251.950000
10312.525000
10372.850000
10433.000000
10492.850000
10552.525000
10612.200000
10671.675000
10731.175000
10790.750000
10850.100000
10909.350000
10968.800000
11028.175000
11087.325000
11146.600000
11205.825000
11264.850000
11323.925000
11382.800000
11441.575000
11500.075000
11558.300000
11616.425000
11674.400000
11732.075000
11789.700000
11847.100000
11904.350000
11961.625000
12019.000000
12076.150000
12133.275000
12190.450000
12247.475000
12304.600000
12361.850000
12419.075000
12476.125000
12533.200000
12590.325000
12647.275000
12704.275000
12761.300000
12818.425000
12875.425000
12932.525000
12989.800000
13046.925000
13103.975000
13160.975000
13218.075000
13275.000000
13331.975000
13388.975000
13446.025000
13502.950000
13559.925000
13617.050000
13674.175000
13731.325000
13788.475000
13845.650000
13902.625000
13959.600000
14016.675000
14073.700000
14130.650000
14187.575000
14244.650000
14301.700000
14358.650000
14415.650000
14472.825000
14530.050000
14587.125000
14644.225000
14701.300000
14758.250000
14815.200000
14872.225000
14929.350000
14986.225000
15043.200000
15100.250000
15157.375000
15214.375000
15271.475000
15328.800000
15385.825000
15442.850000
15499.875000
15557.000000
15613.875000
15670.825000
15727.850000
15784.925000
15841.900000
15898.825000
15955.925000
16013.100000
16070.225000
16127.375000
16184.575000
16241.575000
16298.500000
16355.550000
16412.600000
16469.550000
16526.450000
16583.500000
16640.575000
16697.550000
16754.600000
16811.800000
16869.000000
16926.050000
16983.125000
17040.225000
17097.175000
17154.175000
17211.150000
17268.250000
17325.175000
17382.150000
17439.175000
17496.275000
17553.350000
17610.475000
17667.775000
17724.775000
17781.775000
17838.775000
17895.850000
17952.775000
18009.750000
18066.825000
18123.850000
18180.800000
18237.775001
18294.925001
18352.075001
18409.200001
18466.375001
18523.475001
18580.450001
18637.425001
18694.450001
18751.500001
18808.400001
18865.350001
18922.400001
18979.525001
19036.475001
19093.525001
19150.750001
19207.925001
19264.975001
19322.050001
19379.175001
19436.075001
19493.050001
19550.050001
19607.175001
19664.050001
19720.975001
19778.050001
19835.175001
19892.275001
19949.400001
20006.675001
20063.650001
20120.675001
20177.875001
20235.250001
20292.725001
20350.300001
20408.000001
20465.750001
20523.725001
20581.700001
20639.950001
20698.200001
20756.750001
20815.150001
20873.800001
20932.550001
20991.525001
21050.625001
21109.750001
21169.100001
21228.700001
21288.275001
21348.050001
21408.000001
21468.075001
21528.175001
21588.450001
21648.800001
21709.350001
21770.075001
21830.950001
21891.975001
21953.050001
22014.275001
22075.750001
22137.375001
22199.100001
22261.075001
22323.250001
22385.600001
22448.100001
22510.775001
22573.625001
22636.525001
22699.725001
22763.150001
22826.675001
22890.450001
22954.300001
23018.500001
23082.900001
23147.425001
23212.250001
23277.175001
23342.450001
23407.950001
23473.600001
23539.425001
23605.525001
23671.750001
23738.275001
23805.100001
23872.075001
23939.225001
24006.750001
24074.450001
24142.450001
24210.675001
24279.225001
24347.875001
24416.925001
24486.100001
24555.625001
24625.375001
24695.600001
24766.000001
24836.775001
24907.925001
24979.400001
25051.175001
25123.300001
25195.800001
25268.700001
25341.975001
25415.525001
25489.650001
25564.175001
25639.125001
25714.600001
25790.700001
25867.375001
25944.625001
26022.525001
26101.250001
26180.900001
26261.675001
26343.625001
26426.575001
26510.475001
26595.375001
26681.025001
26767.550001
26854.875001
26943.100001
27032.225001
27122.375001
27213.625001
27306.075001
27399.750001
27494.875001
27591.525001
27689.900001
27790.300001
27893.025001
27998.600001
28108.000001
28222.950001
