2.000000
5.000000
14545.150000
14601.650000
14657.775000
14712.975000
14767.375000
14820.625000
14873.350000
14925.775000
14977.625000
15029.400000
15080.925000
15131.900000
15182.700000
15233.250000
15283.750000
15334.075000
15384.150000
15434.025000
15483.450000
15532.625000
15581.550000
15630.225000
15678.750000
15726.900000
15774.800000
15822.600000
15870.175000
15917.525000
15964.600000
16011.375000
16057.800000
16103.925000
16149.750000
16195.400000
16241.050000
16286.475000
16331.525000
16376.250000
16420.900000
16465.625000
16510.275000
16554.925000
16599.400000
16643.875000
16688.250000
16732.625000
16776.950000
16821.200000
16865.250000
16909.300000
16953.550000
16997.800000
17042.050000
17085.900000
17129.925000
17173.825000
17217.625000
17261.600000
17305.275000
17348.875000
17392.550000
17436.175000
17479.850000
17523.325000
17567.050000
17610.500000
17653.900000
17697.350000
17740.875000
17784.250000
17827.500000
17870.575000
17913.725000
17956.875000
18000.050000
18042.975000
18086.000000
18129.050000
18172.025000
18214.925000
18257.925001
18300.925001
18343.925001
18386.950001
18430.000001
18473.025001
18516.050001
18559.100001
18602.100001
18645.175001
18688.075001
18731.175001
18774.150001
18817.225001
18860.000001
18902.725001
18945.400001
18988.150001
19031.075001
19073.700001
19116.275001
19159.000001
19201.500001
19243.925001
19286.525001
19328.900001
19371.200001
19413.450001
19455.900001
19498.100001
19540.300001
19582.525001
19624.675001
19667.050001
19709.200001
19751.200001
19793.200001
19835.400001
19877.425001
19919.575001
19961.775001
20003.775001
20045.700001
20087.575001
20129.750001
20171.800001
20213.925001
20256.275001
20298.350001
20340.875001
20383.250001
20425.775001
20468.500001
20511.125001
20553.800001
20596.675001
20639.675001
20682.700001
20725.825001
20769.025001
20812.225001
20855.450001
20898.700001
20942.325001
20985.825001
21029.650001
21073.300001
21117.275001
21161.075001
21204.975001
21248.950001
21292.850001
21336.950001
21381.250001
21425.600001
21470.000001
21514.400001
21558.850001
21603.375001
21647.900001
21692.450001
21737.000001
21781.575001
21826.125001
21870.750001
21915.725001
21960.675001
22006.025001
22051.250001
22096.700001
22142.425001
22188.175001
22234.175001
22280.200001
22326.225001
22372.725001
22419.250001
22465.975001
22513.000001
22560.075001
22607.450001
22654.925001
22702.550001
22750.500001
22798.400001
22846.700001
22895.250001
22943.950001
22992.800001
23042.175001
23091.650001
23141.325001
23191.275001
23241.500001
23292.150001
23342.825001
23393.850001
23445.300001
23497.000001
23548.950001
23601.250001
23653.975001
23707.150001
23760.575001
23814.650001
23869.075001
23923.925001
23979.300001
24035.175001
24091.575001
24148.400001
24206.025001
24264.275001
24323.175001
24382.825001
24443.450001
24505.000001
24567.625001
24631.550001
24696.750001
24763.475001
24832.525001
24903.925001
24979.025001
25130.525001
25190.000001
25255.475001
25425.525001
25485.675001
25554.875001
25781.900001
25842.800001
26105.525001
26166.900001
26628.500001
26690.350001
