100.000000
31.000000
9720.250000
9785.550000
9849.375000
9911.275000
9971.625000
10031.100000
10089.925000
10148.025000
10205.950000
10263.550000
10320.700000
10377.775000
10434.850000
10491.700000
10548.350000
10605.025000
10661.750000
10718.500000
10774.950000
10831.325000
10887.625000
10943.975000
11000.350000
11056.800000
11113.125000
11169.375000
11225.475000
11281.625000
11337.625000
11393.700000
11449.800000
11505.925000
11562.100000
11618.275000
11674.375000
11730.450000
11786.325000
11842.350000
11898.325000
11954.225000
12010.100000
12066.075000
12122.075000
12178.025000
12234.100000
12290.225000
12346.275000
12402.325000
12458.275000
12514.125000
12570.075000
12626.025000
12681.925000
12737.725000
12793.650000
12849.650000
12905.625000
12961.600000
13017.800000
13073.800000
13129.950000
13185.925000
13241.875000
13297.750000
13353.750000
13409.625000
13465.450000
13521.300000
13577.250000
13633.250000
13689.175000
13745.275000
13801.375000
13857.450000
13913.500000
13969.450000
14025.325000
14081.275000
14137.200000
14193.075000
14248.875000
14304.875000
14360.875000
14416.875000
14472.900000
14529.100000
14585.125000
14641.225000
14697.175000
14753.025000
14808.925000
14864.875000
14920.750000
14976.550000
15032.475000
15088.450000
15144.450000
15200.425000
15256.575000
15312.625000
15368.700000
15424.750000
15480.650000
15536.500000
15592.500000
15648.400000
15704.300000
15760.150000
15816.125000
15872.125000
15928.075000
15984.125000
16040.250000
16096.275000
16152.350000
16208.275000
16264.125000
16320.075000
16376.025000
16431.900000
16487.725000
16543.650000
16599.625000
16655.625000
16711.600000
16767.775000
16823.800000
16879.925000
16935.925000
16991.850000
17047.750000
17103.725000
17159.600000
17215.425000
17271.275000
17327.225000
17383.225000
17439.150000
17495.250000
17551.350000
17607.450000
17663.500000
17719.450000
17775.325000
17831.250000
17887.200000
17943.075000
17998.875000
18054.850000
18110.850000
18166.850000
18222.900000
18279.075001
18335.125001
18391.200001
18447.150001
18503.025001
18558.900001
18614.850001
18670.750001
18726.550001
18782.450001
18838.425001
18894.425001
18950.400001
19006.550001
19062.600001
19118.700001
19174.725001
19230.650001
19286.475001
19342.475001
19398.400001
19454.300001
19510.150001
19566.125001
19622.100001
19678.050001
19734.125001
19790.250001
19846.275001
19902.325001
19958.275001
20014.125001
20070.050001
20126.050001
20182.025001
20238.100001
20294.375001
20350.800001
20407.375001
20463.800001
20520.325001
20576.925001
20633.725001
20690.725001
20747.575001
20804.550001
20861.725001
20919.125001
20976.300001
21033.725001
21091.375001
21148.825001
21206.725001
21264.450001
21322.400001
21380.475001
21438.575001
21496.925001
21555.325001
21613.800001
21672.350001
21731.050001
21790.025001
21848.825001
21908.025001
21967.350001
22026.575001
22086.050001
22145.750001
22205.450001
22265.200001
22325.150001
22385.450001
22445.850001
22506.375001
22567.025001
22627.700001
22688.525001
22749.525001
22810.725001
22872.100001
22933.625001
22995.450001
23057.525001
23119.625001
23181.850001
23244.275001
23307.075001
23369.925001
23432.975001
23496.400001
23559.800001
23623.600001
23687.425001
23751.650001
23815.950001
23880.650001
23945.575001
24010.575001
24075.900001
24141.600001
24207.550001
24273.725001
24340.125001
24406.850001
24473.800001
24541.125001
24608.625001
24676.300001
24744.350001
24812.750001
24881.425001
24950.350001
25019.700001
25089.225001
25159.200001
25229.700001
25300.325001
25371.400001
25443.025001
25515.025001
25587.525001
25660.600001
25734.400001
25808.800001
25883.675001
25959.275001
26035.525001
26112.275001
26189.600001
26267.725001
26346.550001
26426.000001
26506.150001
26587.150001
26669.075001
26751.675001
26835.675001
26921.150001
27008.600001
27151.525001
27229.675001
27314.600001
27491.750001
27569.575001
27744.125001
27823.725001
28063.175001
28142.775001
28464.175001
28547.925001
29076.900001
31335.925001
32853.800001
34354.200001
