1.000000
1.000000
6020.150000
6116.500000
6211.025000
6302.875000
6392.825000
6481.175000
6568.275000
6654.050000
6738.875000
6823.075000
6906.625000
6989.225000
7071.125000
7152.450000
7233.150000
7313.275000
7392.800000
7471.650000
7549.950000
7627.600000
7704.825000
7781.600000
7857.925000
7933.700000
8008.975000
8084.000000
8158.450000
8232.425000
8306.225000
8379.675000
8452.550000
8524.950000
8597.025000
8668.825000
8740.250000
8811.025000
8881.450000
8951.450000
9020.725000
9089.550000
9157.875000
9225.500000
9292.600000
9359.025000
9424.775000
9489.900000
9554.350000
9618.475000
9682.100000
9745.575000
9808.500000
9871.150000
9933.525000
9995.650000
10057.400000
10118.825000
10180.075000
10241.100000
10301.875000
10362.425000
10422.675000
10482.750000
10542.625000
10602.300000
10661.950000
10721.325000
10780.650000
10840.000000
10899.200000
10958.400000
11017.750000
11076.825000
11135.975000
11195.250000
11254.375000
11313.475000
11372.600000
11431.600000
11490.600000
11549.425000
11608.175000
11666.750000
11725.000000
11783.200000
11841.300000
11899.175000
11957.150000
12014.800000
12072.625000
12130.325000
12187.925000
12245.700000
12303.300000
12360.975000
12418.725000
12476.325000
12534.075000
12591.750000
12649.375000
12707.200000
12764.775000
12822.525000
12880.200000
12937.775000
12995.550000
13053.100000
13110.775000
13168.525000
13226.125000
13283.850000
13341.550000
13399.125000
13456.925000
13514.475000
13572.175000
13629.925000
13687.525000
13745.325000
13802.900000
13860.550000
13918.350000
13975.950000
14033.675000
14091.375000
14148.900000
14206.700000
14264.200000
14321.875000
14379.675000
14437.275000
14495.050000
14552.675000
14610.300000
14668.075000
14725.675000
14783.375000
14841.100000
14898.675000
14956.475000
15014.025000
15071.675000
15129.525000
15187.125000
15244.875000
15302.525000
15360.125000
15417.900000
15475.450000
15533.125000
15590.875000
15648.475000
15706.250000
15763.850000
15821.475000
15879.325000
15936.900000
15994.650000
16052.300000
16109.925000
16167.725000
16225.275000
16282.950000
16340.700000
16398.325000
16456.075000
16513.700000
16571.275000
16629.100000
16686.625000
16744.350000
16802.025000
16859.675000
16917.475000
16975.075000
17032.750000
17090.525000
17148.125000
17205.875000
17263.525000
17321.100000
17378.900000
17436.400000
17494.100000
17551.800000
17609.425000
17667.200000
17724.850000
17782.475000
17840.225000
17897.825000
17955.550000
18013.250000
18070.850000
18128.650000
18186.200000
18243.900001
18301.625001
18359.250001
18417.025001
18474.675001
18532.300001
18590.025001
18647.600001
18705.300001
18763.025001
18820.650001
18878.400001
18936.025001
18993.675001
19051.425001
19109.000001
19166.775001
19224.450001
19282.075001
19339.825001
19397.425001
19455.125001
19512.875001
19570.500001
19628.225001
19685.875001
19743.475001
19801.225001
19858.775001
19916.500001
19974.200001
20031.850001
20089.575001
20147.300001
20205.200001
20263.275001
20321.425001
20379.875001
20438.300001
20496.875001
20555.500001
20614.075001
20673.050001
20732.025001
20791.225001
20850.625001
20910.000001
20969.475001
21029.225001
21088.925001
21148.725001
21208.750001
21269.100001
21329.600001
21390.200001
21450.950001
21511.925001
21573.075001
21634.375001
21695.725001
21757.200001
21818.875001
21880.650001
21942.575001
22004.750001
22067.150001
22129.725001
22192.400001
22255.250001
22318.275001
22381.375001
22444.775001
22508.225001
22571.900001
22635.775001
22699.825001
22763.975001
22828.525001
22893.150001
22958.000001
23023.175001
23088.475001
23153.975001
23219.650001
23285.625001
23351.900001
23418.400001
23485.100001
23552.050001
23619.300001
23686.675001
23754.400001
23822.350001
23890.650001
23959.250001
24028.250001
24097.500001
24167.200001
24237.200001
24307.675001
24378.600001
24449.750001
24521.175001
24593.000001
24665.125001
24737.575001
24810.450001
24883.750001
24957.425001
25031.400001
25105.750001
25180.425001
25255.475001
25330.925001
25406.850001
25483.100001
25559.750001
25636.875001
25714.500001
25792.625001
25871.150001
25950.150001
26029.775001
26109.850001
26190.475001
26271.675001
26353.500001
26435.975001
26519.075001
26602.800001
26687.200001
26772.375001
26858.325001
26945.175001
27032.875001
27121.500001
27211.150001
27301.875001
27393.800001
27487.025001
27581.725001
27677.950001
27776.075001
27876.275001
27979.000001
28084.700001
28194.100001
28308.925001
