1.000000
7.000000
5970.250000
6063.225000
6156.800000
6248.275000
6337.475000
6424.750000
6510.150000
6594.025000
6676.375000
6757.825000
6838.300000
6918.225000
6997.300000
7075.775000
7153.750000
7231.125000
7307.975000
7384.075000
7459.275000
7533.400000
7606.625000
7679.075000
7750.800000
7821.950000
7892.525000
7962.650000
8031.975000
8100.950000
8169.325000
8237.100000
8304.500000
8371.525000
8438.300000
8504.825000
8570.900000
8636.675000
8702.350000
8767.775000
8832.700000
8897.275000
8961.375000
9024.950000
9088.050000
9150.900000
9213.275000
9275.150000
9336.650000
9397.925000
9458.775000
9519.225000
9579.300000
9638.800000
9697.975000
9756.900000
9815.025000
9872.950000
9930.400000
9987.350000
10044.000000
10100.250000
10156.300000
10212.200000
10267.850000
10323.375000
10378.900000
10434.375000
10489.825000
10545.325000
10600.800000
10656.325000
10711.750000
10767.250000
10822.650000
10877.950000
10933.200000
10988.475000
11043.825000
11099.125000
11154.450000
11209.625000
11264.875000
11320.200000
11375.525000
11430.750000
11485.950000
11541.300000
11596.650000
11652.050000
11707.475000
11762.800000
11818.075000
11873.350000
11928.725000
11984.075000
12039.350000
12094.575000
12149.700000
12204.875000
12259.950000
12314.975000
12369.975000
12424.925000
12479.925000
12534.875000
12589.750000
12644.525000
12699.125000
12753.850000
12808.350000
12863.025000
12917.775000
12972.275000
13026.625000
13081.150000
13135.750000
13190.350000
13244.875000
13299.400000
13353.975000
13408.350000
13462.925000
13517.600000
13572.100000
13626.450000
13680.875000
13735.475000
13790.125000
13844.575000
13898.950000
13953.475000
14008.050000
14062.600000
14117.175000
14171.725000
14226.200000
14280.600000
14335.175000
14389.825000
14444.350000
14498.675000
14553.100000
14607.725000
14662.375000
14716.850000
14771.225000
14825.775000
14880.350000
14934.875000
14989.400000
15043.975000
15098.425000
15152.825000
15207.425000
15262.075000
15316.600000
15370.950000
15425.375000
15480.000000
15534.625000
15589.050000
15643.475000
15698.000000
15752.550000
15807.125000
15861.625000
15916.225000
15970.675000
16025.075000
16079.700000
16134.375000
16188.800000
16243.175000
16297.625000
16352.225000
16406.875000
16461.300000
16515.725000
16570.275000
16624.800000
16679.400000
16733.925000
16788.500000
16842.950000
16897.350000
16951.900000
17006.600000
17061.025000
17115.400000
17169.850000
17224.450000
17279.125000
17333.550000
17387.975000
17442.550000
17497.075000
17551.575000
17606.150000
17660.725000
17715.150000
17769.575000
17824.125000
17878.825000
17933.275000
17987.650000
18042.125000
18096.725000
18151.325000
18205.800000
18260.250001
18314.775001
18369.325001
18423.825001
18478.425001
18532.975001
18587.400001
18641.850001
18696.425001
18751.075001
18805.550001
18859.925001
18914.325001
18968.975001
19023.550001
19078.000001
19132.475001
19187.000001
19241.550001
19296.075001
19350.650001
19405.250001
19459.650001
19514.000001
19568.625001
19623.275001
19677.750001
19732.125001
19786.525001
19841.175001
19895.775001
19950.225001
20004.725001
20059.275001
20113.750001
20168.450001
20223.275001
20278.075001
20332.950001
20387.900001
20442.925001
20498.075001
20553.400001
20608.750001
20664.100001
20719.600001
20775.150001
20830.800001
20886.600001
20942.625001
20998.600001
21054.775001
21111.050001
21167.550001
21224.100001
21280.625001
21337.250001
21394.050001
21451.075001
21508.050001
21565.100001
21622.300001
21679.725001
21737.175001
21794.800001
21852.475001
21910.250001
21968.250001
22026.175001
22084.425001
22142.675001
22201.175001
22259.600001
22318.275001
22376.950001
22435.875001
22494.975001
22554.125001
22613.425001
22672.975001
22732.550001
22792.325001
22852.250001
22912.300001
22972.375001
23032.575001
23092.975001
23153.475001
23214.125001
23274.900001
23335.850001
23396.975001
23458.200001
23519.600001
23581.175001
23642.925001
23704.850001
23767.050001
23829.350001
23891.725001
23954.250001
24017.050001
24080.075001
24143.175001
24206.575001
24270.100001
24333.875001
24397.800001
24462.025001
24526.300001
24590.875001
24655.625001
24720.550001
24785.750001
24851.225001
24916.875001
24982.750001
25048.875001
25115.225001
25181.850001
25248.700001
25315.900001
25383.425001
25451.225001
25519.300001
25587.625001
25656.400001
25725.425001
25794.850001
25864.550001
25934.775001
26005.350001
26076.350001
26147.875001
26219.875001
26292.275001
26365.025001
26438.175001
26511.800001
26585.800001
26660.150001
26735.000001
26810.175001
26885.850001
26961.950001
27038.475001
27115.400001
27192.825001
27270.700001
27349.025001
27427.875001
27507.300001
27587.225001
27667.725001
27748.750001
27830.425001
27912.700001
27995.675001
28079.325001
28163.675001
28248.775001
28334.750001
28421.575001
28509.450001
28598.425001
28688.725001
28780.750001
28874.900001
28971.225001
29069.650001
29170.150001
29273.000001
29378.650001
29488.000001
29603.300001
34217.650001
34328.425001
