10.000000
9.000000
5803.825000
5898.075000
5991.325000
6082.900000
6173.425000
6263.000000
6351.800000
6439.850000
6527.050000
6613.650000
6699.375000
6784.625000
6869.125000
6952.800000
7035.875000
7118.425000
7200.200000
7281.450000
7362.250000
7442.400000
7522.025000
7601.125000
7679.825000
7758.025000
7835.675000
7912.875000
7989.500000
8065.625000
8141.425000
8216.675000
8291.525000
8365.825000
8439.925000
8513.525000
8586.575000
8659.275000
8731.550000
8803.250000
8874.575000
8945.300000
9015.050000
9084.075000
9152.225000
9219.325000
9285.450000
9350.725000
9414.900000
9478.225000
9540.650000
9602.175000
9663.000000
9723.150000
9782.425000
9841.150000
9898.950000
9956.425000
10013.325000
10069.625000
10125.475000
10181.000000
10236.075000
10290.900000
10345.375000
10399.225000
10452.725000
10505.975000
10558.875000
10611.825000
10664.400000
10717.050000
10769.400000
10821.775000
10874.225000
10926.450000
10978.925000
11031.125000
11083.475000
11135.750000
11188.025000
11240.400000
11292.650000
11345.075000
11397.300000
11449.575000
11501.950000
11554.200000
11606.600000
11658.775000
11711.050000
11763.350000
11815.600000
11867.950000
11920.175000
11972.550000
12024.775000
12077.000000
12129.425000
12181.625000
12234.000000
12286.200000
12338.450000
12390.875000
12443.075000
12495.450000
12547.650000
12599.925000
12652.225000
12704.500000
12756.850000
12809.025000
12861.350000
12913.575000
12965.825000
13018.175000
13070.400000
13122.775000
13174.975000
13227.225000
13279.675000
13331.875000
13384.225000
13436.375000
13488.625000
13540.975000
13593.175000
13645.525000
13697.675000
13749.950000
13802.200000
13854.475000
13906.800000
13958.925000
14011.200000
14063.425000
14115.625000
14167.950000
14220.100000
14272.400000
14324.600000
14376.700000
14429.025000
14481.125000
14533.325000
14585.500000
14637.575000
14689.800000
14741.800000
14793.850000
14845.900000
14897.750000
14949.675000
15001.475000
15053.125000
15104.900000
15156.750000
15208.225000
15259.700000
15311.225000
15362.775000
15414.150000
15465.575000
15517.225000
15568.850000
15620.400000
15671.925000
15723.475000
15774.875000
15826.250000
15877.700000
15929.250000
15980.575000
16031.975000
16083.400000
16134.900000
16186.225000
16237.600000
16289.050000
16340.550000
16391.950000
16443.350000
16494.925000
16546.500000
16598.050000
16649.600000
16701.175000
16752.575000
16804.025000
16855.500000
16907.000000
16958.325000
17009.725000
17061.150000
17112.625000
17163.950000
17215.325000
17266.825000
17318.325000
17369.700000
17421.075000
17472.600000
17524.125000
17575.650000
17627.200000
17678.900000
17730.325000
17781.775000
17833.200000
17884.725000
17936.050000
17987.450000
18038.875000
18090.375000
18141.750000
18193.125000
18244.600001
18296.075001
18347.425001
18398.775001
18450.275001
18501.775001
18553.175001
18604.725001
18656.425001
18707.950001
18759.425001
18810.900001
18862.425001
18913.775001
18965.175001
19016.650001
19068.150001
19119.500001
19170.850001
19222.325001
19273.775001
19325.125001
19376.475001
19427.950001
19479.500001
19530.875001
19582.300001
19633.875001
19685.500001
19737.025001
19788.550001
19840.125001
19891.550001
19942.950001
19994.400001
20045.875001
20097.250001
20148.650001
20200.300001
20252.050001
20303.900001
20355.725001
20407.700001
20459.675001
20511.825001
20563.900001
20616.200001
20668.625001
20720.950001
20773.475001
20825.950001
20878.775001
20931.475001
20984.425001
21037.225001
21090.225001
21143.125001
21196.300001
21249.550001
21302.800001
21356.300001
21409.725001
21463.325001
21517.100001
21570.750001
21624.575001
21678.650001
21732.675001
21786.800001
21841.150001
21895.550001
21949.875001
22004.250001
22058.700001
22113.400001
22168.225001
22223.125001
22278.075001
22333.100001
22388.200001
22443.450001
22498.700001
22554.075001
22609.550001
22665.100001
22720.750001
22776.475001
22832.375001
22888.450001
22944.650001
23000.975001
23057.425001
23113.825001
23170.425001
23227.125001
23284.100001
23341.150001
23398.200001
23455.400001
23512.675001
23570.050001
23627.600001
23685.300001
23743.050001
23801.000001
23859.000001
23917.300001
23975.600001
24034.125001
24092.700001
24151.400001
24210.150001
24269.150001
24328.275001
24387.475001
24446.850001
24506.475001
24566.175001
24626.025001
24685.975001
24746.125001
24806.500001
24866.975001
24927.575001
24988.350001
25049.325001
25110.500001
25171.850001
25233.325001
25295.025001
25356.950001
25419.000001
25481.275001
25543.750001
25606.500001
25669.350001
25732.400001
25795.725001
25859.225001
25923.050001
25987.050001
26051.325001
26115.750001
26180.525001
26245.575001
26310.850001
26376.350001
26442.225001
26508.425001
26574.925001
26641.825001
26709.125001
26776.775001
26844.800001
26913.075001
26981.650001
27050.475001
27119.575001
27188.900001
27258.525001
27328.500001
27398.700001
27469.250001
27540.100001
27611.225001
27682.700001
27754.525001
27826.650001
27899.125001
27972.000001
28045.275001
28118.950001
28192.975001
28267.500001
28342.450001
28417.900001
28493.825001
28570.300001
28647.275001
28724.800001
28802.850001
28881.450001
28960.650001
29040.450001
29120.850001
29201.900001
29283.650001
29366.150001
29449.400001
29533.550001
29618.675001
29704.925001
29792.625001
29882.275001
29974.350001
30068.775001
30164.400001
30260.575001
30357.175001
30454.325001
30552.175001
30651.175001
30751.950001
30854.075001
30956.700001
31059.525001
31162.475001
31265.500001
31368.575001
31471.775001
31575.025001
31678.400001
31781.875001
31885.450001
31989.150001
32092.975001
32196.975001
32301.125001
32405.500001
32510.125001
32615.025001
32720.325001
32826.050001
32932.375001
33039.450001
33147.400001
33256.450001
33366.975001
33479.700001
33596.625001
34042.600001
34150.700001
34274.125001
34795.000001
34902.450001
