1.000000
29.000000
8582.525000
8658.750000
8731.150000
8800.125000
8866.975000
8932.300000
8996.900000
9060.650000
9124.075000
9186.875000
9249.325000
9311.350000
9373.000000
9434.175000
9494.625000
9554.300000
9613.500000
9672.025000
9730.100000
9787.425000
9844.350000
9900.900000
9956.950000
10012.350000
10067.225000
10121.600000
10175.750000
10229.800000
10283.425000
10336.750000
10390.150000
10443.025000
10495.850000
10548.250000
10600.600000
10652.600000
10704.250000
10755.750000
10807.175000
10858.250000
10909.300000
10960.275000
11011.175000
11062.075000
11112.850000
11163.500000
11213.925000
11264.300000
11314.675000
11365.025000
11415.175000
11465.225000
11515.200000
11565.125000
11615.000000
11664.800000
11714.575000
11764.200000
11813.775000
11863.375000
11912.975000
11962.475000
12011.875000
12061.150000
12110.350000
12159.550000
12208.575000
12257.800000
12307.025000
12356.125000
12405.225000
12454.175000
12503.075000
12552.125000
12601.225000
12650.125000
12698.900000
12747.800000
12796.825000
12845.800000
12894.675000
12943.450000
12992.350000
13041.350000
13090.275000
13139.050000
13187.775000
13236.525000
13285.525000
13334.525000
13383.275000
13431.975000
13480.700000
13529.675000
13578.650000
13627.475000
13676.200000
13724.950000
13773.775000
13822.600000
13871.325000
13920.175000
13969.100000
14018.000000
14066.775000
14115.425000
14164.100000
14213.000000
14261.925000
14310.750000
14359.500000
14408.225000
14457.100000
14505.850000
14554.600000
14603.400000
14652.325000
14701.225000
14749.950000
14798.600000
14847.300000
14896.150000
14945.000000
14993.825000
15042.675000
15091.500000
15140.325000
15189.050000
15237.700000
15286.375000
15335.275000
15384.225000
15433.025000
15481.750000
15530.475000
15579.375000
15628.150000
15676.825000
15725.600000
15774.525000
15823.425000
15872.150000
15920.800000
15969.525000
16018.375000
16067.275000
16116.100000
16164.900000
16213.675000
16262.525000
16311.250000
16359.900000
16408.575000
16457.475000
16506.425000
16555.250000
16604.000000
16652.700000
16701.525000
16750.300000
16798.925000
16847.675000
16896.600000
16945.550000
16994.300000
17042.975000
17091.725000
17140.550000
17189.350000
17238.100000
17286.925000
17335.800000
17384.675000
17433.375000
17482.050000
17530.725000
17579.650000
17628.600000
17677.400000
17726.125000
17774.875000
17823.700000
17872.450000
17921.075000
17969.825000
18018.725000
18067.725000
18116.500000
18165.175000
18213.850000
18262.700001
18311.450001
18360.150001
18408.925001
18457.850001
18506.800001
18555.525001
18604.200001
18652.900001
18701.725001
18750.575001
18799.375001
18848.200001
18897.000001
18945.850001
18994.600001
19043.250001
19091.975001
19140.875001
19189.825001
19238.625001
19287.325001
19336.025001
19384.875001
19433.600001
19482.300001
19531.050001
19580.000001
19628.975001
19677.675001
19726.325001
19775.025001
19823.850001
19872.650001
19921.400001
19970.225001
20019.125001
20068.000001
20116.775001
20165.500001
20214.300001
20263.375001
20312.500001
20361.525001
20410.675001
20459.775001
20508.975001
20558.300001
20607.775001
20657.325001
20706.925001
20756.575001
20806.325001
20856.150001
20906.025001
20955.925001
21005.875001
21055.875001
21106.000001
21156.275001
21206.650001
21257.000001
21307.400001
21357.925001
21408.375001
21458.925001
21509.625001
21560.375001
21611.250001
21662.275001
21713.325001
21764.400001
21815.550001
21866.875001
21918.275001
21969.625001
22021.050001
22072.750001
22124.550001
22176.300001
22228.275001
22280.300001
22332.350001
22384.650001
22436.850001
22489.325001
22541.800001
22594.400001
22647.050001
22699.850001
22752.700001
22805.725001
22858.775001
22912.175001
22965.450001
23019.000001
23072.700001
23126.375001
23180.300001
23234.425001
23288.550001
23342.850001
23397.275001
23451.975001
23506.900001
23561.925001
23617.200001
23672.600001
23728.175001
23784.000001
23840.100001
23896.300001
23952.700001
24009.300001
24066.225001
24123.425001
24180.725001
24238.325001
24296.300001
24354.425001
24412.875001
24471.525001
24530.525001
24589.800001
24649.225001
24708.950001
24769.000001
24829.225001
24889.525001
24950.025001
25010.675001
25071.500001
25132.500001
25193.675001
25255.025001
25316.550001
25378.150001
25440.000001
25501.975001
25564.050001
25626.250001
25688.650001
25751.275001
25813.975001
25876.850001
25940.025001
26003.275001
26066.750001
26130.400001
26194.200001
26258.200001
26322.375001
26386.725001
26451.350001
26516.100001
26581.100001
26646.350001
26711.750001
26777.350001
26843.150001
26909.150001
26975.400001
27041.900001
27108.575001
27175.500001
27242.700001
27310.075001
27377.725001
27445.675001
27513.850001
27582.275001
27651.025001
27720.025001
27789.325001
27858.900001
27928.825001
27998.975001
28069.500001
28140.350001
28211.500001
28283.025001
28354.900001
28427.150001
28499.800001
28572.825001
28646.325001
28720.225001
28794.550001
28869.375001
28944.650001
29020.475001
29096.850001
29173.775001
29251.325001
29329.525001
29408.425001
29488.100001
29568.625001
29650.100001
29732.725001
29816.700001
29902.325001
29989.675001
30078.950001
30169.475001
30261.175001
30354.450001
30450.175001
30551.100001
30752.775001
30844.000001
31105.050001
31195.700001
31438.300001
31529.725001
31775.525001
31866.775001
32110.775001
32202.125001
32446.800001
32538.100001
32782.525001
32873.825001
33118.400001
33209.700001
33454.100001
33545.425001
33789.950001
33881.250001
34125.600001
34216.925001
34461.425001
34552.750001
34797.200001
34888.525001
