100.000000
1.000000
7215.825000
7301.250000
7389.450000
7477.900000
7566.025000
7653.750000
7740.875000
7827.100000
7912.925000
7997.950000
8082.300000
8165.900000
8248.950000
8331.500000
8413.550000
8495.025000
8575.875000
8656.425000
8736.225000
8815.400000
8894.225000
8972.625000
9050.625000
9128.200000
9205.350000
9281.975000
9358.300000
9434.350000
9509.800000
9585.125000
9659.825000
9734.450000
9808.550000
9882.300000
9955.825000
10029.150000
10102.100000
10175.025000
10247.900000
10320.750000
10393.575000
10466.475000
10539.275000
10612.250000
10685.250000
10758.175000
10831.025000
10903.900000
10976.575000
11049.350000
11122.250000
11195.250000
11268.325000
11341.275000
11414.050000
11486.875000
11559.700000
11632.525000
11705.450000
11778.325000
11851.325000
11924.275000
11997.200000
12070.050000
12142.950000
12215.650000
12288.475000
12361.325000
12434.300000
12507.375000
12580.325000
12653.125000
12725.925000
12798.700000
12871.475000
12944.425000
13017.425000
13090.425000
13163.350000
13236.200000
13309.050000
13381.925000
13454.775000
13527.600000
13600.475000
13673.475000
13746.450000
13819.400000
13892.300000
13965.100000
14037.825000
14110.650000
14183.550000
14256.575000
14329.650000
14402.525000
14475.325000
14548.150000
14620.950000
14693.800000
14766.725000
14839.625000
14912.650000
14985.600000
15058.475000
15131.350000
15204.225000
15276.925000
15349.775000
15422.675000
15495.675000
15568.700000
15641.650000
15714.425000
15787.250000
15859.975000
15932.825000
16005.800000
16078.775000
16151.725000
16224.625000
16297.475000
16370.325000
16443.175000
16515.975000
16588.825000
16661.700000
16734.750000
16807.750000
16880.675000
16953.500000
17026.300000
17099.025000
17171.875000
17244.825000
17317.825000
17390.800000
17463.700000
17536.450000
17609.300000
17682.125000
17755.000000
17827.850000
17900.800000
17973.800000
18046.750000
18119.675000
18192.550000
18265.325001
18338.075001
18410.950001
18483.850001
18556.900001
18629.950001
18702.800001
18775.625001
18848.450001
18921.175001
18994.075001
19067.025001
19139.950001
19212.925001
19285.850001
19358.650001
19431.525001
19504.350001
19577.100001
19649.975001
19722.925001
19795.950001
19868.950001
19941.875001
20014.650001
20087.475001
20160.550001
20234.175001
20308.075001
20382.025001
20456.575001
20531.350001
20606.650001
20682.000001
20757.925001
20834.250001
20910.800001
20987.625001
21064.900001
21142.750001
21220.875001
21299.425001
21378.750001
21458.400001
21538.400001
21619.225001
21700.275001
21781.925001
21864.075001
21947.025001
22030.575001
22114.675001
22199.500001
22285.300001
22371.650001
22458.950001
22547.150001
22636.150001
22726.050001
22817.100001
22909.475001
23003.075001
23098.325001
23195.450001
23294.750001
23397.475001
