10.000000
2.000000
5287.150000
5393.350000
5501.850000
5608.950000
5713.850000
5816.525000
5917.500000
6016.700000
6114.300000
6210.575000
6305.600000
6399.275000
6492.000000
6583.550000
6674.200000
6763.850000
6852.550000
6940.475000
7027.425000
7113.725000
7199.200000
7284.200000
7368.550000
7452.150000
7535.175000
7617.575000
7699.175000
7780.350000
7860.800000
7940.875000
8020.375000
8099.275000
8177.700000
8255.600000
8332.975000
8409.875000
8486.250000
8562.350000
8637.800000
8713.075000
8787.775000
8862.200000
8936.050000
9009.500000
9082.600000
9155.425000
9227.675000
9299.575000
9371.125000
9442.375000
9513.375000
9584.000000
9654.100000
9723.800000
9792.975000
9861.925000
9930.400000
9998.200000
10065.325000
10131.800000
10197.775000
10263.325000
10328.050000
10391.700000
10454.325000
10516.150000
10577.350000
10637.900000
10698.000000
10757.825000
10817.250000
10876.125000
10934.800000
10993.050000
11051.275000
11109.250000
11167.325000
11225.025000
11282.650000
11340.300000
11397.550000
11454.850000
11512.125000
11569.075000
11625.775000
11682.375000
11738.825000
11795.325000
11851.700000
11908.000000
11964.150000
12020.425000
12076.575000
12132.825000
12189.100000
12245.450000
12301.700000
12357.950000
12414.075000
12470.300000
12526.450000
12582.700000
12638.950000
12695.275000
12751.550000
12807.825000
12863.950000
12920.200000
12976.350000
13032.575000
13088.825000
13145.150000
13201.450000
13257.725000
13313.875000
13370.100000
13426.300000
13482.475000
13538.725000
13595.050000
13651.350000
13707.625000
13763.825000
13820.025000
13876.200000
13932.375000
13988.625000
14044.925000
14101.225000
14157.525000
14213.725000
14269.900000
14326.100000
14382.250000
14438.475000
14494.775000
14551.075000
14607.375000
14663.600000
14719.775000
14775.950000
14832.150000
14888.350000
14944.650000
15000.950000
15057.275000
15113.500000
15169.675000
15225.850000
15282.075000
15338.250000
15394.575000
15450.875000
15507.200000
15563.425000
15619.625000
15675.800000
15732.025000
15788.200000
15844.525000
15900.825000
15957.150000
16013.375000
16069.575000
16125.750000
16181.975000
16238.175000
16294.475000
16350.775000
16407.100000
16463.350000
16519.550000
16575.725000
16631.950000
16688.125000
16744.425000
16800.725000
16857.075000
16913.300000
16969.525000
17025.700000
17081.925000
17138.100000
17194.400000
17250.700000
17307.025000
17363.275000
17419.500000
17475.675000
17531.900000
17588.075000
17644.375000
17700.650000
17757.000000
17813.250000
17869.475000
17925.625000
17981.875000
18038.025000
18094.325000
18150.600000
18206.950000
18263.200001
18319.425001
18375.575001
18431.825001
18487.975001
18544.250001
18600.500001
18656.875001
18713.100001
18769.350001
18825.500001
18881.750001
18937.850001
18994.125001
19050.375001
19106.725001
19162.975001
19219.225001
19275.350001
19331.575001
19387.700001
19443.950001
19500.200001
19556.550001
19612.825001
19669.075001
19725.200001
19781.425001
19837.575001
19893.825001
19950.075001
20006.425001
20062.725001
20119.000001
20175.325001
20231.775001
20288.350001
20345.300001
20402.200001
20459.225001
20516.375001
20573.600001
20630.775001
20688.225001
20745.900001
20803.575001
20861.500001
20919.425001
20977.475001
21035.725001
21094.150001
21152.600001
21211.175001
21269.875001
21328.950001
21387.875001
21447.050001
21506.500001
21566.000001
21625.675001
21685.575001
21745.625001
21805.625001
21865.750001
21926.100001
21986.525001
22047.175001
22108.000001
22169.050001
22230.250001
22291.525001
22352.875001
22414.450001
22476.225001
22538.150001
22600.350001
22662.700001
22725.075001
22787.600001
22850.475001
22913.525001
22976.650001
23040.100001
23103.650001
23167.600001
23231.600001
23295.825001
23360.100001
23424.700001
23489.550001
23554.600001
23619.825001
23685.375001
23751.150001
23817.100001
23883.250001
23949.600001
24016.300001
24083.200001
24150.350001
24217.875001
24285.600001
24353.675001
24422.000001
24490.625001
24559.500001
24628.850001
24698.375001
24768.375001
24838.675001
24909.400001
24980.575001
25052.250001
25124.475001
25197.075001
25270.100001
25343.550001
25417.500001
25491.750001
25566.375001
25641.450001
25716.925001
25792.800001
25869.175001
25945.975001
26023.275001
26101.050001
26179.350001
26258.125001
26337.375001
26417.300001
26497.775001
26578.950001
26660.675001
26743.125001
26826.250001
26910.200001
26995.075001
27080.850001
27167.575001
27255.300001
27344.100001
27434.050001
27525.150001
27617.550001
27711.225001
27806.425001
27903.150001
28001.650001
28102.075001
28204.675001
28309.825001
28418.000001
28530.100001
28648.175001
