10.000000
29.000000
8483.775000
8563.650000
8640.400000
8713.175000
8782.525000
8849.200000
8913.950000
8977.175000
9039.600000
9101.200000
9162.100000
9222.425000
9282.200000
9341.725000
9401.000000
9459.775000
9518.525000
9576.850000
9635.225000
9693.175000
9751.150000
9808.725000
9866.325000
9923.775000
9980.900000
10037.925000
10095.000000
10152.025000
10208.825000
10265.575000
10322.300000
10379.150000
10435.775000
10492.450000
10548.975000
10605.550000
10662.150000
10718.725000
10775.100000
10831.400000
10887.600000
10943.750000
10999.900000
11055.850000
11111.725000
11167.725000
11223.425000
11279.050000
11334.525000
11389.900000
11445.200000
11500.225000
11555.075000
11609.675000
11664.025000
11718.500000
11772.850000
11827.025000
11881.200000
11935.475000
11989.700000
12043.750000
12097.800000
12151.950000
12206.025000
12259.925000
12313.825000
12367.925000
12421.800000
12475.775000
12529.950000
12584.025000
12637.900000
12691.825000
12745.825000
12799.675000
12853.600000
12907.700000
12961.700000
13015.525000
13069.375000
13123.350000
13177.150000
13231.025000
13285.025000
13338.775000
13392.600000
13446.550000
13500.400000
13554.125000
13607.925000
13661.675000
13715.250000
13768.900000
13822.400000
13875.725000
13929.250000
13982.400000
14035.700000
14088.850000
14141.900000
14195.050000
14248.075000
14301.200000
14353.975000
14406.850000
14459.425000
14512.125000
14564.475000
14616.875000
14669.075000
14720.925000
14772.750000
14824.400000
14875.750000
14926.900000
14978.000000
15029.075000
15080.000000
15130.725000
15181.425000
15232.050000
15282.675000
15333.250000
15383.725000
15434.250000
15484.650000
15534.825000
15584.875000
15634.775000
15684.575000
15734.200000
15783.625000
15832.925000
15882.075000
15931.150000
15980.325000
16029.425000
16078.500000
16127.475000
16176.275000
16225.075000
16274.000000
16323.000000
16371.875000
16420.625000
16469.375000
16518.225000
16567.000000
16615.650000
16664.300000
16713.150000
16762.025000
16810.725000
16859.375000
16908.050000
16956.800000
17005.350000
17053.900000
17102.475000
17151.150000
17199.625000
17248.125000
17296.750000
17345.400000
17393.850000
17442.375000
17490.975000
17539.500000
17587.825000
17636.125000
17684.575000
17732.875000
17781.200000
17829.700000
17877.975000
17926.150000
17974.450000
18022.800000
18070.900000
18119.150000
18167.475000
18215.525000
18263.650001
18311.850001
18359.875001
18407.975001
18456.125001
18504.150001
18552.225001
18600.275001
18648.200001
18696.250001
18744.225001
18792.100001
18840.150001
18887.900001
18935.825001
18983.725001
19031.575001
19079.550001
19127.350001
19175.125001
19223.075001
19270.775001
19318.675001
19366.550001
19414.150001
19462.075001
19509.725001
19557.575001
19605.375001
19653.000001
19700.875001
19748.525001
19796.300001
19844.075001
19891.750001
19939.525001
19987.225001
20034.975001
20082.650001
20130.425001
20178.250001
20226.025001
20273.950001
20321.850001
20369.750001
20417.875001
20465.875001
20513.950001
20562.250001
20610.450001
20658.725001
20707.200001
20755.575001
20804.025001
20852.550001
20901.250001
20949.900001
20998.550001
21047.325001
21096.300001
21145.425001
21194.500001
21243.575001
21292.825001
21342.100001
21391.525001
21441.075001
21490.750001
21540.450001
21590.200001
21640.075001
21690.050001
21740.100001
21790.200001
21840.400001
21890.700001
21941.175001
21991.650001
22042.200001
22092.875001
22143.650001
22194.600001
22245.700001
22296.825001
22348.075001
22399.500001
22451.150001
22502.700001
22554.425001
22606.425001
22658.400001
22710.575001
22763.000001
22815.350001
22868.025001
22920.625001
22973.500001
23026.325001
23079.475001
23132.600001
23185.925001
23239.325001
23292.825001
23346.500001
23400.250001
23454.025001
23507.975001
23562.100001
23616.250001
23670.475001
23724.800001
23779.300001
23833.825001
23888.450001
23943.125001
23997.925001
24052.825001
24107.900001
24163.075001
24218.375001
24273.700001
24329.150001
24384.675001
24440.300001
24496.025001
24551.850001
24607.825001
24663.850001
24719.950001
24776.150001
24832.475001
24888.950001
24945.575001
25002.275001
25059.075001
25116.000001
25173.150001
25230.325001
25287.500001
25344.900001
25402.425001
25459.975001
25517.800001
25575.625001
25633.625001
25691.725001
25749.925001
25808.275001
25866.775001
25925.350001
25984.175001
26043.050001
26102.150001
26161.325001
26220.625001
26280.150001
26339.825001
26399.575001
26459.500001
26519.550001
26579.850001
26640.300001
26700.875001
26761.625001
26822.525001
26883.550001
26944.800001
27006.250001
27067.925001
27129.750001
27191.750001
27253.900001
27316.275001
27378.925001
27441.700001
27504.700001
27568.000001
27631.450001
27695.200001
27759.175001
27823.425001
27887.875001
27952.650001
28017.750001
28083.100001
28148.775001
28214.825001
28281.300001
28348.200001
28415.575001
28483.550001
28552.150001
28621.400001
28691.425001
28762.275001
28834.125001
28907.175001
28981.450001
29056.975001
29133.600001
29211.200001
29289.750001
29369.325001
29449.975001
29532.000001
29615.750001
29701.650001
29790.025001
29881.150001
29975.525001
30074.750001
30180.250001
30339.000001
30432.775001
30533.400001
30638.925001
30796.775001
30890.575001
30991.375001
31097.925001
31256.150001
31350.150001
31451.525001
31610.700001
31704.500001
31805.625001
31917.850001
32024.325001
32203.525001
32295.750001
32396.025001
32536.250001
32633.200001
32739.000001
32918.350001
33010.775001
33111.500001
33270.625001
33365.000001
33467.600001
33647.025001
33739.275001
33839.675001
33998.025001
34092.275001
34194.425001
34356.125001
34450.175001
34552.325001
34733.300001
34825.250001
34925.150001
