100.000000
8.000000
6760.475000
6840.175000
6923.100000
7006.700000
7090.100000
7173.275000
7256.050000
7338.250000
7420.200000
7501.550000
7582.275000
7662.600000
7742.450000
7821.800000
7900.750000
7979.375000
8057.525000
8135.250000
8212.475000
8289.075000
8365.250000
8441.325000
8516.875000
8592.050000
8666.850000
8741.400000
8815.325000
8888.975000
8962.475000
9035.650000
9108.425000
9180.875000
9252.950000
9324.800000
9396.475000
9467.925000
9538.750000
9609.350000
9679.950000
9750.050000
9819.850000
9889.400000
9958.675000
10027.625000
10096.525000
10165.175000
10233.925000
10302.625000
10371.125000
10439.800000
10508.375000
10576.750000
10645.450000
10713.900000
10782.300000
10850.875000
10919.400000
10987.650000
11056.150000
11124.650000
11192.950000
11261.175000
11329.625000
11397.850000
11466.100000
11534.450000
11602.525000
11670.475000
11738.350000
11806.400000
11874.250000
11941.925000
12009.375000
12076.725000
12144.175000
12211.575000
12279.125000
12346.600000
12413.925000
12481.300000
12548.575000
12615.850000
12683.225000
12750.625000
12818.150000
12885.575000
12952.900000
13020.250000
13087.525000
13154.900000
13222.275000
13289.675000
13357.225000
13424.600000
13491.975000
13559.250000
13626.475000
13693.825000
13761.175000
13828.650000
13896.150000
13963.525000
14030.850000
14098.150000
14165.400000
14232.725000
14300.100000
14367.625000
14435.100000
14502.475000
14569.800000
14637.075000
14704.400000
14771.700000
14839.050000
14906.550000
14973.975000
15041.400000
15108.650000
15175.950000
15243.250000
15310.550000
15377.925000
15445.400000
15512.875000
15580.300000
15647.575000
15714.850000
15782.150000
15849.425000
15916.875000
15984.325000
16051.750000
16119.175000
16186.400000
16253.750000
16321.000000
16388.275000
16455.700000
16523.150000
16590.650000
16658.025000
16725.300000
16792.675000
16859.900000
16927.175000
16994.625000
17062.025000
17129.600000
17196.975000
17264.200000
17331.550000
17398.750000
17466.075000
17533.450000
17600.900000
17668.425000
17735.800000
17803.075000
17870.400000
17937.650000
18005.025000
18072.400000
18139.825000
18207.375000
18274.725001
18342.100001
18409.375001
18476.575001
18543.925001
18611.275001
18678.750001
18746.225001
18813.575001
18880.900001
18948.200001
19015.425001
19082.775001
19150.150001
19217.650001
19285.150001
19352.500001
19419.825001
19487.100001
19554.425001
19621.725001
19689.050001
19756.550001
19824.000001
19891.425001
19958.675001
20025.950001
20093.250001
20160.750001
20228.650001
20296.750001
20364.875001
20433.250001
20501.925001
20570.725001
20639.875001
20709.200001
20778.975001
20848.600001
20918.850001
20989.175001
21059.675001
21130.550001
21201.775001
21273.300001
21345.175001
21417.425001
21489.900001
21562.675001
21635.725001
21709.075001
21782.800001
21857.050001
21931.425001
22006.375001
22081.575001
22157.275001
22233.150001
22309.450001
22386.200001
22463.475001
22541.300001
22619.500001
22698.100001
22777.150001
22857.000001
22937.100001
23017.950001
23099.100001
23181.075001
23263.650001
23346.925001
23430.825001
23515.250001
23600.500001
23686.675001
23773.775001
23861.675001
23950.650001
24040.850001
24132.375001
24225.250001
24320.050001
24416.675001
24516.675001
