200.000000
1.000000
10135.325000
10188.125000
10237.475000
10284.475000
10329.900000
10374.050000
10417.275000
10459.400000
10500.950000
10542.300000
10582.975000
10623.275000
10663.350000
10703.400000
10742.825000
10782.175000
10821.300000
10860.225000
10898.925000
10937.225000
10975.600000
11013.600000
11051.575000
11089.475000
11127.125000
11164.700000
11202.175000
11239.575000
11276.825000
11313.850000
11350.750000
11387.525000
11424.275000
11460.775000
11497.350000
11533.850000
11570.200000
11606.450000
11642.575000
11678.725000
11714.775000
11750.825000
11786.875000
11822.925000
11858.975000
11895.000000
11931.025000
11967.000000
12002.725000
12038.375000
12074.225000
12110.000000
12145.550000
12181.275000
12217.150000
12252.825000
12288.350000
12324.125000
12359.650000
12395.225000
12431.025000
12466.625000
12502.175000
12537.850000
12573.275000
12608.975000
12644.650000
12680.100000
12715.775000
12751.225000
12786.800000
12822.525000
12857.925000
12893.550000
12929.050000
12964.600000
13000.300000
13035.700000
13071.300000
13106.775000
13142.350000
13178.025000
13213.400000
13249.025000
13284.450000
13320.050000
13355.600000
13391.100000
13426.675000
13462.075000
13497.750000
13533.175000
13568.750000
13604.275000
13639.725000
13675.425000
13710.800000
13746.425000
13781.825000
13817.400000
13853.075000
13888.450000
13924.100000
13959.475000
13995.075000
14030.625000
14066.100000
14101.725000
14137.100000
14172.775000
14208.200000
14243.725000
14279.325000
14314.725000
14350.425000
14385.825000
14421.400000
14456.850000
14492.375000
14528.050000
14563.425000
14599.025000
14634.425000
14670.025000
14705.500000
14741.025000
14776.500000
14811.950000
14847.625000
14882.975000
14918.600000
14954.000000
14989.550000
15025.100000
15060.500000
15096.050000
15131.425000
15167.100000
15202.475000
15238.000000
15273.325000
15308.925000
15344.350000
15379.825000
15415.200000
15450.675000
15486.150000
15521.575000
15557.075000
15592.450000
15628.100000
15663.425000
15698.925000
15734.300000
15769.900000
15805.250000
15840.825000
15876.100000
15911.700000
15947.100000
15982.550000
16017.925000
16053.475000
16088.925000
16124.350000
16159.750000
16195.200000
16230.750000
16266.125000
16301.675000
16337.000000
16372.625000
16407.950000
16443.475000
16478.850000
16514.425000
16549.825000
16585.325000
16620.625000
16656.175000
16691.650000
16727.075000
16762.525000
16797.950000
16833.475000
16868.875000
16904.375000
16939.750000
16975.375000
17010.675000
17046.250000
17081.575000
17117.200000
17152.575000
17188.050000
17223.400000
17258.950000
17294.375000
17329.850000
17365.225000
17400.700000
17436.150000
17471.575000
17507.075000
17542.450000
17578.075000
17613.400000
17648.900000
17684.275000
17719.875000
17755.225000
17790.800000
17826.100000
17861.675000
17897.075000
17932.550000
17967.925000
18003.450000
18038.900000
18074.325000
18109.725000
18145.175000
18180.725000
18216.100000
18251.625001
18286.975001
18322.600001
18357.925001
18393.450001
18428.825001
18464.425001
18499.800001
18535.300001
18570.600001
18606.175001
18641.650001
18677.075001
18712.500001
18747.925001
18783.450001
18818.850001
18854.350001
18889.725001
18925.350001
18960.650001
18996.225001
19031.550001
19067.175001
19102.550001
19138.025001
19173.375001
19208.925001
19244.350001
19279.825001
19315.200001
19350.675001
19386.125001
19421.550001
19457.025001
19492.425001
19528.050001
19563.375001
19598.875001
19634.250001
19669.875001
19705.200001
19740.800001
19776.075001
19811.675001
19847.075001
19882.525001
19917.900001
19953.450001
19988.875001
20024.325001
20059.700001
20095.175001
20130.725001
20166.150001
20201.800001
20237.225001
20272.875001
20308.625001
20344.150001
20379.875001
20415.700001
20451.400001
20487.050001
20522.925001
20558.925001
20594.975001
20631.050001
20667.175001
20703.325001
20739.500001
20775.650001
20811.825001
20848.000001
20884.200001
20920.375001
20956.600001
20992.775001
21029.125001
21065.500001
21102.000001
21138.425001
21174.950001
21211.625001
21248.125001
21284.800001
21321.500001
21358.175001
21395.050001
21431.775001
21468.700001
21505.675001
21542.550001
21579.675001
21616.800001
21653.775001
21691.000001
21728.350001
21765.650001
21803.000001
21840.250001
21877.525001
21914.850001
21952.300001
21989.825001
22027.350001
22064.900001
22102.525001
22140.200001
22178.100001
22215.950001
22253.800001
22291.825001
22329.825001
22367.825001
22406.050001
22444.150001
22482.425001
22520.575001
22559.000001
22597.525001
22635.875001
22674.400001
22713.075001
22751.850001
22790.650001
22829.525001
22868.450001
22907.450001
22946.500001
22985.575001
23024.675001
23063.850001
23103.250001
23142.575001
23181.975001
23221.475001
23261.050001
23300.725001
23340.575001
23380.300001
23420.200001
23460.250001
23500.425001
23540.650001
23580.950001
23621.275001
23661.750001
23702.225001
23742.700001
23783.325001
23824.100001
23864.850001
23905.850001
23946.800001
23987.925001
24029.075001
24070.300001
24111.775001
24153.375001
24195.025001
24236.775001
24278.625001
24320.450001
24362.400001
24404.525001
24446.750001
24489.150001
24531.550001
24574.200001
24617.000001
24659.775001
24702.675001
24745.700001
24788.925001
24832.300001
24875.850001
24919.625001
24963.450001
25007.575001
25051.875001
25096.350001
25141.025001
25185.750001
25230.775001
25275.875001
25321.225001
25366.800001
25412.475001
25458.375001
25504.525001
25550.875001
25597.500001
25644.225001
25691.250001
25738.450001
25785.925001
25833.725001
25881.700001
25930.000001
25978.625001
26027.400001
26076.450001
26125.850001
26175.650001
26225.750001
26276.125001
26326.900001
26378.175001
26429.850001
26481.925001
26534.525001
26587.725001
26641.550001
26696.100001
26751.325001
26807.525001
26864.650001
26922.875001
26982.400001
27043.500001
27106.575001
27172.100001
27241.100001
27315.650001
27495.850001
27556.775001
27625.975001
27853.200001
27914.825001
28161.175001
28223.375001
28555.275001
28618.175001
29114.800001
29177.975001
33592.100001
33657.725001
