100.000000
33.000000
10682.075000
10747.225000
10811.775000
10874.850000
10936.550000
10997.500000
11058.050000
11118.175000
11177.700000
11236.975000
11296.350000
11355.350000
11414.075000
11472.875000
11531.500000
11590.200000
11648.475000
11707.025000
11765.200000
11823.625000
11881.775000
11940.150000
11998.250000
12056.675000
12114.750000
12173.125000
12231.300000
12289.600000
12347.750000
12406.025000
12464.100000
12522.200000
12580.425000
12638.475000
12696.800000
12754.950000
12813.300000
12871.350000
12929.775000
12987.775000
13046.050000
13104.075000
13162.350000
13220.400000
13278.750000
13336.775000
13395.100000
13453.225000
13511.350000
13569.475000
13627.525000
13685.775000
13743.850000
13802.225000
13860.275000
13918.675000
13976.650000
14034.925000
14092.950000
14151.225000
14209.225000
14267.650000
14325.700000
14383.975000
14442.175000
14500.325000
14558.400000
14616.550000
14674.725000
14732.800000
14791.200000
14849.200000
14907.625000
14965.625000
15023.900000
15081.900000
15140.175000
15198.200000
15256.550000
15314.600000
15372.875000
15431.025000
15489.150000
15547.250000
15605.375000
15663.600000
15721.625000
15780.075000
15838.100000
15896.450000
15954.550000
16012.850000
16070.800000
16129.150000
16187.125000
16245.450000
16303.550000
16361.825000
16419.975000
16478.175000
16536.225000
16594.350000
16652.550000
16710.575000
16768.975000
16827.000000
16885.375000
16943.425000
17001.700000
17059.650000
17118.000000
17176.000000
17234.300000
17292.450000
17350.750000
17408.850000
17467.125000
17525.200000
17583.275000
17641.500000
17699.525000
17757.875000
17815.950000
17874.325000
17932.375000
17990.725000
18048.650000
18106.975000
18164.975000
18223.275000
18281.350001
18339.650001
18397.775001
18456.025001
18514.075001
18572.150001
18630.375001
18688.425001
18746.750001
18804.900001
18863.275001
18921.275001
18979.700001
19037.675001
19095.950001
19154.000001
19212.250001
19270.325001
19328.675001
19386.725001
19445.025001
19503.125001
19561.200001
19619.375001
19677.425001
19735.725001
19793.800001
19852.175001
19910.200001
19968.600001
20026.550001
20084.825001
20142.925001
20201.350001
20259.550001
20318.200001
20376.550001
20435.425001
20494.200001
20553.025001
20612.150001
20671.075001
20730.425001
20789.850001
20849.200001
20908.775001
20968.725001
21028.725001
21088.600001
21148.550001
21208.700001
21269.200001
21329.875001
21390.625001
21451.450001
21512.375001
21573.475001
21634.700001
21696.075001
21757.675001
21819.375001
21881.075001
21942.950001
22005.000001
22067.400001
22130.050001
22192.625001
22255.350001
22318.400001
22381.425001
22444.675001
22508.175001
22571.650001
22635.650001
22699.550001
22763.825001
22828.150001
22892.750001
22957.750001
23022.800001
23087.925001
23153.450001
23219.350001
23285.425001
23351.775001
23418.400001
23485.225001
23552.350001
23619.725001
23687.250001
23755.175001
23823.500001
23892.150001
23960.975001
24030.475001
24100.000001
24170.200001
24240.850001
24311.775001
24383.150001
24455.025001
24527.275001
24600.025001
24673.400001
24747.375001
24821.725001
24896.950001
24972.475001
25048.775001
25125.925001
25203.975001
25282.950001
25362.900001
25444.400001
25527.200001
25612.800001
25751.150001
25828.350001
25913.575001
26085.400001
26162.225001
26331.775001
26410.275001
26614.525001
26693.175001
26942.975001
27022.250001
27354.100001
27433.550001
27793.175001
28038.100001
28428.975001
