100.000000
2.000000
7220.875000
7305.700000
7393.450000
7481.625000
7569.550000
7657.025000
7743.850000
7830.400000
7916.100000
8001.450000
8086.125000
8170.275000
8253.825000
8336.725000
8419.250000
8501.050000
8582.225000
8663.000000
8743.150000
8822.875000
8902.225000
8981.100000
9059.400000
9137.200000
9214.600000
9291.750000
9368.525000
9444.825000
9520.625000
9596.250000
9671.275000
9746.225000
9820.625000
9894.725000
9968.675000
10042.250000
10115.325000
10188.450000
10261.750000
10335.150000
10408.300000
10481.475000
10554.675000
10627.800000
10701.025000
10774.325000
10847.525000
10920.625000
10993.775000
11067.075000
11140.300000
11213.500000
11286.625000
11359.725000
11432.875000
11506.225000
11579.650000
11652.775000
11725.875000
11798.950000
11872.075000
11945.375000
12018.775000
12092.025000
12165.050000
12238.125000
12311.300000
12384.550000
12457.850000
12531.075000
12604.200000
12677.275000
12750.550000
12823.825000
12897.000000
12970.200000
13043.350000
13116.475000
13189.675000
13263.050000
13336.175000
13409.275000
13482.450000
13555.650000
13628.925000
13702.175000
13775.350000
13848.400000
13921.500000
13994.775000
14068.050000
14141.300000
14214.400000
14287.450000
14360.575000
14433.875000
14507.225000
14580.425000
14653.550000
14726.600000
14799.700000
14872.975000
14946.350000
15019.550000
15092.700000
15165.775000
15238.875000
15312.125000
15385.450000
15458.625000
15531.750000
15604.925000
15678.125000
15751.350000
15824.575000
15897.750000
15970.850000
16044.000000
16117.375000
16190.700000
16263.800000
16336.900000
16410.025000
16483.150000
16556.475000
16629.900000
16703.050000
16776.100000
16849.150000
16922.325000
16995.600000
17068.925000
17142.200000
17215.225000
17288.325000
17361.550000
17434.850000
17508.050000
17581.250000
17654.425000
17727.475000
17800.750000
17874.075000
17947.225000
18020.375000
18093.550000
18166.725000
18239.950001
18313.250001
18386.400001
18459.475001
18532.625001
18605.900001
18679.175001
18752.375001
18825.525001
18898.600001
18971.700001
19045.075001
19118.450001
19191.625001
19264.700001
19337.800001
19410.900001
19484.175001
19557.600001
19630.800001
19703.925001
19776.925001
19850.075001
19923.325001
19996.625001
20069.875001
20143.125001
20216.750001
20290.825001
20365.025001
20439.725001
20514.725001
20590.200001
20665.750001
20741.875001
20818.500001
20895.500001
20972.825001
21050.575001
21128.850001
21207.625001
21286.675001
21366.175001
21446.375001
21526.750001
21607.950001
21689.525001
21771.675001
21854.425001
21937.600001
22021.550001
22106.425001
22191.925001
22277.900001
22364.775001
22452.650001
22541.425001
22631.225001
22722.000001
22813.900001
22907.300001
23002.000001
23098.550001
23197.325001
23299.000001
