10.000000
3.000000
5407.100000
5513.125000
5622.700000
5731.025000
5837.125000
5941.075000
6043.000000
6143.000000
6241.450000
6338.300000
6434.000000
6528.325000
6621.475000
6713.600000
6804.525000
6894.525000
6983.550000
7071.675000
7159.125000
7245.850000
7331.625000
7416.650000
7501.025000
7584.800000
7667.900000
7750.175000
7831.875000
7913.100000
7993.775000
8073.975000
8153.475000
8232.525000
8310.975000
8388.800000
8466.200000
8543.150000
8619.550000
8695.650000
8771.050000
8846.225000
8920.775000
8995.100000
9069.075000
9142.500000
9215.350000
9287.700000
9359.675000
9431.325000
9502.600000
9573.450000
9643.650000
9713.500000
9782.650000
9851.225000
9918.900000
9985.625000
10051.075000
10114.875000
10177.675000
10239.675000
10301.025000
10361.625000
10421.625000
10481.025000
10539.950000
10598.225000
10656.400000
10714.050000
10771.625000
10829.225000
10886.300000
10943.325000
11000.250000
11057.025000
11113.525000
11169.950000
11226.200000
11282.325000
11338.475000
11394.575000
11450.650000
11506.800000
11562.750000
11618.775000
11674.725000
11730.550000
11786.325000
11842.225000
11898.150000
11954.050000
12009.775000
12065.525000
12121.300000
12177.225000
12233.125000
12288.850000
12344.650000
12400.425000
12456.350000
12512.200000
12567.900000
12623.475000
12679.025000
12734.450000
12789.850000
12845.300000
12900.700000
12956.075000
13011.300000
13066.500000
13121.675000
13176.875000
13232.050000
13287.200000
13342.425000
13397.625000
13452.775000
13507.975000
13563.275000
13618.625000
13673.875000
13729.150000
13784.400000
13839.675000
13895.025000
13950.250000
14005.400000
14060.575000
14115.775000
14170.900000
14226.025000
14281.225000
14336.375000
14391.550000
14446.750000
14502.050000
14557.375000
14612.600000
14667.850000
14723.100000
14778.425000
14833.650000
14888.775000
14943.950000
14999.100000
15054.275000
15109.375000
15164.500000
15219.675000
15274.800000
15330.050000
15385.350000
15440.625000
15495.800000
15551.025000
15606.300000
15661.525000
15716.700000
15771.800000
15826.900000
15882.025000
15937.100000
15992.275000
16047.350000
16102.450000
16157.675000
16212.875000
16268.000000
16323.125000
16378.175000
16433.125000
16487.925000
16542.725000
16597.325000
16651.975000
16706.700000
16761.075000
16815.400000
16869.775000
16924.275000
16978.925000
17033.275000
17087.550000
17141.900000
17196.375000
17250.950000
17305.400000
17359.675000
17413.950000
17468.425000
17522.950000
17577.425000
17631.800000
17686.075000
17740.525000
17795.000000
17849.450000
17903.900000
17958.225000
18012.650000
18067.100000
18121.475000
18175.950000
18230.375001
18284.800001
18339.100001
18393.375001
18447.725001
18502.225001
18556.775001
18611.050001
18665.275001
18719.550001
18773.900001
18828.350001
18882.750001
18937.125001
18991.475001
19045.775001
19099.975001
19154.125001
19208.225001
19262.425001
19316.500001
19370.500001
19424.575001
19478.775001
19532.750001
19586.750001
19640.850001
19694.900001
19748.700001
19802.575001
19856.600001
19910.500001
19964.375001
20018.375001
20072.225001
20126.050001
20180.150001
20234.400001
20288.550001
20342.800001
20397.100001
20451.525001
20506.150001
20560.825001
20615.450001
20670.275001
20725.175001
20780.225001
20835.450001
20890.800001
20946.225001
21001.700001
21057.275001
21112.975001
21168.850001
21224.750001
21280.625001
21336.625001
21392.850001
21449.075001
21505.550001
21562.150001
21618.875001
21675.675001
21732.650001
21789.850001
21847.000001
21904.200001
21961.600001
22019.175001
22076.725001
22134.600001
22192.500001
22250.700001
22308.900001
22367.400001
22425.900001
22484.600001
22543.225001
22602.150001
22661.175001
22720.325001
22779.775001
22839.275001
22898.775001
22958.425001
23018.375001
23078.500001
23138.700001
23198.950001
23259.425001
23320.100001
23380.925001
23441.900001
23502.950001
23564.150001
23625.600001
23687.250001
23749.000001
23810.975001
23873.200001
23935.600001
23998.150001
24060.875001
24123.775001
24186.825001
24250.125001
24313.575001
24377.250001
24441.250001
24505.375001
24569.625001
24634.250001
24698.950001
24763.900001
24829.200001
24894.650001
24960.350001
25026.350001
25092.625001
25159.225001
25226.100001
25293.250001
25360.750001
25428.750001
25497.075001
25565.800001
25635.175001
25705.100001
25775.600001
25846.700001
25918.300001
25990.250001
26062.600001
26135.400001
26208.525001
26282.025001
26355.950001
26430.300001
26505.025001
26580.250001
26655.825001
26731.825001
26808.300001
26885.300001
26962.800001
27040.825001
27119.375001
27198.450001
27278.150001
27358.475001
27439.525001
27521.275001
27603.825001
27687.175001
27771.375001
27856.575001
27942.650001
28029.725001
28117.850001
28207.000001
28297.300001
28388.825001
28481.750001
28576.250001
28672.750001
28771.875001
28874.650001
28981.175001
29091.600001
29207.425001
