20.000000
1.000000
9625.075000
9682.175000
9736.950000
9789.625000
9840.325000
9889.575000
9937.300000
9984.150000
10030.125000
10075.575000
10120.275000
10164.675000
10208.825000
10252.375000
10295.525000
10338.400000
10381.225000
10423.400000
10465.175000
10506.625000
10547.925000
10588.775000
10629.575000
10670.150000
10710.475000
10750.725000
10790.925000
10831.075000
10870.700000
10910.425000
10950.250000
10989.800000
11029.500000
11068.975000
11108.500000
11147.925000
11187.200000
11226.350000
11265.675000
11304.925000
11344.075000
11383.050000
11422.000000
11460.825000
11499.650000
11538.425000
11577.225000
11616.100000
11654.900000
11693.725000
11732.550000
11771.350000
11810.100000
11848.650000
11887.150000
11925.775000
11964.550000
12003.400000
12042.200000
12081.000000
12119.700000
12158.100000
12196.650000
12235.325000
12273.975000
12312.375000
12350.825000
12389.475000
12428.100000
12466.450000
12504.850000
12543.175000
12581.425000
12619.950000
12658.125000
12696.450000
12734.600000
12772.875000
12810.950000
12849.100000
12887.100000
12925.250000
12963.225000
13001.050000
13038.950000
13076.750000
13114.575000
13152.275000
13189.875000
13227.400000
13264.850000
13302.325000
13339.775000
13377.200000
13414.650000
13452.075000
13489.550000
13526.900000
13564.325000
13601.450000
13638.475000
13675.700000
13712.950000
13750.125000
13787.050000
13824.200000
13861.350000
13898.150000
13935.250000
13972.150000
14009.050000
14045.825000
14082.600000
14119.350000
14156.175000
14192.700000
14229.425000
14266.025000
14302.550000
14339.175000
14375.700000
14412.125000
14448.425000
14484.925000
14521.425000
14557.850000
14594.250000
14630.725000
14667.275000
14703.675000
14740.000000
14776.250000
14812.675000
14849.125000
14885.525000
14921.900000
14958.225000
14994.750000
15031.225000
15067.575000
15103.900000
15140.200000
15176.475000
15212.950000
15249.375000
15285.700000
15322.050000
15358.425000
15394.950000
15431.350000
15467.675000
15503.950000
15540.250000
15576.575000
15613.025000
15649.425000
15685.725000
15722.050000
15758.425000
15794.925000
15831.350000
15867.650000
15903.925000
15940.200000
15976.450000
16012.900000
16049.300000
16085.625000
16121.950000
16158.225000
16194.700000
16231.175000
16267.525000
16303.800000
16340.050000
16376.225000
16412.525000
16448.825000
16485.275000
16521.650000
16557.925000
16594.225000
16630.500000
16666.950000
16703.425000
16739.750000
16775.950000
16812.200000
16848.325000
16884.525000
16920.625000
16956.825000
16992.900000
17029.100000
17065.150000
17101.225000
17137.250000
17173.275000
17209.300000
17245.350000
17281.425000
17317.500000
17353.600000
17389.675000
17425.725000
17461.825000
17497.875000
17534.000000
17570.075000
17606.175000
17642.275000
17678.400000
17714.475000
17750.575000
17786.650000
17822.750000
17858.850000
17894.950000
17931.025000
17967.150000
18003.250000
18039.300000
18075.350000
18111.325000
18147.150000
18182.900000
18218.850000
18254.850001
18290.925001
18326.925001
18362.975001
18398.900001
18434.775001
18470.475001
18506.400001
18542.400001
18578.475001
18614.500001
18650.575001
18686.650001
18722.750001
18758.825001
18794.900001
18830.950001
18867.050001
18903.050001
18938.875001
18974.625001
19010.500001
19046.525001
19082.525001
19118.575001
19154.600001
19190.625001
19226.375001
19262.150001
19298.025001
19334.050001
19370.075001
19406.150001
19442.225001
19478.350001
19514.400001
19550.475001
19586.525001
19622.600001
19658.525001
19694.325001
19730.125001
19766.075001
19802.050001
19838.050001
19874.100001
19910.075001
19945.925001
19981.650001
20017.500001
20053.525001
20089.550001
20125.600001
20161.725001
20197.850001
20234.000001
20270.150001
20306.325001
20342.500001
20378.700001
20414.850001
20451.050001
20487.250001
20523.525001
20559.975001
20596.525001
20632.975001
20669.700001
20706.350001
20742.925001
20779.775001
20816.600001
20853.525001
20890.500001
20927.375001
20964.525001
21001.675001
21038.700001
21075.825001
21113.150001
21150.625001
21188.050001
21225.600001
21263.150001
21300.750001
21338.325001
21375.900001
21413.550001
21451.175001
21489.050001
21526.950001
21564.850001
21602.925001
21641.025001
21679.125001
21717.350001
21755.650001
21793.900001
21832.350001
21870.600001
21909.125001
21947.800001
21986.550001
22025.350001
22064.150001
22103.000001
22141.925001
22180.950001
22220.050001
22259.125001
22298.175001
22337.250001
22376.400001
22415.775001
22455.125001
22494.725001
22534.225001
22573.875001
22613.450001
22653.375001
22693.125001
22732.925001
22772.950001
22813.075001
22853.375001
22893.625001
22934.000001
22974.400001
23014.800001
23055.250001
23095.725001
23136.475001
23177.200001
23217.975001
23258.950001
23299.925001
23341.025001
23382.250001
23423.375001
23464.725001
23506.275001
23547.875001
23589.600001
23631.350001
23673.150001
23714.975001
23756.950001
23799.075001
23841.300001
23883.725001
23926.050001
23968.675001
24011.450001
24054.200001
24097.025001
24139.950001
24183.025001
24226.175001
24269.575001
24313.125001
24356.700001
24400.550001
24444.425001
24488.350001
24532.525001
24576.800001
24621.200001
24665.775001
24710.425001
24755.200001
24800.150001
24845.225001
24890.475001
24935.750001
24981.325001
25027.050001
25072.950001
25119.000001
25165.125001
25211.600001
25258.150001
25304.950001
25352.050001
25399.325001
25446.825001
25494.600001
25542.575001
25590.900001
25639.475001
25688.225001
25737.200001
25786.550001
25836.000001
25885.725001
25935.725001
25985.975001
26036.575001
26087.350001
26138.375001
26189.800001
26241.475001
26293.450001
26345.700001
26398.250001
26451.150001
26504.450001
26558.050001
26612.050001
26666.425001
26721.200001
26776.350001
26832.000001
26888.100001
26944.800001
27001.950001
27059.625001
27117.900001
27176.800001
27236.425001
27296.800001
27357.975001
27420.125001
27483.175001
27547.450001
27613.050001
27680.300001
27749.600001
27821.750001
27898.000001
27988.150001
28071.150001
28337.500001
28401.350001
28477.825001
