100.000000
5.000000
6914.050000
6997.075000
7083.175000
7169.875000
7256.375000
7342.450000
7427.700000
7512.450000
7596.725000
7680.400000
7763.375000
7845.875000
7927.475000
8008.750000
8089.425000
8169.750000
8249.375000
8328.800000
8407.800000
8486.150000
8563.975000
8641.525000
8718.775000
8795.625000
8871.825000
8947.750000
9023.425000
9098.475000
9173.375000
9247.825000
9321.950000
9395.875000
9469.375000
9542.550000
9615.300000
9687.700000
9759.825000
9831.750000
9903.375000
9974.850000
10046.050000
10116.925000
10187.650000
10258.475000
10329.475000
10400.250000
10470.950000
10541.800000
10612.700000
10683.450000
10754.175000
10824.950000
10895.875000
10966.650000
11037.350000
11108.175000
11179.150000
11249.850000
11320.600000
11391.500000
11462.400000
11533.150000
11603.925000
11674.775000
11745.725000
11816.500000
11887.225000
11958.100000
12029.075000
12099.775000
12170.550000
12241.475000
12312.375000
12383.125000
12453.925000
12524.750000
12595.700000
12666.475000
12737.200000
12808.100000
12879.075000
12949.775000
13020.550000
13091.475000
13162.375000
13233.125000
13303.925000
13374.750000
13445.700000
13516.475000
13587.200000
13658.100000
13729.075000
13799.775000
13870.550000
13941.475000
14012.375000
14083.125000
14153.925000
14224.750000
14295.700000
14366.475000
14437.200000
14508.100000
14579.075000
14649.775000
14720.550000
14791.475000
14862.375000
14933.125000
15003.925000
15074.750000
15145.700000
15216.475000
15287.200000
15358.100000
15429.075000
15499.775000
15570.550000
15641.475000
15712.375000
15783.125000
15853.925000
15924.750000
15995.700000
16066.475000
16137.200000
16208.100000
16279.075000
16349.775000
16420.550000
16491.475000
16562.375000
16633.125000
16703.925000
16774.750000
16845.700000
16916.475000
16987.200000
17058.100000
17129.075000
17199.775000
17270.550000
17341.475000
17412.375000
17483.125000
17553.925000
17624.750000
17695.700000
17766.475000
17837.200000
17908.100000
17979.075000
18049.775000
18120.550000
18191.475000
18262.375001
18333.125001
18403.925001
18474.750001
18545.700001
18616.475001
18687.200001
18758.100001
18829.075001
18899.775001
18970.550001
19041.475001
19112.375001
19183.125001
19253.925001
19324.750001
19395.700001
19466.475001
19537.200001
19608.100001
19679.075001
19749.775001
19820.550001
19891.475001
19962.375001
20033.125001
20103.925001
20174.975001
20246.475001
20318.325001
20390.275001
20462.525001
20535.100001
20608.025001
20681.175001
20754.650001
20828.550001
20902.700001
20977.025001
21052.025001
21127.150001
21202.750001
21278.750001
21355.100001
21431.825001
21508.900001
21586.425001
21664.300001
21742.725001
21821.550001
21901.000001
21980.900001
22061.100001
22141.950001
22223.400001
22305.325001
22387.700001
22470.825001
22554.550001
22638.850001
22724.125001
22810.025001
22896.900001
22984.575001
23073.100001
23162.675001
23253.200001
23345.050001
23438.100001
23532.925001
23629.450001
23728.200001
23831.575001
