1.000000
18.000000
6611.250000
6694.975000
6775.100000
6851.400000
6924.900000
6996.475000
7066.550000
7135.575000
7203.750000
7271.125000
7337.975000
7404.425000
7470.425000
7536.025000
7601.250000
7665.925000
7730.375000
7794.275000
7857.900000
7921.050000
7984.075000
8046.825000
8109.200000
8171.325000
8233.225000
8294.925000
8356.500000
8417.800000
8478.775000
8539.350000
8599.550000
8659.400000
8719.000000
8778.150000
8836.825000
8895.350000
8953.325000
9010.925000
9068.200000
9124.950000
9181.550000
9237.875000
9294.150000
9350.175000
9406.175000
9462.100000
9517.850000
9573.375000
9628.800000
9684.000000
9738.950000
9793.575000
9848.075000
9902.325000
9956.400000
10009.950000
10063.375000
10116.575000
10169.450000
10222.225000
10274.850000
10327.375000
10379.975000
10432.250000
10484.550000
10536.475000
10588.450000
10640.350000
10691.900000
10743.275000
10794.600000
10845.800000
10896.850000
10947.775000
10998.575000
11049.300000
11100.025000
11150.650000
11201.200000
11251.500000
11301.700000
11351.825000
11401.900000
11451.950000
11501.925000
11551.875000
11601.725000
11651.500000
11701.275000
11751.075000
11800.875000
11850.675000
11900.375000
11949.975000
11999.525000
12049.025000
12098.500000
12147.950000
12197.400000
12246.875000
12296.375000
12345.850000
12395.350000
12444.775000
12494.150000
12543.425000
12592.775000
12642.125000
12691.500000
12740.950000
12790.400000
12839.825000
12889.175000
12938.525000
12987.800000
13037.125000
13086.375000
13135.750000
13185.200000
13234.650000
13284.050000
13333.425000
13382.750000
13432.075000
13481.425000
13530.725000
13580.150000
13629.650000
13679.100000
13728.525000
13777.900000
13827.200000
13876.500000
13925.850000
13975.150000
14024.550000
14073.975000
14123.400000
14172.800000
14222.175000
14271.475000
14320.775000
14370.125000
14419.475000
14468.900000
14518.350000
14567.800000
14617.225000
14666.625000
14715.950000
14765.250000
14814.575000
14863.875000
14913.325000
14962.750000
15012.200000
15061.525000
15110.875000
15160.175000
15209.500000
15258.750000
15308.125000
15357.575000
15407.025000
15456.475000
15505.850000
15555.225000
15604.525000
15653.900000
15703.150000
15752.525000
15801.925000
15851.350000
15900.800000
15950.150000
15999.475000
16048.750000
16098.100000
16147.425000
16196.825000
16246.225000
16295.675000
16345.100000
16394.475000
16443.800000
16493.125000
16542.500000
16591.850000
16641.275000
16690.700000
16740.125000
16789.525000
16838.875000
16888.175000
16937.500000
16986.825000
17036.125000
17085.575000
17135.025000
17184.450000
17233.800000
17283.175000
17332.475000
17381.825000
17431.125000
17480.475000
17529.950000
17579.425000
17628.875000
17678.250000
17727.600000
17776.850000
17826.175000
17875.475000
17924.825000
17974.225000
18023.675000
18073.100000
18122.475000
18171.825000
18221.075000
18270.425001
18319.750001
18369.125001
18418.550001
18468.000001
18517.475001
18566.875001
18616.225001
18665.500001
18714.825001
18764.100001
18813.500001
18862.950001
18912.375001
18961.775001
19011.125001
19060.450001
19109.775001
19159.100001
19208.400001
19257.825001
19307.300001
19356.750001
19406.150001
19455.525001
19504.875001
19554.225001
19603.575001
19652.875001
19702.300001
19751.700001
19801.125001
19850.525001
19899.875001
19949.150001
19998.475001
20047.775001
20097.150001
20146.625001
20196.175001
20245.725001
20295.400001
20345.150001
20394.950001
20444.725001
20494.475001
20544.325001
20594.225001
20644.200001
20694.225001
20744.300001
20794.425001
20844.625001
20894.950001
20945.450001
20995.875001
21046.375001
21096.950001
21147.475001
21198.125001
21248.775001
21299.600001
21350.550001
21401.525001
21452.475001
21503.550001
21554.750001
21606.050001
21657.400001
21708.650001
21760.000001
21811.475001
21863.075001
21914.700001
21966.450001
22018.225001
22070.000001
22121.925001
22173.925001
22225.925001
22278.075001
22330.275001
22382.525001
22434.950001
22487.275001
22539.850001
22592.450001
22645.250001
22697.975001
22750.925001
22803.825001
22856.850001
22909.775001
22962.950001
23016.200001
23069.475001
23122.925001
23176.325001
23229.950001
23283.600001
23337.275001
23391.150001
23445.150001
23499.125001
23553.200001
23607.475001
23661.825001
23716.250001
23770.675001
23825.150001
23879.900001
23934.725001
23989.600001
24044.600001
24099.650001
24154.850001
24210.125001
24265.475001
24320.900001
24376.450001
24432.150001
24488.000001
24544.050001
24600.200001
24656.525001
24713.000001
24769.550001
24826.200001
24883.100001
24940.200001
24997.375001
25054.850001
25112.600001
25170.475001
25228.700001
25287.075001
25345.750001
25404.575001
25463.650001
25523.000001
25582.475001
25642.150001
25702.025001
25762.100001
25822.250001
25882.550001
25943.025001
26003.700001
26064.525001
26125.525001
26186.700001
26248.050001
26309.575001
26371.225001
26433.125001
26495.225001
26557.550001
26620.000001
26682.650001
26745.575001
26808.550001
26871.800001
26935.300001
26998.925001
27062.850001
27126.925001
27191.300001
27255.900001
27320.700001
27385.775001
27451.150001
27516.750001
27582.650001
27648.825001
27715.300001
27782.125001
27849.300001
27916.900001
27984.900001
28053.325001
28122.300001
28191.900001
28262.225001
28333.400001
28405.550001
28478.775001
28553.000001
28628.200001
28704.350001
28781.600001
28860.050001
28939.925001
29021.550001
29105.450001
29192.050001
29281.175001
29372.550001
29466.250001
29562.675001
29662.675001
29768.625001
30201.850001
30302.800001
30754.400001
30852.125001
31246.425001
31344.750001
31745.175001
31843.425001
32242.650001
32340.925001
32742.000001
32840.200001
33239.425001
33337.675001
33739.150001
33837.325001
34236.125001
34334.375001
34735.225001
34833.400001
