1.000000
22.000000
7059.075000
7139.800000
7216.425000
7289.425000
7359.875000
7428.625000
7495.875000
7561.700000
7626.400000
7690.250000
7753.100000
7815.250000
7876.900000
7938.275000
7999.375000
8060.225000
8120.775000
8181.175000
8241.525000
8301.575000
8361.400000
8420.975000
8480.500000
8539.925000
8598.975000
8658.025000
8716.825000
8775.250000
8833.550000
8891.550000
8949.125000
9006.600000
9063.450000
9119.825000
9175.850000
9231.625000
9287.075000
9342.350000
9397.350000
9452.200000
9506.925000
9561.175000
9615.200000
9669.150000
9722.925000
9776.300000
9829.650000
9882.675000
9935.650000
9988.325000
10041.050000
10093.350000
10145.725000
10197.825000
10249.950000
10301.950000
10353.825000
10405.500000
10457.050000
10508.275000
10559.425000
10610.450000
10661.300000
10712.050000
10762.575000
10812.875000
10863.100000
10913.225000
10963.275000
11013.200000
11063.075000
11112.825000
11162.450000
11212.025000
11261.500000
11310.875000
11360.150000
11409.450000
11458.625000
11507.950000
11557.325000
11606.700000
11655.925000
11705.200000
11754.375000
11803.625000
11852.825000
11902.125000
11951.450000
12000.775000
12050.000000
12099.150000
12148.375000
12197.525000
12246.800000
12296.100000
12345.425000
12394.650000
12443.875000
12493.050000
12542.275000
12591.550000
12640.875000
12690.200000
12739.425000
12788.650000
12837.775000
12886.975000
12936.150000
12985.450000
13034.775000
13084.075000
13133.300000
13182.450000
13231.700000
13280.800000
13330.125000
13379.450000
13428.800000
13477.975000
13527.150000
13576.325000
13625.475000
13674.750000
13724.000000
13773.325000
13822.500000
13871.700000
13920.850000
13970.050000
14019.325000
14068.600000
14117.950000
14167.225000
14216.500000
14265.575000
14314.775000
14363.925000
14413.225000
14462.550000
14511.825000
14561.050000
14610.175000
14659.375000
14708.475000
14757.800000
14807.125000
14856.425000
14905.650000
14954.850000
15004.075000
15053.200000
15102.475000
15151.725000
15201.025000
15250.225000
15299.400000
15348.550000
15397.725000
15446.975000
15496.225000
15545.550000
15594.775000
15643.975000
15693.125000
15742.350000
15791.600000
15840.900000
15890.225000
15939.425000
15988.650000
16037.750000
16086.950000
16136.100000
16185.425000
16234.750000
16284.000000
16333.225000
16382.350000
16431.575000
16480.700000
16530.025000
16579.350000
16628.675000
16677.875000
16727.000000
16776.200000
16825.325000
16874.600000
16923.850000
16973.175000
17022.375000
17071.525000
17120.725000
17169.875000
17219.150000
17268.400000
17317.750000
17366.975000
17416.200000
17465.325000
17514.475000
17563.700000
17613.000000
17662.325000
17711.475000
17760.700000
17809.825000
17859.000000
17908.225000
17957.525000
18006.875000
18056.100000
18105.350000
18154.500000
18203.725000
18252.850001
18302.150001
18351.425001
18400.725001
18449.950001
18499.050001
18548.250001
18597.400001
18646.675001
18695.950001
18745.275001
18794.500001
18843.650001
18892.875001
18942.050001
18991.325001
19040.600001
19089.900001
19139.050001
19188.225001
19237.425001
19286.525001
19335.800001
19385.075001
19434.400001
19483.550001
19532.750001
19581.950001
19631.100001
19680.350001
19729.675001
19779.025001
19828.225001
19877.450001
19926.525001
19975.725001
20024.950001
20074.200001
20123.550001
20172.900001
20222.275001
20271.625001
20321.025001
20370.500001
20420.075001
20469.700001
20519.350001
20569.125001
20619.000001
20668.975001
20719.000001
20769.075001
20819.175001
20869.275001
20919.425001
20969.600001
21019.900001
21070.325001
21120.750001
21171.175001
21221.825001
21272.525001
21323.325001
21374.175001
21425.000001
21475.925001
21526.900001
21578.050001
21629.250001
21680.400001
21731.650001
21783.025001
21834.525001
21885.950001
21937.425001
21989.000001
22040.775001
22092.575001
22144.450001
22196.400001
22248.350001
22300.450001
22352.575001
22404.775001
22457.175001
22509.450001
22561.950001
22614.425001
22667.100001
22719.700001
22772.400001
22825.125001
22877.975001
22930.850001
22983.950001
23037.075001
23090.325001
23143.500001
23196.900001
23250.325001
23303.825001
23357.500001
23411.150001
23464.850001
23518.775001
23572.775001
23626.725001
23680.750001
23734.975001
23789.175001
23843.450001
23897.900001
23952.450001
24007.125001
24061.850001
24116.650001
24171.475001
24226.400001
24281.450001
24336.600001
24391.850001
24447.150001
24502.550001
24558.075001
24613.675001
24669.375001
24725.150001
24781.025001
24837.050001
24893.150001
24949.350001
25005.725001
25062.200001
25118.775001
25175.425001
25232.125001
25288.950001
25345.950001
25402.975001
25460.125001
25517.525001
25574.950001
25632.475001
25690.200001
25747.950001
25805.900001
25863.875001
25922.025001
25980.325001
26038.700001
26097.200001
26155.900001
26214.675001
26273.675001
26332.750001
26392.025001
26451.400001
26510.925001
26570.575001
26630.425001
26690.450001
26750.625001
26810.975001
26871.475001
26932.200001
26993.100001
27054.200001
27115.550001
27177.150001
27239.075001
27301.325001
27363.825001
27426.625001
27489.800001
27553.225001
27616.950001
27680.925001
27745.175001
27809.675001
27874.475001
27939.575001
28004.950001
28070.650001
28136.700001
28203.125001
28269.975001
28337.200001
28404.875001
28473.000001
28541.500001
28610.375001
28679.700001
28749.425001
28819.575001
28890.200001
28961.325001
29033.050001
29105.450001
29178.725001
29253.100001
29328.850001
29406.150001
29484.950001
29564.975001
29646.025001
29727.900001
29810.600001
29894.125001
29978.550001
30063.925001
30149.925001
30236.275001
30323.025001
30410.175001
30497.850001
30586.050001
30674.900001
30764.500001
30855.000001
30946.600001
31039.000001
31131.750001
31224.600001
31317.500001
31410.400001
31503.300001
31596.175001
31689.075001
31781.975001
31874.875001
31967.750001
32060.650001
32153.550001
32246.425001
32339.325001
32432.225001
32525.100001
32618.000001
32710.900001
32803.775001
32896.675001
32989.575001
33082.450001
33175.350001
33268.250001
33361.125001
33454.025001
33546.925001
33639.800001
33732.700001
33825.600001
33918.475001
34011.375001
34104.275001
34197.150001
34290.050001
34382.950001
34475.825001
34568.725001
34661.625001
34754.500001
34847.400001
34940.300001
