1.000000
26.000000
7780.800000
7858.450000
7932.875000
8004.325000
8073.725000
8141.600000
8208.350000
8274.450000
8339.975000
8404.800000
8469.275000
8533.075000
8596.625000
8659.600000
8722.225000
8784.675000
8846.825000
8908.625000
8970.300000
9031.775000
9092.950000
9153.975000
9214.775000
9275.475000
9335.975000
9396.375000
9456.700000
9516.575000
9576.175000
9635.750000
9695.250000
9754.325000
9813.325000
9872.000000
9930.425000
9988.550000
10046.550000
10104.100000
10161.350000
10218.425000
10274.975000
10331.150000
10386.975000
10442.450000
10497.375000
10551.975000
10606.150000
10659.675000
10712.900000
10765.500000
10817.975000
10869.900000
10921.675000
10973.300000
11024.525000
11075.450000
11126.200000
11176.725000
11227.250000
11277.725000
11328.050000
11378.450000
11428.900000
11479.150000
11529.325000
11579.475000
11629.600000
11679.750000
11729.900000
11780.025000
11830.075000
11880.100000
11930.075000
11980.050000
12030.000000
12079.950000
12129.850000
12179.750000
12229.575000
12279.300000
12329.000000
12378.700000
12428.325000
12477.850000
12527.300000
12576.675000
12626.050000
12675.375000
12724.750000
12774.125000
12823.525000
12872.850000
12922.125000
12971.250000
13020.450000
13069.600000
13118.875000
13168.150000
13217.450000
13266.650000
13315.675000
13364.800000
13413.875000
13463.075000
13512.325000
13561.375000
13610.450000
13659.550000
13708.500000
13757.700000
13806.925000
13856.000000
13905.125000
13954.150000
14003.125000
14052.250000
14101.400000
14150.475000
14199.525000
14248.500000
14297.450000
14346.575000
14395.725000
14444.750000
14493.750000
14542.800000
14591.775000
14640.875000
14690.025000
14738.950000
14787.875000
14836.850000
14885.900000
14934.950000
14984.000000
15033.050000
15081.950000
15130.825000
15179.950000
15229.100000
15278.025000
15326.900000
15375.900000
15424.875000
15473.875000
15522.925000
15571.950000
15620.775000
15669.675000
15718.725000
15767.875000
15816.800000
15865.625000
15914.525000
15963.575000
16012.575000
16061.500000
16110.450000
16159.425000
16208.275000
16257.300000
16306.375000
16355.350000
16404.200000
16453.025000
16502.025000
16551.125000
16600.000000
16648.750000
16697.625000
16746.650000
16795.700000
16844.575000
16893.375000
16942.325000
16991.350000
17040.325000
17089.175000
17138.050000
17187.000000
17235.925000
17284.875000
17333.800000
17382.750000
17431.675000
17480.525000
17529.525000
17578.550000
17627.500000
17676.275000
17725.100000
17774.050000
17823.100000
17872.025000
17920.800000
17969.600000
18018.600000
18067.700000
18116.600000
18165.325000
18214.100000
18263.100001
18312.175001
18361.000001
18409.775001
18458.550001
18507.550001
18556.625001
18605.500001
18654.275001
18703.075001
18752.050001
18801.100001
18849.950001
18898.675001
18947.475001
18996.475001
19045.525001
19094.400001
19143.150001
19191.975001
19241.000001
19290.025001
19338.850001
19387.600001
19436.350001
19485.375001
19534.425001
19583.250001
19632.025001
19680.800001
19729.825001
19778.925001
19827.725001
19876.450001
19925.250001
19974.225001
20023.275001
20072.125001
20120.875001
20169.775001
20218.900001
20268.075001
20317.275001
20366.525001
20415.650001
20464.925001
20514.200001
20563.650001
20613.250001
20662.925001
20712.650001
20762.400001
20812.275001
20862.200001
20912.225001
20962.325001
21012.450001
21062.650001
21112.950001
21163.375001
21213.775001
21264.200001
21314.825001
21365.475001
21416.325001
21467.350001
21518.425001
21569.450001
21620.575001
21671.850001
21723.350001
21774.775001
21826.250001
21877.925001
21929.775001
21981.650001
22033.650001
22085.750001
22137.875001
22190.275001
22242.625001
22295.275001
22347.900001
22400.775001
22453.650001
22506.725001
22559.675001
22612.875001
22666.150001
22719.525001
22773.100001
22826.600001
22880.350001
22934.250001
22988.200001
23042.325001
23096.600001
23151.025001
23205.450001
23259.875001
23314.500001
23369.350001
23424.325001
23479.500001
23534.725001
23590.100001
23645.600001
23701.225001
23756.975001
23812.875001
23868.925001
23925.050001
23981.350001
24037.800001
24094.425001
24151.225001
24208.150001
24265.175001
24322.425001
24379.900001
24437.400001
24495.125001
24552.875001
24610.775001
24668.900001
24727.050001
24785.425001
24843.850001
24902.450001
24961.075001
25019.800001
25078.775001
25137.725001
25196.900001
25256.225001
25315.600001
25375.100001
25434.800001
25494.575001
25554.475001
25614.500001
25674.750001
25735.150001
25795.700001
25856.375001
25917.200001
25978.150001
26039.200001
26100.425001
26161.850001
26223.450001
26285.150001
26347.000001
26408.975001
26471.125001
26533.450001
26595.975001
26658.600001
26721.400001
26784.500001
26847.675001
26911.025001
26974.600001
27038.350001
27102.350001
27166.500001
27230.800001
27295.375001
27360.100001
27425.025001
27490.200001
27555.575001
27621.125001
27686.950001
27753.000001
27819.325001
27885.875001
27952.650001
28019.700001
28087.000001
28154.575001
28222.425001
28290.575001
28359.025001
28427.750001
28496.825001
28566.225001
28635.950001
28706.025001
28776.450001
28847.275001
28918.525001
28990.200001
29062.325001
29134.975001
29208.200001
29282.050001
29356.650001
29432.025001
29508.150001
29585.075001
29662.825001
29741.500001
29821.300001
29902.500001
29985.500001
30070.775001
30158.000001
30246.750001
30336.700001
30427.525001
30519.075001
30611.250001
30703.975001
30797.225001
30891.100001
30985.600001
31080.875001
31177.225001
31275.075001
31375.725001
31555.825001
31647.425001
31746.925001
31852.100001
32014.750001
32107.400001
32206.525001
32309.250001
32414.200001
32519.775001
32625.475001
32731.450001
32837.400001
32943.575001
33049.675001
33155.975001
33262.125001
33368.475001
33474.675001
33581.075001
33687.275001
33793.725001
33899.925001
34006.375001
34112.575001
34219.050001
34325.250001
34431.750001
34537.950001
34644.425001
34750.625001
34857.125001
34963.325001
