100.000000
28.000000
8485.725000
8552.450000
8618.550000
8682.450000
8744.975000
8806.275000
8866.425000
8925.625000
8984.375000
9042.425000
9100.025000
9157.375000
9214.225000
9270.825000
9327.300000
9383.700000
9440.025000
9496.125000
9552.125000
9608.050000
9663.725000
9719.325000
9774.825000
9830.300000
9885.675000
9941.075000
9996.350000
10051.475000
10106.600000
10161.550000
10216.525000
10271.325000
10326.175000
10381.050000
10435.975000
10491.025000
10546.050000
10601.050000
10655.975000
10710.825000
10765.600000
10820.450000
10875.275000
10930.275000
10985.250000
11040.250000
11095.225000
11150.100000
11204.975000
11259.775000
11314.600000
11369.500000
11424.475000
11479.550000
11534.500000
11589.350000
11644.225000
11698.925000
11753.800000
11808.575000
11863.525000
11918.525000
11973.500000
12028.425000
12083.275000
12138.025000
12192.875000
12247.675000
12302.575000
12357.575000
12412.550000
12467.550000
12522.400000
12577.175000
12631.975000
12686.775000
12741.700000
12796.650000
12851.600000
12906.600000
12961.375000
13016.225000
13070.950000
13125.775000
13180.625000
13235.575000
13290.575000
13345.525000
13400.325000
13455.175000
13509.900000
13564.675000
13619.525000
13674.450000
13729.475000
13784.375000
13839.150000
13893.950000
13948.650000
14003.450000
14058.275000
14113.200000
14168.150000
14223.025000
14277.800000
14332.500000
14387.250000
14442.000000
14496.825000
14551.675000
14606.550000
14661.225000
14715.900000
14770.600000
14825.225000
14880.100000
14934.925000
14989.700000
15044.425000
15098.950000
15153.675000
15208.325000
15263.150000
15318.025000
15372.725000
15427.375000
15481.975000
15536.575000
15591.400000
15646.150000
15700.925000
15755.625000
15810.175000
15864.825000
15919.525000
15974.300000
16029.175000
16083.850000
16138.550000
16193.125000
16247.750000
16302.500000
16357.325000
16412.100000
16466.800000
16521.350000
16576.000000
16630.650000
16685.475000
16740.275000
16795.025000
16849.700000
16904.300000
16958.900000
17013.650000
17068.450000
17123.250000
17177.875000
17232.475000
17287.125000
17341.825000
17396.600000
17451.400000
17506.150000
17560.825000
17615.375000
17670.025000
17724.775000
17779.625000
17834.425000
17889.000000
17943.625000
17998.275000
18052.900000
18107.725000
18162.525000
18217.325000
18272.000001
18326.500001
18381.175001
18435.900001
18490.700001
18545.525001
18600.150001
18654.800001
18709.450001
18764.025001
18818.850001
18873.650001
18928.400001
18983.100001
19037.625001
19092.325001
19147.075001
19201.825001
19256.650001
19311.250001
19365.850001
19420.525001
19475.125001
19530.000001
19584.800001
19639.500001
19694.225001
19748.725001
19803.375001
19858.125001
19912.925001
19967.775001
20022.375001
20076.950001
20131.675001
20186.350001
20241.325001
20296.350001
20351.450001
20406.650001
20461.850001
20517.250001
20572.600001
20627.975001
20683.400001
20738.875001
20794.500001
20850.200001
20906.075001
20962.125001
21018.225001
21074.375001
21130.575001
21186.750001
21243.075001
21299.500001
21356.200001
21412.975001
21469.675001
21526.375001
21583.275001
21640.375001
21697.400001
21754.600001
21812.025001
21869.450001
21926.875001
21984.650001
22042.350001
22100.225001
22158.175001
22216.225001
22274.500001
22332.800001
22391.350001
22449.800001
22508.375001
22567.200001
22626.025001
22685.125001
22744.200001
22803.425001
22862.925001
22922.375001
22981.925001
23041.700001
23101.675001
23161.750001
23221.950001
23282.225001
23342.750001
23403.425001
23464.225001
23525.200001
23586.300001
23647.600001
23709.050001
23770.675001
23832.425001
23894.400001
23956.625001
24019.000001
24081.475001
24144.100001
24207.025001
24269.975001
24333.125001
24396.575001
24460.050001
24523.875001
24587.700001
24651.925001
24716.250001
24780.850001
24845.725001
24910.650001
24975.875001
25041.450001
25107.200001
25173.150001
25239.275001
25305.650001
25372.225001
25439.025001
25506.225001
25573.700001
25641.425001
25709.325001
25777.500001
25846.075001
25914.850001
25983.975001
26053.450001
26123.275001
26193.325001
26263.800001
26334.625001
26405.750001
26477.250001
26549.150001
26621.525001
26694.350001
26767.675001
26841.475001
26915.650001
26990.425001
27065.675001
27141.650001
27218.225001
27295.450001
27373.350001
27452.100001
27531.750001
27612.225001
27693.875001
27776.750001
27861.150001
27947.675001
28037.625001
28202.275001
28280.025001
28364.475001
28531.475001
28610.200001
28697.875001
28916.675001
28994.300001
29083.750001
29352.550001
29430.700001
29681.325001
29762.375001
30151.775001
30232.950001
30625.175001
30705.875001
31095.100001
31175.825001
31565.100001
31645.825001
32035.325001
32116.050001
32505.525001
32586.225001
32975.475001
33056.200001
33445.325001
33526.050001
33915.325001
33996.025001
34385.550001
34466.250001
34855.725001
34936.450001
