100.000000
30.000000
9320.325000
9385.975000
9450.375000
9512.950000
9573.950000
9633.650000
9692.600000
9751.075000
9808.750000
9866.200000
9923.475000
9980.375000
10036.950000
10093.375000
10149.725000
10206.150000
10262.525000
10318.850000
10374.975000
10431.025000
10487.050000
10543.025000
10598.875000
10654.850000
10710.825000
10766.750000
10822.625000
10878.600000
10934.575000
10990.400000
11046.200000
11102.025000
11157.850000
11213.600000
11269.275000
11324.875000
11380.500000
11436.050000
11491.650000
11547.175000
11602.725000
11658.250000
11713.775000
11769.350000
11824.875000
11880.450000
11935.975000
11991.550000
12047.075000
12102.625000
12158.150000
12213.675000
12269.250000
12324.800000
12380.375000
12435.900000
12491.500000
12547.025000
12602.550000
12658.100000
12713.650000
12769.225000
12824.775000
12880.350000
12935.875000
12991.475000
13047.000000
13102.550000
13158.100000
13213.650000
13269.225000
13324.750000
13380.350000
13435.875000
13491.475000
13547.000000
13602.550000
13658.100000
13713.625000
13769.225000
13824.750000
13880.350000
13935.875000
13991.475000
14047.000000
14102.550000
14158.100000
14213.625000
14269.225000
14324.750000
14380.350000
14435.875000
14491.475000
14547.000000
14602.525000
14658.100000
14713.625000
14769.225000
14824.750000
14880.350000
14935.875000
14991.475000
15047.000000
15102.525000
15158.100000
15213.625000
15269.225000
15324.750000
15380.350000
15435.875000
15491.475000
15547.000000
15602.525000
15658.100000
15713.625000
15769.225000
15824.750000
15880.350000
15935.875000
15991.475000
16047.000000
16102.525000
16158.100000
16213.625000
16269.225000
16324.750000
16380.350000
16435.875000
16491.475000
16547.000000
16602.525000
16658.100000
16713.625000
16769.225000
16824.750000
16880.350000
16935.875000
16991.475000
17047.000000
17102.525000
17158.100000
17213.625000
17269.225000
17324.750000
17380.350000
17435.875000
17491.475000
17547.000000
17602.525000
17658.100000
17713.625000
17769.225000
17824.750000
17880.350000
17935.875000
17991.475000
18047.000000
18102.525000
18158.100000
18213.625000
18269.225001
18324.750001
18380.350001
18435.875001
18491.475001
18547.000001
18602.525001
18658.100001
18713.625001
18769.225001
18824.750001
18880.350001
18935.875001
18991.475001
19047.000001
19102.525001
19158.100001
19213.625001
19269.225001
19324.750001
19380.350001
19435.875001
19491.475001
19547.000001
19602.525001
19658.100001
19713.625001
19769.225001
19824.750001
19880.350001
19935.875001
19991.475001
20047.000001
20102.525001
20158.150001
20213.775001
20269.500001
20325.225001
20381.100001
20437.050001
20493.075001
20549.125001
20605.425001
20661.825001
20718.450001
20774.925001
20831.475001
20888.150001
20945.125001
21002.175001
21059.150001
21116.300001
21173.600001
21230.800001
21288.125001
21345.800001
21403.325001
21461.025001
21518.975001
21576.800001
21634.975001
21693.025001
21751.375001
21809.650001
21868.275001
21926.750001
21985.625001
22044.525001
22103.525001
22162.825001
22222.050001
22281.450001
22341.200001
22401.025001
22460.825001
22520.725001
22580.875001
22641.300001
22701.850001
22762.550001
22823.375001
22884.375001
22945.575001
23006.925001
23068.425001
23130.125001
23191.875001
23253.750001
23315.750001
23377.975001
23440.450001
23502.975001
23565.600001
23628.600001
23691.775001
23755.000001
23818.650001
23882.200001
23946.100001
24009.950001
24074.250001
24138.600001
24203.200001
24268.125001
24333.075001
24398.275001
24463.800001
24529.650001
24595.700001
24661.925001
24728.500001
24795.375001
24862.500001
24929.950001
24997.550001
25065.325001
25133.400001
25201.900001
25270.600001
25339.600001
25408.975001
25478.650001
25548.575001
25619.000001
25689.625001
25760.575001
25831.975001
25903.775001
25975.950001
26048.500001
26121.475001
26194.975001
26269.075001
26343.450001
26418.400001
26493.775001
26569.800001
26646.325001
26723.375001
26801.025001
26879.425001
26958.625001
27038.425001
27119.425001
27201.200001
27284.425001
27369.350001
27456.775001
27616.450001
27694.025001
27779.075001
27973.250001
28051.025001
28243.875001
28323.625001
28585.550001
28665.975001
29061.800001
29450.775001
33513.625001
