10.000000
33.000000
10435.900000
10512.450000
10586.975000
10658.350000
10726.675000
10793.150000
10858.325000
10922.450000
10985.925000
11048.650000
11111.050000
11173.225000
11235.050000
11296.550000
11357.925000
11419.050000
11480.075000
11541.000000
11601.825000
11662.525000
11723.200000
11783.775000
11844.375000
11904.900000
11965.400000
12025.925000
12086.475000
12147.100000
12207.825000
12268.625000
12329.425000
12390.100000
12450.750000
12511.350000
12571.925000
12632.475000
12693.075000
12753.675000
12814.250000
12874.875000
12935.625000
12996.400000
13057.200000
13117.950000
13178.675000
13239.275000
13299.850000
13360.375000
13420.950000
13481.575000
13542.250000
13602.875000
13663.550000
13724.300000
13785.100000
13845.825000
13906.575000
13967.325000
14027.925000
14088.475000
14149.000000
14209.575000
14270.175000
14330.825000
14391.525000
14452.225000
14513.050000
14573.775000
14634.500000
14695.200000
14755.900000
14816.500000
14876.975000
14937.550000
14998.150000
15058.750000
15119.425000
15180.175000
15240.975000
15301.725000
15362.425000
15423.125000
15483.775000
15544.425000
15605.025000
15665.575000
15726.125000
15786.675000
15847.325000
15908.050000
15968.825000
16029.700000
16090.450000
16151.125000
16211.775000
16272.425000
16333.000000
16393.575000
16454.200000
16514.750000
16575.375000
16636.000000
16696.725000
16757.575000
16818.375000
16879.125000
16939.800000
17000.475000
17061.050000
17121.600000
17182.200000
17242.825000
17303.400000
17364.000000
17424.700000
17485.475000
17546.250000
17607.025000
17667.775000
17728.450000
17789.050000
17849.600000
17910.150000
17970.725000
18031.325000
18092.050000
18152.675000
18213.400000
18274.175001
18334.925001
18395.650001
18456.375001
18517.125001
18577.700001
18638.225001
18698.775001
18759.350001
18820.000001
18880.650001
18941.375001
19002.100001
19062.900001
19123.600001
19184.300001
19245.025001
19305.675001
19366.275001
19426.775001
19487.325001
19547.900001
19608.525001
19669.225001
19730.025001
19790.850001
19851.575001
19912.250001
19972.950001
20033.575001
20094.175001
20154.925001
20215.775001
20276.700001
20337.725001
20398.900001
20460.325001
20522.000001
20583.825001
20645.950001
20708.100001
20770.400001
20832.925001
20895.775001
20958.500001
21021.450001
21084.875001
21148.225001
21211.950001
21275.775001
21339.950001
21404.100001
21468.625001
21533.200001
21597.950001
21663.150001
21728.500001
21793.975001
21859.575001
21925.375001
21991.525001
22057.925001
22124.550001
22191.450001
22258.375001
22325.525001
22393.000001
22460.625001
22528.750001
22597.025001
22665.325001
22734.100001
22803.100001
22872.275001
22941.825001
23011.575001
23081.700001
23152.200001
23222.975001
23294.000001
23365.250001
23436.825001
23508.825001
23581.200001
23653.875001
23726.700001
23799.950001
23873.675001
23947.725001
24022.150001
24097.075001
24172.225001
24247.925001
24324.175001
24400.775001
24477.750001
24555.275001
24633.250001
24711.725001
24790.925001
24870.625001
24950.800001
25031.725001
25113.250001
25195.500001
25278.225001
25361.775001
25446.325001
25531.650001
25617.800001
25704.850001
25793.100001
25882.425001
25973.025001
26065.075001
26159.025001
26254.850001
26353.625001
26502.875001
26596.225001
26789.225001
26882.975001
27163.975001
27436.300001
