100.000000
9.000000
6727.375000
6806.650000
6888.675000
6971.225000
7053.800000
7136.150000
7218.250000
7299.675000
7380.900000
7461.525000
7541.825000
7621.500000
7700.925000
7780.025000
7858.500000
7936.425000
8013.925000
8091.175000
8168.075000
8244.325000
8320.250000
8395.925000
8470.900000
8545.750000
8620.125000
8694.200000
8767.975000
8841.350000
8914.225000
8986.775000
9059.150000
9131.225000
9202.875000
9274.350000
9345.600000
9416.325000
9486.750000
9557.150000
9626.875000
9696.700000
9766.075000
9835.400000
9904.200000
9972.800000
10041.275000
10109.275000
10177.250000
10245.400000
10313.325000
10381.100000
10448.550000
10515.925000
10583.275000
10650.450000
10717.750000
10784.825000
10851.825000
10918.900000
10985.850000
11052.675000
11119.525000
11186.250000
11253.025000
11319.850000
11386.600000
11453.500000
11520.400000
11587.225000
11654.025000
11720.750000
11787.450000
11854.225000
11920.900000
11987.600000
12054.375000
12121.050000
12187.750000
12254.550000
12321.300000
12388.125000
12455.075000
12521.950000
12588.725000
12655.550000
12722.325000
12789.050000
12855.925000
12922.825000
12989.825000
13056.850000
13123.700000
13190.600000
13257.600000
13324.575000
13391.500000
13458.300000
13525.050000
13591.875000
13658.600000
13725.375000
13792.275000
13859.150000
13926.000000
13992.850000
14059.600000
14126.275000
14193.050000
14259.750000
14326.425000
14393.150000
14459.875000
14526.525000
14593.275000
14660.000000
14726.650000
14793.425000
14860.200000
14926.975000
14993.900000
15060.775000
15127.575000
15194.400000
15261.150000
15327.900000
15394.750000
15461.575000
15528.575000
15595.600000
15662.500000
15729.475000
15796.375000
15863.375000
15930.350000
15997.150000
16063.875000
16130.675000
16197.450000
16264.175000
16330.975000
16397.825000
16464.675000
16531.600000
16598.375000
16665.100000
16731.875000
16798.550000
16865.250000
16932.000000
16998.675000
17065.375000
17132.125000
17198.775000
17265.475000
17332.225000
17398.925000
17465.650000
17532.475000
17599.300000
17666.225000
17733.100000
17799.875000
17866.700000
17933.450000
18000.250000
18067.150000
18134.125000
18201.125000
18268.075001
18334.975001
18401.875001
18468.900001
18535.825001
18602.650001
18669.475001
18736.200001
18802.950001
18869.750001
18936.500001
19003.325001
19070.225001
19137.100001
19203.950001
19270.700001
19337.400001
19404.175001
19470.875001
19537.550001
19604.325001
19671.000001
19737.700001
19804.500001
19871.225001
19937.975001
20004.875001
20071.775001
20138.700001
20205.900001
20273.350001
20341.025001
20408.800001
20476.650001
20544.950001
20613.475001
20682.075001
20751.050001
20820.225001
20889.750001
20959.375001
21029.425001
21099.450001
21169.950001
21240.750001
21311.725001
21382.975001
21454.450001
21526.125001
21598.200001
21670.575001
21743.200001
21816.175001
21889.600001
21963.425001
22037.375001
22111.750001
22186.475001
22261.550001
22337.000001
22413.025001
22489.250001
22565.850001
22643.000001
22720.550001
22798.500001
22876.875001
22955.975001
23035.650001
23115.650001
23196.475001
23277.650001
23359.525001
23442.150001
23525.400001
23609.425001
23694.225001
23780.000001
23866.475001
23953.950001
24042.575001
24132.350001
24223.350001
24315.600001
24409.825001
24506.000001
24605.300001
