1.000000
8.000000
6073.475000
6165.000000
6256.500000
6346.025000
6433.500000
6519.350000
6603.500000
6686.325000
6768.175000
6848.900000
6929.150000
7008.550000
7087.250000
7165.200000
7242.500000
7318.975000
7394.200000
7468.375000
7541.650000
7614.100000
7686.025000
7757.475000
7828.300000
7898.400000
7968.000000
8036.850000
8105.375000
8173.450000
8241.200000
8308.475000
8375.450000
8442.225000
8508.625000
8574.775000
8640.675000
8706.350000
8771.575000
8836.350000
8900.825000
8964.700000
9028.025000
9090.775000
9152.825000
9214.275000
9275.200000
9335.675000
9395.675000
9455.075000
9513.925000
9572.275000
9630.175000
9687.450000
9744.350000
9800.925000
9857.200000
9913.125000
9968.925000
10024.500000
10079.975000
10135.375000
10190.725000
10245.975000
10301.200000
10356.475000
10411.725000
10466.975000
10522.075000
10577.175000
10632.325000
10687.350000
10742.450000
10797.525000
10852.550000
10907.675000
10962.800000
11017.825000
11072.775000
11127.625000
11182.325000
11237.000000
11291.650000
11346.250000
11400.875000
11455.375000
11509.675000
11563.900000
11618.300000
11672.675000
11726.975000
11781.375000
11835.750000
11890.150000
11944.400000
11998.550000
12052.750000
12107.125000
12161.325000
12215.500000
12269.725000
12324.075000
12378.550000
12432.900000
12487.200000
12541.500000
12595.825000
12650.050000
12704.225000
12758.400000
12812.725000
12867.075000
12921.300000
12975.625000
13030.075000
13084.525000
13138.725000
13192.950000
13247.150000
13301.450000
13355.700000
13409.850000
13464.000000
13518.350000
13572.700000
13626.975000
13681.350000
13735.725000
13790.125000
13844.375000
13898.525000
13952.725000
14007.075000
14061.300000
14115.450000
14169.675000
14224.000000
14278.400000
14332.775000
14387.100000
14441.450000
14495.775000
14550.000000
14604.200000
14658.350000
14712.700000
14767.025000
14821.200000
14875.475000
14929.950000
14984.400000
15038.650000
15092.875000
15147.100000
15201.400000
15255.650000
15309.800000
15363.950000
15418.325000
15472.625000
15526.825000
15581.150000
15635.575000
15690.025000
15744.300000
15798.475000
15852.675000
15907.025000
15961.225000
16015.400000
16069.600000
16123.900000
16178.250000
16232.575000
16286.925000
16341.350000
16395.700000
16449.925000
16504.150000
16558.300000
16612.650000
16666.950000
16721.100000
16775.300000
16829.725000
16884.200000
16938.525000
16992.800000
17047.050000
17101.375000
17155.600000
17209.775000
17263.925000
17318.275000
17372.550000
17426.725000
17480.975000
17535.375000
17589.850000
17644.175000
17698.375000
17752.625000
17806.975000
17861.175000
17915.325000
17969.550000
18023.850000
18078.150000
18132.400000
18186.675000
18241.150001
18295.600001
18349.825001
18404.050001
18458.250001
18512.575001
18566.850001
18620.975001
18675.175001
18729.575001
18783.950001
18838.300001
18892.675001
18946.975001
19001.300001
19055.550001
19109.725001
19163.875001
19218.225001
19272.475001
19326.625001
19380.825001
19435.225001
19489.650001
19544.025001
19598.300001
19652.575001
19706.950001
19761.125001
19815.300001
19869.500001
19923.800001
19978.075001
20032.300001
20086.500001
20141.000001
20195.625001
20250.100001
20304.675001
20359.400001
20414.100001
20469.050001
20524.125001
20579.325001
20634.550001
20689.875001
20745.400001
20800.975001
20856.675001
20912.375001
20968.150001
21024.000001
21080.075001
21136.075001
21192.250001
21248.475001
21304.900001
21361.425001
21418.075001
21474.725001
21531.525001
21588.450001
21645.600001
21702.650001
21759.775001
21817.200001
21874.700001
21932.200001
21989.975001
22047.725001
22105.650001
22163.625001
22221.800001
22280.150001
22338.550001
22397.050001
22455.650001
22514.325001
22573.300001
22632.250001
22691.400001
22750.750001
22810.125001
22869.625001
22929.325001
22989.050001
23048.850001
23108.875001
23169.150001
23229.575001
23290.100001
23350.800001
23411.625001
23472.600001
23533.650001
23594.925001
23656.425001
23718.025001
23779.750001
23841.625001
23903.600001
23965.775001
24028.125001
24090.675001
24153.300001
24216.200001
24279.300001
24342.475001
24405.900001
24469.400001
24533.100001
24597.025001
24661.075001
24725.325001
24789.875001
24854.575001
24919.475001
24984.625001
25049.900001
25115.350001
25181.100001
25247.125001
25313.375001
25379.950001
25446.725001
25513.700001
25580.900001
25648.350001
25716.100001
25784.225001
25852.575001
25921.150001
25990.100001
26059.325001
26129.000001
26198.850001
26269.150001
26339.850001
26410.900001
26482.300001
26554.150001
26626.350001
26699.025001
26772.225001
26845.950001
26920.225001
26995.250001
27070.775001
27146.900001
27223.525001
27300.600001
27378.175001
27456.275001
27534.900001
27614.000001
27693.675001
27774.000001
27854.900001
27936.475001
28018.750001
28101.700001
28185.375001
28269.750001
28354.850001
28440.775001
28527.450001
28615.000001
28703.475001
28792.900001
28883.350001
28974.900001
29067.650001
29161.650001
29257.100001
29354.075001
29452.800001
29553.525001
29656.600001
29762.550001
29872.325001
29988.850001
30322.700001
30423.825001
30532.300001
30645.225001
30761.700001
30881.450001
31004.375001
31126.850001
31252.475001
31373.125001
31668.025001
31769.900001
31878.975001
31992.425001
32109.425001
32229.675001
32352.975001
32475.200001
32745.075001
32847.800001
32957.575001
33071.650001
33189.275001
33310.250001
33433.825001
33555.925001
33852.225001
33954.050001
34063.050001
34176.450001
34293.375001
34413.550001
34536.825001
34659.025001
34928.525001
