100.000000
3.000000
7013.100000
7096.850000
7183.175000
7269.775000
7355.875000
7441.500000
7526.300000
7610.550000
7694.325000
7777.300000
7859.800000
7941.775000
8023.275000
8104.125000
8184.600000
8264.425000
8343.900000
8423.000000
8501.625000
8579.875000
8657.775000
8735.200000
8812.125000
8888.500000
8964.550000
9040.375000
9115.550000
9190.600000
9265.100000
9339.375000
9413.450000
9487.100000
9560.425000
9633.525000
9706.375000
9779.025000
9851.200000
9923.175000
9994.850000
10066.125000
10137.300000
10208.400000
10279.775000
10351.075000
10422.175000
10493.200000
10564.250000
10635.525000
10706.900000
10777.950000
10848.900000
10920.075000
10991.400000
11062.625000
11133.750000
11204.925000
11276.075000
11347.225000
11418.500000
11489.750000
11560.900000
11631.950000
11703.000000
11774.250000
11845.625000
11916.725000
11987.700000
12058.800000
12130.125000
12201.375000
12272.475000
12343.525000
12414.650000
12485.900000
12557.200000
12628.375000
12699.525000
12770.675000
12841.800000
12913.050000
12984.375000
13055.525000
13126.450000
13197.550000
13268.875000
13340.175000
13411.200000
13482.250000
13553.375000
13624.650000
13695.900000
13767.100000
13838.175000
13909.375000
13980.550000
14051.750000
14122.975000
14194.200000
14265.200000
14336.250000
14407.575000
14478.925000
14549.975000
14620.950000
14692.125000
14763.375000
14834.700000
14905.825000
14976.800000
15047.950000
15119.250000
15190.450000
15261.575000
15332.750000
15403.950000
15475.025000
15546.275000
15617.625000
15688.725000
15759.725000
15830.850000
15902.075000
15973.400000
16044.525000
16115.475000
16186.550000
16257.875000
16329.200000
16400.275000
16471.300000
16542.525000
16613.725000
16684.975000
16756.200000
16827.350000
16898.450000
16969.575000
17040.850000
17112.150000
17183.250000
17254.300000
17325.375000
17396.650000
17468.025000
17539.025000
17610.050000
17681.225000
17752.475000
17823.700000
17894.875000
17966.000000
18037.150000
18108.300000
18179.625000
18250.875001
18322.025001
18393.075001
18464.100001
18535.375001
18606.775001
18677.800001
18748.750001
18819.900001
18891.200001
18962.475001
19033.550001
19104.650001
19175.800001
19247.050001
19318.325001
19389.475001
19460.625001
19531.800001
19602.850001
19674.100001
19745.425001
19816.600001
19887.550001
19958.625001
20029.975001
20101.250001
20172.700001
20244.400001
20316.325001
20388.525001
20461.025001
20533.900001
20607.225001
20680.650001
20754.325001
20828.450001
20902.875001
20977.550001
21052.650001
21128.050001
21203.850001
21280.225001
21356.975001
21434.000001
21511.400001
21589.100001
21667.450001
21746.350001
21825.525001
21905.200001
21985.500001
22066.125001
22147.375001
22229.150001
22311.300001
22394.150001
22477.525001
22561.650001
22646.675001
22732.250001
22818.750001
22905.925001
22993.925001
23082.900001
23172.875001
23263.925001
23356.125001
23449.650001
23544.800001
23641.725001
23740.900001
23843.900001
