1.000000
3.000000
6013.900000
6108.525000
6202.375000
6294.175000
6384.150000
6472.550000
6559.625000
6645.775000
6730.900000
6815.075000
6898.475000
6981.175000
7063.275000
7144.575000
7225.025000
7304.850000
7384.225000
7462.925000
7541.025000
7618.650000
7695.725000
7772.050000
7847.975000
7923.575000
7998.500000
8073.175000
8147.350000
8220.975000
8294.275000
8367.200000
8439.725000
8511.725000
8583.100000
8653.750000
8723.800000
8793.000000
8861.750000
8930.050000
8997.500000
9064.100000
9130.275000
9195.950000
9261.050000
9325.825000
9390.400000
9454.350000
9518.025000
9581.050000
9643.700000
9705.850000
9767.600000
9828.925000
9889.800000
9950.300000
10010.425000
10070.325000
10130.025000
10189.500000
10248.625000
10307.825000
10366.975000
10425.875000
10484.900000
10543.600000
10602.375000
10660.900000
10719.225000
10777.375000
10835.525000
10893.350000
10951.100000
11008.400000
11065.600000
11122.850000
11180.025000
11237.000000
11293.950000
11350.925000
11407.775000
11464.450000
11521.000000
11577.500000
11633.975000
11690.325000
11746.500000
11802.600000
11858.500000
11914.425000
11970.450000
12026.325000
12082.175000
12138.075000
12194.125000
12250.025000
12305.950000
12362.000000
12418.025000
12473.900000
12529.925000
12585.850000
12641.725000
12697.525000
12753.425000
12809.375000
12865.200000
12920.975000
12976.775000
13032.725000
13088.675000
13144.575000
13200.500000
13256.600000
13312.525000
13368.450000
13424.425000
13480.375000
13536.150000
13592.025000
13647.925000
13703.900000
13759.700000
13815.475000
13871.325000
13927.275000
13983.225000
14039.050000
14095.050000
14151.100000
14207.050000
14262.975000
14318.975000
14374.875000
14430.650000
14486.450000
14542.400000
14598.325000
14654.175000
14709.975000
14765.850000
14821.850000
14877.750000
14933.600000
14989.575000
15045.650000
15101.500000
15157.475000
15213.450000
15269.350000
15325.150000
15380.975000
15436.900000
15492.850000
15548.600000
15604.475000
15660.350000
15716.375000
15772.250000
15828.150000
15884.175000
15940.175000
15996.075000
16052.025000
16108.000000
16163.825000
16219.650000
16275.475000
16331.450000
16387.325000
16443.125000
16498.900000
16554.850000
16610.825000
16666.750000
16722.675000
16778.750000
16834.700000
16890.625000
16946.600000
17002.550000
17058.325000
17114.100000
17170.000000
17225.950000
17281.825000
17337.600000
17393.450000
17449.350000
17505.375000
17561.200000
17617.175000
17673.250000
17729.225000
17785.150000
17841.175000
17897.075000
17952.850000
18008.650000
18064.525000
18120.500000
18176.300000
18232.100001
18287.950001
18343.925001
18399.875001
18455.750001
18511.675001
18567.775001
18623.675001
18679.650001
18735.625001
18791.550001
18847.350001
18903.175001
18959.100001
19015.025001
19070.825001
19126.575001
19182.475001
19238.425001
19294.400001
19350.250001
19406.275001
19462.300001
19518.225001
19574.125001
19630.150001
19686.000001
19741.850001
19797.675001
19853.650001
19909.550001
19965.325001
20021.100001
20076.975001
20133.025001
20189.050001
20245.350001
20301.675001
20358.025001
20414.450001
20471.000001
20527.650001
20584.500001
20641.400001
20698.350001
20755.475001
20812.725001
20870.025001
20927.550001
20985.175001
21042.850001
21100.775001
21158.675001
21216.750001
21274.825001
21333.125001
21391.525001
21450.000001
21508.550001
21567.475001
21626.325001
21685.450001
21744.725001
21804.000001
21863.450001
21923.175001
21982.950001
22042.800001
22102.750001
22162.925001
22223.325001
22283.775001
22344.375001
22405.125001
22466.075001
22527.175001
22588.425001
22649.825001
22711.300001
22773.075001
22835.025001
22897.025001
22959.200001
23021.625001
23084.350001
23147.075001
23209.925001
23273.125001
23336.400001
23399.875001
23463.550001
23527.425001
23591.525001
23655.800001
23720.275001
23785.050001
23849.875001
23914.900001
23980.250001
24045.800001
24111.500001
24177.425001
24243.600001
24309.950001
24376.450001
24443.225001
24510.275001
24577.625001
24645.250001
24713.150001
24781.275001
24849.625001
24918.300001
24987.125001
25056.350001
25125.800001
25195.625001
25265.575001
25335.900001
25406.625001
25477.575001
25548.825001
25620.475001
25692.550001
25764.950001
25837.725001
25910.950001
25984.675001
26058.775001
26133.450001
26208.625001
26284.525001
26361.050001
26438.450001
26516.850001
26596.225001
26676.425001
26757.550001
26839.375001
26921.925001
27005.200001
27089.125001
27173.825001
27259.250001
27345.550001
27432.600001
27520.550001
27609.400001
27699.225001
27790.150001
27882.175001
27975.425001
28070.075001
28166.200001
28264.025001
28363.750001
28465.675001
28570.375001
28678.450001
28791.350001
28915.375001
