1.000000
25.000000
7568.150000
7646.675000
7721.575000
7793.200000
7862.525000
7930.250000
7996.875000
8062.750000
8127.950000
8192.800000
8257.525000
8321.875000
8385.975000
8449.800000
8513.525000
8576.925000
8640.325000
8703.350000
8766.275000
8829.125000
8891.600000
8953.850000
9015.900000
9077.800000
9139.525000
9201.175000
9262.500000
9323.575000
9384.500000
9445.175000
9505.575000
9565.500000
9625.200000
9684.725000
9743.700000
9802.450000
9860.575000
9918.375000
9975.350000
10031.825000
10087.675000
10143.050000
10197.925000
10252.400000
10306.375000
10359.625000
10412.525000
10464.825000
10516.875000
10568.550000
10619.825000
10670.825000
10721.750000
10772.550000
10823.250000
10873.725000
10924.100000
10974.425000
11024.675000
11074.750000
11124.775000
11174.750000
11224.675000
11274.625000
11324.550000
11374.475000
11424.375000
11474.275000
11524.150000
11573.925000
11623.675000
11673.400000
11723.150000
11772.925000
11822.600000
11872.200000
11921.750000
11971.300000
12020.800000
12070.325000
12119.850000
12169.325000
12218.900000
12268.475000
12318.000000
12367.525000
12416.975000
12466.325000
12515.525000
12564.775000
12613.950000
12663.250000
12712.525000
12761.700000
12810.850000
12859.850000
12908.900000
12958.075000
13007.225000
13056.400000
13105.475000
13154.475000
13203.525000
13252.600000
13301.675000
13350.825000
13399.875000
13448.725000
13497.725000
13546.850000
13595.900000
13644.975000
13694.025000
13742.975000
13791.925000
13841.025000
13890.150000
13939.050000
13987.950000
14036.950000
14085.950000
14134.975000
14184.000000
14233.025000
14281.900000
14330.750000
14379.850000
14428.975000
14477.825000
14526.600000
14575.500000
14624.550000
14673.550000
14722.450000
14771.250000
14820.200000
14869.200000
14918.175000
14967.125000
15016.050000
15064.975000
15113.800000
15162.750000
15211.675000
15260.600000
15309.475000
15358.275000
15407.250000
15456.200000
15505.150000
15554.000000
15602.775000
15651.675000
15700.625000
15749.525000
15798.350000
15847.175000
15896.050000
15944.950000
15993.850000
16042.750000
16091.575000
16140.475000
16189.275000
16238.100000
16287.000000
16335.875000
16384.775000
16433.550000
16482.300000
16531.075000
16580.075000
16629.075000
16677.825000
16726.475000
16775.225000
16824.125000
16873.100000
16921.950000
16970.675000
17019.450000
17068.300000
17117.225000
17166.075000
17214.925000
17263.700000
17312.575000
17361.325000
17410.025000
17458.775000
17507.725000
17556.725000
17605.475000
17654.200000
17702.900000
17751.750000
17800.650000
17849.475000
17898.300000
17947.075000
17995.925000
18044.700000
18093.400000
18142.225000
18191.175000
18240.100001
18288.825001
18337.500001
18386.175001
18435.050001
18483.900001
18532.750001
18581.600001
18630.400001
18679.275001
18728.025001
18776.675001
18825.425001
18874.325001
18923.300001
18972.075001
19020.750001
19069.475001
19118.325001
19167.200001
19216.025001
19264.850001
19313.650001
19362.525001
19411.225001
19459.900001
19508.575001
19557.500001
19606.450001
19655.275001
19704.025001
19752.725001
19801.550001
19850.325001
19899.025001
19947.825001
19996.750001
20045.650001
20094.400001
20143.125001
20191.950001
20241.025001
20290.150001
20339.125001
20388.200001
20437.350001
20486.475001
20535.825001
20585.275001
20634.800001
20684.375001
20734.000001
20783.700001
20833.375001
20883.125001
20932.975001
20982.950001
21033.000001
21083.100001
21133.225001
21183.425001
21233.775001
21284.325001
21334.875001
21385.500001
21436.125001
21486.850001
21537.675001
21588.600001
21639.725001
21690.975001
21742.225001
21793.525001
21845.050001
21896.625001
21948.225001
21999.925001
22051.700001
22103.550001
22155.550001
22207.675001
22259.750001
22312.100001
22364.350001
22416.825001
22469.300001
22521.875001
22574.625001
22627.400001
22680.325001
22733.275001
22786.225001
22839.425001
22892.725001
22946.125001
22999.550001
23053.100001
23106.850001
23160.575001
23214.475001
23268.575001
23322.725001
23376.900001
23431.250001
23485.750001
23540.350001
23595.050001
23649.825001
23704.675001
23759.625001
23814.700001
23869.900001
23925.175001
23980.550001
24036.025001
24091.625001
24147.275001
24203.025001
24258.875001
24314.900001
24370.950001
24427.150001
24483.500001
24539.975001
24596.550001
24653.175001
24709.850001
24766.700001
24823.675001
24880.675001
24937.775001
24995.125001
25052.550001
25110.000001
25167.700001
25225.400001
25283.250001
25341.275001
25399.350001
25457.700001
25516.050001
25574.600001
25633.200001
25691.900001
25750.800001
25809.750001
25868.925001
25928.225001
25987.600001
26047.125001
26106.875001
26166.700001
26226.600001
26286.750001
26347.100001
26407.625001
26468.375001
26529.300001
26590.375001
26651.700001
26713.300001
26775.150001
26837.250001
26899.600001
26962.275001
27025.050001
27088.075001
27151.350001
27214.775001
27278.475001
27342.350001
27406.500001
27470.750001
27535.300001
27600.025001
27664.950001
27730.200001
27795.700001
27861.375001
27927.325001
27993.575001
28060.100001
28126.925001
28194.100001
28261.625001
28329.550001
28397.850001
28466.650001
28536.000001
28605.925001
28676.475001
28747.650001
28819.475001
28891.875001
28964.925001
29038.700001
29113.300001
29188.775001
29265.150001
29342.525001
29420.850001
29500.150001
29580.425001
29661.625001
29743.725001
29826.775001
29910.825001
29995.900001
30082.175001
30169.050001
30256.475001
30344.475001
30433.100001
30522.475001
30612.700001
30703.975001
30796.575001
30890.700001
30985.900001
31081.750001
31178.150001
31275.250001
31373.450001
31473.850001
31664.675001
31759.450001
32015.925001
32108.625001
32339.375001
32432.700001
32664.600001
32757.850001
32989.375001
33082.650001
33314.150001
33407.425001
33638.925001
33732.225001
33963.700001
34056.975001
34288.475001
34381.750001
34613.250001
34706.525001
34938.000001
