1.000000
31.000000
9553.650000
9627.725000
9698.125000
9765.075000
9830.000000
9893.000000
9954.800000
10015.600000
10075.625000
10135.225000
10194.075000
10252.550000
10310.550000
10368.550000
10426.000000
10483.275000
10540.400000
10597.175000
10653.800000
10710.200000
10766.525000
10822.525000
10878.350000
10933.925000
10989.100000
11043.925000
11098.450000
11152.700000
11206.875000
11260.625000
11314.200000
11367.825000
11420.900000
11474.125000
11527.100000
11580.175000
11632.925000
11685.650000
11738.150000
11790.725000
11842.925000
11895.200000
11947.225000
11999.025000
12051.050000
12102.700000
12154.225000
12205.725000
12257.200000
12308.350000
12359.500000
12410.625000
12461.800000
12512.875000
12563.725000
12614.450000
12665.200000
12715.875000
12766.650000
12817.400000
12868.100000
12918.725000
12969.300000
13019.725000
13070.200000
13120.675000
13170.975000
13221.375000
13271.850000
13322.250000
13372.675000
13423.175000
13473.575000
13523.900000
13574.275000
13624.650000
13674.875000
13725.025000
13775.125000
13825.225000
13875.325000
13925.400000
13975.475000
14025.575000
14075.675000
14125.775000
14175.850000
14225.900000
14275.925000
14325.950000
14375.925000
14425.925000
14475.900000
14525.875000
14575.875000
14625.850000
14675.825000
14725.800000
14775.775000
14825.750000
14875.725000
14925.700000
14975.650000
15025.625000
15075.575000
15125.500000
15175.400000
15225.250000
15275.100000
15324.950000
15374.850000
15424.775000
15474.700000
15524.650000
15574.600000
15624.600000
15674.575000
15724.550000
15774.550000
15824.550000
15874.550000
15924.550000
15974.550000
16024.550000
16074.550000
16124.525000
16174.525000
16224.525000
16274.525000
16324.525000
16374.525000
16424.525000
16474.525000
16524.525000
16574.525000
16624.525000
16674.525000
16724.525000
16774.525000
16824.525000
16874.525000
16924.525000
16974.525000
17024.525000
17074.525000
17124.525000
17174.525000
17224.525000
17274.525000
17324.525000
17374.525000
17424.525000
17474.525000
17524.525000
17574.525000
17624.525000
17674.525000
17724.525000
17774.525000
17824.525000
17874.525000
17924.525000
17974.525000
18024.525000
18074.525000
18124.525000
18174.525000
18224.525000
18274.525001
18324.525001
18374.525001
18424.525001
18474.525001
18524.525001
18574.525001
18624.525001
18674.525001
18724.525001
18774.525001
18824.525001
18874.525001
18924.525001
18974.525001
19024.525001
19074.525001
19124.525001
19174.525001
19224.525001
19274.525001
19324.525001
19374.525001
19424.525001
19474.525001
19524.525001
19574.525001
19624.525001
19674.525001
19724.525001
19774.525001
19824.525001
19874.525001
19924.525001
19974.525001
20024.525001
20074.525001
20124.550001
20174.600001
20224.700001
20274.775001
20324.875001
20375.025001
20425.200001
20475.525001
20525.950001
20576.375001
20626.850001
20677.525001
20728.325001
20779.250001
20830.150001
20881.025001
20932.000001
20983.075001
21034.375001
21085.650001
21136.975001
21188.425001
21240.075001
21291.600001
21343.150001
21394.975001
21446.850001
21498.650001
21550.775001
21602.825001
21655.025001
21707.450001
21759.725001
21812.275001
21864.725001
21917.575001
21970.300001
22023.275001
22076.125001
22129.250001
22182.250001
22235.550001
22288.875001
22342.275001
22395.925001
22449.500001
22503.250001
22557.225001
22611.125001
22665.125001
22719.325001
22773.675001
22828.100001
22882.650001
22937.325001
22992.125001
23047.100001
23102.225001
23157.575001
23213.025001
23268.650001
23324.375001
23380.275001
23436.150001
23492.275001
23548.525001
23605.025001
23661.800001
23718.775001
23775.850001
23833.175001
23890.750001
23948.450001
24006.550001
24064.750001
24123.350001
24182.000001
24241.050001
24300.325001
24359.750001
24419.525001
24479.725001
24540.200001
24600.975001
24662.125001
24723.600001
24785.425001
24847.575001
24910.050001
24973.025001
25036.300001
25099.950001
25163.950001
25228.425001
25293.175001
25358.300001
25423.775001
25489.550001
25555.650001
25622.000001
25688.625001
25755.600001
25822.900001
25890.550001
25958.375001
26026.425001
26094.850001
26163.625001
26232.625001
26302.075001
26371.750001
26441.850001
26512.275001
26583.025001
26654.200001
26725.850001
26798.050001
26870.850001
26944.275001
27018.475001
27093.225001
27168.625001
27244.500001
27320.850001
27397.775001
27475.250001
27553.225001
27631.825001
27710.950001
27790.775001
27871.200001
27952.400001
28034.325001
28117.000001
28200.525001
28285.025001
28370.525001
28457.125001
28544.925001
28634.100001
28724.900001
28817.575001
28912.800001
29012.250001
29181.100001
29270.250001
29458.675001
29548.750001
29802.125001
29894.000001
30221.050001
30315.900001
30680.825001
30771.600001
31091.500001
31181.425001
31460.275001
31550.400001
31826.125001
31915.675001
32172.075001
32262.225001
32519.250001
32609.325001
32865.725001
32955.775001
33211.975001
33302.000001
33558.100001
33648.125001
33904.175001
33994.200001
34250.225001
34340.275001
34596.275001
34686.300001
34942.300001
