2.000000
2.000000
10027.750000
10082.825000
10135.475000
10185.825000
10234.450000
10281.600000
10327.550000
10372.750000
10417.150000
10460.475000
10503.400000
10545.375000
10586.925000
10628.150000
10668.800000
10709.125000
10749.200000
10788.900000
10828.475000
10867.625000
10906.550000
10945.250000
10983.850000
11021.875000
11059.525000
11096.950000
11134.200000
11171.325000
11208.100000
11244.950000
11281.425000
11317.750000
11353.900000
11389.975000
11425.925000
11461.950000
11497.950000
11533.950000
11569.925000
11605.700000
11641.275000
11676.925000
11712.400000
11747.900000
11783.300000
11818.725000
11853.925000
11889.350000
11924.500000
11959.550000
11994.800000
12029.875000
12064.825000
12099.750000
12134.550000
12169.400000
12204.075000
12238.750000
12273.325000
12307.925000
12342.525000
12377.150000
12411.850000
12446.475000
12481.150000
12515.725000
12550.300000
12584.600000
12618.925000
12653.425000
12687.750000
12721.925000
12756.275000
12790.650000
12824.775000
12859.000000
12893.100000
12927.200000
12961.500000
12995.450000
13029.675000
13063.600000
13097.725000
13131.575000
13165.525000
13199.375000
13233.200000
13267.175000
13300.900000
13334.650000
13368.525000
13402.250000
13435.925000
13469.800000
13503.550000
13537.150000
13570.700000
13604.425000
13638.100000
13671.750000
13705.350000
13739.075000
13772.800000
13806.425000
13839.975000
13873.475000
13907.075000
13940.775000
13974.375000
14007.875000
14041.375000
14074.800000
14108.150000
14141.575000
14174.900000
14208.175000
14241.475000
14274.725000
14307.925000
14341.225000
14374.475000
14407.750000
14441.075000
14474.350000
14507.650000
14540.975000
14574.275000
14607.550000
14640.875000
14674.175000
14707.450000
14740.775000
14774.025000
14807.225000
14840.250000
14873.225000
14906.350000
14939.550000
14972.775000
15006.025000
15039.200000
15072.175000
15105.075000
15138.125000
15171.175000
15204.025000
15236.950000
15270.025000
15303.125000
15335.900000
15368.825000
15401.875000
15434.700000
15467.525000
15500.575000
15533.525000
15566.300000
15599.200000
15632.050000
15664.775000
15697.775000
15730.675000
15763.375000
15796.375000
15829.200000
15861.950000
15894.950000
15927.750000
15960.475000
15993.325000
16025.950000
16058.900000
16091.675000
16124.400000
16157.250000
16189.875000
16222.750000
16255.375000
16288.100000
16320.625000
16353.425000
16386.000000
16418.700000
16451.200000
16483.925000
16516.475000
16549.075000
16581.550000
16614.200000
16646.675000
16679.150000
16711.725000
16744.100000
16776.450000
16808.950000
16841.300000
16873.600000
16906.075000
16938.350000
16970.525000
17002.900000
17035.250000
17067.500000
17099.700000
17131.800000
17164.100000
17196.375000
17228.600000
17260.700000
17292.750000
17324.875000
17356.975000
17389.225000
17421.400000
17453.575000
17485.625000
17517.675000
17549.725000
17581.675000
17613.650000
17645.600000
17677.625000
17709.525000
17741.550000
17773.450000
17805.450000
17837.325000
17869.300000
17901.175000
17933.100000
17964.975000
17996.925000
18028.875000
18060.775000
18092.650000
18124.625000
18156.550000
18188.475000
18220.375000
18252.350001
18284.300001
18316.275001
18348.150001
18380.100001
18412.050001
18444.000001
18475.900001
18507.850001
18539.825001
18571.775001
18603.700001
18635.625001
18667.575001
18699.550001
18731.475001
18763.400001
18795.350001
18827.300001
18859.225001
18891.200001
18923.125001
18955.075001
18987.000001
19018.975001
19050.900001
19082.825001
19114.775001
19146.725001
19178.700001
19210.625001
19242.550001
19274.500001
19306.450001
19338.375001
19370.300001
19402.275001
19434.225001
19466.200001
19498.100001
19530.050001
19562.000001
19593.950001
19625.850001
19657.800001
19689.775001
19721.725001
19753.675001
19785.600001
19817.550001
19849.500001
19881.425001
19913.375001
19945.300001
19977.275001
20009.200001
20041.175001
20073.100001
20105.050001
20137.000001
20168.975001
20200.925001
20232.925001
20264.875001
20296.925001
20328.950001
20361.000001
20393.025001
20425.325001
20457.550001
20489.775001
20521.975001
20554.175001
20586.600001
20618.900001
20651.175001
20683.700001
20716.100001
20748.400001
20781.025001
20813.425001
20846.000001
20878.550001
20911.175001
20943.775001
20976.300001
21009.025001
21041.825001
21074.475001
21107.350001
21140.050001
21172.925001
21205.950001
21238.750001
21271.625001
21304.675001
21337.675001
21370.525001
21403.600001
21436.775001
21470.000001
21503.300001
21536.625001
21569.950001
21603.350001
21636.725001
21670.100001
21703.525001
21736.925001
21770.300001
21803.750001
21837.150001
21870.575001
21904.100001
21937.700001
21971.375001
22005.050001
22038.750001
22072.650001
22106.425001
22140.275001
22174.225001
22208.100001
22242.200001
22276.075001
22310.200001
22344.250001
22378.475001
22412.725001
22446.850001
22481.200001
22515.575001
22549.875001
22584.225001
22618.750001
22653.375001
22687.950001
22722.675001
22757.375001
22792.175001
22826.950001
22861.800001
22896.625001
22931.475001
22966.350001
23001.225001
23036.275001
23071.350001
23106.475001
23141.650001
23176.900001
23212.125001
23247.550001
23282.850001
23318.375001
23353.800001
23389.450001
23425.100001
23460.650001
23496.450001
23532.300001
23568.125001
23603.925001
23639.850001
23675.850001
23711.975001
23748.100001
23784.300001
23820.500001
23856.825001
23893.225001
23929.775001
23966.300001
24003.025001
24039.700001
24076.425001
24113.250001
24150.275001
24187.175001
24224.300001
24261.575001
24298.775001
24336.025001
24373.325001
24410.725001
24448.200001
24485.800001
24523.425001
24561.250001
24599.125001
24637.050001
24675.100001
24713.200001
24751.375001
24789.675001
24828.150001
24866.575001
24905.050001
24943.750001
24982.525001
25021.400001
25060.375001
25099.425001
25138.525001
25177.800001
25217.275001
25256.750001
25296.450001
25336.275001
25376.100001
25416.175001
25456.425001
25496.825001
25537.325001
25578.175001
25619.100001
25660.275001
25701.700001
25743.300001
25785.150001
25827.175001
25869.425001
25911.900001
25954.575001
25997.450001
26040.500001
26083.800001
26127.225001
26170.875001
26214.775001
26259.025001
26303.575001
26348.300001
26393.450001
26438.975001
26484.950001
26531.425001
26578.500001
26626.050001
26674.300001
26723.125001
26772.650001
26822.775001
26873.425001
26924.700001
26976.600001
27029.225001
27082.550001
27136.725001
27191.775001
27247.800001
27304.875001
27363.050001
27422.325001
27482.800001
27544.500001
27607.600001
27672.050001
27738.175001
27806.350001
27876.800001
27950.450001
28029.300001
28218.125001
28280.325001
28352.475001
28728.700001
28792.000001
