100.000000
16.000000
6859.400000
6931.925000
7005.650000
7078.650000
7150.925000
7222.500000
7293.475000
7364.050000
7434.375000
7504.225000
7573.875000
7643.125000
7712.275000
7781.100000
7849.650000
7918.175000
7986.225000
8054.100000
8121.750000
8189.275000
8256.700000
8323.850000
8390.825000
8457.700000
8524.325000
8590.800000
8657.025000
8722.975000
8788.675000
8854.150000
8919.500000
8984.750000
9049.650000
9114.400000
9179.225000
9243.600000
9308.025000
9372.100000
9436.000000
9499.725000
9563.450000
9626.800000
9690.200000
9753.250000
9816.250000
9879.225000
9941.825000
10004.200000
10066.500000
10128.850000
10191.175000
10253.300000
10315.325000
10377.350000
10439.550000
10501.700000
10563.700000
10625.675000
10687.600000
10749.550000
10811.600000
10873.675000
10935.700000
10997.650000
11059.525000
11121.400000
11183.350000
11245.450000
11307.575000
11369.525000
11431.450000
11493.350000
11555.325000
11617.425000
11679.600000
11741.550000
11803.475000
11865.325000
11927.225000
11989.225000
12051.250000
12113.275000
12175.200000
12237.075000
12298.900000
12360.825000
12422.875000
12484.950000
12546.925000
12608.800000
12670.675000
12732.575000
12794.600000
12856.675000
12918.750000
12980.700000
13042.650000
13104.575000
13166.525000
13228.575000
13290.675000
13352.600000
13414.450000
13476.325000
13538.200000
13600.200000
13662.225000
13724.275000
13786.175000
13848.075000
13909.975000
13971.875000
14033.900000
14095.975000
14157.975000
14219.900000
14281.800000
14343.700000
14405.725000
14467.800000
14529.925000
14591.875000
14653.800000
14715.650000
14777.550000
14839.550000
14901.600000
14963.550000
15025.450000
15087.325000
15149.150000
15211.075000
15273.150000
15335.250000
15397.175000
15459.075000
15520.950000
15582.900000
15644.975000
15707.075000
15769.075000
15831.000000
15892.900000
15954.850000
16016.875000
16078.950000
16141.025000
16202.925000
16264.800000
16326.650000
16388.550000
16450.575000
16512.650000
16574.625000
16636.475000
16698.350000
16760.225000
16822.150000
16884.200000
16946.300000
17008.225000
17070.175000
17132.075000
17194.025000
17256.075000
17318.175000
17380.200000
17442.175000
17504.075000
17565.975000
17627.950000
17689.975000
17752.025000
17813.900000
17875.800000
17937.700000
17999.575000
18061.600000
18123.625000
18185.650000
18247.575001
18309.450001
18371.275001
18433.225001
18495.300001
18557.450001
18619.400001
18681.300001
18743.225001
18805.175001
18867.300001
18929.425001
18991.425001
19053.300001
19115.150001
19177.000001
19238.950001
19301.000001
19363.075001
19425.000001
19486.875001
19548.725001
19610.650001
19672.700001
19734.750001
19796.775001
19858.650001
19920.550001
19982.450001
20044.425001
20106.500001
20168.775001
20231.025001
20293.325001
20355.825001
20418.600001
20481.425001
20544.425001
20607.675001
20670.850001
20734.400001
20797.950001
20861.850001
20925.800001
20990.050001
21054.225001
21118.800001
21183.400001
21248.150001
21313.275001
21378.600001
21443.950001
21509.475001
21575.125001
21641.150001
21707.450001
21773.800001
21840.325001
21907.125001
21974.050001
22041.300001
22108.575001
22176.025001
22243.775001
22311.875001
22380.250001
22448.575001
22517.325001
22586.200001
22655.350001
22724.750001
22794.350001
22864.175001
22934.400001
23004.800001
23075.500001
23146.625001
23218.025001
23289.550001
23361.350001
23433.425001
23505.875001
23578.725001
23651.925001
23725.375001
23799.050001
23873.325001
23947.875001
24022.875001
24098.275001
24174.150001
24250.325001
24326.875001
24404.025001
24481.650001
24559.675001
24638.100001
24717.225001
24796.925001
24876.900001
24957.750001
25038.900001
25120.775001
25203.275001
25286.500001
25370.525001
25455.200001
25540.750001
25627.125001
25714.600001
25803.200001
25893.075001
25984.475001
26077.500001
26173.850001
