1.000000
9.000000
3703.525000
3793.775000
3881.950000
3966.700000
4048.425000
4127.800000
4205.375000
4281.275000
4355.525000
4428.275000
4499.800000
4570.275000
4639.800000
4708.150000
4775.350000
4841.675000
4907.175000
4971.700000
5035.700000
5098.850000
5161.550000
5223.750000
5285.425000
5346.575000
5407.050000
5466.725000
5525.825000
5584.625000
5642.650000
5700.125000
5756.950000
5813.150000
5868.925000
5924.200000
5979.175000
6033.600000
6087.725000
6141.725000
6195.625000
6249.150000
6302.600000
6355.825000
6408.675000
6461.450000
6513.825000
6566.125000
6618.225000
6669.825000
6721.250000
6772.650000
6823.775000
6874.675000
6925.400000
6976.050000
7026.425000
7076.700000
7126.900000
7177.100000
7227.225000
7277.175000
7326.975000
7376.525000
7425.975000
7475.275000
7524.575000
7573.725000
7622.775000
7671.725000
7720.475000
7769.150000
7817.800000
7866.200000
7914.450000
7962.725000
8010.750000
8058.500000
8106.525000
8154.100000
8201.625000
8248.825000
8296.200000
8343.225000
8390.350000
8437.200000
8484.250000
8530.900000
8577.625000
8624.250000
8670.700000
8717.300000
8763.625000
8809.725000
8855.925000
8902.100000
8948.125000
8994.150000
9040.075000
9085.750000
9131.425000
9177.025000
9222.725000
9268.200000
9313.475000
9358.550000
9403.775000
9448.650000
9493.600000
9538.600000
9583.350000
9628.075000
9672.850000
9717.675000
9762.250000
9806.750000
9851.100000
9895.475000
9939.750000
9984.000000
10028.050000
10071.950000
10115.675000
10159.500000
10203.225000
10247.050000
10291.025000
10334.925000
10378.900000
10422.700000
10466.550000
10510.175000
10553.975000
10597.575000
10641.425000
10685.275000
10729.225000
10773.100000
10816.975000
10860.700000
10904.400000
10948.125000
10991.850000
11035.675000
11079.625000
11123.475000
11167.400000
11211.125000
11254.925000
11298.575000
11342.350000
11386.025000
11429.975000
11473.775000
11517.725000
11561.400000
11605.225000
11648.750000
11692.575000
11736.150000
11780.075000
11823.875000
11867.800000
11911.500000
11955.325000
11998.850000
12042.650000
12086.200000
12130.100000
12173.925000
12217.825000
12261.550000
12305.375000
12348.900000
12392.700000
12436.225000
12480.125000
12523.925000
12567.850000
12611.575000
12655.400000
12698.925000
12742.725000
12786.250000
12830.150000
12873.950000
12917.875000
12961.600000
13005.425000
13048.975000
13092.750000
13136.275000
13180.150000
13223.975000
13267.875000
13311.650000
13355.450000
13399.025000
13442.800000
13486.325000
13530.175000
13574.000000
13617.900000
13661.675000
13705.500000
13749.075000
13792.850000
13836.375000
13880.225000
13924.050000
13967.950000
14011.750000
14055.550000
14099.200000
14142.950000
14186.525000
14230.350000
14274.175000
14318.075000
14361.950000
14405.725000
14449.450000
14493.125000
14536.825000
14580.550000
14624.425000
14668.275000
14712.175000
14755.925000
14799.700000
14843.275000
14887.000000
14930.650000
14974.500000
15018.375000
15062.275000
15106.050000
15149.825000
15193.400000
15237.150000
15280.725000
15324.575000
15368.450000
15412.325000
15456.150000
15499.950000
15543.575000
15587.325000
15630.925000
15674.725000
15718.575000
15762.450000
15806.350000
15850.125000
15893.875000
15937.550000
15981.275000
16025.000000
16068.900000
16112.750000
16156.675000
16200.400000
16244.225000
16287.775000
16331.550000
16375.150000
16419.025000
16462.875000
16506.775000
16550.575000
16594.400000
16638.025000
16681.800000
16725.425000
16769.225000
16813.075000
16856.975000
16900.850000
16944.650000
16988.375000
17032.075000
17075.800000
17119.500000
17163.375000
17207.275000
17251.125000
17294.950000
17338.725000
17382.350000
17426.075000
17469.725000
17513.500000
17557.425000
17601.275000
17645.175000
17688.900000
17732.625000
17776.325000
17820.050000
17863.750000
17907.675000
17951.500000
17995.425000
18039.100000
18082.900000
18126.475000
18170.250000
18213.900000
18257.800001
18301.625001
18345.525001
18389.200001
18433.000001
18476.525001
18520.325001
18563.925001
18607.825001
18651.650001
18695.550001
18739.250001
18783.025001
18826.550001
18870.325001
18913.950001
18957.825001
19001.650001
19045.550001
19089.250001
19133.025001
19176.575001
19220.350001
19263.950001
19307.825001
19351.650001
19395.550001
19439.250001
19483.025001
19526.575001
19570.350001
19613.950001
19657.825001
19701.650001
19745.550001
19789.250001
19833.050001
19876.575001
19920.350001
19963.950001
20007.825001
20051.650001
20095.550001
20139.375001
20183.275001
20227.175001
20271.125001
20315.100001
20359.200001
20403.475001
20447.775001
20492.175001
20536.475001
20580.850001
20625.250001
20669.750001
20714.250001
20759.000001
20803.925001
20848.575001
20893.450001
20938.525001
20983.650001
21028.975001
21074.200001
21119.475001
21164.825001
21210.350001
21256.150001
21301.875001
21347.475001
21393.125001
21438.925001
21484.900001
21530.700001
21576.675001
21623.075001
21669.325001
21715.550001
21762.175001
21808.500001
21855.225001
21902.025001
21948.750001
21995.750001
22042.675001
22089.975001
22137.100001
22184.550001
22231.825001
22279.425001
22326.900001
22374.700001
22422.575001
22470.475001
22518.700001
22567.000001
22615.175001
22663.550001
22712.250001
22760.850001
22809.525001
22858.300001
22907.400001
22956.700001
23005.925001
23055.325001
23104.825001
23154.450001
23204.075001
23253.875001
23303.825001
23353.875001
23404.025001
23454.200001
23504.575001
23555.175001
23605.875001
23656.750001
23707.675001
23758.650001
23809.700001
23860.925001
23912.375001
23963.750001
24015.300001
24067.225001
24119.175001
24171.150001
24223.425001
24275.725001
24328.425001
24381.050001
24434.000001
24486.975001
24540.200001
24593.300001
24646.750001
24700.375001
24754.075001
24807.950001
24862.125001
24916.375001
24970.650001
25025.100001
25079.925001
25134.900001
25190.025001
25245.375001
25300.925001
25356.700001
25412.525001
25468.625001
25524.875001
25581.350001
25638.125001
25695.300001
25752.575001
25810.050001
25868.000001
25926.075001
25984.625001
26043.250001
26102.300001
26161.675001
26221.175001
26280.950001
26341.075001
26401.425001
26462.000001
26522.900001
26584.050001
26645.500001
26707.125001
26769.000001
26831.175001
26893.625001
26956.500001
27019.500001
27082.825001
27146.575001
27210.600001
27274.925001
27339.625001
27404.700001
27470.100001
27535.900001
27602.100001
27668.775001
27735.825001
27803.225001
27871.100001
27939.475001
28008.350001
28077.700001
28147.600001
28218.125001
28289.175001
28360.900001
28433.275001
28506.425001
28580.325001
28654.975001
28730.525001
28807.000001
28884.450001
28963.050001
29042.925001
29124.100001
29206.575001
29290.225001
29375.150001
29461.450001
29549.275001
29638.775001
29730.225001
29823.850001
29920.175001
30019.850001
30123.325001
30227.575001
30332.625001
30438.300001
30544.450001
30650.950001
30757.800001
30864.925001
30972.350001
31080.050001
31188.025001
31296.325001
31405.025001
31514.275001
31624.450001
31736.525001
31851.075001
31966.525001
32081.850001
32196.925001
32311.825001
32426.650001
32541.400001
32656.100001
32770.775001
32885.400001
33000.025001
33114.650001
33229.275001
33343.900001
33458.525001
33573.175001
33687.825001
33802.500001
33917.175001
34031.875001
34146.600001
34261.325001
34376.100001
34490.900001
34605.725001
34720.575001
34835.425001
34950.350001
