1.000000
11.000000
3301.675000
3389.875000
3474.800000
3555.850000
3633.525000
3708.275000
3780.575000
3851.000000
3919.700000
3986.775000
4052.525000
4116.975000
4180.350000
4242.800000
4304.425000
4365.350000
4425.850000
4485.925000
4545.550000
4604.525000
4663.150000
4721.250000
4779.075000
4836.175000
4892.950000
4949.225000
5005.150000
5060.450000
5115.275000
5169.725000
5223.975000
5277.925000
5331.600000
5385.125000
5438.275000
5491.300000
5543.900000
5596.325000
5648.325000
5700.025000
5751.475000
5802.600000
5853.600000
5904.425000
5955.100000
6005.575000
6055.825000
6105.975000
6155.975000
6205.775000
6255.375000
6304.825000
6354.125000
6403.125000
6452.175000
6501.175000
6549.750000
6598.200000
6646.650000
6695.025000
6742.950000
6790.925000
6838.650000
6886.050000
6933.450000
6980.575000
7027.750000
7074.750000
7121.725000
7168.750000
7215.425000
7262.200000
7308.475000
7354.975000
7401.375000
7447.375000
7493.325000
7539.375000
7585.375000
7631.100000
7676.650000
7722.150000
7767.700000
7813.025000
7858.125000
7903.000000
7947.925000
7992.800000
8037.375000
8081.875000
8126.225000
8170.575000
8214.850000
8259.125000
8303.325000
8347.325000
8391.375000
8435.375000
8479.350000
8523.225000
8566.900000
8610.425000
8654.000000
8697.225000
8740.700000
8784.175000
8827.425000
8870.525000
8913.575000
8956.750000
8999.600000
9042.500000
9085.500000
9128.500000
9170.950000
9213.550000
9256.300000
9298.575000
9341.125000
9383.425000
9425.550000
9467.975000
9509.825000
9551.975000
9594.100000
9635.900000
9677.775000
9719.375000
9761.075000
9802.600000
9844.250000
9885.750000
9927.300000
9968.950000
10010.325000
10051.775000
10092.925000
10134.400000
10175.400000
10216.750000
10257.925000
10299.050000
10340.425000
10381.525000
10423.025000
10463.975000
10505.300000
10546.575000
10587.650000
10629.075000
10670.075000
10711.400000
10752.525000
10793.675000
10835.100000
10876.150000
10917.625000
10958.500000
10999.750000
11041.075000
11082.150000
11123.450000
11164.375000
11205.675000
11246.850000
11287.925000
11329.300000
11370.375000
11411.800000
11452.825000
11494.100000
11535.400000
11576.425000
11617.850000
11658.675000
11699.950000
11741.225000
11782.275000
11823.550000
11864.575000
11906.000000
11947.075000
11988.275000
12029.775000
12070.775000
12112.200000
12153.100000
12194.350000
12235.575000
12276.575000
12317.950000
12358.875000
12400.200000
12441.375000
12482.500000
12523.775000
12564.875000
12606.350000
12647.325000
12688.575000
12729.925000
12770.925000
12812.300000
12853.275000
12894.575000
12935.725000
12976.750000
13018.075000
13059.100000
13100.600000
13141.675000
13182.925000
13224.225000
13265.300000
13306.725000
13347.625000
13388.850000
13430.100000
13471.100000
13512.425000
13553.500000
13594.950000
13635.975000
13677.200000
13718.600000
13759.675000
13801.050000
13842.075000
13883.275000
13924.500000
13965.575000
14006.900000
14047.950000
14089.300000
14130.400000
14171.550000
14212.975000
14254.100000
14295.475000
14336.325000
14377.575000
14418.850000
14459.900000
14501.225000
14542.300000
14583.575000
14624.700000
14665.875000
14707.250000
14748.300000
14789.725000
14830.675000
14871.925000
14913.225000
14954.350000
14995.650000
15036.550000
15077.850000
15119.050000
15160.125000
15201.400000
15242.525000
15283.925000
15324.975000
15366.275000
15407.600000
15448.625000
15490.025000
15530.925000
15572.175000
15613.375000
15654.550000
15695.825000
15736.850000
15778.350000
15819.425000
15860.650000
15901.975000
15943.050000
15984.450000
16025.350000
16066.650000
16107.850000
16148.850000
16190.200000
16231.200000
16272.600000
16313.675000
16354.950000
16396.275000
16437.350000
16478.825000
16519.725000
16560.925000
16602.175000
16643.225000
16684.575000
16725.550000
16766.975000
16808.050000
16849.125000
16890.475000
16931.575000
16973.025000
17013.950000
17055.250000
17096.525000
17137.575000
17179.000000
17219.950000
17261.175000
17302.375000
17343.450000
17384.775000
17425.850000
17467.400000
17508.350000
17549.625000
17590.975000
17632.050000
17673.400000
17714.250000
17755.525000
17796.725000
17837.800000
17879.175000
17920.200000
17961.600000
18002.675000
18043.900000
18085.300000
18126.325000
18167.775000
18208.600000
18249.850001
18291.150001
18332.200001
18373.500001
18414.450001
18455.775001
18496.900001
18538.025001
18579.425001
18620.475001
18661.900001
18702.900001
18744.150001
18785.425001
18826.450001
18867.850001
18908.700001
18949.975001
18991.225001
19032.300001
19073.575001
19114.600001
19156.050001
19197.125001
19238.325001
19279.800001
19320.825001
19362.225001
19403.125001
19444.400001
19485.600001
19526.600001
19567.950001
19608.900001
19650.275001
19691.425001
19732.575001
19773.875001
19814.950001
19856.425001
19897.375001
19938.600001
19979.950001
20020.950001
20062.325001
20103.300001
20144.725001
20185.875001
20227.275001
20268.900001
20310.425001
20352.175001
20393.875001
20435.675001
20477.450001
20519.200001
20560.975001
20602.675001
20644.650001
20686.325001
20728.750001
20770.675001
20812.975001
20855.325001
20897.425001
20940.025001
20982.275001
21024.775001
21067.650001
21110.175001
21152.800001
21195.725001
21238.525001
21281.500001
21324.600001
21367.875001
21410.925001
21454.050001
21497.200001
21540.675001
21584.325001
21627.775001
21671.200001
21714.875001
21758.475001
21802.375001
21846.425001
21890.525001
21934.625001
21978.900001
22023.225001
22067.700001
22112.200001
22156.750001
22201.275001
22245.850001
22290.550001
22335.400001
22380.300001
22425.075001
22470.100001
22515.200001
22560.375001
22605.750001
22651.175001
22696.675001
22742.300001
22787.950001
22833.775001
22879.775001
22925.725001
22971.850001
23018.050001
23063.975001
23110.275001
23156.875001
23203.225001
23249.875001
23296.625001
23343.400001
23390.375001
23437.275001
23484.525001
23531.650001
23579.125001
23626.350001
23673.950001
23721.625001
23769.425001
23817.525001
23865.425001
23913.575001
23962.000001
24010.400001
24058.975001
24107.800001
24156.750001
24205.575001
24254.550001
24303.750001
24352.975001
24402.450001
24452.150001
24502.025001
24552.075001
24602.250001
24652.525001
24702.800001
24753.350001
24804.100001
24855.050001
24906.350001
24957.775001
25009.300001
25061.000001
25112.925001
25164.975001
25217.450001
25269.925001
25322.700001
25375.525001
25428.775001
25481.900001
25535.375001
25588.975001
25642.725001
25696.750001
25751.050001
25805.425001
25859.875001
25914.600001
25969.575001
26024.750001
26080.200001
26135.825001
26191.625001
26247.625001
26303.925001
26360.400001
26417.325001
26474.375001
26531.625001
26589.025001
26646.750001
26704.750001
26763.075001
26821.575001
26880.400001
26939.475001
26998.775001
27058.375001
27118.425001
27178.875001
27239.700001
27301.000001
27362.700001
27424.850001
27487.475001
27550.725001
27614.375001
27678.600001
27743.100001
27808.075001
27873.500001
27939.300001
28005.575001
28072.250001
28139.475001
28207.250001
28275.425001
28344.175001
28413.500001
28483.400001
28553.925001
28625.075001
28696.950001
28769.550001
28842.900001
28917.100001
28992.200001
29068.250001
29145.275001
29223.400001
29302.650001
29383.225001
29465.225001
29548.900001
29634.475001
29722.250001
29812.725001
29906.725001
30004.975001
30108.250001
30211.675001
30315.550001
30419.725001
30524.125001
30628.700001
30733.450001
30838.350001
30943.400001
31048.550001
31153.875001
31259.300001
31364.900001
31470.625001
31576.525001
31682.600001
31788.875001
31895.350001
32002.125001
32109.225001
32216.750001
32324.875001
32433.800001
32544.075001
32657.175001
32970.050001
33069.025001
33174.125001
33281.950001
33391.300001
33501.525001
33612.250001
33723.350001
33834.675001
33946.175001
34057.850001
34169.700001
34281.725001
34393.950001
34506.425001
34619.200001
34732.400001
34846.125001
34960.550001
