1.000000
33.000000
4401.225000
4472.225000
4538.400000
4600.825000
4660.150000
4717.900000
4773.975000
4829.100000
4883.025000
4936.100000
4988.475000
5040.325000
5091.400000
5141.750000
5191.575000
5241.025000
5290.025000
5338.225000
5386.000000
5433.275000
5480.175000
5526.375000
5572.275000
5617.900000
5662.975000
5707.775000
5752.250000
5796.425000
5840.325000
5883.800000
5927.000000
5970.125000
6013.225000
6056.075000
6098.500000
6141.075000
6183.325000
6225.250000
6267.575000
6309.350000
6351.275000
6392.800000
6434.525000
6475.800000
6517.500000
6558.475000
6599.725000
6640.875000
6681.775000
6722.750000
6763.575000
6804.175000
6844.900000
6885.575000
6926.025000
6966.550000
7006.950000
7047.075000
7087.175000
7127.375000
7167.750000
7207.775000
7247.625000
7287.450000
7327.325000
7367.425000
7407.250000
7446.900000
7486.250000
7525.825000
7565.275000
7604.725000
7644.250000
7683.525000
7723.025000
7762.425000
7801.525000
7840.750000
7880.025000
7919.125000
7958.075000
7997.000000
8035.825000
8074.700000
8113.525000
8152.350000
8191.225000
8230.025000
8268.800000
8307.550000
8346.125000
8384.700000
8423.250000
8461.600000
8499.950000
8538.075000
8576.250000
8614.150000
8652.425000
8690.600000
8728.925000
8766.825000
8804.600000
8842.550000
8880.400000
8918.275000
8956.150000
8993.975000
9031.650000
9069.250000
9106.975000
9144.450000
9181.775000
9219.225000
9256.850000
9294.150000
9331.350000
9368.950000
9406.550000
9443.500000
9480.575000
9517.975000
9555.025000
9591.975000
9629.250000
9666.225000
9702.925000
9740.150000
9776.575000
9813.550000
9850.475000
9887.150000
9923.950000
9960.675000
9997.175000
10034.025000
10070.550000
10107.200000
10143.525000
10180.275000
10216.875000
10253.075000
10290.025000
10326.225000
10362.900000
10399.375000
10435.925000
10472.550000
10508.750000
10545.700000
10581.900000
10618.575000
10655.250000
10691.625000
10728.375000
10764.850000
10801.525000
10837.775000
10874.500000
10911.050000
10947.275000
10984.150000
11020.575000
11057.225000
11093.500000
11130.250000
11166.850000
11203.025000
11239.950000
11276.200000
11312.850000
11349.200000
11385.875000
11422.425000
11458.550000
11495.525000
11531.775000
11568.375000
11604.950000
11641.550000
11678.125000
11714.375000
11751.275000
11787.475000
11824.125000
11860.775000
11897.150000
11933.750000
11970.200000
12007.025000
12043.200000
12080.025000
12116.675000
12152.850000
12189.700000
12226.125000
12262.775000
12299.000000
12335.750000
12372.275000
12408.425000
12445.375000
12481.725000
12518.325000
12554.825000
12591.500000
12628.000000
12664.150000
12701.100000
12737.350000
12773.900000
12810.350000
12847.000000
12883.475000
12919.725000
12956.675000
12992.900000
13029.625000
13066.250000
13102.675000
13139.225000
13175.575000
13212.450000
13248.600000
13285.350000
13322.000000
13358.250000
13395.025000
13431.525000
13468.200000
13504.550000
13541.300000
13577.800000
13613.950000
13650.900000
13687.250000
13723.825000
13760.150000
13796.875000
13833.350000
13869.575000
13906.500000
13942.850000
13979.550000
14016.075000
14052.625000
14089.150000
14125.425000
14162.350000
14198.500000
14235.200000
14271.775000
14308.200000
14344.900000
14381.300000
14418.125000
14454.400000
14491.175000
14527.725000
14563.900000
14600.800000
14637.225000
14673.800000
14710.100000
14746.825000
14783.325000
14819.550000
14856.475000
14892.850000
14929.550000
14966.050000
15002.625000
15039.125000
15075.400000
15112.325000
15148.500000
15185.175000
15221.725000
15258.200000
15294.875000
15331.225000
15368.075000
15404.350000
15441.150000
15477.700000
15513.875000
15550.775000
15587.200000
15623.775000
15660.075000
15696.800000
15733.325000
15769.550000
15806.475000
15842.850000
15879.550000
15916.050000
15952.625000
15989.125000
16025.375000
16062.300000
16098.475000
16135.175000
16171.700000
16208.175000
16244.850000
16281.200000
16318.075000
16354.325000
16391.125000
16427.700000
16463.875000
16500.750000
16537.200000
16573.775000
16610.075000
16646.800000
16683.325000
16719.550000
16756.450000
16792.850000
16829.550000
16866.050000
16902.625000
16939.125000
16975.375000
17012.300000
17048.475000
17085.175000
17121.700000
17158.175000
17194.850000
17231.175000
17268.075000
17304.325000
17341.125000
17377.700000
17413.875000
17450.750000
17487.200000
17523.775000
17560.050000
17596.800000
17633.325000
17669.550000
17706.450000
17742.850000
17779.550000
17816.050000
17852.625000
17889.125000
17925.375000
17962.300000
17998.475000
18035.150000
18071.675000
18108.175000
18144.850000
18181.175000
18218.050000
18254.325001
18291.100001
18327.700001
18363.875001
18400.750001
18437.175001
18473.775001
18510.050001
18546.800001
18583.325001
18619.550001
18656.450001
18692.850001
18729.550001
18766.025001
18802.625001
18839.125001
18875.375001
18912.300001
18948.475001
18985.150001
19021.675001
19058.175001
19094.850001
19131.175001
19168.050001
19204.300001
19241.100001
19277.700001
19313.875001
19350.750001
19387.175001
19423.775001
19460.050001
19496.800001
19533.325001
19569.550001
19606.450001
19642.825001
19679.550001
19716.025001
19752.625001
19789.125001
19825.375001
19862.300001
19898.475001
19935.150001
19971.675001
20008.175001
20044.850001
20081.175001
20118.075001
20154.400001
20191.250001
20227.900001
20264.200001
20301.275001
20337.650001
20374.625001
20411.475001
20448.275001
20485.375001
20522.425001
20559.275001
20596.525001
20633.700001
20670.675001
20707.925001
20745.425001
20782.450001
20819.600001
20857.075001
20894.375001
20931.625001
20969.125001
21006.800001
21044.225001
21081.625001
21119.225001
21156.975001
21194.550001
21232.025001
21269.575001
21307.600001
21345.675001
21383.425001
21421.050001
21458.925001
21497.050001
21535.225001
21573.525001
21611.675001
21649.950001
21688.025001
21726.275001
21764.400001
21802.775001
21841.350001
21879.975001
21918.650001
21957.400001
21996.025001
22034.775001
22073.525001
22112.375001
22151.225001
22190.150001
22229.150001
22268.075001
22307.100001
22346.125001
22385.325001
22424.600001
22463.725001
22502.800001
22542.025001
22581.400001
22620.750001
22660.125001
22699.750001
22739.350001
22779.200001
22818.900001
22858.450001
22898.250001
22938.100001
22978.225001
23018.275001
23058.175001
23098.225001
23138.450001
23178.950001
23219.125001
23259.375001
23299.825001
23340.325001
23380.575001
23420.975001
23461.825001
23502.550001
23543.125001
23584.175001
23624.950001
23665.925001
23707.125001
23748.100001
23789.450001
23830.550001
23871.925001
23913.350001
23954.875001
23996.550001
24038.175001
24080.075001
24121.825001
24163.625001
24205.525001
24247.275001
24289.400001
24331.500001
24373.775001
24416.025001
24458.300001
24500.950001
24543.275001
24585.875001
24628.775001
24671.425001
24714.175001
24757.275001
24800.300001
24843.250001
24886.300001
24929.825001
24973.400001
25016.900001
25060.450001
25104.175001
25147.925001
25191.850001
25235.875001
25280.100001
25324.450001
25368.950001
25413.500001
25458.100001
25502.725001
25547.450001
25592.450001
25637.500001
25682.775001
25728.300001
25773.850001
25819.425001
25865.150001
25911.075001
25957.225001
26003.400001
26049.900001
26096.525001
26143.200001
26190.225001
26237.200001
26284.575001
26331.900001
26379.650001
26427.500001
26475.450001
26523.775001
26572.200001
26620.750001
26669.575001
26718.775001
26768.200001
26817.825001
26867.700001
26917.800001
26968.075001
27018.600001
27069.325001
27120.275001
27171.575001
27223.300001
27275.050001
27327.175001
27379.800001
27432.625001
27485.875001
27539.475001
27593.425001
27647.875001
27702.825001
27758.275001
27814.300001
27870.950001
27928.450001
27986.600001
28045.700001
28105.525001
28166.375001
28228.425001
28291.725001
28356.525001
28422.825001
28490.925001
28560.800001
28632.900001
28707.800001
28785.875001
28867.975001
28955.250001
29051.100001
29298.000001
29661.775001
