10.000000
13.000000
3648.450000
3739.875000
3830.050000
3917.475000
4002.100000
4084.075000
4163.775000
4241.775000
4318.550000
4394.175000
4468.900000
4542.625000
4615.225000
4686.775000
4757.450000
4826.650000
4894.875000
4962.000000
5027.950000
5092.900000
5157.075000
5220.225000
5282.625000
5344.275000
5405.200000
5465.375000
5524.975000
5584.125000
5642.550000
5700.100000
5756.900000
5812.900000
5868.125000
5922.500000
5976.175000
6029.525000
6082.125000
6134.475000
6186.175000
6237.625000
6288.850000
6340.000000
6390.950000
6441.600000
6491.950000
6542.175000
6592.250000
6642.025000
6691.525000
6740.825000
6790.000000
6838.700000
6887.200000
6935.650000
6984.075000
7032.125000
7080.150000
7128.000000
7175.625000
7223.400000
7270.700000
7318.075000
7365.125000
7412.325000
7459.175000
7506.250000
7552.850000
7599.450000
7646.025000
7692.325000
7738.625000
7784.725000
7830.500000
7876.200000
7921.900000
7967.650000
8013.175000
8058.375000
8103.650000
8148.675000
8193.700000
8238.700000
8283.450000
8328.200000
8373.000000
8417.725000
8462.200000
8506.600000
8550.875000
8595.075000
8638.950000
8682.750000
8726.350000
8769.850000
8813.425000
8856.950000
8900.125000
8943.125000
8986.075000
9029.250000
9072.125000
9114.900000
9157.850000
9200.825000
9243.350000
9285.900000
9328.675000
9370.925000
9413.425000
9455.775000
9498.000000
9540.350000
9582.350000
9624.550000
9666.650000
9708.350000
9750.300000
9792.025000
9834.025000
9875.750000
9917.775000
9959.250000
10001.075000
10042.525000
10084.250000
10125.600000
10167.400000
10208.625000
10250.100000
10291.450000
10332.900000
10374.450000
10415.900000
10457.525000
10498.775000
10540.275000
10581.575000
10623.200000
10664.425000
10706.075000
10747.325000
10788.725000
10830.150000
10871.550000
10913.175000
10954.600000
10996.050000
11037.325000
11078.925000
11120.175000
11161.850000
11203.150000
11244.600000
11285.875000
11327.300000
11368.875000
11410.275000
11451.800000
11493.050000
11534.575000
11575.850000
11617.600000
11658.800000
11700.350000
11741.625000
11783.025000
11824.500000
11865.950000
11907.575000
11948.800000
11990.300000
12031.600000
12073.200000
12114.425000
12156.025000
12197.275000
12238.675000
12280.125000
12321.525000
12363.150000
12404.550000
12445.975000
12487.250000
12528.875000
12570.125000
12611.775000
12653.050000
12694.475000
12735.800000
12777.200000
12818.825000
12860.200000
12901.675000
12942.925000
12984.500000
13025.750000
13067.525000
13108.700000
13150.175000
13191.500000
13232.900000
13274.425000
13315.850000
13357.475000
13398.675000
13440.200000
13481.475000
13523.150000
13564.350000
13605.900000
13647.150000
13688.575000
13730.075000
13771.425000
13813.075000
13854.400000
13895.850000
13937.125000
13978.800000
14020.050000
14061.675000
14102.925000
14144.350000
14185.725000
14227.125000
14268.750000
14310.100000
14351.525000
14392.825000
14434.400000
14475.650000
14517.425000
14558.600000
14600.050000
14641.400000
14682.825000
14724.375000
14765.775000
14807.350000
14848.550000
14890.100000
14931.375000
14973.075000
15014.275000
15055.750000
15097.025000
15138.450000
15180.025000
15221.375000
15262.975000
15304.275000
15345.725000
15387.000000
15428.750000
15470.000000
15511.550000
15552.800000
15594.250000
15635.650000
15677.025000
15718.675000
15759.975000
15801.400000
15842.725000
15884.325000
15925.600000
15967.350000
16008.525000
16049.950000
16091.350000
16132.750000
16174.350000
16215.700000
16257.250000
16298.450000
16340.025000
16381.300000
16423.000000
16464.200000
16505.650000
16546.950000
16588.375000
16630.000000
16671.300000
16712.875000
16754.150000
16795.650000
16836.925000
16878.675000
16919.950000
16961.425000
17002.700000
17044.150000
17085.600000
17126.950000
17168.550000
17209.825000
17251.300000
17292.625000
17334.275000
17375.550000
17417.225000
17458.425000
17499.850000
17541.300000
17582.700000
17624.300000
17665.625000
17707.150000
17748.375000
17789.950000
17831.225000
17872.925000
17914.125000
17955.550000
17996.900000
18038.325000
18079.950000
18121.250000
18162.800000
18204.075000
18245.600001
18286.825001
18328.600001
18369.875001
18411.300001
18452.600001
18494.025001
18535.550001
18576.875001
18618.450001
18659.700001
18701.200001
18742.525001
18784.200001
18825.475001
18867.100001
18908.300001
18949.725001
18991.225001
19032.625001
19074.200001
19115.525001
19157.025001
19198.275001
19239.900001
19281.150001
19322.850001
19364.025001
19405.475001
19446.850001
19488.275001
19529.925001
19571.200001
19612.725001
19654.000001
19695.550001
19736.775001
19778.525001
19819.800001
19861.175001
19902.525001
19943.950001
19985.525001
20026.825001
20068.350001
20109.600001
20151.200001
20192.625001
20234.425001
20275.925001
20317.825001
20359.400001
20401.275001
20442.900001
20484.825001
20526.475001
20568.625001
20610.750001
20652.725001
20695.050001
20737.250001
20779.650001
20822.025001
20864.150001
20906.825001
20949.125001
20991.725001
21034.500001
21077.075001
21119.850001
21162.800001
21205.625001
21248.400001
21291.425001
21334.600001
21377.625001
21420.675001
21463.775001
21507.175001
21550.650001
21594.200001
21637.525001
21681.000001
21724.725001
21768.500001
21812.400001
21856.375001
21900.325001
21944.325001
21988.350001
22032.525001
22076.650001
22120.825001
22165.075001
22209.450001
22253.925001
22298.375001
22342.925001
22387.500001
22432.200001
22477.050001
22522.100001
22567.225001
22612.425001
22657.675001
22702.875001
22748.200001
22793.675001
22839.300001
22885.000001
22930.550001
22976.225001
23022.100001
23068.100001
23113.950001
23160.025001
23206.475001
23252.725001
23299.075001
23345.750001
23392.350001
23439.150001
23485.900001
23532.875001
23580.050001
23627.250001
23674.600001
23721.975001
23769.350001
23816.950001
23864.550001
23912.475001
23960.300001
24008.300001
24056.575001
24104.825001
24153.225001
24201.800001
24250.500001
24299.225001
24348.175001
24397.150001
24446.300001
24495.650001
24545.100001
24594.650001
24644.275001
24694.025001
24743.975001
24794.075001
24844.275001
24894.550001
24945.100001
24995.800001
25046.600001
25097.550001
25148.625001
25199.950001
25251.500001
25303.200001
25355.275001
25407.575001
25460.000001
25512.675001
25565.400001
25618.500001
25671.750001
25725.125001
25778.850001
25832.625001
25886.600001
25940.900001
25995.400001
26049.925001
26104.650001
26159.575001
26214.700001
26270.125001
26325.725001
26381.575001
26437.525001
26493.775001
26550.325001
26607.100001
26664.000001
26721.250001
26778.925001
26836.750001
26895.075001
26953.650001
27012.625001
27071.850001
27131.500001
27191.475001
27251.700001
27312.275001
27373.125001
27434.300001
27495.750001
27557.450001
27619.450001
27681.725001
27744.325001
27807.325001
27870.575001
27934.275001
27998.275001
28062.700001
28127.450001
28192.625001
28258.225001
28324.275001
28390.800001
28457.800001
28525.200001
28593.125001
28661.600001
28730.675001
28800.350001
28870.650001
28941.675001
29013.425001
29086.025001
29159.525001
29233.900001
29309.125001
29385.175001
29462.000001
29539.650001
29618.225001
29697.700001
29778.175001
29859.750001
29942.500001
30026.525001
30111.875001
30197.475001
30283.475001
30369.900001
30456.800001
30544.050001
30631.525001
30719.150001
30806.950001
30894.950001
30983.125001
31071.575001
31160.275001
31249.275001
31338.550001
31428.075001
31517.850001
31607.925001
31698.375001
31789.350001
31881.200001
31974.100001
32067.725001
32161.625001
32255.625001
32349.700001
32443.800001
32537.950001
32632.125001
32726.325001
32820.575001
32914.850001
33009.150001
33103.500001
33197.875001
33292.300001
33386.750001
33481.250001
33575.800001
33670.425001
33765.100001
33859.850001
33954.700001
34049.650001
34144.725001
34240.000001
34335.525001
34431.450001
34528.050001
34625.825001
34724.975001
34825.000001
34925.375001
