1.000000
34.000000
4687.475000
4758.275000
4824.450000
4886.225000
4945.350000
5002.325000
5057.800000
5112.100000
5165.100000
5217.675000
5269.275000
5320.200000
5370.600000
5420.400000
5469.600000
5518.425000
5566.625000
5614.000000
5661.075000
5707.750000
5753.825000
5799.375000
5844.650000
5889.500000
5934.150000
5978.475000
6022.375000
6065.925000
6109.375000
6152.575000
6195.725000
6238.550000
6281.150000
6323.875000
6366.325000
6408.375000
6450.750000
6492.750000
6534.750000
6576.275000
6618.050000
6659.425000
6701.075000
6742.250000
6783.575000
6824.700000
6865.600000
6906.800000
6947.400000
6988.250000
7029.250000
7069.625000
7110.150000
7150.975000
7191.425000
7231.700000
7272.050000
7312.400000
7352.500000
7392.600000
7432.750000
7473.100000
7513.150000
7552.900000
7592.750000
7632.425000
7672.250000
7712.100000
7751.650000
7791.300000
7830.575000
7869.875000
7909.275000
7948.500000
7987.600000
8026.625000
8065.775000
8105.050000
8144.225000
8183.175000
8222.100000
8260.950000
8299.775000
8338.575000
8377.300000
8416.125000
8454.875000
8493.375000
8531.875000
8570.325000
8608.575000
8647.025000
8685.525000
8723.925000
8762.375000
8800.650000
8838.850000
8876.650000
8914.700000
8952.725000
8990.900000
9029.125000
9067.000000
9104.800000
9142.675000
9180.400000
9218.175000
9255.800000
9293.150000
9330.550000
9368.225000
9405.675000
9442.925000
9480.325000
9517.925000
9555.200000
9592.425000
9630.025000
9667.625000
9704.600000
9741.675000
9779.075000
9815.900000
9852.825000
9890.125000
9926.600000
9963.600000
10000.675000
10037.375000
10074.300000
10111.100000
10147.550000
10184.650000
10220.950000
10257.900000
10294.725000
10331.300000
10368.300000
10405.075000
10441.700000
10478.875000
10515.225000
10552.150000
10588.925000
10625.375000
10662.425000
10698.750000
10735.675000
10772.475000
10808.950000
10845.975000
10882.600000
10919.350000
10956.400000
10992.950000
11029.950000
11066.800000
11103.250000
11140.300000
11176.650000
11213.550000
11250.350000
11286.925000
11323.875000
11360.600000
11397.225000
11434.300000
11470.750000
11507.700000
11544.525000
11580.875000
11617.975000
11654.400000
11691.325000
11728.075000
11764.625000
11801.575000
11838.275000
11874.950000
11912.025000
11948.500000
11985.450000
12022.275000
12058.575000
12095.675000
12132.050000
12169.000000
12205.750000
12242.375000
12279.425000
12316.150000
12352.750000
12389.850000
12426.300000
12463.250000
12500.050000
12536.375000
12573.475000
12609.825000
12646.750000
12683.475000
12720.025000
12757.075000
12793.575000
12830.375000
12867.475000
12904.075000
12941.025000
12977.825000
13014.125000
13051.225000
13087.575000
13124.525000
13161.250000
13197.775000
13234.800000
13271.200000
13308.050000
13344.950000
13381.625000
13418.475000
13455.325000
13491.775000
13528.925000
13565.275000
13602.175000
13638.950000
13675.425000
13712.475000
13748.775000
13785.700000
13822.500000
13859.025000
13896.000000
13932.700000
13969.400000
14006.500000
14042.975000
14079.975000
14116.825000
14153.300000
14190.350000
14226.725000
14263.575000
14300.425000
14337.050000
14373.925000
14410.700000
14447.250000
14484.350000
14520.750000
14557.700000
14594.525000
14630.900000
14667.975000
14704.425000
14741.350000
14778.075000
14814.625000
14851.600000
14888.300000
14924.975000
14962.025000
14998.500000
15035.450000
15072.275000
15108.600000
15145.675000
15182.050000
15219.000000
15255.750000
15292.375000
15329.425000
15366.150000
15402.775000
15439.850000
15476.300000
15513.250000
15550.050000
15586.375000
15623.475000
15659.825000
15696.750000
15733.475000
15770.025000
15807.075000
15843.575000
15880.375000
15917.475000
15954.075000
15991.025000
16027.825000
16064.125000
16101.225000
16137.575000
16174.525000
16211.250000
16247.775000
16284.800000
16321.200000
16358.050000
16394.950000
16431.625000
16468.475000
16505.325000
16541.775000
16578.925000
16615.275000
16652.175000
16688.950000
16725.425000
16762.475000
16798.775000
16835.700000
16872.500000
16909.025000
16946.000000
16982.700000
17019.400000
17056.500000
17092.975000
17129.975000
17166.825000
17203.300000
17240.350000
17276.725000
17313.575000
17350.425000
17387.050000
17423.925000
17460.700000
17497.250000
17534.350000
17570.750000
17607.700000
17644.525000
17680.900000
17717.975000
17754.425000
17791.350000
17828.075000
17864.625000
17901.600000
17938.300000
17974.975000
18012.050000
18048.500000
18085.450000
18122.275000
18158.600000
18195.675000
18232.050001
18269.000001
18305.750001
18342.375001
18379.425001
18416.150001
18452.775001
18489.850001
18526.300001
18563.250001
18600.050001
18636.375001
18673.475001
18709.825001
18746.750001
18783.475001
18820.025001
18857.075001
18893.575001
18930.375001
18967.475001
19004.075001
19041.025001
19077.825001
19114.125001
19151.225001
19187.575001
19224.525001
19261.250001
19297.775001
19334.800001
19371.200001
19408.050001
19444.950001
19481.625001
19518.475001
19555.325001
19591.775001
19628.925001
19665.275001
19702.175001
19738.950001
19775.425001
19812.475001
19848.775001
19885.700001
19922.500001
19959.025001
19996.000001
20032.700001
20069.400001
20106.500001
20143.025001
20180.075001
20217.125001
20253.950001
20291.075001
20328.175001
20365.050001
20402.250001
20439.550001
20476.450001
20513.625001
20551.100001
20588.150001
20625.325001
20662.850001
20700.175001
20737.375001
20774.775001
20812.425001
20849.850001
20887.225001
20924.800001
20962.550001
21000.150001
21037.600001
21075.150001
21113.200001
21151.300001
21189.050001
21226.725001
21264.675001
21302.725001
21341.025001
21379.350001
21417.725001
21455.850001
21494.125001
21532.225001
21570.525001
21608.675001
21647.125001
21685.700001
21724.375001
21763.200001
21802.000001
21840.925001
21879.925001
21918.875001
21957.875001
21996.850001
22035.800001
22074.775001
22113.700001
22152.675001
22191.700001
22230.650001
22269.775001
22309.025001
22348.425001
22387.650001
22427.075001
22466.800001
22506.550001
22546.150001
22585.825001
22625.375001
22665.125001
22705.050001
22745.250001
22785.350001
22825.225001
22865.225001
22905.425001
22945.725001
22985.850001
23026.100001
23066.575001
23107.050001
23147.325001
23187.775001
23228.750001
23269.325001
23309.925001
23351.025001
23391.750001
23432.750001
23473.925001
23514.950001
23556.375001
23597.450001
23638.800001
23680.225001
23721.675001
23763.400001
23805.125001
23846.875001
23888.650001
23930.400001
23972.325001
24014.050001
24056.400001
24098.425001
24140.800001
24183.150001
24225.375001
24268.025001
24310.525001
24353.150001
24395.975001
24438.750001
24481.600001
24524.650001
24567.900001
24611.000001
24654.175001
24697.375001
24741.025001
24784.725001
24828.525001
24872.300001
24916.200001
24960.125001
25004.175001
25048.300001
25092.625001
25137.025001
25181.600001
25226.175001
25270.825001
25315.675001
25360.750001
25406.000001
25451.375001
25496.825001
25542.425001
25588.200001
25634.300001
25680.325001
25726.375001
25772.850001
25819.350001
25866.050001
25913.075001
25960.050001
26007.400001
26054.850001
26102.550001
26150.400001
26198.375001
26246.700001
26295.350001
26344.075001
26392.925001
26442.025001
26491.475001
26541.175001
26591.175001
26641.375001
26691.675001
26742.275001
26793.125001
26844.300001
26895.775001
26947.350001
26999.300001
27051.700001
27104.200001
27157.175001
27210.325001
27263.875001
27317.900001
27372.150001
27426.725001
27481.800001
27537.325001
27593.350001
27650.000001
27707.325001
27765.200001
27824.000001
27883.625001
27944.275001
28006.125001
28069.350001
28134.125001
28200.850001
28269.825001
28341.575001
28416.475001
28495.325001
28578.950001
28669.975001
28893.325001
29228.525001
