200.000000
0.000000
2592.325000
2641.275000
2685.750000
2727.775000
2767.950000
2806.900000
2845.000000
2882.250000
2918.825000
2954.900000
2990.675000
3025.850000
3060.750000
3095.400000
3129.950000
3164.450000
3198.475000
3232.550000
3266.450000
3300.400000
3334.075000
3367.600000
3401.000000
3434.325000
3467.550000
3500.775000
3534.025000
3567.225000
3600.325000
3633.025000
3665.875000
3698.400000
3731.150000
3763.550000
3796.100000
3828.500000
3860.725000
3892.775000
3924.925000
3956.950000
3988.975000
4020.700000
4052.500000
4084.250000
4116.075000
4147.875000
4179.725000
4211.550000
4242.875000
4274.375000
4306.075000
4337.275000
4368.700000
4400.100000
4431.275000
4462.400000
4493.600000
4524.575000
4555.775000
4586.750000
4617.575000
4648.275000
4679.050000
4709.675000
4740.425000
4771.000000
4801.700000
4832.350000
4863.000000
4893.625000
4924.200000
4954.725000
4985.250000
5015.700000
5045.975000
5075.925000
5106.250000
5136.625000
5166.875000
5196.750000
5226.900000
5256.725000
5286.750000
5316.750000
5346.525000
5376.125000
5406.125000
5435.675000
5465.275000
5495.025000
5524.525000
5553.950000
5583.675000
5613.150000
5642.475000
5671.850000
5701.000000
5730.200000
5759.300000
5788.450000
5817.550000
5846.700000
5875.775000
5904.925000
5934.075000
5963.175000
5992.300000
6021.400000
6050.550000
6079.625000
6108.650000
6137.150000
6166.000000
6195.000000
6223.600000
6252.175000
6281.100000
6309.450000
6338.100000
6366.925000
6395.225000
6423.875000
6452.200000
6480.875000
6509.100000
6537.275000
6565.750000
6593.925000
6622.400000
6650.625000
6678.700000
6706.725000
6734.850000
6763.025000
6791.075000
6819.025000
6846.900000
6874.725000
6902.500000
6930.225000
6957.925000
6985.625000
7013.375000
7041.175000
7068.900000
7096.650000
7124.375000
7152.125000
7179.875000
7207.600000
7235.350000
7263.075000
7290.850000
7318.575000
7346.250000
7373.425000
7400.750000
7428.425000
7456.100000
7483.675000
7510.725000
7538.100000
7565.250000
7592.375000
7619.925000
7646.900000
7674.200000
7701.075000
7728.400000
7755.400000
7782.500000
7809.300000
7836.600000
7863.375000
7890.525000
7917.350000
7944.250000
7970.875000
7997.800000
8024.500000
8051.075000
8078.250000
8104.900000
8131.450000
8158.000000
8184.450000
8211.100000
8237.325000
8263.775000
8290.075000
8316.700000
8342.725000
8369.100000
8395.325000
8421.775000
8448.000000
8474.425000
8500.775000
8527.175000
8553.525000
8579.900000
8606.275000
8632.625000
8659.000000
8685.350000
8711.750000
8738.075000
8764.450000
8790.825000
8817.200000
8843.050000
8868.925000
8895.100000
8921.300000
8947.500000
8973.075000
8999.250000
9025.475000
9051.000000
9077.025000
9103.275000
9128.825000
9154.775000
9180.500000
9206.250000
9231.725000
9257.550000
9283.250000
9308.950000
9334.375000
9360.175000
9385.600000
9411.625000
9436.925000
9462.450000
9488.050000
9513.375000
9539.300000
9564.600000
9589.875000
9615.025000
9640.675000
9666.050000
9691.300000
9717.000000
9742.275000
9767.450000
9792.525000
9817.625000
9842.575000
9867.625000
9892.575000
9917.575000
9942.525000
9967.550000
9992.500000
10017.500000
10042.475000
10067.475000
10092.425000
10117.450000
10142.425000
10167.450000
10192.425000
10217.450000
10242.425000
10267.450000
10292.425000
10317.450000
10342.425000
10367.450000
10392.425000
10417.450000
10442.425000
10467.450000
10492.425000
10517.450000
10542.425000
10567.450000
10592.425000
10617.450000
10642.425000
10667.450000
10692.425000
10717.450000
10742.425000
10767.450000
10792.425000
10817.450000
10842.425000
10867.450000
10892.425000
10917.450000
10942.425000
10967.450000
10992.425000
11017.450000
11042.425000
11067.450000
11092.425000
11117.450000
11142.425000
11167.450000
11192.425000
11217.450000
11242.425000
11267.450000
11292.425000
11317.450000
11342.425000
11367.450000
11392.425000
11417.450000
11442.425000
11467.450000
11492.425000
11517.450000
11542.425000
11567.450000
11592.425000
11617.450000
11642.425000
11667.450000
11692.425000
11717.450000
11742.425000
11767.450000
11792.425000
11817.450000
11842.425000
11867.450000
11892.425000
11917.450000
11942.425000
11967.450000
11992.425000
12017.450000
12042.425000
12067.450000
12092.425000
12117.450000
12142.425000
12167.450000
12192.425000
12217.450000
12242.425000
12267.450000
12292.425000
12317.450000
12342.425000
12367.450000
12392.425000
12417.450000
12442.425000
12467.450000
12492.425000
12517.450000
12542.425000
12567.450000
12592.425000
12617.450000
12642.425000
12667.450000
12692.425000
12717.450000
12742.425000
12767.450000
12792.425000
12817.450000
12842.425000
12867.450000
12892.425000
12917.450000
12942.425000
12967.450000
12992.425000
13017.450000
13042.425000
13067.450000
13092.425000
13117.450000
13142.425000
13167.450000
13192.425000
13217.450000
13242.425000
13267.450000
13292.425000
13317.450000
13342.425000
13367.450000
13392.425000
13417.450000
13442.425000
13467.450000
13492.425000
13517.450000
13542.425000
13567.450000
13592.425000
13617.450000
13642.425000
13667.450000
13692.425000
13717.450000
13742.425000
13767.450000
13792.425000
13817.450000
13842.425000
13867.450000
13892.425000
13917.450000
13942.425000
13967.450000
13992.425000
14017.450000
14042.425000
14067.450000
14092.425000
14117.450000
14142.425000
14167.450000
14192.425000
14217.450000
14242.425000
14267.450000
14292.425000
14317.450000
14342.425000
14367.450000
14392.425000
14417.450000
14442.425000
14467.450000
14492.425000
14517.450000
14542.425000
14567.450000
14592.425000
14617.450000
14642.425000
14667.450000
14692.425000
14717.450000
14742.425000
14767.450000
14792.425000
14817.450000
14842.425000
14867.450000
14892.425000
14917.450000
14942.425000
14967.450000
14992.425000
15017.450000
15042.425000
15067.450000
15092.425000
15117.450000
15142.425000
15167.450000
15192.425000
15217.450000
15242.425000
15267.450000
15292.425000
15317.450000
15342.425000
15367.450000
15392.425000
15417.450000
15442.425000
15467.450000
15492.425000
15517.450000
15542.425000
15567.450000
15592.425000
15617.450000
15642.425000
15667.450000
15692.425000
15717.450000
15742.425000
15767.450000
15792.425000
15817.450000
15842.425000
15867.450000
15892.425000
15917.450000
15942.425000
15967.450000
15992.425000
16017.450000
16042.425000
16067.450000
16092.425000
16117.450000
16142.425000
16167.450000
16192.425000
16217.450000
16242.425000
16267.450000
16292.425000
16317.450000
16342.425000
16367.450000
16392.425000
16417.450000
16442.425000
16467.450000
16492.425000
16517.450000
16542.425000
16567.450000
16592.425000
16617.450000
16642.425000
16667.450000
16692.425000
16717.450000
16742.425000
16767.450000
16792.425000
16817.450000
16842.425000
16867.450000
16892.425000
16917.450000
16942.425000
16967.450000
16992.425000
17017.450000
17042.425000
17067.450000
17092.425000
17117.450000
17142.425000
17167.450000
17192.425000
17217.450000
17242.425000
17267.450000
17292.425000
17317.450000
17342.425000
17367.450000
17392.425000
17417.450000
17442.425000
17467.450000
17492.425000
17517.450000
17542.425000
17567.450000
17592.425000
17617.450000
17642.425000
17667.450000
17692.425000
17717.450000
17742.425000
17767.450000
17792.425000
17817.450000
17842.425000
17867.450000
17892.425000
17917.450000
17942.425000
17967.450000
17992.425000
18017.450000
18042.425000
18067.450000
18092.425000
18117.450000
18142.425000
18167.450000
18192.425000
18217.450000
18242.425001
18267.450001
18292.425001
18317.450001
18342.425001
18367.450001
18392.425001
18417.450001
18442.425001
18467.450001
18492.425001
18517.450001
18542.425001
18567.450001
18592.425001
18617.450001
18642.425001
18667.450001
18692.425001
18717.450001
18742.425001
18767.450001
18792.425001
18817.450001
18842.425001
18867.450001
18892.425001
18917.450001
18942.425001
18967.450001
18992.425001
19017.450001
19042.425001
19067.450001
19092.425001
19117.450001
19142.425001
19167.450001
19192.425001
19217.450001
19242.425001
19267.450001
19292.425001
19317.450001
19342.425001
19367.450001
19392.425001
19417.450001
19442.425001
19467.450001
19492.425001
19517.450001
19542.425001
19567.450001
19592.425001
19617.450001
19642.425001
19667.450001
19692.425001
19717.450001
19742.425001
19767.450001
19792.425001
19817.450001
19842.425001
19867.450001
19892.425001
19917.450001
19942.425001
19967.450001
19992.425001
20017.450001
20042.425001
20067.450001
20092.425001
20117.450001
20142.450001
20167.475001
20192.475001
20217.500001
20242.500001
20267.550001
20292.525001
20317.575001
20342.575001
20367.625001
20392.625001
20417.700001
20442.675001
20467.775001
20492.750001
20517.950001
20543.200001
20568.675001
20594.025001
20619.725001
20645.100001
20670.325001
20695.800001
20721.400001
20746.825001
20772.750001
20798.025001
20823.850001
20849.375001
20875.425001
20900.800001
20926.575001
20952.150001
20978.350001
21003.800001
21029.775001
21055.975001
21081.475001
21107.550001
21133.825001
21159.350001
21185.375001
21211.675001
21237.375001
21263.250001
21289.525001
21315.800001
21342.150001
21368.125001
21394.025001
21420.125001
21446.475001
21472.850001
21499.200001
21525.600001
21552.000001
21578.450001
21604.825001
21631.250001
21657.650001
21684.075001
21710.475001
21736.875001
21763.275001
21789.700001
21816.200001
21842.500001
21869.000001
21895.350001
21921.925001
21948.150001
21974.725001
22001.075001
22028.100001
22054.775001
22081.400001
22108.025001
22134.725001
22161.700001
22188.375001
22215.025001
22242.175001
22268.950001
22295.775001
22322.825001
22349.750001
22376.850001
22403.700001
22431.075001
22457.950001
22485.275001
22512.225001
22539.525001
22567.100001
22594.175001
22621.475001
22648.625001
22675.750001
22703.375001
22731.025001
22758.375001
22785.550001
22813.150001
22840.875001
22868.600001
22896.350001
22924.125001
22951.900001
22979.725001
23007.525001
23035.325001
23063.150001
23091.000001
23118.825001
23146.650001
23174.450001
23202.275001
23230.075001
23257.875001
23285.700001
23313.550001
23341.500001
23369.625001
23397.775001
23425.750001
23453.775001
23481.750001
23510.000001
23538.175001
23566.450001
23594.950001
23623.100001
23651.600001
23679.900001
23708.475001
23736.825001
23765.225001
23793.750001
23822.650001
23850.975001
23879.775001
23908.700001
23937.100001
23965.975001
23995.000001
24023.925001
24052.650001
24081.375001
24110.375001
24139.525001
24168.675001
24197.825001
24227.000001
24256.250001
24285.425001
24314.625001
24343.875001
24373.050001
24402.300001
24431.500001
24460.750001
24490.000001
24519.475001
24548.950001
24578.500001
24607.950001
24637.425001
24667.225001
24696.800001
24726.425001
24756.250001
24785.975001
24815.900001
24845.625001
24875.625001
24905.825001
24935.625001
24965.875001
24996.050001
25025.925001
25056.250001
25086.675001
25117.200001
25147.700001
25178.300001
25208.875001
25239.500001
25270.075001
25300.700001
25331.325001
25361.975001
25392.550001
25423.200001
25453.875001
25484.650001
25515.625001
25546.575001
25577.525001
25608.750001
25639.750001
25670.850001
25702.075001
25733.450001
25764.650001
25796.200001
25827.525001
25859.025001
25890.775001
25922.550001
25953.975001
25985.575001
26017.400001
26049.300001
26081.275001
26113.225001
26145.225001
26177.275001
26209.300001
26241.450001
26273.575001
26306.050001
26338.325001
26370.600001
26403.300001
26435.725001
26468.500001
26501.025001
26533.950001
26566.925001
26599.675001
26632.625001
26665.800001
26698.950001
26732.100001
26765.175001
26798.300001
26831.575001
26864.925001
26898.325001
26931.825001
26965.550001
26999.300001
27033.100001
27067.175001
27101.050001
27135.250001
27169.425001
27203.625001
27238.050001
27272.650001
27307.225001
27341.925001
27376.525001
27411.425001
27446.350001
27481.350001
27516.400001
27551.625001
27586.875001
27622.325001
27657.750001
27693.425001
27729.075001
27764.800001
27800.750001
27836.850001
27873.025001
27909.250001
27945.575001
27982.100001
28018.750001
28055.525001
28092.425001
28129.550001
28166.750001
28203.950001
28241.375001
28278.925001
28316.675001
28354.600001
28392.600001
28430.950001
28469.300001
28507.825001
28546.625001
28585.575001
28624.700001
28664.100001
28703.650001
28743.475001
28783.500001
28823.725001
28864.200001
28904.900001
28945.800001
28986.950001
29028.450001
29070.150001
29112.075001
29154.300001
29196.775001
29239.600001
29282.700001
29326.100001
29369.925001
29414.050001
29458.550001
29503.475001
29548.775001
29594.500001
29640.725001
29687.425001
29734.650001
29782.475001
29830.900001
29880.000001
29929.825001
29980.475001
30032.000001
30084.550001
30137.725001
30191.300001
30245.225001
30299.425001
30353.925001
30408.675001
30463.675001
30518.900001
30574.350001
30630.025001
30685.950001
30742.100001
30798.500001
30855.150001
30912.000001
30969.100001
31026.450001
31084.075001
31142.000001
31200.300001
31258.975001
31318.025001
31377.350001
31436.900001
31496.625001
31556.500001
31616.525001
31676.675001
31736.975001
31797.375001
31857.850001
31918.400001
31979.000001
32039.625001
32100.275001
32160.975001
32221.675001
32282.400001
32343.125001
32403.900001
32464.700001
32525.525001
32586.375001
32647.275001
32708.200001
32769.175001
32830.175001
32891.225001
32952.300001
33013.450001
33074.625001
33135.875001
33197.200001
33258.550001
33320.000001
33381.525001
33443.125001
33504.825001
33566.600001
33628.500001
33690.475001
33752.575001
33814.775001
33877.075001
33939.475001
34001.975001
34064.550001
34127.225001
34189.950001
34252.750001
34315.600001
34378.475001
34441.400001
34504.375001
34567.375001
34630.400001
34693.450001
34756.525001
34819.600001
34882.700001
34945.825001
