2.000000
4.000000
4837.450000
4889.475000
4937.225000
4982.075000
5024.625000
5065.300000
5104.625000
5142.575000
5179.725000
5215.925000
5251.150000
5285.725000
5320.025000
5353.625000
5386.825000
5419.625000
5451.975000
5484.025000
5515.700000
5546.875000
5577.900000
5608.675000
5639.275000
5669.450000
5699.425000
5729.350000
5759.050000
5788.500000
5817.800000
5847.050000
5876.050000
5905.100000
5934.150000
5963.175000
5992.225000
6020.950000
6049.575000
6078.400000
6106.950000
6135.450000
6163.975000
6192.375000
6220.550000
6248.950000
6277.200000
6305.375000
6333.750000
6361.875000
6389.900000
6417.850000
6445.775000
6473.775000
6501.850000
6529.850000
6557.750000
6585.600000
6613.400000
6641.225000
6668.975000
6696.725000
6724.475000
6752.225000
6779.950000
6807.675000
6835.425000
6863.150000
6890.925000
6918.675000
6946.375000
6974.100000
7001.700000
7029.075000
7056.450000
7084.025000
7111.675000
7139.275000
7166.600000
7193.875000
7221.350000
7248.475000
7275.750000
7303.275000
7330.400000
7357.625000
7384.950000
7412.000000
7439.425000
7466.500000
7493.675000
7520.550000
7547.800000
7574.750000
7601.925000
7628.825000
7656.075000
7682.900000
7709.825000
7736.800000
7763.600000
7790.650000
7817.475000
7844.325000
7871.175000
7897.950000
7924.675000
7951.325000
7978.325000
8005.000000
8031.575000
8058.175000
8084.800000
8111.650000
8138.275000
8164.800000
8191.350000
8217.750000
8244.250000
8270.525000
8296.975000
8323.275000
8349.700000
8375.950000
8402.350000
8428.725000
8455.075000
8481.425000
8507.775000
8534.175000
8560.525000
8586.875000
8613.225000
8639.625000
8666.025000
8692.350000
8718.750000
8745.100000
8771.450000
8797.825000
8824.175000
8850.550000
8876.750000
8903.050000
8928.925000
8954.950000
8981.200000
9007.425000
9033.725000
9059.450000
9085.450000
9111.700000
9137.575000
9163.375000
9189.525000
9215.400000
9241.175000
9267.275000
9292.900000
9318.800000
9344.925000
9370.450000
9396.450000
9422.400000
9448.000000
9473.900000
9499.525000
9525.500000
9550.950000
9576.800000
9602.350000
9628.325000
9653.750000
9679.600000
9705.100000
9730.925000
9756.400000
9781.775000
9807.475000
9832.875000
9858.475000
9884.025000
9909.300000
9934.725000
9960.250000
9985.600000
10010.975000
10036.575000
10061.900000
10087.100000
10112.325000
10137.550000
10163.025000
10188.325000
10213.575000
10239.025000
10264.500000
10289.750000
10314.925000
10340.175000
10365.550000
10391.000000
10416.300000
10441.600000
10467.175000
10492.425000
10517.650000
10542.775000
10568.000000
10593.375000
10618.800000
10644.100000
10669.375000
10694.950000
10720.200000
10745.425000
10770.525000
10795.750000
10821.050000
10846.500000
10871.800000
10897.050000
10922.650000
10947.950000
10973.175000
10998.275000
11023.500000
11048.725000
11074.225000
11099.525000
11124.775000
11150.375000
11175.700000
11200.900000
11226.050000
11251.250000
11276.425000
11301.950000
11327.250000
11352.525000
11378.150000
11403.525000
11428.750000
11453.925000
11479.275000
11504.700000
11530.000000
11555.300000
11580.625000
11606.150000
11631.400000
11656.625000
11681.750000
11707.175000
11732.575000
11757.825000
11783.125000
11808.550000
11834.000000
11859.225000
11884.425000
11909.550000
11935.025000
11960.400000
11985.650000
12010.975000
12036.475000
12061.850000
12087.050000
12112.250000
12137.400000
12162.925000
12188.250000
12213.475000
12238.850000
12264.375000
12289.675000
12314.875000
12340.100000
12365.325000
12390.850000
12416.175000
12441.450000
12467.075000
12492.375000
12517.600000
12542.725000
12567.950000
12593.200000
12618.700000
12644.000000
12669.250000
12694.850000
12720.150000
12745.375000
12770.500000
12795.700000
12820.925000
12846.425000
12871.725000
12896.975000
12922.575000
12947.900000
12973.125000
12998.250000
13023.450000
13048.625000
13074.150000
13099.475000
13124.725000
13150.300000
13175.650000
13200.875000
13226.025000
13251.225000
13276.375000
13301.900000
13327.225000
13352.475000
13378.100000
13403.475000
13428.725000
13453.900000
13479.225000
13504.675000
13529.975000
13555.250000
13580.550000
13606.100000
13631.375000
13656.600000
13681.725000
13707.100000
13732.525000
13757.800000
13783.100000
13808.450000
13833.950000
13859.175000
13884.400000
13909.525000
13934.950000
13960.350000
13985.600000
14010.900000
14036.350000
14061.775000
14087.000000
14112.225000
14137.350000
14162.825000
14188.200000
14213.425000
14238.750000
14264.275000
14289.625000
14314.825000
14340.050000
14365.225000
14390.775000
14416.125000
14441.400000
14467.000000
14492.350000
14517.575000
14542.725000
14567.925000
14593.125000
14618.650000
14643.950000
14669.200000
14694.800000
14720.125000
14745.350000
14770.500000
14795.675000
14820.875000
14846.375000
14871.700000
14896.950000
14922.525000
14947.875000
14973.100000
14998.250000
15023.450000
15048.600000
15074.125000
15099.450000
15124.700000
15150.250000
15175.650000
15200.875000
15226.000000
15251.200000
15276.350000
15301.875000
15327.200000
15352.475000
15378.075000
15403.475000
15428.725000
15453.875000
15479.200000
15504.625000
15529.950000
15555.250000
15580.500000
15606.100000
15631.375000
15656.575000
15681.725000
15707.075000
15732.500000
15757.800000
15783.075000
15808.400000
15833.925000
15859.175000
15884.400000
15909.525000
15934.925000
15960.325000
15985.600000
16010.900000
16036.275000
16061.750000
16086.975000
16112.200000
16137.325000
16162.775000
16188.150000
16213.400000
16238.725000
16264.200000
16289.600000
16314.800000
16340.025000
16365.175000
16390.725000
16416.100000
16441.375000
16466.950000
16492.325000
16517.550000
16542.700000
16567.900000
16593.075000
16618.600000
16643.925000
16669.175000
16694.750000
16720.125000
16745.350000
16770.475000
16795.675000
16820.825000
16846.350000
16871.675000
16896.925000
16922.500000
16947.875000
16973.100000
16998.250000
17023.425000
17048.575000
17074.100000
17099.450000
17124.700000
17150.225000
17175.625000
17200.850000
17226.000000
17251.200000
17276.325000
17301.850000
17327.200000
17352.450000
17378.025000
17403.450000
17428.700000
17453.875000
17479.175000
17504.600000
17529.950000
17555.225000
17580.475000
17606.075000
17631.350000
17656.575000
17681.700000
17707.075000
17732.500000
17757.775000
17783.075000
17808.375000
17833.900000
17859.150000
17884.375000
17909.500000
17934.900000
17960.300000
17985.575000
18010.875000
18036.225000
18061.725000
18086.975000
18112.175000
18137.300000
18162.725000
18188.125000
18213.400000
18238.700001
18264.125001
18289.575001
18314.775001
18340.000001
18365.150001
18390.700001
18416.075001
18441.350001
18466.900001
18492.300001
18517.525001
18542.675001
18567.875001
18593.025001
18618.575001
18643.900001
18669.150001
18694.725001
18720.100001
18745.325001
18770.475001
18795.650001
18820.800001
18846.325001
18871.675001
18896.925001
18922.450001
18947.850001
18973.075001
18998.225001
19023.425001
19048.550001
19074.075001
19099.425001
19124.675001
19150.200001
19175.600001
19200.850001
19226.000001
19251.175001
19276.300001
19301.825001
19327.175001
19352.450001
19378.000001
19403.425001
19428.700001
19453.850001
19479.150001
19504.575001
19529.925001
19555.200001
19580.450001
19606.050001
19631.350001
19656.575001
19681.700001
19707.050001
19732.475001
19757.775001
19783.050001
19808.350001
19833.900001
19859.150001
19884.375001
19909.500001
19934.875001
19960.300001
19985.575001
20010.850001
20036.200001
20061.725001
20086.950001
20112.175001
20137.325001
20162.875001
20188.250001
20213.550001
20239.250001
20264.650001
20289.975001
20315.400001
20340.975001
20366.450001
20392.175001
20417.550001
20442.925001
20468.675001
20494.175001
20519.975001
20545.375001
20571.075001
20596.675001
20622.650001
20648.100001
20674.050001
20699.675001
20725.575001
20751.075001
20777.000001
20802.800001
20828.575001
20854.500001
20880.150001
20906.200001
20931.925001
20957.725001
20983.925001
21009.625001
21035.500001
21061.725001
21087.600001
21113.400001
21139.575001
21165.775001
21192.025001
21217.825001
21243.875001
21270.100001
21296.375001
21322.750001
21348.900001
21375.075001
21400.975001
21427.200001
21453.500001
21479.825001
21506.250001
21532.575001
21559.000001
21585.375001
21611.825001
21638.200001
21664.625001
21691.050001
21717.450001
21743.875001
21770.250001
21796.700001
21823.075001
21849.525001
21875.875001
21902.350001
21928.775001
21955.225001
21981.600001
22008.050001
22034.500001
22061.075001
22087.550001
22114.400001
22141.075001
22167.650001
22194.375001
22221.000001
22247.850001
22274.550001
22301.175001
22328.275001
22355.000001
22381.700001
22408.800001
22435.575001
22462.450001
22489.500001
22516.400001
22543.425001
22570.275001
22597.500001
22624.450001
22651.550001
22678.600001
22705.925001
22732.900001
22760.175001
22787.150001
22814.500001
22841.725001
22868.875001
22896.300001
22923.400001
22950.725001
22978.300001
23005.675001
23032.875001
23060.325001
23087.825001
23115.050001
23142.450001
23170.050001
23197.725001
23225.425001
23253.075001
23280.525001
23307.925001
23335.500001
23363.200001
23390.975001
23418.750001
23446.525001
23474.325001
23502.125001
23529.925001
23557.725001
23585.525001
23613.350001
23641.200001
23669.025001
23696.850001
23724.700001
23752.550001
23780.400001
23808.375001
23836.525001
23864.600001
23892.575001
23920.525001
23948.500001
23976.700001
24004.875001
24033.025001
24061.400001
24089.650001
24117.800001
24146.250001
24174.525001
24203.050001
24231.375001
24259.700001
24288.150001
24316.700001
24345.175001
24373.700001
24402.200001
24431.000001
24459.425001
24488.125001
24517.000001
24545.500001
24574.300001
24603.275001
24631.950001
24660.650001
24689.600001
24718.600001
24747.675001
24776.575001
24805.450001
24834.325001
24863.325001
24892.425001
24921.550001
24950.725001
24979.925001
25009.125001
25038.325001
25067.550001
25096.800001
25125.975001
25155.250001
25184.550001
25213.925001
25243.375001
25272.900001
25302.375001
25331.800001
25361.525001
25391.125001
25420.650001
25450.475001
25480.100001
25509.850001
25539.650001
25569.500001
25599.350001
25629.275001
25659.150001
25689.300001
25719.200001
25749.275001
25779.475001
25809.450001
25839.650001
25869.975001
25900.350001
25930.575001
25960.775001
25991.125001
26021.575001
26052.075001
26082.625001
26113.200001
26143.800001
26174.450001
26205.075001
26235.725001
26266.450001
26297.225001
26328.200001
26359.100001
26389.975001
26420.925001
26452.000001
26483.050001
26514.300001
26545.425001
26576.725001
26607.950001
26639.450001
26670.775001
26702.250001
26733.925001
26765.550001
26797.200001
26828.850001
26860.600001
26892.475001
26924.450001
26956.450001
26988.475001
27020.525001
27052.750001
27085.075001
27117.450001
27149.850001
27182.375001
27214.900001
27247.625001
27280.275001
27313.100001
27346.000001
27378.875001
27411.900001
27445.075001
27478.375001
27511.700001
27545.100001
27578.600001
27612.100001
27645.675001
27679.425001
27713.250001
27747.200001
27781.275001
27815.425001
27849.650001
27884.075001
27918.650001
27953.400001
27988.175001
28023.100001
28058.125001
28093.350001
28128.700001
28164.300001
28199.950001
28235.725001
28271.700001
28307.850001
28344.150001
28380.600001
28417.275001
28454.050001
28491.025001
28528.225001
28565.525001
28603.050001
28640.750001
28678.625001
28716.700001
28754.975001
28793.500001
28832.300001
28871.325001
28910.600001
28950.225001
28990.100001
29030.300001
29070.800001
29111.700001
29152.925001
29194.525001
29236.525001
29278.925001
29321.800001
29365.175001
29409.200001
29453.875001
29499.375001
29545.800001
29593.300001
29642.075001
29692.250001
29744.025001
29797.675001
29853.650001
29912.600001
29975.750001
30046.500001
30183.775001
30244.975001
30312.075001
30388.500001
30522.825001
30584.050001
30651.150001
30727.275001
30862.050001
30923.300001
30990.600001
31068.175001
31205.500001
31266.825001
31334.700001
31468.550001
31530.150001
31598.775001
31740.825001
31802.500001
31872.625001
32037.000001
32099.450001
32267.700001
32330.075001
32495.525001
32557.625001
32633.350001
32816.375001
32878.425001
32953.200001
33132.875001
33194.875001
33268.625001
33444.575001
33506.475001
33579.325001
33751.650001
33813.500001
33885.650001
34055.150001
34116.950001
34188.700001
34356.400001
34418.175001
34489.700001
34656.475001
34718.225001
34789.625001
34955.925001
