10.000000
24.000000
3875.975000
3959.750000
4039.800000
4114.750000
4185.775000
4253.800000
4319.775000
4384.250000
4447.150000
4508.525000
4568.875000
4628.000000
4686.100000
4743.425000
4800.125000
4856.275000
4911.925000
4967.000000
5021.475000
5075.650000
5129.625000
5183.050000
5236.025000
5288.700000
5341.125000
5393.000000
5444.450000
5495.475000
5545.850000
5595.700000
5645.100000
5694.025000
5742.500000
5790.675000
5838.300000
5885.650000
5932.525000
5979.225000
6025.200000
6070.975000
6116.650000
6162.150000
6207.400000
6252.400000
6297.150000
6341.700000
6386.050000
6430.350000
6474.525000
6518.625000
6562.525000
6606.225000
6649.750000
6692.925000
6735.975000
6779.125000
6821.900000
6864.525000
6907.275000
6949.675000
6991.850000
7034.175000
7076.125000
7118.075000
7159.650000
7201.325000
7242.700000
7284.200000
7325.225000
7366.350000
7407.250000
7447.900000
7488.600000
7529.150000
7569.300000
7609.425000
7649.475000
7689.625000
7729.600000
7769.275000
7808.700000
7848.300000
7887.625000
7926.950000
7966.450000
8005.625000
8044.850000
8084.150000
8123.375000
8162.400000
8201.350000
8240.275000
8279.175000
8317.975000
8356.800000
8395.550000
8434.300000
8473.050000
8511.675000
8550.225000
8588.650000
8626.900000
8665.250000
8703.525000
8741.750000
8780.100000
8818.325000
8856.650000
8894.625000
8932.600000
8970.600000
9008.350000
9046.350000
9084.475000
9122.175000
9159.725000
9197.275000
9235.075000
9272.850000
9310.475000
9348.100000
9385.725000
9423.400000
9460.750000
9498.100000
9535.625000
9573.200000
9610.400000
9647.550000
9684.900000
9722.025000
9758.950000
9796.225000
9833.275000
9870.175000
9907.375000
9944.350000
9980.950000
10018.050000
10054.775000
10091.600000
10128.650000
10165.225000
10202.125000
10238.925000
10275.525000
10312.525000
10349.000000
10385.850000
10422.700000
10459.425000
10496.225000
10533.050000
10569.575000
10606.625000
10643.075000
10680.025000
10716.850000
10753.500000
10790.425000
10827.050000
10863.775000
10900.775000
10937.400000
10974.250000
11011.050000
11047.550000
11084.575000
11120.950000
11157.875000
11194.650000
11231.275000
11268.200000
11304.975000
11341.675000
11378.725000
11415.250000
11452.100000
11488.875000
11525.425000
11562.425000
11598.825000
11635.700000
11672.500000
11709.125000
11746.025000
11782.750000
11819.450000
11856.450000
11893.000000
11929.950000
11966.775000
12003.350000
12040.325000
12076.825000
12113.650000
12150.500000
12187.200000
12223.975000
12260.800000
12297.300000
12334.350000
12370.800000
12407.725000
12444.525000
12481.050000
12518.050000
12554.650000
12591.500000
12628.375000
12665.075000
12701.850000
12738.675000
12775.150000
12812.200000
12848.600000
12885.525000
12922.325000
12958.825000
12995.800000
13032.350000
13069.175000
13105.950000
13142.700000
13179.600000
13216.450000
13252.900000
13289.925000
13326.375000
13363.300000
13400.075000
13436.550000
13473.550000
13510.050000
13546.900000
13583.625000
13620.325000
13657.225000
13693.975000
13730.575000
13767.650000
13804.200000
13841.125000
13877.875000
13914.375000
13951.350000
13987.875000
14024.700000
14061.425000
14098.150000
14135.025000
14171.775000
14208.325000
14245.400000
14281.925000
14318.825000
14355.600000
14392.250000
14429.250000
14465.850000
14502.625000
14539.475000
14576.175000
14613.025000
14649.850000
14686.250000
14723.300000
14759.775000
14796.650000
14833.425000
14870.025000
14907.000000
14943.550000
14980.375000
15017.350000
15054.050000
15090.900000
15127.725000
15164.125000
15201.150000
15237.600000
15274.500000
15311.225000
15347.850000
15384.800000
15421.350000
15458.150000
15495.100000
15531.775000
15568.600000
15605.450000
15641.975000
15679.025000
15715.425000
15752.300000
15789.050000
15825.675000
15862.625000
15899.225000
15935.975000
15972.950000
16009.600000
16046.425000
16083.250000
16119.750000
16156.775000
16193.175000
16230.100000
16266.925000
16303.625000
16340.525000
16377.200000
16413.850000
16450.875000
16487.450000
16524.300000
16561.100000
16597.625000
16634.625000
16671.025000
16707.925000
16744.725000
16781.375000
16818.275000
16855.050000
16891.700000
16928.775000
16965.250000
17002.125000
17038.900000
17075.450000
17112.450000
17148.850000
17185.725000
17222.525000
17259.175000
17296.050000
17332.800000
17369.450000
17406.475000
17443.025000
17479.950000
17516.775000
17553.375000
17590.350000
17626.850000
17663.650000
17700.525000
17737.250000
17774.025000
17810.825000
17847.325000
17884.375000
17920.825000
17957.750000
17994.550000
18031.075000
18068.075000
18104.675000
18141.525000
18178.425000
18215.100000
18251.900001
18288.700001
18325.175001
18362.225001
18398.625001
18435.550001
18472.325001
18508.850001
18545.825001
18582.375001
18619.225001
18656.025001
18692.750001
18729.650001
18766.500001
18802.950001
18839.975001
18876.400001
18913.325001
18950.100001
18986.600001
19023.575001
19060.100001
19096.950001
19133.675001
19170.400001
19207.300001
19244.075001
19280.600001
19317.675001
19354.200001
19391.125001
19427.900001
19464.400001
19501.375001
19537.900001
19574.725001
19611.475001
19648.175001
19685.050001
19721.825001
19758.350001
19795.425001
19831.950001
19868.825001
19905.625001
19942.250001
19979.250001
20015.850001
20052.650001
20089.525001
20126.225001
20163.175001
20200.075001
20236.750001
20273.825001
20310.775001
20347.550001
20384.750001
20421.725001
20458.625001
20495.875001
20533.000001
20570.100001
20607.600001
20645.100001
20682.300001
20719.525001
20757.025001
20794.375001
20831.700001
20869.200001
20906.850001
20944.325001
20981.775001
21019.325001
21057.075001
21094.800001
21132.475001
21170.350001
21208.175001
21246.075001
21284.200001
21322.150001
21359.950001
21398.000001
21436.050001
21474.300001
21512.625001
21551.000001
21589.200001
21627.525001
21665.800001
21704.200001
21742.650001
21781.025001
21819.525001
21858.100001
21896.800001
21935.575001
21974.425001
22013.350001
22052.275001
22091.300001
22130.225001
22169.200001
22208.125001
22247.100001
22286.050001
22325.075001
22364.100001
22403.350001
22442.750001
22481.975001
22521.275001
22560.850001
22600.375001
22640.075001
22679.750001
22719.350001
22759.000001
22798.700001
22838.600001
22878.675001
22918.675001
22958.525001
22998.500001
23038.625001
23078.950001
23119.100001
23159.350001
23199.725001
23240.200001
23280.475001
23320.850001
23361.450001
23402.175001
23442.875001
23483.625001
23524.525001
23565.325001
23606.500001
23647.350001
23688.525001
23729.825001
23770.975001
23812.425001
23853.750001
23895.400001
23936.875001
23978.775001
24020.400001
24062.325001
24104.050001
24145.975001
24187.850001
24230.050001
24272.225001
24314.325001
24356.825001
24399.050001
24441.575001
24484.300001
24526.825001
24569.525001
24612.450001
24655.350001
24698.275001
24741.425001
24784.675001
24827.900001
24871.150001
24914.625001
24958.225001
25001.975001
25045.850001
25089.825001
25133.900001
25178.075001
25222.275001
25266.625001
25311.025001
25355.575001
25400.275001
25445.225001
25490.275001
25535.425001
25580.650001
25626.025001
25671.625001
25717.575001
25763.500001
25809.575001
25855.875001
25902.400001
25949.075001
25996.100001
26043.175001
26090.700001
26138.425001
26186.350001
26234.700001
26283.200001
26331.950001
26381.000001
26430.375001
26480.050001
26529.975001
26580.125001
26630.400001
26680.825001
26731.550001
26782.500001
26833.675001
26885.100001
26936.600001
26988.400001
27040.400001
27092.500001
27144.850001
27197.275001
27249.900001
27302.650001
27355.625001
27408.700001
27462.125001
27515.575001
27569.275001
27623.200001
27677.275001
27731.550001
27786.000001
27840.700001
27895.625001
27950.750001
28006.100001
28061.700001
28117.550001
28173.600001
28229.925001
28286.450001
28343.250001
28400.450001
28457.975001
28515.850001
28574.150001
28632.800001
28691.825001
28751.225001
28810.950001
28871.075001
28931.625001
28992.650001
29054.150001
29116.225001
29178.925001
29242.325001
29306.525001
29371.525001
29437.400001
29504.175001
29571.875001
29640.550001
29710.250001
29781.050001
29852.925001
29925.975001
30000.350001
30076.300001
30153.650001
30232.350001
30312.375001
30393.450001
30475.400001
30557.875001
30640.625001
30723.525001
30806.500001
30889.550001
30972.625001
31055.775001
31138.925001
31222.125001
31305.375001
31388.625001
31471.925001
31555.225001
31638.575001
31721.925001
31805.300001
31888.700001
31972.150001
32055.600001
32139.075001
32222.550001
32306.075001
32389.600001
32473.150001
32556.725001
32640.350001
32723.975001
32807.600001
32891.275001
32974.975001
33058.725001
33142.475001
33226.275001
33310.100001
33393.950001
33477.850001
33561.775001
33645.750001
33729.750001
33813.825001
33897.950001
33982.125001
34066.400001
34150.725001
34235.150001
34319.650001
34404.300001
34489.075001
34574.000001
34659.075001
34744.350001
34829.850001
34915.600001
