10.000000
29.000000
3988.175000
4067.700000
4142.575000
4212.750000
4279.125000
4342.400000
4403.550000
4463.125000
4521.175000
4578.500000
4635.100000
4691.100000
4746.625000
4801.625000
4856.250000
4910.350000
4964.000000
5017.500000
5070.300000
5122.750000
5174.575000
5225.625000
5276.050000
5325.800000
5374.925000
5423.525000
5471.375000
5519.050000
5566.150000
5612.850000
5658.850000
5704.625000
5749.950000
5794.950000
5839.700000
5884.175000
5928.300000
5972.075000
6015.375000
6058.475000
6101.550000
6144.350000
6186.800000
6229.400000
6271.450000
6313.525000
6355.325000
6396.850000
6438.150000
6479.475000
6520.275000
6561.050000
6601.550000
6641.750000
6681.825000
6721.875000
6761.925000
6801.700000
6841.400000
6880.700000
6920.150000
6959.525000
6998.625000
7037.700000
7076.650000
7115.650000
7154.675000
7193.600000
7232.525000
7271.275000
7309.950000
7348.525000
7387.100000
7425.625000
7464.025000
7502.525000
7541.050000
7579.550000
7617.950000
7656.225000
7694.450000
7732.425000
7770.525000
7808.350000
7846.450000
7884.600000
7922.350000
7959.975000
7997.625000
8035.550000
8073.425000
8110.950000
8148.400000
8185.875000
8223.500000
8260.875000
8298.175000
8335.675000
8373.225000
8410.400000
8447.550000
8484.875000
8522.000000
8558.875000
8596.100000
8633.125000
8669.900000
8707.025000
8743.850000
8780.600000
8817.725000
8854.250000
8891.175000
8927.875000
8964.225000
9001.150000
9037.450000
9074.050000
9110.650000
9147.075000
9183.475000
9219.625000
9256.225000
9292.575000
9329.125000
9365.125000
9401.400000
9437.375000
9473.600000
9509.525000
9545.750000
9581.600000
9617.875000
9653.675000
9689.950000
9725.600000
9761.825000
9797.450000
9833.300000
9869.100000
9904.825000
9940.750000
9976.275000
10012.175000
10047.400000
10083.100000
10118.725000
10154.225000
10190.050000
10225.200000
10260.875000
10296.475000
10331.950000
10367.800000
10402.950000
10438.625000
10474.200000
10509.675000
10545.500000
10580.650000
10616.400000
10651.950000
10687.425000
10723.250000
10758.400000
10794.100000
10829.800000
10865.225000
10901.050000
10936.175000
10971.875000
11007.550000
11042.975000
11078.875000
11113.950000
11149.650000
11185.300000
11220.725000
11256.600000
11291.825000
11327.475000
11363.125000
11398.550000
11434.375000
11469.575000
11505.275000
11540.925000
11576.325000
11612.175000
11647.350000
11683.025000
11718.650000
11754.150000
11789.950000
11825.125000
11860.800000
11896.400000
11931.875000
11967.750000
12002.900000
12038.575000
12074.150000
12109.650000
12145.475000
12180.650000
12216.400000
12251.925000
12287.400000
12323.225000
12358.400000
12394.075000
12429.800000
12465.225000
12501.050000
12536.175000
12571.875000
12607.550000
12642.975000
12678.875000
12713.950000
12749.650000
12785.300000
12820.725000
12856.575000
12891.825000
12927.475000
12963.125000
12998.550000
13034.375000
13069.575000
13105.275000
13140.925000
13176.325000
13212.175000
13247.350000
13283.025000
13318.650000
13354.150000
13389.950000
13425.125000
13460.800000
13496.400000
13531.875000
13567.750000
13602.900000
13638.575000
13674.150000
13709.650000
13745.475000
13780.650000
13816.400000
13851.925000
13887.400000
13923.225000
13958.400000
13994.075000
14029.800000
14065.225000
14101.050000
14136.175000
14171.875000
14207.550000
14242.975000
14278.875000
14313.950000
14349.650000
14385.300000
14420.725000
14456.575000
14491.825000
14527.475000
14563.125000
14598.550000
14634.375000
14669.575000
14705.275000
14740.925000
14776.325000
14812.175000
14847.350000
14883.025000
14918.650000
14954.150000
14989.950000
15025.125000
15060.800000
15096.400000
15131.875000
15167.750000
15202.900000
15238.575000
15274.150000
15309.650000
15345.475000
15380.650000
15416.400000
15451.925000
15487.400000
15523.225000
15558.400000
15594.075000
15629.800000
15665.225000
15701.050000
15736.175000
15771.875000
15807.550000
15842.975000
15878.875000
15913.950000
15949.650000
15985.300000
16020.725000
16056.575000
16091.825000
16127.475000
16163.125000
16198.550000
16234.375000
16269.575000
16305.275000
16340.925000
16376.325000
16412.175000
16447.350000
16483.025000
16518.650000
16554.150000
16589.950000
16625.125000
16660.800000
16696.400000
16731.875000
16767.750000
16802.900000
16838.575000
16874.150000
16909.650000
16945.475000
16980.650000
17016.400000
17051.925000
17087.400000
17123.225000
17158.400000
17194.075000
17229.800000
17265.225000
17301.050000
17336.175000
17371.875000
17407.550000
17442.975000
17478.875000
17513.950000
17549.650000
17585.300000
17620.725000
17656.575000
17691.825000
17727.475000
17763.125000
17798.550000
17834.375000
17869.575000
17905.275000
17940.925000
17976.325000
18012.175000
18047.350000
18083.025000
18118.650000
18154.150000
18189.950000
18225.125000
18260.800001
18296.400001
18331.875001
18367.750001
18402.900001
18438.575001
18474.150001
18509.650001
18545.475001
18580.650001
18616.400001
18651.925001
18687.400001
18723.225001
18758.400001
18794.075001
18829.800001
18865.225001
18901.050001
18936.175001
18971.875001
19007.550001
19042.975001
19078.875001
19113.950001
19149.650001
19185.300001
19220.725001
19256.575001
19291.825001
19327.475001
19363.125001
19398.550001
19434.375001
19469.575001
19505.275001
19540.925001
19576.325001
19612.175001
19647.350001
19683.025001
19718.650001
19754.150001
19789.950001
19825.125001
19860.800001
19896.400001
19931.875001
19967.750001
20002.900001
20038.575001
20074.150001
20109.650001
20145.525001
20180.725001
20216.575001
20252.275001
20287.875001
20323.725001
20359.375001
20395.500001
20431.000001
20467.250001
20502.950001
20538.925001
20574.800001
20610.850001
20646.900001
20683.000001
20719.150001
20755.325001
20791.475001
20827.675001
20863.725001
20900.050001
20936.075001
20972.550001
21008.650001
21045.475001
21081.750001
21118.275001
21154.800001
21191.500001
21228.125001
21264.650001
21301.525001
21338.150001
21374.925001
21411.950001
21448.600001
21485.600001
21522.625001
21559.500001
21596.600001
21633.725001
21670.700001
21707.900001
21745.325001
21782.375001
21819.525001
21856.950001
21894.225001
21931.475001
21969.050001
22006.700001
22044.100001
22081.575001
22119.175001
22156.900001
22194.475001
22231.975001
22269.550001
22307.475001
22345.525001
22383.300001
22420.975001
22458.800001
22496.950001
22535.050001
22573.300001
22611.325001
22649.550001
22687.650001
22725.925001
22764.100001
22802.550001
22841.100001
22879.750001
22918.350001
22957.000001
22995.700001
23034.475001
23073.300001
23112.200001
23151.100001
23190.075001
23229.100001
23268.075001
23307.100001
23346.175001
23385.450001
23424.725001
23463.850001
23503.050001
23542.475001
23581.900001
23621.325001
23660.975001
23700.725001
23740.500001
23780.250001
23819.975001
23859.825001
23899.800001
23939.925001
23980.050001
24020.175001
24060.475001
24101.000001
24141.350001
24181.675001
24222.150001
24262.675001
24303.125001
24343.850001
24384.725001
24425.350001
24466.350001
24507.350001
24548.300001
24589.475001
24630.575001
24671.850001
24713.250001
24754.650001
24796.175001
24837.600001
24879.325001
24920.825001
24962.675001
25004.400001
25046.425001
25088.500001
25130.525001
25172.825001
25215.075001
25257.525001
25300.025001
25342.550001
25385.325001
25428.175001
25470.900001
25513.800001
25556.950001
25600.050001
25643.200001
25686.500001
25730.125001
25773.775001
25817.650001
25861.475001
25905.450001
25949.525001
25993.750001
26038.150001
26082.700001
26127.350001
26172.125001
26217.025001
26262.150001
26307.325001
26352.625001
26398.075001
26443.750001
26489.750001
26535.775001
26581.900001
26628.375001
26674.950001
26721.800001
26768.975001
26816.375001
26863.875001
26911.875001
26960.050001
27008.550001
27057.525001
27106.900001
27156.675001
27206.850001
27257.475001
27308.500001
27360.000001
27412.125001
27464.600001
27517.750001
27571.050001
27624.900001
27679.250001
27733.950001
27789.050001
27844.575001
27900.550001
27957.000001
28013.750001
28070.875001
28128.525001
28186.450001
28244.750001
28303.350001
28362.400001
28421.675001
28481.375001
28541.425001
28601.825001
28662.600001
28723.750001
28785.300001
28847.250001
28909.600001
28972.425001
29035.750001
29099.575001
29163.900001
29228.850001
29294.350001
29360.500001
29427.350001
29494.975001
29563.450001
29632.875001
29703.375001
29775.225001
29848.700001
29924.350001
30002.775001
30084.750001
30169.700001
30257.325001
30347.775001
30441.575001
30539.225001
30641.800001
30822.950001
30916.400001
31020.000001
31200.550001
31293.375001
31394.975001
31574.750001
31667.175001
31767.950001
31926.925001
32021.375001
32124.075001
32304.175001
32396.400001
32496.850001
32655.475001
32749.825001
32852.175001
33013.600001
33107.775001
33210.125001
33375.400001
33469.075001
33570.975001
33732.175001
33826.425001
33928.875001
34110.850001
34202.875001
34303.075001
34416.325001
34522.575001
34701.875001
34794.350001
34895.125001
