10.000000
20.000000
3538.600000
3625.025000
3707.925000
3786.075000
3860.125000
3931.200000
3999.600000
4065.700000
4130.175000
4192.975000
4254.725000
4315.550000
4375.675000
4435.225000
4493.875000
4551.900000
4609.075000
4665.650000
4721.725000
4777.350000
4832.500000
4887.250000
4941.550000
4995.550000
5048.825000
5101.925000
5154.450000
5206.725000
5258.300000
5309.650000
5360.750000
5411.600000
5462.200000
5512.300000
5561.950000
5611.050000
5659.550000
5707.800000
5755.600000
5802.850000
5849.900000
5896.725000
5943.150000
5989.550000
6035.675000
6081.475000
6127.050000
6172.475000
6217.750000
6262.650000
6307.450000
6352.150000
6396.700000
6441.150000
6485.450000
6529.675000
6573.625000
6617.625000
6661.275000
6704.925000
6748.425000
6791.750000
6835.175000
6878.650000
6921.800000
6964.850000
7007.925000
7050.975000
7093.700000
7136.275000
7179.075000
7221.400000
7263.775000
7306.250000
7348.400000
7390.600000
7432.600000
7474.675000
7516.575000
7558.175000
7599.875000
7641.450000
7682.950000
7724.475000
7765.825000
7807.225000
7848.300000
7889.500000
7930.450000
7971.225000
8012.275000
8052.750000
8093.250000
8133.900000
8174.500000
8214.850000
8255.225000
8295.550000
8335.625000
8375.600000
8415.475000
8455.375000
8495.300000
8535.025000
8574.625000
8613.950000
8653.400000
8692.850000
8732.000000
8771.100000
8810.300000
8849.550000
8888.675000
8927.650000
8966.600000
9005.425000
9044.250000
9083.000000
9121.750000
9160.475000
9199.075000
9237.575000
9276.050000
9314.375000
9352.775000
9391.275000
9429.750000
9468.125000
9506.525000
9544.675000
9582.825000
9620.800000
9658.625000
9696.800000
9734.825000
9772.850000
9810.800000
9848.475000
9886.050000
9923.850000
9961.600000
9999.250000
10036.950000
10074.675000
10112.375000
10149.825000
10187.250000
10224.750000
10262.425000
10299.850000
10337.250000
10374.750000
10412.400000
10449.825000
10487.225000
10524.725000
10562.375000
10599.800000
10637.200000
10674.725000
10712.375000
10749.800000
10787.175000
10824.725000
10862.375000
10899.800000
10937.175000
10974.700000
11012.375000
11049.775000
11087.175000
11124.700000
11162.350000
11199.775000
11237.175000
11274.700000
11312.350000
11349.775000
11387.175000
11424.700000
11462.350000
11499.775000
11537.175000
11574.700000
11612.350000
11649.775000
11687.175000
11724.700000
11762.350000
11799.775000
11837.175000
11874.700000
11912.350000
11949.775000
11987.175000
12024.700000
12062.350000
12099.775000
12137.175000
12174.700000
12212.350000
12249.775000
12287.175000
12324.700000
12362.350000
12399.775000
12437.175000
12474.700000
12512.350000
12549.775000
12587.175000
12624.700000
12662.350000
12699.775000
12737.175000
12774.700000
12812.350000
12849.775000
12887.175000
12924.700000
12962.350000
12999.775000
13037.175000
13074.700000
13112.350000
13149.775000
13187.175000
13224.700000
13262.350000
13299.775000
13337.175000
13374.700000
13412.350000
13449.775000
13487.175000
13524.700000
13562.350000
13599.775000
13637.175000
13674.700000
13712.350000
13749.775000
13787.175000
13824.700000
13862.350000
13899.775000
13937.175000
13974.700000
14012.350000
14049.775000
14087.175000
14124.700000
14162.350000
14199.775000
14237.175000
14274.700000
14312.350000
14349.775000
14387.175000
14424.700000
14462.350000
14499.775000
14537.175000
14574.700000
14612.350000
14649.775000
14687.175000
14724.700000
14762.350000
14799.775000
14837.175000
14874.700000
14912.350000
14949.775000
14987.175000
15024.700000
15062.350000
15099.775000
15137.175000
15174.700000
15212.350000
15249.775000
15287.175000
15324.700000
15362.350000
15399.775000
15437.175000
15474.700000
15512.350000
15549.775000
15587.175000
15624.700000
15662.350000
15699.775000
15737.175000
15774.700000
15812.350000
15849.775000
15887.175000
15924.700000
15962.350000
15999.775000
16037.175000
16074.700000
16112.350000
16149.775000
16187.175000
16224.700000
16262.350000
16299.775000
16337.175000
16374.700000
16412.350000
16449.775000
16487.175000
16524.700000
16562.350000
16599.775000
16637.175000
16674.700000
16712.350000
16749.775000
16787.175000
16824.700000
16862.350000
16899.775000
16937.175000
16974.700000
17012.350000
17049.775000
17087.175000
17124.700000
17162.350000
17199.775000
17237.175000
17274.700000
17312.350000
17349.775000
17387.175000
17424.700000
17462.350000
17499.775000
17537.175000
17574.700000
17612.350000
17649.775000
17687.175000
17724.700000
17762.350000
17799.775000
17837.175000
17874.700000
17912.350000
17949.775000
17987.175000
18024.700000
18062.350000
18099.775000
18137.175000
18174.700000
18212.350000
18249.775001
18287.175001
18324.700001
18362.350001
18399.775001
18437.175001
18474.700001
18512.350001
18549.775001
18587.175001
18624.700001
18662.350001
18699.775001
18737.175001
18774.700001
18812.350001
18849.775001
18887.175001
18924.700001
18962.350001
18999.775001
19037.175001
19074.700001
19112.350001
19149.775001
19187.175001
19224.700001
19262.350001
19299.775001
19337.175001
19374.700001
19412.350001
19449.775001
19487.175001
19524.700001
19562.350001
19599.775001
19637.175001
19674.700001
19712.350001
19749.775001
19787.175001
19824.700001
19862.350001
19899.775001
19937.175001
19974.700001
20012.350001
20049.775001
20087.175001
20124.725001
20162.425001
20199.925001
20237.375001
20274.925001
20312.725001
20350.575001
20388.475001
20426.200001
20463.875001
20501.925001
20540.100001
20578.025001
20616.100001
20654.175001
20692.225001
20730.425001
20768.775001
20807.175001
20845.600001
20884.000001
20922.475001
20960.900001
20999.300001
21037.825001
21076.300001
21114.900001
21153.625001
21192.425001
21231.225001
21270.125001
21309.025001
21348.050001
21387.075001
21426.075001
21465.075001
21504.125001
21543.100001
21582.200001
21621.450001
21660.900001
21700.250001
21739.850001
21779.400001
21818.975001
21858.375001
21898.050001
21937.675001
21977.475001
22017.525001
22057.475001
22097.275001
22137.225001
22177.275001
22217.675001
22257.850001
22298.075001
22338.450001
22379.000001
22419.250001
22459.600001
22500.100001
22540.700001
22581.325001
22622.125001
22662.900001
22703.775001
22744.725001
22785.700001
22826.575001
22867.875001
22908.825001
22950.175001
22991.475001
23032.875001
23074.450001
23116.075001
23157.850001
23199.600001
23241.425001
23283.225001
23325.000001
23367.125001
23409.200001
23451.475001
23493.675001
23536.000001
23578.650001
23621.025001
23663.625001
23706.525001
23749.250001
23792.250001
23835.400001
23878.750001
23921.925001
23965.100001
24008.350001
24051.900001
24095.650001
24139.300001
24183.100001
24226.925001
24270.875001
24314.975001
24359.200001
24403.625001
24448.150001
24492.775001
24537.400001
24582.175001
24627.175001
24672.375001
24717.750001
24763.175001
24808.650001
24854.275001
24900.050001
24945.975001
24991.950001
25038.125001
25084.625001
25130.925001
25177.525001
25224.275001
25271.050001
25318.075001
25365.075001
25412.375001
25459.600001
25507.125001
25554.675001
25602.475001
25650.350001
25698.275001
25746.475001
25794.775001
25843.050001
25891.525001
25940.175001
25988.850001
26037.600001
26086.525001
26135.725001
26185.050001
26234.500001
26284.075001
26333.750001
26383.525001
26433.400001
26483.400001
26533.525001
26583.875001
26634.450001
26685.050001
26735.775001
26786.600001
26837.600001
26888.775001
26940.150001
26991.575001
27043.150001
27095.025001
27147.025001
27199.125001
27251.500001
27303.975001
27356.725001
27409.550001
27462.675001
27515.950001
27569.500001
27623.325001
27677.350001
27731.650001
27786.175001
27841.075001
27896.275001
27951.725001
28007.500001
28063.525001
28119.825001
28176.400001
28233.325001
28290.600001
28348.175001
28406.175001
28464.475001
28523.175001
28582.125001
28641.475001
28701.175001
28761.225001
28821.675001
28882.575001
28943.925001
29005.750001
29068.125001
29131.075001
29194.775001
29259.250001
29324.600001
29390.750001
29457.675001
29525.300001
29593.625001
29662.700001
29732.575001
29803.300001
29874.975001
29947.750001
30021.750001
30097.175001
30173.500001
30250.850001
30329.200001
30408.475001
30488.625001
30569.550001
30651.100001
30733.100001
30815.450001
30898.050001
30980.875001
31063.900001
31147.150001
31230.675001
31314.550001
31398.900001
31483.825001
31569.325001
31655.125001
31741.125001
31827.275001
31913.500001
31999.875001
32086.375001
32173.000001
32259.825001
32346.825001
32434.125001
32521.800001
32610.025001
32699.175001
32790.000001
32883.950001
32981.675001
33082.100001
33184.275001
33287.650001
33391.900001
33496.750001
33602.100001
33707.775001
33813.775001
33920.000001
34026.475001
34133.200001
34240.175001
34347.425001
34455.050001
34563.175001
34672.150001
34783.050001
