200.000000
6.000000
3096.525000
3145.275000
3189.775000
3231.400000
3270.650000
3308.825000
3345.375000
3381.225000
3416.075000
3450.425000
3484.025000
3517.200000
3549.550000
3581.450000
3613.200000
3644.800000
3675.750000
3706.500000
3736.975000
3767.400000
3797.775000
3827.750000
3857.575000
3887.100000
3916.800000
3946.275000
3975.675000
4004.925000
4034.100000
4063.200000
4092.325000
4121.325000
4150.425000
4178.975000
4207.650000
4236.500000
4264.825000
4293.425000
4321.775000
4350.450000
4378.675000
4406.800000
4435.175000
4463.275000
4491.350000
4519.300000
4547.250000
4575.375000
4603.425000
4631.300000
4659.125000
4686.900000
4714.650000
4742.400000
4770.125000
4797.875000
4825.600000
4853.375000
4881.100000
4908.750000
4935.900000
4963.225000
4990.825000
5017.850000
5045.150000
5072.675000
5099.675000
5126.850000
5153.725000
5181.050000
5207.850000
5234.825000
5261.800000
5288.525000
5315.075000
5342.150000
5368.850000
5395.400000
5422.075000
5448.300000
5474.800000
5501.050000
5527.525000
5553.750000
5580.100000
5606.450000
5632.800000
5659.125000
5685.475000
5711.875000
5738.200000
5764.575000
5790.975000
5817.325000
5843.625000
5870.000000
5896.050000
5921.925000
5947.900000
5974.125000
6000.375000
6025.900000
6052.025000
6078.275000
6103.775000
6129.750000
6155.450000
6181.225000
6206.650000
6232.450000
6257.875000
6283.875000
6309.200000
6334.575000
6360.150000
6385.525000
6410.925000
6436.500000
6461.850000
6487.000000
6512.150000
6537.125000
6562.175000
6587.100000
6612.100000
6637.050000
6662.050000
6687.000000
6712.000000
6736.950000
6761.950000
6786.900000
6811.900000
6836.875000
6861.875000
6886.850000
6911.850000
6936.800000
6961.800000
6986.775000
7011.775000
7036.750000
7061.725000
7086.700000
7111.700000
7136.600000
7161.550000
7185.850000
7210.425000
7235.250000
7259.425000
7284.050000
7308.850000
7333.125000
7357.575000
7381.675000
7406.225000
7430.400000
7454.800000
7478.875000
7503.400000
7527.575000
7551.925000
7575.850000
7600.525000
7624.500000
7648.250000
7672.775000
7696.700000
7720.400000
7744.950000
7768.875000
7792.575000
7817.075000
7841.025000
7864.750000
7888.575000
7912.125000
7935.725000
7959.275000
7982.975000
8006.500000
8030.100000
8053.675000
8077.375000
8100.825000
8124.500000
8148.000000
8171.700000
8195.225000
8218.875000
8242.400000
8266.100000
8289.650000
8313.225000
8336.825000
8360.425000
8384.025000
8407.600000
8431.225000
8454.800000
8478.450000
8502.000000
8525.575000
8548.475000
8571.700000
8595.100000
8618.600000
8642.200000
8664.950000
8688.225000
8711.725000
8734.550000
8757.650000
8781.125000
8803.800000
8827.050000
8850.525000
8873.150000
8896.450000
8919.275000
8942.300000
8964.875000
8988.025000
9010.800000
9033.950000
9056.500000
9079.625000
9102.275000
9125.475000
9148.000000
9170.400000
9192.775000
9215.250000
9238.075000
9260.650000
9283.575000
9306.250000
9328.675000
9350.950000
9373.225000
9395.450000
9417.675000
9439.925000
9462.125000
9484.325000
9506.525000
9528.750000
9550.900000
9573.100000
9595.300000
9617.525000
9639.775000
9661.975000
9684.200000
9706.400000
9728.625000
9750.775000
9773.000000
9795.225000
9817.425000
9839.675000
9861.875000
9884.100000
9906.325000
9928.550000
9950.700000
9972.925000
9995.125000
10017.350000
10039.600000
10061.800000
10084.025000
10106.250000
10128.475000
10150.650000
10172.875000
10195.100000
10217.325000
10239.550000
10261.800000
10284.000000
10306.225000
10328.475000
10350.650000
10372.875000
10395.100000
10417.325000
10439.550000
10461.775000
10484.000000
10506.225000
10528.475000
10550.650000
10572.875000
10595.100000
10617.325000
10639.550000
10661.775000
10684.000000
10706.225000
10728.475000
10750.650000
10772.875000
10795.100000
10817.325000
10839.550000
10861.775000
10884.000000
10906.225000
10928.475000
10950.650000
10972.875000
10995.100000
11017.325000
11039.550000
11061.775000
11084.000000
11106.225000
11128.475000
11150.650000
11172.875000
11195.100000
11217.325000
11239.550000
11261.775000
11284.000000
11306.225000
11328.475000
11350.650000
11372.875000
11395.100000
11417.325000
11439.550000
11461.775000
11484.000000
11506.225000
11528.475000
11550.650000
11572.875000
11595.100000
11617.325000
11639.550000
11661.775000
11684.000000
11706.225000
11728.475000
11750.650000
11772.875000
11795.100000
11817.325000
11839.550000
11861.775000
11884.000000
11906.225000
11928.475000
11950.650000
11972.875000
11995.100000
12017.325000
12039.550000
12061.775000
12084.000000
12106.225000
12128.475000
12150.650000
12172.875000
12195.100000
12217.325000
12239.550000
12261.775000
12284.000000
12306.225000
12328.475000
12350.650000
12372.875000
12395.100000
12417.325000
12439.550000
12461.775000
12484.000000
12506.225000
12528.475000
12550.650000
12572.875000
12595.100000
12617.325000
12639.550000
12661.775000
12684.000000
12706.225000
12728.475000
12750.650000
12772.875000
12795.100000
12817.325000
12839.550000
12861.775000
12884.000000
12906.225000
12928.475000
12950.650000
12972.875000
12995.100000
13017.325000
13039.550000
13061.775000
13084.000000
13106.225000
13128.475000
13150.650000
13172.875000
13195.100000
13217.325000
13239.550000
13261.775000
13284.000000
13306.225000
13328.475000
13350.650000
13372.875000
13395.100000
13417.325000
13439.550000
13461.775000
13484.000000
13506.225000
13528.475000
13550.650000
13572.875000
13595.100000
13617.325000
13639.550000
13661.775000
13684.000000
13706.225000
13728.475000
13750.650000
13772.875000
13795.100000
13817.325000
13839.550000
13861.775000
13884.000000
13906.225000
13928.475000
13950.650000
13972.875000
13995.100000
14017.325000
14039.550000
14061.775000
14084.000000
14106.225000
14128.475000
14150.650000
14172.875000
14195.100000
14217.325000
14239.550000
14261.775000
14284.000000
14306.225000
14328.475000
14350.650000
14372.875000
14395.100000
14417.325000
14439.550000
14461.775000
14484.000000
14506.225000
14528.475000
14550.650000
14572.875000
14595.100000
14617.325000
14639.550000
14661.775000
14684.000000
14706.225000
14728.475000
14750.650000
14772.875000
14795.100000
14817.325000
14839.550000
14861.775000
14884.000000
14906.225000
14928.475000
14950.650000
14972.875000
14995.100000
15017.325000
15039.550000
15061.775000
15084.000000
15106.225000
15128.475000
15150.650000
15172.875000
15195.100000
15217.325000
15239.550000
15261.775000
15284.000000
15306.225000
15328.475000
15350.650000
15372.875000
15395.100000
15417.325000
15439.550000
15461.775000
15484.000000
15506.225000
15528.475000
15550.650000
15572.875000
15595.100000
15617.325000
15639.550000
15661.775000
15684.000000
15706.225000
15728.475000
15750.650000
15772.875000
15795.100000
15817.325000
15839.550000
15861.775000
15884.000000
15906.225000
15928.475000
15950.650000
15972.875000
15995.100000
16017.325000
16039.550000
16061.775000
16084.000000
16106.225000
16128.475000
16150.650000
16172.875000
16195.100000
16217.325000
16239.550000
16261.775000
16284.000000
16306.225000
16328.475000
16350.650000
16372.875000
16395.100000
16417.325000
16439.550000
16461.775000
16484.000000
16506.225000
16528.475000
16550.650000
16572.875000
16595.100000
16617.325000
16639.550000
16661.775000
16684.000000
16706.225000
16728.475000
16750.650000
16772.875000
16795.100000
16817.325000
16839.550000
16861.775000
16884.000000
16906.225000
16928.475000
16950.650000
16972.875000
16995.100000
17017.325000
17039.550000
17061.775000
17084.000000
17106.225000
17128.475000
17150.650000
17172.875000
17195.100000
17217.325000
17239.550000
17261.775000
17284.000000
17306.225000
17328.475000
17350.650000
17372.875000
17395.100000
17417.325000
17439.550000
17461.775000
17484.000000
17506.225000
17528.475000
17550.650000
17572.875000
17595.100000
17617.325000
17639.550000
17661.775000
17684.000000
17706.225000
17728.475000
17750.650000
17772.875000
17795.100000
17817.325000
17839.550000
17861.775000
17884.000000
17906.225000
17928.475000
17950.650000
17972.875000
17995.100000
18017.325000
18039.550000
18061.775000
18084.000000
18106.225000
18128.475000
18150.650000
18172.875000
18195.100000
18217.325000
18239.550001
18261.775001
18284.000001
18306.225001
18328.475001
18350.650001
18372.875001
18395.100001
18417.325001
18439.550001
18461.775001
18484.000001
18506.225001
18528.475001
18550.650001
18572.875001
18595.100001
18617.325001
18639.550001
18661.775001
18684.000001
18706.225001
18728.475001
18750.650001
18772.875001
18795.100001
18817.325001
18839.550001
18861.775001
18884.000001
18906.225001
18928.475001
18950.650001
18972.875001
18995.100001
19017.325001
19039.550001
19061.775001
19084.000001
19106.225001
19128.475001
19150.650001
19172.875001
19195.100001
19217.325001
19239.550001
19261.775001
19284.000001
19306.225001
19328.475001
19350.650001
19372.875001
19395.100001
19417.325001
19439.550001
19461.775001
19484.000001
19506.225001
19528.475001
19550.650001
19572.875001
19595.100001
19617.325001
19639.550001
19661.775001
19684.000001
19706.225001
19728.475001
19750.650001
19772.875001
19795.100001
19817.325001
19839.550001
19861.775001
19884.000001
19906.225001
19928.475001
19950.650001
19972.875001
19995.100001
20017.325001
20039.550001
20061.775001
20084.000001
20106.225001
20128.475001
20150.675001
20172.900001
20195.125001
20217.350001
20239.600001
20261.850001
20284.075001
20306.300001
20328.550001
20350.725001
20372.975001
20395.200001
20417.425001
20439.700001
20461.925001
20484.150001
20506.400001
20528.650001
20550.825001
20573.050001
20595.300001
20617.525001
20639.800001
20662.050001
20684.275001
20706.525001
20728.775001
20750.950001
20773.175001
20795.425001
20817.675001
20840.000001
20862.300001
20884.700001
20907.500001
20930.025001
20952.725001
20975.575001
20998.025001
21020.425001
21042.825001
21065.875001
21088.525001
21111.700001
21134.250001
21157.375001
21180.025001
21203.375001
21225.875001
21248.850001
21271.725001
21295.025001
21317.650001
21340.950001
21364.175001
21386.925001
21410.275001
21433.825001
21456.575001
21479.850001
21503.375001
21526.075001
21549.375001
21572.850001
21596.275001
21619.875001
21642.650001
21666.100001
21689.575001
21713.125001
21736.750001
21760.325001
21784.000001
21807.575001
21831.225001
21854.850001
21878.500001
21902.125001
21925.700001
21949.375001
21972.950001
21996.625001
22020.175001
22043.925001
22067.450001
22091.150001
22114.725001
22138.400001
22162.000001
22185.625001
22209.225001
22232.975001
22256.525001
22280.175001
22303.775001
22328.100001
22352.050001
22375.825001
22399.950001
22423.550001
22447.800001
22471.750001
22495.475001
22519.950001
22543.975001
22567.775001
22592.250001
22616.350001
22640.775001
22664.750001
22689.475001
22713.500001
22738.000001
22762.100001
22786.725001
22811.325001
22835.500001
22860.175001
22884.400001
22909.000001
22933.900001
22958.400001
22982.775001
23007.575001
23032.375001
23056.775001
23081.325001
23106.250001
23131.200001
23156.200001
23181.200001
23206.225001
23231.225001
23256.250001
23281.250001
23306.275001
23331.275001
23356.325001
23381.325001
23406.350001
23431.350001
23456.400001
23481.400001
23506.450001
23531.450001
23556.500001
23581.500001
23606.575001
23631.575001
23656.675001
23681.675001
23706.900001
23732.350001
23757.725001
23783.125001
23808.825001
23834.200001
23859.475001
23885.275001
23910.725001
23936.650001
23962.075001
23987.950001
24013.475001
24039.525001
24065.000001
24090.975001
24117.225001
24142.725001
24168.775001
24195.025001
24220.700001
24246.675001
24272.900001
24299.175001
24325.550001
24351.925001
24378.400001
24404.775001
24431.225001
24457.600001
24484.075001
24510.475001
24536.875001
24563.300001
24589.750001
24616.250001
24642.550001
24669.075001
24695.425001
24722.100001
24748.375001
24775.325001
24802.100001
24828.775001
24855.925001
24882.725001
24909.400001
24936.625001
24963.425001
24990.750001
25017.600001
25045.025001
25072.200001
25099.350001
25126.475001
25153.625001
25181.175001
25208.800001
25236.075001
25263.350001
25291.000001
25318.700001
25346.475001
25374.250001
25402.050001
25429.875001
25457.675001
25485.500001
25513.325001
25541.200001
25569.050001
25596.925001
25624.825001
25653.025001
25681.225001
25709.250001
25737.275001
25765.650001
25793.925001
25822.600001
25850.850001
25879.550001
25907.900001
25936.725001
25965.150001
25993.825001
26022.825001
26051.750001
26080.475001
26109.225001
26138.225001
26167.375001
26196.550001
26225.725001
26254.950001
26284.200001
26313.425001
26342.650001
26372.075001
26401.475001
26431.175001
26460.700001
26490.450001
26520.175001
26550.125001
26579.950001
26609.950001
26639.850001
26670.075001
26700.500001
26730.900001
26761.225001
26791.475001
26821.825001
26852.300001
26882.875001
26913.475001
26944.200001
26975.075001
27006.150001
27037.050001
27068.200001
27099.375001
27130.825001
27162.075001
27193.650001
27225.425001
27257.100001
27288.750001
27320.425001
27352.350001
27384.350001
27416.525001
27448.700001
27481.225001
27513.650001
27546.425001
27579.200001
27612.025001
27645.150001
27678.500001
27711.875001
27745.325001
27778.925001
27812.775001
27846.700001
27881.025001
27915.225001
27949.650001
27984.325001
28019.200001
28054.375001
28089.750001
28125.575001
28161.675001
28197.950001
28234.450001
28271.375001
28308.750001
28346.450001
28384.450001
28422.975001
28461.975001
28501.375001
28541.375001
28581.900001
28623.150001
28665.075001
28707.850001
28751.475001
28796.050001
28841.725001
28888.475001
28936.850001
28986.950001
29039.250001
29094.650001
29155.225001
29352.375001
29417.925001
