1.000000
30.000000
3877.275000
3951.175000
4019.925000
4084.600000
4146.050000
4205.150000
4262.575000
4318.500000
4373.375000
4427.075000
4480.300000
4532.600000
4584.525000
4635.600000
4686.000000
4735.825000
4785.200000
4834.125000
4882.400000
4930.325000
4977.775000
5024.800000
5071.450000
5118.050000
5163.900000
5209.575000
5255.075000
5300.300000
5345.325000
5390.025000
5434.400000
5478.475000
5522.150000
5565.375000
5608.375000
5651.375000
5694.025000
5736.325000
5778.900000
5820.800000
5862.850000
5904.650000
5946.525000
5988.150000
6029.900000
6071.175000
6112.625000
6153.775000
6195.075000
6236.000000
6276.850000
6317.925000
6358.425000
6399.050000
6439.950000
6480.375000
6520.700000
6561.075000
6601.400000
6641.575000
6681.675000
6721.800000
6762.075000
6802.075000
6841.925000
6881.725000
6921.400000
6961.175000
7001.025000
7040.625000
7080.200000
7119.525000
7158.800000
7198.225000
7237.450000
7276.500000
7315.625000
7354.875000
7394.125000
7433.175000
7472.125000
7511.025000
7549.900000
7588.700000
7627.475000
7666.300000
7705.075000
7743.725000
7782.350000
7820.775000
7859.275000
7897.650000
7936.000000
7974.500000
8012.975000
8051.375000
8089.775000
8127.975000
8166.150000
8204.200000
8242.150000
8280.275000
8318.275000
8356.425000
8394.325000
8431.925000
8469.525000
8507.475000
8545.475000
8583.075000
8620.575000
8658.100000
8695.775000
8733.175000
8770.500000
8807.975000
8845.600000
8882.850000
8920.100000
8957.675000
8995.200000
9032.200000
9069.300000
9106.675000
9143.350000
9180.375000
9217.675000
9254.350000
9291.375000
9328.400000
9365.125000
9402.025000
9438.825000
9475.200000
9512.225000
9548.525000
9585.300000
9621.950000
9658.225000
9694.875000
9731.150000
9767.950000
9804.100000
9840.500000
9876.475000
9912.925000
9948.925000
9985.400000
10021.575000
10057.950000
10094.125000
10130.250000
10166.450000
10202.475000
10238.600000
10274.700000
10310.800000
10346.900000
10383.025000
10419.150000
10455.300000
10491.400000
10527.475000
10563.550000
10599.700000
10635.775000
10671.900000
10708.000000
10744.150000
10780.250000
10816.450000
10852.475000
10888.600000
10924.675000
10960.800000
10996.900000
11033.025000
11069.150000
11105.300000
11141.400000
11177.475000
11213.550000
11249.700000
11285.775000
11321.900000
11358.000000
11394.150000
11430.250000
11466.450000
11502.475000
11538.600000
11574.675000
11610.800000
11646.900000
11683.025000
11719.150000
11755.300000
11791.400000
11827.475000
11863.550000
11899.700000
11935.775000
11971.900000
12008.000000
12044.150000
12080.250000
12116.450000
12152.475000
12188.600000
12224.675000
12260.800000
12296.900000
12333.025000
12369.150000
12405.300000
12441.400000
12477.475000
12513.550000
12549.700000
12585.775000
12621.900000
12658.000000
12694.150000
12730.250000
12766.450000
12802.475000
12838.600000
12874.675000
12910.800000
12946.900000
12983.025000
13019.150000
13055.300000
13091.400000
13127.475000
13163.550000
13199.700000
13235.775000
13271.900000
13308.000000
13344.150000
13380.250000
13416.450000
13452.475000
13488.600000
13524.675000
13560.800000
13596.900000
13633.025000
13669.150000
13705.300000
13741.400000
13777.475000
13813.550000
13849.700000
13885.775000
13921.900000
13958.000000
13994.150000
14030.250000
14066.450000
14102.475000
14138.600000
14174.675000
14210.800000
14246.900000
14283.025000
14319.150000
14355.300000
14391.400000
14427.475000
14463.550000
14499.700000
14535.775000
14571.900000
14608.000000
14644.150000
14680.250000
14716.450000
14752.475000
14788.600000
14824.675000
14860.800000
14896.900000
14933.025000
14969.150000
15005.300000
15041.400000
15077.475000
15113.550000
15149.700000
15185.775000
15221.900000
15258.000000
15294.150000
15330.250000
15366.450000
15402.475000
15438.600000
15474.675000
15510.800000
15546.900000
15583.025000
15619.150000
15655.300000
15691.400000
15727.475000
15763.550000
15799.700000
15835.775000
15871.900000
15908.000000
15944.150000
15980.250000
16016.450000
16052.475000
16088.600000
16124.675000
16160.800000
16196.900000
16233.025000
16269.150000
16305.300000
16341.400000
16377.475000
16413.550000
16449.700000
16485.775000
16521.900000
16558.000000
16594.150000
16630.250000
16666.450000
16702.475000
16738.600000
16774.675000
16810.800000
16846.900000
16883.025000
16919.150000
16955.300000
16991.400000
17027.475000
17063.550000
17099.700000
17135.775000
17171.900000
17208.000000
17244.150000
17280.250000
17316.450000
17352.475000
17388.600000
17424.675000
17460.800000
17496.900000
17533.025000
17569.150000
17605.300000
17641.400000
17677.475000
17713.550000
17749.700000
17785.775000
17821.900000
17858.000000
17894.150000
17930.250000
17966.450000
18002.475000
18038.600000
18074.675000
18110.800000
18146.900000
18183.025000
18219.150000
18255.300001
18291.400001
18327.475001
18363.550001
18399.700001
18435.775001
18471.900001
18508.000001
18544.150001
18580.250001
18616.450001
18652.475001
18688.600001
18724.675001
18760.800001
18796.900001
18833.025001
18869.150001
18905.300001
18941.400001
18977.475001
19013.550001
19049.700001
19085.775001
19121.900001
19158.000001
19194.150001
19230.250001
19266.450001
19302.475001
19338.600001
19374.675001
19410.800001
19446.900001
19483.025001
19519.150001
19555.300001
19591.400001
19627.475001
19663.550001
19699.700001
19735.775001
19771.900001
19808.000001
19844.150001
19880.250001
19916.450001
19952.475001
19988.600001
20024.675001
20060.800001
20096.900001
20133.075001
20169.200001
20205.425001
20241.525001
20277.775001
20313.800001
20350.175001
20386.175001
20422.900001
20459.275001
20495.900001
20532.125001
20568.875001
20605.525001
20641.875001
20678.925001
20715.250001
20752.125001
20788.925001
20825.525001
20862.625001
20899.375001
20936.150001
20973.400001
21010.100001
21047.100001
21084.425001
21121.175001
21158.250001
21195.675001
21232.800001
21270.025001
21307.650001
21345.350001
21382.700001
21420.175001
21457.900001
21495.625001
21533.100001
21570.550001
21608.125001
21645.875001
21683.475001
21720.975001
21758.550001
21796.625001
21834.700001
21872.600001
21910.625001
21948.525001
21986.325001
22024.600001
22062.850001
22101.200001
22139.425001
22177.775001
22216.100001
22254.450001
22292.825001
22331.175001
22369.650001
22408.175001
22446.850001
22485.625001
22524.475001
22563.375001
22602.325001
22641.325001
22680.250001
22719.200001
22758.125001
22797.100001
22836.025001
22875.050001
22914.050001
22953.275001
22992.675001
23031.950001
23071.225001
23110.800001
23150.375001
23190.125001
23229.850001
23269.450001
23309.150001
23348.850001
23388.775001
23428.900001
23468.875001
23508.775001
23548.775001
23588.950001
23629.250001
23669.350001
23709.600001
23749.975001
23790.450001
23830.725001
23871.200001
23912.100001
23952.675001
23993.275001
24034.350001
24075.050001
24116.075001
24157.250001
24198.250001
24239.600001
24280.700001
24322.050001
24363.450001
24404.975001
24446.650001
24488.300001
24530.125001
24571.925001
24613.675001
24655.575001
24697.350001
24739.550001
24781.675001
24823.925001
24866.275001
24908.475001
24951.125001
24993.525001
25036.100001
25079.025001
25121.775001
25164.650001
25207.825001
25251.100001
25294.275001
25337.425001
25380.675001
25424.275001
25468.000001
25511.750001
25555.575001
25599.475001
25643.450001
25687.525001
25731.725001
25776.025001
25820.500001
25865.050001
25909.650001
25954.425001
25999.350001
26044.475001
26089.775001
26135.150001
26180.525001
26226.050001
26271.800001
26317.800001
26363.700001
26409.750001
26456.100001
26502.550001
26549.075001
26595.900001
26642.750001
26689.950001
26737.125001
26784.625001
26832.100001
26879.950001
26927.950001
26976.025001
27024.450001
27073.150001
27121.925001
27170.825001
27220.050001
27269.525001
27319.275001
27369.275001
27419.550001
27470.150001
27521.075001
27572.400001
27624.125001
27676.175001
27728.775001
27781.700001
27835.175001
27889.150001
27943.675001
27998.825001
28054.700001
28111.275001
28168.700001
28226.825001
28285.875001
28345.850001
28406.725001
28468.500001
28531.175001
28594.950001
28659.700001
28725.625001
28792.775001
28861.000001
28930.425001
29000.875001
29072.375001
29144.925001
29218.625001
29293.425001
29369.525001
29446.975001
29525.975001
29606.750001
29689.550001
29774.925001
29863.550001
29957.000001
30133.325001
30221.400001
30318.750001
30491.875001
30580.775001
30680.875001
30877.350001
30966.100001
31160.225001
31251.700001
31487.400001
31575.900001
31769.075001
31859.525001
32072.700001
32161.450001
32352.525001
32442.450001
32634.575001
32724.425001
32916.125001
33005.900001
33197.200001
33286.875001
33477.950001
33567.525001
33758.675001
33848.125001
34040.250001
34129.525001
34303.750001
34394.775001
34587.225001
34676.825001
34868.000001
34957.400001
