10.000000
7.000000
2977.000000
3074.825000
3172.950000
3267.775000
3357.550000
3442.325000
3524.175000
3604.025000
3682.225000
3759.275000
3835.475000
3910.675000
3985.100000
4058.525000
4131.250000
4203.300000
4274.700000
4345.475000
4415.300000
4484.675000
4553.200000
4621.100000
4688.325000
4754.900000
4820.500000
4885.150000
4948.575000
5010.950000
5072.225000
5132.275000
5191.325000
5249.100000
5306.175000
5362.425000
5417.850000
5472.425000
5526.150000
5579.350000
5631.700000
5683.500000
5734.825000
5785.700000
5836.100000
5886.175000
5936.025000
5985.750000
6035.400000
6084.825000
6134.025000
6183.025000
6231.700000
6280.250000
6328.775000
6376.775000
6424.775000
6472.575000
6520.200000
6567.850000
6615.025000
6662.300000
6709.250000
6756.450000
6803.150000
6849.900000
6896.525000
6942.975000
6989.425000
7035.750000
7081.850000
7127.875000
7173.775000
7219.475000
7265.100000
7310.750000
7356.500000
7401.975000
7447.225000
7492.450000
7537.475000
7582.400000
7627.375000
7672.150000
7716.775000
7761.175000
7805.550000
7849.825000
7894.050000
7938.175000
7982.175000
8026.050000
8069.825000
8113.575000
8157.375000
8201.125000
8244.550000
8287.800000
8331.100000
8374.550000
8417.925000
8460.925000
8503.925000
8546.875000
8589.950000
8632.750000
8675.475000
8718.300000
8760.850000
8803.250000
8845.825000
8888.100000
8930.425000
8972.800000
9014.950000
9057.150000
9098.900000
9141.075000
9183.050000
9224.775000
9266.575000
9308.100000
9349.725000
9391.325000
9432.850000
9474.425000
9515.750000
9557.200000
9598.275000
9639.625000
9680.550000
9721.575000
9762.675000
9803.475000
9844.425000
9885.200000
9925.875000
9966.650000
10007.175000
10047.400000
10087.675000
10128.225000
10168.825000
10209.250000
10249.750000
10290.200000
10330.400000
10370.650000
10411.000000
10451.350000
10491.575000
10531.825000
10572.175000
10612.525000
10652.675000
10692.925000
10733.250000
10773.600000
10813.725000
10854.050000
10894.400000
10934.750000
10974.875000
11015.125000
11055.475000
11095.825000
11135.950000
11176.200000
11216.625000
11256.975000
11297.100000
11337.350000
11377.675000
11418.050000
11458.175000
11498.425000
11538.750000
11579.200000
11619.325000
11659.575000
11699.900000
11740.275000
11780.425000
11820.650000
11860.975000
11901.350000
11941.550000
11981.800000
12022.125000
12062.500000
12102.650000
12142.900000
12183.225000
12223.575000
12263.700000
12304.025000
12344.375000
12384.725000
12424.875000
12465.100000
12505.475000
12545.800000
12585.950000
12626.200000
12666.600000
12706.975000
12747.100000
12787.350000
12827.675000
12868.050000
12908.175000
12948.425000
12988.750000
13029.200000
13069.325000
13109.575000
13149.900000
13190.275000
13230.425000
13270.650000
13310.975000
13351.350000
13391.550000
13431.800000
13472.125000
13512.500000
13552.650000
13592.900000
13633.225000
13673.575000
13713.700000
13754.025000
13794.375000
13834.725000
13874.875000
13915.100000
13955.475000
13995.800000
14035.950000
14076.200000
14116.600000
14156.975000
14197.100000
14237.350000
14277.675000
14318.050000
14358.175000
14398.425000
14438.750000
14479.200000
14519.325000
14559.575000
14599.900000
14640.275000
14680.425000
14720.650000
14760.975000
14801.350000
14841.550000
14881.800000
14922.125000
14962.500000
15002.650000
15042.900000
15083.225000
15123.575000
15163.700000
15204.025000
15244.375000
15284.725000
15324.875000
15365.100000
15405.475000
15445.800000
15485.950000
15526.200000
15566.600000
15606.975000
15647.100000
15687.350000
15727.675000
15768.050000
15808.175000
15848.425000
15888.750000
15929.200000
15969.325000
16009.575000
16049.900000
16090.275000
16130.425000
16170.650000
16210.975000
16251.350000
16291.550000
16331.800000
16372.125000
16412.500000
16452.650000
16492.900000
16533.225000
16573.575000
16613.700000
16654.025000
16694.375000
16734.725000
16774.875000
16815.100000
16855.475000
16895.800000
16935.950000
16976.200000
17016.600000
17056.975000
17097.100000
17137.350000
17177.675000
17218.050000
17258.175000
17298.425000
17338.750000
17379.200000
17419.325000
17459.575000
17499.900000
17540.275000
17580.425000
17620.650000
17660.975000
17701.350000
17741.550000
17781.800000
17822.125000
17862.500000
17902.650000
17942.900000
17983.225000
18023.575000
18063.700000
18104.025000
18144.375000
18184.725000
18224.875000
18265.100001
18305.475001
18345.800001
18385.950001
18426.200001
18466.600001
18506.975001
18547.100001
18587.350001
18627.675001
18668.050001
18708.175001
18748.425001
18788.750001
18829.200001
18869.325001
18909.575001
18949.900001
18990.275001
19030.425001
19070.650001
19110.975001
19151.350001
19191.550001
19231.800001
19272.125001
19312.500001
19352.650001
19392.900001
19433.225001
19473.575001
19513.700001
19554.025001
19594.375001
19634.725001
19674.875001
19715.100001
19755.475001
19795.800001
19835.950001
19876.200001
19916.600001
19956.975001
19997.100001
20037.350001
20077.675001
20118.075001
20158.250001
20198.575001
20239.100001
20279.875001
20320.550001
20361.225001
20402.075001
20442.900001
20483.900001
20524.850001
20565.800001
20607.075001
20648.125001
20689.575001
20730.675001
20772.075001
20813.450001
20855.050001
20896.725001
20938.400001
20980.200001
21021.950001
21063.625001
21105.500001
21147.200001
21189.200001
21231.200001
21273.550001
21315.500001
21357.900001
21400.325001
21442.725001
21485.350001
21528.000001
21570.550001
21613.375001
21656.475001
21699.300001
21742.400001
21785.625001
21829.000001
21872.075001
21915.175001
21958.350001
22001.875001
22045.600001
22089.075001
22132.800001
22176.450001
22220.350001
22264.175001
22308.150001
22352.350001
22396.700001
22441.175001
22485.650001
22530.200001
22574.750001
22619.325001
22663.850001
22708.500001
22753.450001
22798.425001
22843.425001
22888.650001
22934.050001
22979.575001
23024.925001
23070.450001
23116.200001
23162.150001
23207.975001
23253.925001
23299.900001
23346.000001
23392.200001
23438.600001
23485.100001
23531.625001
23578.425001
23625.100001
23671.975001
23719.000001
23766.175001
23813.450001
23860.800001
23908.150001
23955.650001
24003.175001
24051.075001
24098.750001
24146.800001
24195.075001
24243.250001
24291.550001
24340.100001
24388.625001
24437.275001
24486.025001
24535.050001
24584.300001
24633.525001
24682.900001
24732.450001
24782.050001
24831.800001
24881.700001
24931.750001
24981.900001
25032.200001
25082.800001
25133.575001
25184.550001
25235.600001
25286.875001
25338.375001
25390.100001
25441.800001
25493.800001
25546.100001
25598.400001
25651.125001
25703.925001
25757.025001
25810.175001
25863.650001
25917.425001
25971.200001
26025.150001
26079.425001
26133.850001
26188.475001
26243.225001
26298.200001
26353.425001
26408.850001
26464.475001
26520.375001
26576.375001
26632.675001
26689.225001
26746.000001
26802.900001
26860.075001
26917.675001
26975.375001
27033.375001
27091.625001
27150.175001
27209.000001
27268.250001
27327.675001
27387.400001
27447.450001
27507.950001
27568.825001
27630.100001
27691.675001
27753.650001
27816.050001
27878.950001
27942.175001
28005.925001
28070.125001
28134.925001
28200.225001
28266.150001
28332.775001
28399.950001
28467.775001
28536.100001
28605.050001
28674.675001
28744.900001
28815.800001
28887.400001
28959.750001
29032.950001
29107.125001
29182.325001
29258.850001
29337.025001
29416.975001
29498.850001
29582.700001
29668.550001
29756.675001
29847.550001
29942.100001
30041.975001
30147.450001
30257.025001
30373.575001
30948.300001
31059.000001
31182.625001
31754.100001
31864.775001
31988.325001
32559.775001
32670.475001
32794.025001
33365.500001
33476.175001
33599.725001
34171.200001
34281.875001
34405.450001
34976.900001
