20.000000
11.000000
7180.075000
7231.925000
7284.550000
7337.100000
7389.575000
7441.525000
7492.650000
7542.775000
7592.650000
7642.500000
7691.550000
7739.900000
7787.325000
7834.525000
7881.525000
7928.625000
7974.775000
8020.400000
8066.025000
8111.625000
8156.575000
8200.975000
8245.325000
8289.675000
8333.250000
8376.050000
8419.100000
8462.025000
8504.700000
8547.025000
8589.450000
8631.450000
8673.100000
8714.700000
8756.350000
8797.725000
8838.450000
8878.875000
8919.100000
8959.200000
8998.550000
9038.300000
9078.525000
9117.650000
9156.650000
9195.400000
9234.275000
9273.050000
9311.925000
9350.725000
9389.425000
9427.475000
9464.925000
9502.525000
9539.850000
9577.300000
9614.700000
9651.950000
9689.550000
9725.975000
9762.400000
9798.275000
9834.400000
9870.350000
9906.475000
9942.500000
9978.625000
10014.650000
10050.700000
10086.125000
10121.350000
10156.575000
10192.350000
10228.150000
10263.400000
10298.200000
10333.975000
10369.125000
10403.875000
10439.525000
10474.650000
10509.350000
10545.050000
10580.125000
10614.900000
10650.600000
10685.625000
10720.375000
10755.600000
10790.625000
10825.800000
10860.800000
10895.425000
10930.275000
10964.900000
11000.525000
11035.575000
11070.350000
11105.375000
11139.975000
11174.900000
11209.375000
11244.925000
11280.025000
11314.825000
11350.025000
11384.550000
11419.700000
11454.875000
11489.825000
11524.725000
11559.325000
11594.500000
11629.225000
11664.525000
11699.575000
11734.325000
11769.175000
11803.800000
11838.650000
11873.200000
11907.975000
11942.600000
11977.750000
12012.275000
12047.100000
12081.575000
12117.200000
12152.275000
12187.050000
12222.075000
12256.625000
12291.600000
12325.975000
12360.875000
12395.425000
12430.225000
12464.850000
12500.000000
12534.500000
12569.350000
12603.850000
12638.700000
12673.200000
12707.975000
12742.600000
12777.725000
12812.225000
12847.050000
12881.550000
12917.175000
12952.250000
12987.050000
13022.075000
13056.625000
13091.575000
13125.975000
13160.875000
13195.400000
13230.225000
13264.850000
13300.000000
13334.500000
13369.350000
13403.850000
13438.675000
13473.200000
13507.975000
13542.600000
13577.725000
13612.225000
13647.050000
13681.550000
13717.175000
13752.250000
13787.050000
13822.075000
13856.625000
13891.575000
13925.975000
13960.875000
13995.400000
14030.225000
14064.850000
14100.000000
14134.500000
14169.350000
14203.850000
14238.675000
14273.200000
14307.975000
14342.600000
14377.700000
14412.225000
14447.050000
14481.550000
14517.175000
14552.250000
14587.050000
14622.075000
14656.625000
14691.575000
14725.975000
14760.875000
14795.400000
14830.225000
14864.850000
14900.000000
14934.500000
14969.350000
15003.850000
15038.675000
15073.200000
15107.975000
15142.600000
15177.700000
15212.225000
15247.050000
15281.550000
15317.175000
15352.250000
15387.050000
15422.075000
15456.625000
15491.575000
15525.975000
15560.875000
15595.400000
15630.225000
15664.850000
15700.000000
15734.500000
15769.350000
15803.850000
15838.675000
15873.200000
15907.975000
15942.600000
15977.700000
16012.225000
16047.050000
16081.550000
16117.175000
16152.250000
16187.050000
16222.075000
16256.625000
16291.575000
16325.975000
16360.875000
16395.400000
16430.225000
16464.850000
16500.000000
16534.500000
16569.350000
16603.850000
16638.675000
16673.200000
16707.975000
16742.600000
16777.700000
16812.225000
16847.050000
16881.550000
16917.175000
16952.250000
16987.050000
17022.075000
17056.625000
17091.575000
17125.975000
17160.875000
17195.400000
17230.225000
17264.850000
17300.000000
17334.500000
17369.350000
17403.850000
17438.675000
17473.200000
17507.975000
17542.600000
17577.700000
17612.225000
17647.050000
17681.550000
17717.175000
17752.250000
17787.050000
17822.075000
17856.625000
17891.575000
17925.975000
17960.875000
17995.400000
18030.225000
18064.850000
18100.000000
18134.500000
18169.350000
18203.850000
18238.675001
18273.200001
18307.975001
18342.600001
18377.700001
18412.225001
18447.050001
18481.550001
18517.175001
18552.250001
18587.050001
18622.075001
18656.625001
18691.575001
18725.975001
18760.875001
18795.400001
18830.225001
18864.850001
18900.000001
18934.500001
18969.350001
19003.850001
19038.675001
19073.200001
19107.975001
19142.600001
19177.700001
19212.225001
19247.050001
19281.550001
19317.175001
19352.250001
19387.050001
19422.075001
19456.625001
19491.575001
19525.975001
19560.875001
19595.400001
19630.225001
19664.850001
19700.000001
19734.500001
19769.350001
19803.850001
19838.675001
19873.200001
19907.975001
19942.600001
19977.700001
20012.225001
20047.050001
20081.550001
20117.225001
20152.325001
20187.150001
20222.900001
20258.100001
20292.975001
20328.675001
20364.650001
20400.775001
20436.925001
20473.075001
20509.250001
20545.400001
20581.600001
20617.825001
20654.750001
20692.325001
20729.800001
20767.450001
20805.025001
20842.550001
20880.200001
20917.725001
20956.300001
20995.125001
21034.050001
21073.000001
21111.975001
21150.900001
21189.925001
21229.200001
21268.875001
21309.050001
21348.475001
21388.550001
21428.875001
21469.850001
21510.700001
21551.775001
21592.775001
21634.325001
21675.950001
21717.800001
21760.050001
21803.325001
21846.500001
21889.875001
21933.950001
21978.525001
22023.050001
22067.650001
22112.350001
22157.750001
22203.700001
22249.575001
22295.625001
22342.575001
22389.900001
22437.275001
22485.575001
22534.400001
22584.075001
22634.275001
22684.725001
22735.800001
22787.375001
22840.100001
22893.725001
22948.325001
23004.900001
23062.925001
23122.925001
23186.875001
