1.000000
31.000000
4457.925000
4531.250000
4599.400000
4663.575000
4724.725000
4783.725000
4841.325000
4897.475000
4952.750000
5007.400000
5061.150000
5114.050000
5166.525000
5218.325000
5269.350000
5319.725000
5369.600000
5419.125000
5468.200000
5516.700000
5564.725000
5612.600000
5659.750000
5706.875000
5753.375000
5799.775000
5845.825000
5891.475000
5936.750000
5981.875000
6026.500000
6070.875000
6115.050000
6158.900000
6202.650000
6246.125000
6289.350000
6332.250000
6374.975000
6417.825000
6460.100000
6502.500000
6544.725000
6586.625000
6628.900000
6670.575000
6712.450000
6753.975000
6795.650000
6836.975000
6878.675000
6919.800000
6961.025000
7002.225000
7043.150000
7084.350000
7125.050000
7165.850000
7206.850000
7247.275000
7287.750000
7328.550000
7369.075000
7409.400000
7449.775000
7490.150000
7530.275000
7570.375000
7610.550000
7650.875000
7690.975000
7730.725000
7770.550000
7810.325000
7850.200000
7890.075000
7929.775000
7969.325000
8008.650000
8048.175000
8087.525000
8126.800000
8166.325000
8205.600000
8244.925000
8284.400000
8323.550000
8362.675000
8401.700000
8440.850000
8480.025000
8519.075000
8557.975000
8596.875000
8635.725000
8674.575000
8713.400000
8752.200000
8791.050000
8829.850000
8868.500000
8907.125000
8945.675000
8984.200000
9022.625000
9060.950000
9098.975000
9137.225000
9175.200000
9213.500000
9251.650000
9289.950000
9327.900000
9365.725000
9403.775000
9441.625000
9479.675000
9517.775000
9555.475000
9593.000000
9630.550000
9668.325000
9706.050000
9743.575000
9781.100000
9818.950000
9856.725000
9894.100000
9931.450000
9969.050000
10006.675000
10043.825000
10081.025000
10118.525000
10155.875000
10192.950000
10230.275000
10267.800000
10304.975000
10342.225000
10379.825000
10417.400000
10454.550000
10491.725000
10529.175000
10566.425000
10603.550000
10641.125000
10678.725000
10715.800000
10752.950000
10790.375000
10827.575000
10864.650000
10902.200000
10939.750000
10976.800000
11013.900000
11051.325000
11088.525000
11125.675000
11163.250000
11200.825000
11237.925000
11275.050000
11312.500000
11349.675000
11386.725000
11424.300000
11461.800000
11498.850000
11536.000000
11573.475000
11610.625000
11647.825000
11685.400000
11722.925000
11760.025000
11797.175000
11834.625000
11871.775000
11908.875000
11946.425000
11983.825000
12020.875000
12058.125000
12095.600000
12132.750000
12169.950000
12207.475000
12244.900000
12281.975000
12319.225000
12356.725000
12393.800000
12430.950000
12468.400000
12505.625000
12542.775000
12580.150000
12617.725000
12654.875000
12692.100000
12729.625000
12766.950000
12804.075000
12841.375000
12878.900000
12916.000000
12953.175000
12990.650000
13027.900000
13065.000000
13102.350000
13139.900000
13176.925000
13214.000000
13251.425000
13288.625000
13325.750000
13363.300000
13400.875000
13438.000000
13475.125000
13512.550000
13549.750000
13586.800000
13624.375000
13661.900000
13698.950000
13736.075000
13773.525000
13810.700000
13847.875000
13885.450000
13923.000000
13960.100000
13997.250000
14034.700000
14071.875000
14108.925000
14146.500000
14184.000000
14221.025000
14258.200000
14295.675000
14332.850000
14370.050000
14407.625000
14445.175000
14482.275000
14519.425000
14556.900000
14594.075000
14631.175000
14668.750000
14706.300000
14743.350000
14780.500000
14817.975000
14855.200000
14892.400000
14929.975000
14967.600000
15004.750000
15041.950000
15079.400000
15116.625000
15153.800000
15191.225000
15228.800000
15265.875000
15303.025000
15340.425000
15377.650000
15414.725000
15452.250000
15489.800000
15526.850000
15563.925000
15601.375000
15638.575000
15675.700000
15713.275000
15750.850000
15787.950000
15825.075000
15862.525000
15899.700000
15936.750000
15974.325000
16011.850000
16048.900000
16086.025000
16123.500000
16160.675000
16197.850000
16235.425000
16272.975000
16310.075000
16347.200000
16384.650000
16421.825000
16458.900000
16496.450000
16533.900000
16570.950000
16608.175000
16645.650000
16682.800000
16720.000000
16757.575000
16795.075000
16832.175000
16869.350000
16906.825000
16943.975000
16981.100000
17018.675000
17056.150000
17093.225000
17130.425000
17167.900000
17205.100000
17242.325000
17279.925000
17317.550000
17354.725000
17391.875000
17429.325000
17466.575000
17503.725000
17541.225000
17578.800000
17615.875000
17653.000000
17690.425000
17727.625000
17764.700000
17802.225000
17839.800000
17876.825000
17913.925000
17951.350000
17988.550000
18025.700000
18063.275000
18100.850000
18137.950000
18175.075000
18212.500000
18249.700001
18286.750001
18324.325001
18361.850001
18398.875001
18436.025001
18473.475001
18510.650001
18547.850001
18585.400001
18622.975001
18660.050001
18697.200001
18734.650001
18771.825001
18808.900001
18846.450001
18883.900001
18920.950001
18958.150001
18995.650001
19032.800001
19070.000001
19107.550001
19145.075001
19182.150001
19219.350001
19256.825001
19293.975001
19331.100001
19368.650001
19406.100001
19443.150001
19480.400001
19517.875001
19555.075001
19592.325001
19629.925001
19667.525001
19704.700001
19741.850001
19779.300001
19816.550001
19853.700001
19891.200001
19928.775001
19965.850001
20003.000001
20040.425001
20077.625001
20114.725001
20152.300001
20189.925001
20227.175001
20264.575001
20302.300001
20340.050001
20377.475001
20414.925001
20452.550001
20490.275001
20527.850001
20565.300001
20602.850001
20640.825001
20678.950001
20716.700001
20754.375001
20792.250001
20830.325001
20868.375001
20906.650001
20944.625001
20982.725001
21020.800001
21058.800001
21097.100001
21135.525001
21173.925001
21212.425001
21250.975001
21289.500001
21328.075001
21366.650001
21405.225001
21443.800001
21482.525001
21521.100001
21559.750001
21598.425001
21637.200001
21676.025001
21714.900001
21753.900001
21792.825001
21831.775001
21870.725001
21909.725001
21948.700001
21987.850001
22027.175001
22066.675001
22106.075001
22145.700001
22185.175001
22224.700001
22264.025001
22303.700001
22343.225001
22383.025001
22422.975001
22462.900001
22502.650001
22542.575001
22582.575001
22622.875001
22663.075001
22703.075001
22743.150001
22783.375001
22823.675001
22863.825001
22904.150001
22944.600001
22985.150001
23025.650001
23066.450001
23107.150001
23147.700001
23188.600001
23229.550001
23270.375001
23311.400001
23352.450001
23393.400001
23434.700001
23475.775001
23517.350001
23558.500001
23599.950001
23641.400001
23682.925001
23724.600001
23766.325001
23808.025001
23849.825001
23891.600001
23933.500001
23975.325001
24017.650001
24059.650001
24101.925001
24144.250001
24186.400001
24229.050001
24271.400001
24313.925001
24356.775001
24399.425001
24442.300001
24485.375001
24528.600001
24571.675001
24614.850001
24658.100001
24701.475001
24744.950001
24788.500001
24832.000001
24875.650001
24919.450001
24963.425001
25007.525001
25051.675001
25095.900001
25140.250001
25184.675001
25229.250001
25273.825001
25318.600001
25363.500001
25408.350001
25453.425001
25498.575001
25543.900001
25589.450001
25635.100001
25680.675001
25726.375001
25772.325001
25818.450001
25864.600001
25911.000001
25957.550001
26004.150001
26051.050001
26097.900001
26145.150001
26192.400001
26239.975001
26287.425001
26335.225001
26383.150001
26431.175001
26479.625001
26528.125001
26576.675001
26625.475001
26674.600001
26723.900001
26773.400001
26823.125001
26873.075001
26923.250001
26973.575001
27024.125001
27074.875001
27125.875001
27177.175001
27228.925001
27280.700001
27332.900001
27385.525001
27438.450001
27491.750001
27545.575001
27599.800001
27654.550001
27709.875001
27765.950001
27822.875001
27880.500001
27938.900001
27998.125001
28058.250001
28119.200001
28180.950001
28243.600001
28307.325001
28371.950001
28437.650001
28504.550001
28572.650001
28641.975001
28712.450001
28784.100001
28857.000001
28931.050001
29006.425001
29083.100001
29161.300001
29241.350001
29323.625001
29408.750001
29497.250001
29590.050001
29741.875001
29837.475001
30156.150001
30249.475001
30572.575001
30663.075001
30963.175001
31054.125001
31354.700001
31445.550001
31745.350001
31836.225001
32136.025001
32226.925001
32527.000001
32617.850001
32917.450001
33008.300001
33308.200001
33399.075001
33698.975001
33789.850001
34089.500001
34180.375001
34480.375001
34571.225001
34870.950001
34961.825001
