2.000000
14.000000
6020.700000
6070.150000
6117.950000
6165.125000
6212.250000
6259.225000
6306.400000
6351.025000
6395.400000
6439.850000
6484.200000
6526.100000
6567.800000
6609.375000
6650.900000
6692.500000
6734.175000
6774.775000
6814.775000
6854.175000
6892.700000
6931.525000
6970.300000
7009.175000
7048.000000
7086.800000
7124.725000
7162.025000
7198.350000
7235.550000
7272.975000
7309.275000
7345.325000
7381.450000
7417.500000
7453.625000
7489.700000
7525.725000
7561.850000
7596.875000
7631.425000
7667.325000
7701.025000
7735.500000
7770.175000
7803.775000
7837.075000
7870.300000
7903.675000
7936.950000
7970.225000
8003.600000
8036.875000
8070.150000
8103.525000
8135.800000
8167.550000
8200.675000
8233.025000
8264.725000
8296.650000
8328.600000
8359.500000
8391.075000
8422.925000
8453.750000
8484.300000
8514.800000
8545.300000
8575.825000
8606.400000
8636.925000
8667.425000
8697.975000
8728.550000
8759.075000
8789.625000
8820.125000
8850.675000
8880.150000
8909.250000
8939.575000
8968.975000
8998.000000
9028.425000
9057.625000
9086.900000
9116.150000
9145.175000
9173.200000
9201.025000
9228.950000
9256.625000
9284.325000
9312.050000
9339.800000
9367.525000
9395.275000
9423.025000
9450.800000
9478.625000
9506.375000
9534.125000
9561.875000
9589.650000
9617.375000
9645.150000
9672.925000
9700.675000
9728.500000
9756.250000
9784.000000
9811.775000
9839.525000
9867.300000
9895.000000
9921.825000
9948.000000
9974.525000
10000.750000
10027.525000
10053.575000
10079.925000
10106.325000
10132.750000
10159.100000
10184.625000
10210.775000
10236.850000
10262.275000
10288.450000
10314.625000
10340.100000
10366.475000
10392.375000
10417.675000
10443.950000
10470.150000
10495.475000
10521.725000
10547.925000
10573.250000
10599.500000
10625.700000
10651.025000
10677.300000
10703.550000
10729.050000
10755.175000
10781.300000
10806.700000
10832.875000
10859.075000
10884.500000
10910.650000
10936.850000
10962.275000
10988.425000
11014.625000
11040.075000
11066.425000
11092.375000
11117.675000
11143.925000
11170.150000
11195.475000
11221.725000
11247.925000
11273.250000
11299.500000
11325.700000
11351.025000
11377.300000
11403.550000
11429.050000
11455.175000
11481.300000
11506.700000
11532.875000
11559.075000
11584.500000
11610.650000
11636.850000
11662.275000
11688.425000
11714.625000
11740.075000
11766.425000
11792.375000
11817.675000
11843.925000
11870.150000
11895.475000
11921.725000
11947.925000
11973.250000
11999.500000
12025.700000
12051.025000
12077.300000
12103.550000
12129.050000
12155.175000
12181.300000
12206.700000
12232.875000
12259.075000
12284.500000
12310.650000
12336.850000
12362.275000
12388.425000
12414.625000
12440.075000
12466.425000
12492.375000
12517.675000
12543.925000
12570.150000
12595.475000
12621.725000
12647.925000
12673.250000
12699.500000
12725.700000
12751.025000
12777.300000
12803.550000
12829.050000
12855.175000
12881.300000
12906.700000
12932.875000
12959.075000
12984.500000
13010.650000
13036.850000
13062.275000
13088.425000
13114.625000
13140.075000
13166.425000
13192.375000
13217.675000
13243.925000
13270.150000
13295.475000
13321.725000
13347.925000
13373.250000
13399.500000
13425.700000
13451.025000
13477.300000
13503.550000
13529.050000
13555.175000
13581.300000
13606.700000
13632.875000
13659.075000
13684.500000
13710.650000
13736.850000
13762.275000
13788.425000
13814.625000
13840.075000
13866.425000
13892.375000
13917.675000
13943.925000
13970.150000
13995.475000
14021.725000
14047.925000
14073.250000
14099.500000
14125.700000
14151.025000
14177.300000
14203.550000
14229.050000
14255.175000
14281.300000
14306.700000
14332.875000
14359.075000
14384.500000
14410.650000
14436.850000
14462.275000
14488.425000
14514.625000
14540.075000
14566.425000
14592.375000
14617.675000
14643.925000
14670.150000
14695.475000
14721.725000
14747.925000
14773.250000
14799.500000
14825.700000
14851.025000
14877.300000
14903.550000
14929.050000
14955.175000
14981.300000
15006.700000
15032.875000
15059.075000
15084.500000
15110.650000
15136.850000
15162.275000
15188.425000
15214.625000
15240.075000
15266.425000
15292.375000
15317.675000
15343.925000
15370.150000
15395.475000
15421.725000
15447.925000
15473.250000
15499.500000
15525.700000
15551.025000
15577.300000
15603.550000
15629.050000
15655.175000
15681.300000
15706.700000
15732.875000
15759.075000
15784.500000
15810.650000
15836.850000
15862.275000
15888.425000
15914.625000
15940.075000
15966.425000
15992.375000
16017.675000
16043.925000
16070.150000
16095.475000
16121.725000
16147.925000
16173.250000
16199.500000
16225.700000
16251.025000
16277.300000
16303.550000
16329.050000
16355.175000
16381.300000
16406.700000
16432.875000
16459.075000
16484.500000
16510.650000
16536.850000
16562.275000
16588.425000
16614.625000
16640.075000
16666.425000
16692.375000
16717.675000
16743.925000
16770.150000
16795.475000
16821.725000
16847.925000
16873.250000
16899.500000
16925.700000
16951.025000
16977.300000
17003.550000
17029.050000
17055.175000
17081.300000
17106.700000
17132.875000
17159.075000
17184.500000
17210.650000
17236.850000
17262.275000
17288.425000
17314.625000
17340.075000
17366.425000
17392.375000
17417.675000
17443.925000
17470.150000
17495.475000
17521.725000
17547.925000
17573.250000
17599.500000
17625.700000
17651.025000
17677.300000
17703.550000
17729.050000
17755.175000
17781.300000
17806.700000
17832.875000
17859.075000
17884.500000
17910.650000
17936.850000
17962.275000
17988.425000
18014.625000
18040.075000
18066.425000
18092.375000
18117.675000
18143.925000
18170.150000
18195.475000
18221.725000
18247.925001
18273.250001
18299.500001
18325.700001
18351.025001
18377.300001
18403.550001
18429.050001
18455.175001
18481.300001
18506.700001
18532.875001
18559.075001
18584.500001
18610.650001
18636.850001
18662.275001
18688.425001
18714.625001
18740.075001
18766.425001
18792.375001
18817.675001
18843.925001
18870.150001
18895.475001
18921.725001
18947.925001
18973.250001
18999.500001
19025.700001
19051.025001
19077.300001
19103.550001
19129.050001
19155.175001
19181.300001
19206.700001
19232.875001
19259.075001
19284.500001
19310.650001
19336.850001
19362.275001
19388.425001
19414.625001
19440.075001
19466.425001
19492.375001
19517.675001
19543.925001
19570.150001
19595.475001
19621.725001
19647.925001
19673.250001
19699.500001
19725.700001
19751.025001
19777.300001
19803.550001
19829.050001
19855.175001
19881.300001
19906.700001
19932.875001
19959.075001
19984.500001
20010.650001
20036.850001
20062.275001
20088.425001
20114.625001
20141.075001
20167.400001
20194.025001
20220.200001
20246.725001
20273.000001
20300.625001
20327.575001
20353.650001
20380.150001
20406.450001
20434.025001
20461.775001
20489.575001
20517.325001
20545.125001
20572.900001
20600.700001
20628.525001
20656.300001
20684.100001
20711.900001
20739.675001
20767.450001
20795.225001
20823.025001
20850.825001
20878.700001
20906.475001
20934.275001
20962.100001
20989.900001
21017.650001
21045.475001
21073.325001
21101.300001
21130.025001
21159.125001
21188.450001
21217.450001
21246.800001
21275.800001
21306.250001
21335.650001
21364.825001
21395.150001
21425.675001
21456.275001
21486.825001
21517.400001
21547.950001
21578.600001
21609.150001
21639.725001
21670.250001
21700.825001
21731.475001
21762.075001
21792.600001
21823.200001
21854.875001
21886.875001
21917.775001
21950.625001
21982.825001
22014.750001
22047.000001
22078.750001
22111.850001
22145.150001
22178.550001
22211.900001
22245.200001
22278.625001
22311.975001
22345.300001
22378.750001
22412.125001
22445.425001
22479.950001
22514.675001
22548.375001
22584.050001
22619.050001
22653.750001
22689.675001
22725.725001
22761.925001
22798.025001
22834.225001
22870.300001
22906.575001
22942.650001
22980.025001
23017.500001
23056.300001
23095.175001
23134.150001
23173.025001
23212.000001
23250.875001
23289.950001
23329.975001
23370.275001
23411.875001
23453.575001
23495.275001
23537.025001
23578.925001
23620.450001
23663.525001
23706.725001
23750.900001
23795.400001
23841.325001
23887.125001
23934.375001
23981.675001
24031.425001
24081.600001
24133.150001
24187.100001
24242.750001
