100.000000
34.000000
3177.950000
3238.725000
3297.725000
3354.450000
3409.600000
3463.800000
3517.575000
3570.350000
3623.000000
3674.950000
3726.350000
3777.650000
3828.950000
3879.925000
3930.450000
3980.600000
4030.575000
4080.425000
4130.225000
4179.925000
4229.475000
4278.775000
4327.550000
4376.100000
4424.725000
4473.325000
4521.200000
4569.300000
4617.475000
4665.050000
4712.825000
4759.950000
4807.500000
4854.550000
4901.700000
4948.325000
4995.375000
5041.800000
5088.200000
5134.825000
5180.675000
5226.475000
5272.550000
5318.525000
5363.925000
5409.400000
5454.925000
5500.575000
5545.950000
5591.250000
5636.025000
5680.650000
5725.250000
5769.750000
5814.025000
5858.325000
5902.650000
5946.950000
5991.300000
6035.550000
6079.875000
6123.900000
6167.925000
6211.475000
6255.125000
6298.400000
6341.675000
6385.225000
6428.850000
6471.775000
6514.675000
6557.925000
6601.125000
6643.550000
6686.050000
6729.075000
6771.050000
6813.600000
6856.175000
6898.300000
6940.800000
6982.925000
7024.875000
7067.000000
7108.375000
7150.450000
7191.900000
7233.625000
7274.925000
7316.575000
7357.975000
7399.000000
7440.600000
7481.575000
7523.150000
7563.825000
7604.925000
7646.100000
7686.450000
7727.375000
7768.300000
7808.425000
7848.725000
7889.650000
7930.250000
7970.450000
8010.875000
8051.300000
8091.450000
8131.275000
8171.250000
8211.475000
8251.500000
8291.425000
8330.700000
8370.425000
8409.850000
8449.525000
8489.325000
8529.200000
8568.725000
8608.100000
8647.150000
8686.075000
8725.025000
8763.850000
8802.750000
8841.650000
8880.425000
8919.300000
8958.075000
8996.950000
9035.750000
9074.625000
9113.450000
9152.275000
9191.225000
9230.025000
9268.750000
9307.525000
9346.000000
9384.575000
9423.000000
9461.150000
9498.750000
9536.400000
9574.700000
9612.875000
9651.150000
9688.800000
9726.225000
9763.725000
9801.625000
9839.475000
9876.800000
9913.950000
9951.900000
9989.875000
10026.800000
10063.850000
10101.475000
10138.775000
10175.850000
10213.525000
10251.250000
10288.375000
10325.575000
10363.450000
10401.200000
10438.275000
10475.525000
10513.400000
10551.200000
10588.250000
10625.450000
10663.350000
10701.175000
10738.200000
10775.375000
10813.250000
10851.150000
10888.100000
10925.200000
10963.050000
11000.900000
11037.850000
11074.975000
11112.650000
11149.900000
11186.825000
11224.650000
11262.350000
11299.275000
11336.300000
11374.050000
11411.600000
11448.575000
11485.900000
11523.550000
11560.775000
11597.825000
11635.675000
11673.425000
11710.500000
11747.750000
11785.625000
11823.425000
11860.450000
11897.675000
11935.550000
11973.400000
12010.400000
12047.575000
12085.450000
12123.325000
12160.250000
12197.325000
12235.100000
12272.425000
12309.450000
12346.925000
12384.625000
12421.600000
12458.625000
12496.475000
12534.400000
12571.075000
12608.225000
12645.850000
12683.125000
12720.175000
12757.950000
12795.675000
12832.825000
12870.025000
12907.900000
12945.650000
12982.750000
13020.000000
13057.875000
13095.650000
13132.750000
13169.975000
13207.850000
13245.650000
13282.725000
13319.975000
13357.850000
13395.650000
13432.725000
13469.950000
13507.850000
13545.650000
13582.725000
13619.950000
13657.825000
13695.650000
13732.700000
13769.950000
13807.825000
13845.650000
13882.700000
13919.950000
13957.825000
13995.625000
14032.700000
14069.925000
14107.800000
14145.625000
14182.700000
14219.925000
14257.800000
14295.625000
14332.675000
14369.900000
14407.775000
14445.625000
14482.675000
14519.875000
14557.750000
14595.625000
14632.625000
14669.825000
14707.700000
14745.575000
14782.575000
14819.700000
14857.550000
14895.450000
14932.375000
14969.450000
15007.150000
15044.425000
15081.475000
15119.125000
15156.825000
15193.900000
15230.950000
15268.850000
15306.750000
15343.575000
15380.600000
15418.300000
15455.600000
15492.750000
15530.250000
15567.950000
15605.200000
15642.375000
15680.175000
15717.925000
15755.175000
15792.375000
15830.175000
15867.925000
15905.175000
15942.375000
15980.175000
16017.925000
16055.175000
16092.375000
16130.175000
16167.925000
16205.175000
16242.375000
16280.175000
16317.925000
16355.175000
16392.375000
16430.175000
16467.925000
16505.175000
16542.375000
16580.175000
16617.925000
16655.175000
16692.375000
16730.175000
16767.925000
16805.175000
16842.375000
16880.175000
16917.925000
16955.175000
16992.375000
17030.175000
17067.925000
17105.175000
17142.375000
17180.175000
17217.925000
17255.175000
17292.375000
17330.175000
17367.925000
17405.175000
17442.375000
17480.175000
17517.925000
17555.175000
17592.375000
17630.175000
17667.925000
17705.175000
17742.375000
17780.175000
17817.925000
17855.175000
17892.375000
17930.175000
17967.925000
18005.175000
18042.375000
18080.175000
18117.925000
18155.175000
18192.375000
18230.175001
18267.925001
18305.175001
18342.375001
18380.175001
18417.925001
18455.175001
18492.375001
18530.175001
18567.925001
18605.175001
18642.375001
18680.175001
18717.925001
18755.175001
18792.375001
18830.175001
18867.925001
18905.175001
18942.375001
18980.175001
19017.925001
19055.175001
19092.375001
19130.175001
19167.925001
19205.175001
19242.375001
19280.175001
19317.925001
19355.175001
19392.375001
19430.175001
19467.925001
19505.175001
19542.375001
19580.175001
19617.925001
19655.175001
19692.375001
19730.175001
19767.925001
19805.175001
19842.375001
19880.175001
19917.925001
19955.175001
19992.375001
20030.175001
20067.925001
20105.175001
20142.475001
20180.250001
20218.025001
20255.500001
20292.825001
20330.350001
20368.225001
20406.275001
20444.175001
20481.725001
20519.375001
20557.725001
20595.925001
20634.350001
20672.325001
20710.125001
20748.275001
20786.100001
20824.675001
20863.300001
20902.050001
20940.975001
20979.950001
21018.850001
21057.825001
21096.775001
21135.700001
21174.650001
21213.550001
21252.500001
21291.475001
21330.350001
21369.300001
21408.175001
21447.150001
21486.075001
21525.100001
21564.075001
21603.550001
21642.950001
21682.250001
21721.975001
21761.950001
21801.875001
21841.575001
21881.075001
21920.825001
21960.925001
22001.225001
22041.375001
22081.175001
22121.475001
22162.350001
22202.525001
22242.800001
22283.300001
22323.925001
22364.050001
22404.925001
22445.975001
22486.275001
22527.275001
22568.650001
22609.525001
22651.075001
22691.875001
22733.200001
22774.625001
22815.975001
22857.850001
22899.325001
22941.350001
22983.050001
23024.775001
23066.750001
23108.300001
23150.725001
23192.775001
23235.250001
23277.525001
23319.575001
23362.400001
23404.725001
23447.225001
23490.225001
23532.900001
23575.700001
23619.050001
23662.375001
23705.450001
23748.400001
23791.650001
23835.325001
23879.200001
23923.000001
23966.875001
24010.575001
24054.450001
24098.300001
24142.425001
24186.450001
24230.600001
24274.925001
24319.375001
24363.800001
24408.325001
24453.000001
24497.875001
24542.925001
24587.975001
24633.325001
24679.075001
24724.600001
24770.150001
24816.075001
24862.375001
24908.175001
24954.200001
25000.750001
25047.125001
25093.475001
25140.425001
25187.025001
25234.375001
25281.275001
25329.025001
25376.125001
25423.800001
25471.200001
25519.200001
25567.500001
25615.425001
25663.725001
25712.425001
25760.950001
25809.550001
25858.375001
25907.800001
25957.425001
26007.125001
26057.000001
26107.050001
26157.300001
26207.750001
26258.250001
26308.800001
26359.650001
26410.800001
26462.425001
26513.875001
26565.550001
26617.950001
26670.175001
26723.075001
26775.925001
26829.400001
26882.700001
26936.350001
26990.575001
27044.975001
27099.575001
27154.525001
27209.675001
27265.200001
27321.050001
27377.400001
27434.425001
27491.675001
27549.125001
27607.500001
27666.000001
27725.100001
27784.825001
27844.975001
27905.700001
27967.025001
28029.150001
28091.800001
28155.150001
28219.425001
28284.500001
28350.300001
28417.300001
28485.550001
28554.825001
28625.625001
28698.075001
28772.325001
28849.125001
28929.800001
29097.350001
29178.625001
