3.000000
1.000000
1949.025000
1997.075000
2044.850000
2091.600000
2137.325000
2182.725000
2227.625000
2271.875000
2315.250000
2358.200000
2401.350000
2443.475000
2485.625000
2527.175000
2568.825000
2609.375000
2649.950000
2690.525000
2730.200000
2769.375000
2808.175000
2846.950000
2885.650000
2924.425000
2963.125000
3001.400000
3039.500000
3077.025000
3113.825000
3151.200000
3187.925000
3224.575000
3261.150000
3297.000000
3333.150000
3369.000000
3404.875000
3440.975000
3476.050000
3511.800000
3546.775000
3581.500000
3616.450000
3651.225000
3685.575000
3719.400000
3753.400000
3787.200000
3820.675000
3854.125000
3887.375000
3920.500000
3953.725000
3986.725000
4019.375000
4052.300000
4085.450000
4118.725000
4151.825000
4184.600000
4217.500000
4249.875000
4281.675000
4313.425000
4345.700000
4377.600000
4409.075000
4441.075000
4473.150000
4504.425000
4535.600000
4567.525000
4598.275000
4629.850000
4660.925000
4691.325000
4722.700000
4752.775000
4784.075000
4813.875000
4844.875000
4874.700000
4905.200000
4935.500000
4965.400000
4995.675000
5024.850000
5055.000000
5085.325000
5114.825000
5145.175000
5174.525000
5203.825000
5233.500000
5263.175000
5292.175000
5321.700000
5351.100000
5380.000000
5408.250000
5437.000000
5466.200000
5495.400000
5524.350000
5552.450000
5580.325000
5608.125000
5635.875000
5663.600000
5691.400000
5719.125000
5746.850000
5774.600000
5802.350000
5830.075000
5857.825000
5885.575000
5913.325000
5941.125000
5968.900000
5996.650000
6024.400000
6052.150000
6079.900000
6107.650000
6135.400000
6163.175000
6190.975000
6218.700000
6246.400000
6273.900000
6301.125000
6328.675000
6355.900000
6382.925000
6409.350000
6435.625000
6463.075000
6490.050000
6517.050000
6543.275000
6569.125000
6595.975000
6622.975000
6649.450000
6674.850000
6701.475000
6727.725000
6753.200000
6779.850000
6806.525000
6832.050000
6857.775000
6884.325000
6909.600000
6935.475000
6962.000000
6987.200000
7013.200000
7039.550000
7064.775000
7090.950000
7116.850000
7141.375000
7167.550000
7192.500000
7218.500000
7243.975000
7268.925000
7294.450000
7318.975000
7344.450000
7368.950000
7394.300000
7418.900000
7444.150000
7468.875000
7494.050000
7518.850000
7543.750000
7568.800000
7592.975000
7617.875000
7641.425000
7666.400000
7691.025000
7715.075000
7739.975000
7763.450000
7787.675000
7812.350000
7835.675000
7859.625000
7884.375000
7907.825000
7931.675000
7956.500000
7980.025000
8003.825000
8028.675000
8052.225000
8075.875000
8100.650000
8124.400000
8147.275000
8170.650000
8195.225000
8218.850000
8241.550000
8264.900000
8288.700000
8312.400000
8335.525000
8358.050000
8380.500000
8403.775000
8427.425000
8451.050000
8474.375000
8496.850000
8519.225000
8541.525000
8563.675000
8585.850000
8608.050000
8630.250000
8652.500000
8674.700000
8696.900000
8719.100000
8741.325000
8763.475000
8785.675000
8807.900000
8830.125000
8852.350000
8874.575000
8896.775000
8919.000000
8941.225000
8963.375000
8985.600000
9007.800000
9030.025000
9052.275000
9074.475000
9096.700000
9118.900000
9141.125000
9163.300000
9185.525000
9207.725000
9229.950000
9252.200000
9274.400000
9296.625000
9318.850000
9341.075000
9363.250000
9385.450000
9407.675000
9429.900000
9452.125000
9474.350000
9496.575000
9518.775000
9541.000000
9563.175000
9585.400000
9607.625000
9629.825000
9652.050000
9674.275000
9696.475000
9718.675000
9740.925000
9763.075000
9785.225000
9807.025000
9828.875000
9850.850000
9872.875000
9894.400000
9914.950000
9935.600000
9957.600000
9979.325000
10000.975000
10022.250000
10042.650000
10063.350000
10085.325000
10106.775000
10128.600000
10149.725000
10169.300000
10191.000000
10212.425000
10234.175000
10255.300000
10274.850000
10296.550000
10317.925000
10339.675000
10360.825000
10380.350000
10402.100000
10423.450000
10445.250000
10466.500000
10485.925000
10507.625000
10529.125000
10550.875000
10572.000000
10591.575000
10613.200000
10634.650000
10656.425000
10677.550000
10697.075000
10718.775000
10740.225000
10761.975000
10783.075000
10802.625000
10824.325000
10845.675000
10867.500000
10888.625000
10908.125000
10929.850000
10951.225000
10973.025000
10994.200000
11013.675000
11035.400000
11056.850000
11078.675000
11099.750000
11119.300000
11141.000000
11162.425000
11184.200000
11205.300000
11224.850000
11246.550000
11267.925000
11289.675000
11310.825000
11330.350000
11352.100000
11373.450000
11395.250000
11416.500000
11435.925000
11457.625000
11479.125000
11500.875000
11522.000000
11541.575000
11563.200000
11584.650000
11606.425000
11627.550000
11647.075000
11668.775000
11690.225000
11711.975000
11733.075000
11752.625000
11774.325000
11795.675000
11817.500000
11838.625000
11858.125000
11879.850000
11901.225000
11923.025000
11944.200000
11963.675000
11985.400000
12006.850000
12028.675000
12049.750000
12069.300000
12091.000000
12112.425000
12134.200000
12155.300000
12174.850000
12196.550000
12217.925000
12239.675000
12260.825000
12280.350000
12302.100000
12323.450000
12345.250000
12366.500000
12385.925000
12407.625000
12429.125000
12450.875000
12472.000000
12491.575000
12513.200000
12534.650000
12556.425000
12577.550000
12597.075000
12618.775000
12640.225000
12661.975000
12683.075000
12702.625000
12724.325000
12745.675000
12767.500000
12788.625000
12808.125000
12829.850000
12851.225000
12873.025000
12894.200000
12913.675000
12935.400000
12956.850000
12978.675000
12999.750000
13019.300000
13041.000000
13062.425000
13084.200000
13105.300000
13124.850000
13146.550000
13167.925000
13189.675000
13210.825000
13230.350000
13252.100000
13273.450000
13295.250000
13316.500000
13335.925000
13357.625000
13379.125000
13400.875000
13422.000000
13441.575000
13463.200000
13484.650000
13506.425000
13527.550000
13547.075000
13568.775000
13590.225000
13611.975000
13633.075000
13652.625000
13674.325000
13695.675000
13717.500000
13738.625000
13758.125000
13779.850000
13801.225000
13823.025000
13844.200000
13863.675000
13885.400000
13906.850000
13928.675000
13949.750000
13969.300000
13991.000000
14012.425000
14034.200000
14055.300000
14074.850000
14096.550000
14117.925000
14139.675000
14160.825000
14180.350000
14202.100000
14223.450000
14245.250000
14266.500000
14285.925000
14307.625000
14329.125000
14350.875000
14372.000000
14391.575000
14413.200000
14434.650000
14456.425000
14477.550000
14497.075000
14518.775000
14540.225000
14561.975000
14583.075000
14602.625000
14624.325000
14645.675000
14667.500000
14688.625000
14708.125000
14729.850000
14751.225000
14773.025000
14794.200000
14813.675000
14835.400000
14856.850000
14878.675000
14899.750000
14919.300000
14941.000000
14962.425000
14984.200000
15005.300000
15024.850000
15046.550000
15067.925000
15089.675000
15110.825000
15130.350000
15152.100000
15173.450000
15195.250000
15216.500000
15235.925000
15257.625000
15279.125000
15300.875000
15322.000000
15341.575000
15363.200000
15384.650000
15406.425000
15427.550000
15447.075000
15468.775000
15490.225000
15511.975000
15533.075000
15552.625000
15574.325000
15595.675000
15617.500000
15638.625000
15658.125000
15679.850000
15701.225000
15723.025000
15744.200000
15763.675000
15785.400000
15806.850000
15828.675000
15849.750000
15869.300000
15891.000000
15912.425000
15934.200000
15955.300000
15974.850000
15996.550000
16017.925000
16039.675000
16060.825000
16080.350000
16102.100000
16123.450000
16145.250000
16166.500000
16185.925000
16207.625000
16229.125000
16250.875000
16272.000000
16291.575000
16313.200000
16334.650000
16356.425000
16377.550000
16397.075000
16418.775000
16440.225000
16461.975000
16483.075000
16502.625000
16524.325000
16545.675000
16567.500000
16588.625000
16608.125000
16629.850000
16651.225000
16673.025000
16694.200000
16713.675000
16735.400000
16756.850000
16778.675000
16799.750000
16819.300000
16841.000000
16862.425000
16884.200000
16905.300000
16924.850000
16946.550000
16967.925000
16989.675000
17010.825000
17030.350000
17052.100000
17073.450000
17095.250000
17116.500000
17135.925000
17157.625000
17179.125000
17200.875000
17222.000000
17241.575000
17263.200000
17284.650000
17306.425000
17327.550000
17347.075000
17368.775000
17390.225000
17411.975000
17433.075000
17452.625000
17474.325000
17495.675000
17517.500000
17538.625000
17558.125000
17579.850000
17601.225000
17623.025000
17644.200000
17663.675000
17685.400000
17706.850000
17728.675000
17749.750000
17769.300000
17791.000000
17812.425000
17834.200000
17855.300000
17874.850000
17896.550000
17917.925000
17939.675000
17960.825000
17980.350000
18002.100000
18023.450000
18045.250000
18066.500000
18085.925000
18107.625000
18129.125000
18150.875000
18172.000000
18191.575000
18213.200000
18234.650001
18256.425001
18277.550001
18297.075001
18318.775001
18340.225001
18361.975001
18383.075001
18402.625001
18424.325001
18445.675001
18467.500001
18488.625001
18508.125001
18529.850001
18551.225001
18573.025001
18594.200001
18613.675001
18635.400001
18656.850001
18678.675001
18699.750001
18719.300001
18741.000001
18762.425001
18784.200001
18805.300001
18824.850001
18846.550001
18867.925001
18889.675001
18910.825001
18930.350001
18952.100001
18973.450001
18995.250001
19016.500001
19035.925001
19057.625001
19079.125001
19100.875001
19122.000001
19141.575001
19163.200001
19184.650001
19206.425001
19227.550001
19247.075001
19268.775001
19290.225001
19311.975001
19333.075001
19352.625001
19374.325001
19395.675001
19417.500001
19438.625001
19458.125001
19479.850001
19501.225001
19523.025001
19544.200001
19563.675001
19585.400001
19606.850001
19628.675001
19649.750001
19669.300001
19691.000001
19712.425001
19734.200001
19755.300001
19774.850001
19796.550001
19817.925001
19839.675001
19860.825001
19880.350001
19902.100001
19923.450001
19945.250001
19966.500001
19985.925001
20007.625001
20029.125001
20050.875001
20072.000001
20091.575001
20113.200001
20134.725001
20156.500001
20177.700001
20198.100001
20218.950001
20240.975001
20262.850001
20284.525001
20306.475001
20328.575001
20350.600001
20372.475001
20394.075001
20414.825001
20435.650001
20457.650001
20479.825001
20502.050001
20524.275001
20546.500001
20568.725001
20590.975001
20613.175001
20635.400001
20657.625001
20679.875001
20702.100001
20724.350001
20746.575001
20768.800001
20791.050001
20813.225001
20835.450001
20857.700001
20879.925001
20902.175001
20924.400001
20946.625001
20968.875001
20991.100001
21013.300001
21035.525001
21057.750001
21080.000001
21102.250001
21124.475001
21146.700001
21168.950001
21191.175001
21213.375001
21235.600001
21257.825001
21280.075001
21302.325001
21324.550001
21346.800001
21369.025001
21391.275001
21413.450001
21435.700001
21457.925001
21480.175001
21502.450001
21524.700001
21546.925001
21569.175001
21591.450001
21613.625001
21635.850001
21658.100001
21680.375001
21702.750001
21725.800001
21749.550001
21773.275001
21796.600001
21819.175001
21842.325001
21866.400001
21890.125001
21913.300001
21935.925001
21959.350001
21983.275001
22007.525001
22030.250001
22053.875001
22078.625001
22102.200001
22125.850001
22150.775001
22174.450001
22198.175001
22223.075001
22246.725001
22270.500001
22295.375001
22318.975001
22342.850001
22367.675001
22391.275001
22415.725001
22440.925001
22464.950001
22489.975001
22513.500001
22538.500001
22563.225001
22587.600001
22612.975001
22637.275001
22662.375001
22685.975001
22711.500001
22735.700001
22760.975001
22785.550001
22810.900001
22835.550001
22860.975001
22885.600001
22911.250001
22935.700001
22961.925001
22986.475001
23012.450001
23037.300001
23063.175001
23089.025001
23113.600001
23139.900001
23165.025001
23191.050001
23217.550001
23242.800001
23268.850001
23295.375001
23320.750001
23346.675001
23373.250001
23399.450001
23424.775001
23451.325001
23477.675001
23503.650001
23529.975001
23556.825001
23583.300001
23609.375001
23635.600001
23663.000001
23690.025001
23717.400001
23744.350001
23770.600001
23796.875001
23824.325001
23851.950001
23879.700001
23907.425001
23935.225001
23963.075001
23990.950001
24018.750001
24046.550001
24074.350001
24102.150001
24129.925001
24157.725001
24185.525001
24213.300001
24241.150001
24268.950001
24296.750001
24324.550001
24352.350001
24380.125001
24407.925001
24435.725001
24463.550001
24491.425001
24519.275001
24547.175001
24575.575001
24604.100001
24633.000001
24662.200001
24691.100001
24719.425001
24748.200001
24777.550001
24807.025001
24835.700001
24864.875001
24894.875001
24924.425001
24953.825001
24984.150001
25013.450001
25042.925001
25073.225001
25102.525001
25132.850001
25163.225001
25193.275001
25224.175001
25254.625001
25285.450001
25316.325001
25346.750001
25377.750001
25407.975001
25439.625001
25470.400001
25502.050001
25533.675001
25564.800001
25596.600001
25628.725001
25660.475001
25691.700001
25724.100001
25756.550001
25788.625001
25820.450001
25852.400001
25885.350001
25918.225001
25951.100001
25984.275001
26017.600001
26050.975001
26084.425001
26117.875001
26151.400001
26185.325001
26218.950001
26252.425001
26285.850001
26319.400001
26353.475001
26387.625001
26422.250001
26457.325001
26491.600001
26526.150001
26561.775001
26596.850001
26632.000001
26667.900001
26703.450001
26739.900001
26775.800001
26812.525001
26848.575001
26885.500001
26922.975001
26959.825001
26996.925001
27034.875001
27073.100001
27111.250001
27149.550001
27188.050001
27226.575001
27265.275001
27304.450001
27344.150001
27384.450001
27424.600001
27464.900001
27506.275001
27547.175001
27588.825001
27630.450001
27673.275001
27716.175001
27759.275001
27802.825001
27847.025001
27891.750001
27937.025001
27983.275001
28030.300001
28078.525001
28127.100001
28176.525001
28227.500001
28280.500001
28335.950001
28394.000001
