100.000000
12.000000
3060.425000
3134.650000
3209.025000
3282.075000
3353.775000
3424.475000
3494.100000
3562.900000
3630.725000
3697.775000
3764.050000
3829.850000
3894.900000
3959.175000
4023.100000
4086.225000
4148.775000
4211.000000
4272.950000
4334.575000
4395.700000
4456.525000
4516.900000
4576.675000
4636.175000
4695.625000
4754.550000
4813.325000
4871.750000
4930.075000
4987.750000
5045.450000
5102.625000
5159.475000
5216.200000
5272.825000
5329.225000
5385.250000
5441.125000
5496.750000
5552.150000
5607.375000
5662.300000
5716.850000
5770.975000
5825.000000
5879.125000
5932.800000
5986.250000
6039.775000
6092.875000
6145.900000
6198.450000
6251.175000
6303.525000
6355.900000
6407.950000
6459.675000
6511.325000
6562.925000
6614.000000
6665.075000
6716.125000
6767.300000
6818.125000
6868.775000
6919.200000
6969.350000
7019.325000
7069.250000
7119.100000
7168.925000
7218.675000
7268.225000
7317.700000
7366.850000
7415.675000
7464.450000
7513.400000
7562.300000
7610.750000
7659.125000
7707.725000
7756.150000
7804.150000
7852.225000
7900.125000
7947.725000
7995.625000
8042.925000
8090.450000
8137.500000
8184.825000
8231.750000
8279.025000
8325.775000
8373.000000
8419.575000
8466.300000
8513.000000
8559.375000
8605.750000
8652.100000
8698.250000
8744.375000
8790.400000
8836.000000
8881.725000
8927.450000
8973.325000
9018.950000
9064.225000
9109.500000
9154.875000
9200.200000
9245.525000
9290.650000
9335.650000
9380.450000
9425.025000
9469.575000
9513.950000
9558.325000
9602.675000
9647.025000
9691.425000
9735.725000
9780.125000
9824.450000
9868.800000
9913.050000
9957.125000
10001.100000
10045.050000
10088.750000
10132.250000
10175.900000
10219.500000
10263.375000
10307.325000
10351.150000
10394.975000
10438.700000
10482.150000
10525.825000
10569.450000
10613.325000
10657.275000
10701.125000
10744.900000
10788.600000
10832.075000
10875.725000
10919.400000
10963.300000
11007.225000
11051.075000
11094.850000
11138.525000
11182.025000
11225.675000
11269.375000
11313.275000
11357.200000
11401.050000
11444.825000
11488.500000
11532.025000
11575.650000
11619.350000
11663.250000
11707.175000
11751.050000
11794.800000
11838.475000
11882.000000
11925.650000
11969.350000
12013.250000
12057.175000
12101.050000
12144.800000
12188.475000
12232.000000
12275.650000
12319.350000
12363.250000
12407.150000
12451.050000
12494.800000
12538.450000
12582.000000
12625.650000
12669.350000
12713.250000
12757.150000
12801.025000
12844.800000
12888.450000
12932.000000
12975.650000
13019.350000
13063.250000
13107.150000
13151.025000
13194.800000
13238.450000
13282.000000
13325.650000
13369.350000
13413.250000
13457.150000
13501.025000
13544.800000
13588.450000
13632.000000
13675.650000
13719.350000
13763.250000
13807.150000
13851.025000
13894.800000
13938.450000
13982.000000
14025.650000
14069.350000
14113.250000
14157.150000
14201.025000
14244.800000
14288.450000
14332.000000
14375.650000
14419.350000
14463.250000
14507.150000
14551.025000
14594.800000
14638.450000
14682.000000
14725.650000
14769.350000
14813.250000
14857.150000
14901.025000
14944.800000
14988.450000
15032.000000
15075.650000
15119.350000
15163.250000
15207.150000
15251.025000
15294.800000
15338.450000
15382.000000
15425.650000
15469.350000
15513.250000
15557.150000
15601.025000
15644.800000
15688.450000
15732.000000
15775.650000
15819.350000
15863.250000
15907.150000
15951.025000
15994.800000
16038.450000
16082.000000
16125.650000
16169.350000
16213.250000
16257.150000
16301.025000
16344.800000
16388.450000
16432.000000
16475.650000
16519.350000
16563.250000
16607.150000
16651.025000
16694.800000
16738.450000
16782.000000
16825.650000
16869.350000
16913.250000
16957.150000
17001.025000
17044.800000
17088.450000
17132.000000
17175.650000
17219.350000
17263.250000
17307.150000
17351.025000
17394.800000
17438.450000
17482.000000
17525.650000
17569.350000
17613.250000
17657.150000
17701.025000
17744.800000
17788.450000
17832.000000
17875.650000
17919.350000
17963.250000
18007.150000
18051.025000
18094.800000
18138.450000
18182.000000
18225.650000
18269.350001
18313.250001
18357.150001
18401.025001
18444.800001
18488.450001
18532.000001
18575.650001
18619.350001
18663.250001
18707.150001
18751.025001
18794.800001
18838.450001
18882.000001
18925.650001
18969.350001
19013.250001
19057.150001
19101.025001
19144.800001
19188.450001
19232.000001
19275.650001
19319.350001
19363.250001
19407.150001
19451.025001
19494.800001
19538.450001
19582.000001
19625.650001
19669.350001
19713.250001
19757.150001
19801.025001
19844.800001
19888.450001
19932.000001
19975.650001
20019.350001
20063.250001
20107.175001
20151.125001
20195.200001
20239.225001
20283.175001
20327.175001
20371.375001
20415.500001
20459.625001
20503.950001
20548.250001
20592.775001
20637.250001
20681.775001
20726.275001
20770.850001
20815.650001
20860.700001
20905.875001
20951.175001
20996.475001
21041.700001
21087.025001
21132.600001
21178.575001
21224.400001
21270.200001
21316.225001
21362.350001
21408.125001
21454.100001
21500.300001
21546.650001
21592.925001
21639.525001
21685.950001
21732.600001
21779.700001
21826.275001
21873.375001
21920.300001
21967.800001
22014.850001
22062.400001
22109.575001
22157.225001
22204.800001
22252.575001
22300.575001
22348.400001
22396.600001
22445.075001
22493.200001
22541.550001
22590.175001
22638.700001
22687.275001
22735.975001
22785.100001
22834.400001
22883.550001
22932.900001
22982.350001
23031.850001
23081.550001
23131.450001
23181.525001
23231.675001
23281.825001
23332.100001
23382.700001
23433.475001
23484.500001
23535.575001
23586.725001
23638.125001
23689.900001
23741.550001
23793.150001
23845.375001
23897.400001
23949.700001
24002.300001
24055.125001
24108.050001
24161.050001
24214.075001
24267.775001
24321.225001
24375.000001
24429.225001
24483.375001
24537.700001
24592.450001
24647.375001
24702.550001
24758.025001
24813.675001
24869.525001
24925.675001
24982.125001
25038.800001
25095.875001
25153.025001
25210.600001
25268.725001
25326.825001
25385.475001
25444.325001
25503.400001
25563.025001
25622.925001
25683.050001
25743.400001
25804.125001
25865.125001
25926.450001
25988.300001
26050.775001
26113.550001
26176.500001
26240.125001
26304.025001
26368.600001
26433.500001
26498.750001
26564.675001
26631.250001
26698.325001
26765.950001
26834.425001
26903.325001
26973.025001
27043.300001
27114.275001
27186.100001
27258.725001
27332.250001
27406.925001
27482.450001
27559.250001
27637.250001
27716.600001
27797.575001
27880.425001
27965.125001
28052.450001
28143.125001
28239.125001
