10.000000
34.000000
4617.725000
4694.100000
4766.000000
4833.300000
4896.750000
4957.250000
5014.950000
5070.850000
5125.275000
5178.900000
5231.150000
5282.800000
5333.775000
5384.225000
5434.075000
5483.300000
5531.900000
5580.275000
5628.300000
5675.800000
5723.250000
5769.850000
5816.325000
5862.425000
5907.975000
5953.025000
5997.750000
6042.200000
6086.100000
6129.900000
6173.350000
6216.150000
6258.475000
6300.900000
6342.725000
6384.525000
6425.700000
6467.125000
6508.050000
6548.650000
6589.350000
6630.025000
6670.350000
6710.650000
6751.000000
6791.050000
6830.725000
6870.450000
6909.925000
6949.500000
6988.950000
7028.400000
7067.875000
7107.000000
7146.000000
7184.975000
7223.850000
7262.700000
7301.450000
7340.200000
7378.975000
7417.625000
7456.175000
7494.650000
7533.000000
7571.050000
7609.275000
7647.325000
7685.600000
7723.750000
7761.900000
7799.900000
7837.550000
7875.225000
7913.225000
7951.225000
7988.800000
8026.250000
8063.750000
8101.400000
8138.800000
8176.100000
8213.550000
8251.150000
8288.350000
8325.550000
8363.025000
8400.250000
8437.250000
8474.450000
8511.575000
8548.475000
8585.550000
8622.525000
8659.275000
8696.200000
8733.000000
8769.500000
8806.500000
8842.925000
8879.675000
8916.350000
8952.675000
8989.100000
9025.225000
9061.925000
9098.175000
9134.700000
9170.675000
9207.025000
9242.950000
9279.250000
9315.100000
9351.300000
9387.075000
9423.375000
9458.925000
9495.325000
9530.825000
9566.825000
9602.525000
9638.200000
9674.125000
9709.675000
9745.575000
9780.700000
9816.475000
9851.975000
9887.375000
9923.125000
9958.250000
9993.450000
10029.175000
10063.975000
10099.200000
10134.775000
10169.650000
10205.125000
10240.475000
10275.450000
10310.900000
10346.100000
10381.100000
10416.650000
10451.850000
10487.025000
10522.400000
10557.750000
10592.925000
10628.350000
10663.625000
10698.600000
10734.150000
10769.300000
10804.375000
10839.950000
10874.925000
10909.925000
10945.550000
10980.475000
11015.500000
11051.100000
11086.000000
11121.000000
11156.650000
11191.625000
11226.550000
11262.200000
11297.150000
11332.175000
11367.800000
11402.700000
11437.750000
11473.350000
11508.225000
11543.250000
11578.925000
11613.775000
11648.775000
11684.400000
11719.350000
11754.450000
11790.025000
11824.950000
11859.975000
11895.575000
11930.475000
11965.525000
12001.125000
12036.025000
12071.000000
12106.650000
12141.625000
12176.575000
12212.200000
12247.150000
12282.175000
12317.800000
12352.700000
12387.750000
12423.350000
12458.225000
12493.250000
12528.925000
12563.775000
12598.775000
12634.400000
12669.350000
12704.450000
12740.025000
12774.950000
12809.975000
12845.575000
12880.475000
12915.525000
12951.125000
12986.025000
13021.000000
13056.650000
13091.625000
13126.575000
13162.200000
13197.150000
13232.175000
13267.800000
13302.700000
13337.750000
13373.350000
13408.225000
13443.250000
13478.925000
13513.775000
13548.775000
13584.400000
13619.350000
13654.450000
13690.025000
13724.950000
13759.975000
13795.575000
13830.475000
13865.525000
13901.125000
13936.025000
13971.000000
14006.650000
14041.625000
14076.575000
14112.200000
14147.150000
14182.175000
14217.800000
14252.700000
14287.750000
14323.350000
14358.225000
14393.250000
14428.925000
14463.775000
14498.775000
14534.400000
14569.350000
14604.450000
14640.025000
14674.950000
14709.975000
14745.575000
14780.475000
14815.525000
14851.125000
14886.025000
14921.000000
14956.650000
14991.625000
15026.575000
15062.200000
15097.150000
15132.175000
15167.800000
15202.700000
15237.750000
15273.350000
15308.225000
15343.250000
15378.925000
15413.775000
15448.775000
15484.400000
15519.350000
15554.450000
15590.025000
15624.950000
15659.975000
15695.575000
15730.475000
15765.525000
15801.125000
15836.025000
15871.000000
15906.650000
15941.625000
15976.575000
16012.200000
16047.150000
16082.175000
16117.800000
16152.700000
16187.750000
16223.350000
16258.225000
16293.250000
16328.925000
16363.775000
16398.775000
16434.400000
16469.350000
16504.450000
16540.025000
16574.950000
16609.975000
16645.575000
16680.475000
16715.525000
16751.125000
16786.025000
16821.000000
16856.650000
16891.625000
16926.575000
16962.200000
16997.150000
17032.175000
17067.800000
17102.700000
17137.750000
17173.350000
17208.225000
17243.250000
17278.925000
17313.775000
17348.775000
17384.400000
17419.350000
17454.450000
17490.025000
17524.950000
17559.975000
17595.575000
17630.475000
17665.525000
17701.125000
17736.025000
17771.000000
17806.650000
17841.625000
17876.575000
17912.200000
17947.150000
17982.175000
18017.800000
18052.700000
18087.750000
18123.350000
18158.225000
18193.250000
18228.925001
18263.775001
18298.775001
18334.400001
18369.350001
18404.450001
18440.025001
18474.950001
18509.975001
18545.575001
18580.475001
18615.525001
18651.125001
18686.025001
18721.000001
18756.650001
18791.625001
18826.575001
18862.200001
18897.150001
18932.175001
18967.800001
19002.700001
19037.750001
19073.350001
19108.225001
19143.250001
19178.925001
19213.775001
19248.775001
19284.400001
19319.350001
19354.450001
19390.025001
19424.950001
19459.975001
19495.575001
19530.475001
19565.525001
19601.125001
19636.025001
19671.000001
19706.650001
19741.625001
19776.575001
19812.200001
19847.150001
19882.175001
19917.800001
19952.700001
19987.750001
20023.350001
20058.225001
20093.250001
20128.975001
20163.825001
20198.975001
20234.675001
20269.650001
20305.300001
20340.850001
20376.250001
20412.075001
20447.300001
20483.050001
20518.800001
20554.400001
20590.300001
20625.850001
20662.050001
20697.550001
20733.525001
20769.325001
20805.325001
20841.350001
20877.325001
20913.525001
20949.650001
20985.800001
21022.000001
21058.100001
21094.400001
21130.450001
21166.900001
21202.950001
21239.650001
21276.050001
21312.675001
21348.875001
21385.675001
21422.300001
21458.625001
21495.650001
21532.075001
21569.025001
21605.900001
21642.725001
21679.875001
21716.975001
21753.900001
21791.125001
21828.475001
21865.425001
21902.625001
21940.075001
21977.200001
22014.450001
22052.125001
22089.850001
22127.275001
22164.800001
22202.500001
22240.250001
22277.800001
22315.300001
22352.875001
22390.900001
22429.050001
22466.900001
22504.825001
22542.875001
22580.700001
22619.000001
22657.275001
22695.650001
22733.950001
22772.350001
22810.750001
22849.025001
22887.475001
22926.000001
22964.525001
23003.200001
23041.900001
23080.550001
23119.350001
23158.175001
23197.100001
23236.000001
23274.975001
23313.925001
23353.000001
23392.275001
23431.675001
23470.875001
23510.325001
23549.975001
23589.700001
23629.500001
23669.200001
23708.775001
23748.575001
23788.550001
23828.800001
23868.900001
23908.925001
23949.200001
23989.775001
24030.200001
24070.550001
24111.050001
24151.600001
24192.150001
24233.000001
24273.825001
24314.600001
24355.675001
24396.775001
24437.800001
24479.200001
24520.400001
24562.025001
24603.450001
24645.300001
24686.900001
24728.975001
24770.650001
24812.675001
24854.625001
24896.875001
24939.125001
24981.450001
25024.025001
25066.675001
25109.300001
25152.250001
25195.400001
25238.450001
25281.650001
25324.900001
25368.400001
25412.125001
25455.800001
25499.650001
25543.600001
25587.700001
25631.925001
25676.275001
25720.775001
25765.450001
25810.375001
25855.550001
25900.950001
25946.450001
25992.075001
26037.800001
26083.875001
26130.175001
26176.400001
26223.100001
26269.775001
26316.750001
26363.775001
26411.100001
26458.500001
26506.400001
26554.325001
26602.500001
26651.025001
26699.650001
26748.450001
26797.500001
26846.925001
26896.650001
26946.675001
26996.975001
27047.450001
27098.325001
27149.625001
27201.400001
27253.475001
27306.250001
27359.400001
27413.250001
27467.850001
27523.100001
27579.250001
27636.125001
27694.150001
27753.325001
27813.875001
27875.800001
27939.250001
28004.200001
28070.700001
28138.850001
28208.700001
28280.400001
28353.750001
28429.050001
28506.450001
28586.325001
28669.525001
28757.450001
28853.525001
29067.900001
29168.325001
