200.000000
1.000000
2731.975000
2780.600000
2824.675000
2866.125000
2905.900000
2944.050000
2981.275000
3017.550000
3053.400000
3088.450000
3123.125000
3157.575000
3191.775000
3225.650000
3259.225000
3292.625000
3325.875000
3359.100000
3392.275000
3425.400000
3458.075000
3490.900000
3523.425000
3556.100000
3588.425000
3620.625000
3653.000000
3685.225000
3717.375000
3749.400000
3781.375000
3813.250000
3845.150000
3877.000000
3908.875000
3940.625000
3972.125000
4003.575000
4035.175000
4066.550000
4097.875000
4129.150000
4160.350000
4191.500000
4222.750000
4253.700000
4284.675000
4315.725000
4346.625000
4377.425000
4408.100000
4438.800000
4469.475000
4500.225000
4530.950000
4561.675000
4592.275000
4622.850000
4653.425000
4683.950000
4714.450000
4744.950000
4775.350000
4805.400000
4835.475000
4865.775000
4895.675000
4925.675000
4955.925000
4985.650000
5015.725000
5045.400000
5075.450000
5105.075000
5134.850000
5164.550000
5194.100000
5223.600000
5253.325000
5282.750000
5312.125000
5341.525000
5370.625000
5400.025000
5429.325000
5458.750000
5488.050000
5517.350000
5546.575000
5575.725000
5604.875000
5634.050000
5663.150000
5692.300000
5721.375000
5750.525000
5779.600000
5808.450000
5837.000000
5865.925000
5894.950000
5923.425000
5952.125000
5981.050000
6009.375000
6038.075000
6066.725000
6095.150000
6123.500000
6152.025000
6180.300000
6208.875000
6237.025000
6265.225000
6293.600000
6321.750000
6350.150000
6378.400000
6406.450000
6434.425000
6462.375000
6490.475000
6518.600000
6546.600000
6574.500000
6602.350000
6630.125000
6657.875000
6685.625000
6713.375000
6741.150000
6768.900000
6796.650000
6824.375000
6852.125000
6879.875000
6907.600000
6935.350000
6963.075000
6990.850000
7018.575000
7046.200000
7073.350000
7100.725000
7128.400000
7156.075000
7183.600000
7210.650000
7238.075000
7265.150000
7292.350000
7319.900000
7346.850000
7374.175000
7401.050000
7428.400000
7455.400000
7482.500000
7509.300000
7536.600000
7563.375000
7590.475000
7617.350000
7644.225000
7670.800000
7697.775000
7724.500000
7751.075000
7778.225000
7804.900000
7831.450000
7858.025000
7884.475000
7911.125000
7937.400000
7964.000000
7990.675000
8017.300000
8043.850000
8070.225000
8096.700000
8123.050000
8149.475000
8175.775000
8202.200000
8228.575000
8254.925000
8281.300000
8307.650000
8334.050000
8360.375000
8386.750000
8413.100000
8439.500000
8465.875000
8492.225000
8518.550000
8544.950000
8570.600000
8596.625000
8622.850000
8648.825000
8674.575000
8700.650000
8726.450000
8752.200000
8778.400000
8804.025000
8829.850000
8856.075000
8881.525000
8907.525000
8933.225000
8958.975000
8984.475000
9010.275000
9035.725000
9061.675000
9087.025000
9112.900000
9138.325000
9164.075000
9189.550000
9214.825000
9240.500000
9265.975000
9291.325000
9317.125000
9342.375000
9367.575000
9392.675000
9417.800000
9442.750000
9467.800000
9492.725000
9517.725000
9542.650000
9567.650000
9592.600000
9617.600000
9642.550000
9667.550000
9692.525000
9717.525000
9742.475000
9767.475000
9792.450000
9817.450000
9842.425000
9867.425000
9892.400000
9917.400000
9942.375000
9967.375000
9992.350000
10017.350000
10042.325000
10067.325000
10092.300000
10117.300000
10142.300000
10167.300000
10192.275000
10217.300000
10242.275000
10267.300000
10292.275000
10317.300000
10342.275000
10367.300000
10392.275000
10417.300000
10442.275000
10467.300000
10492.275000
10517.300000
10542.275000
10567.300000
10592.275000
10617.300000
10642.275000
10667.300000
10692.275000
10717.300000
10742.275000
10767.300000
10792.275000
10817.300000
10842.275000
10867.300000
10892.275000
10917.300000
10942.275000
10967.300000
10992.275000
11017.300000
11042.275000
11067.300000
11092.275000
11117.300000
11142.275000
11167.300000
11192.275000
11217.300000
11242.275000
11267.300000
11292.275000
11317.300000
11342.275000
11367.300000
11392.275000
11417.300000
11442.275000
11467.300000
11492.275000
11517.300000
11542.275000
11567.300000
11592.275000
11617.300000
11642.275000
11667.300000
11692.275000
11717.300000
11742.275000
11767.300000
11792.275000
11817.300000
11842.275000
11867.300000
11892.275000
11917.300000
11942.275000
11967.300000
11992.275000
12017.300000
12042.275000
12067.300000
12092.275000
12117.300000
12142.275000
12167.300000
12192.275000
12217.300000
12242.275000
12267.300000
12292.275000
12317.300000
12342.275000
12367.300000
12392.275000
12417.300000
12442.275000
12467.300000
12492.275000
12517.300000
12542.275000
12567.300000
12592.275000
12617.300000
12642.275000
12667.300000
12692.275000
12717.300000
12742.275000
12767.300000
12792.275000
12817.300000
12842.275000
12867.300000
12892.275000
12917.300000
12942.275000
12967.300000
12992.275000
13017.300000
13042.275000
13067.300000
13092.275000
13117.300000
13142.275000
13167.300000
13192.275000
13217.300000
13242.275000
13267.300000
13292.275000
13317.300000
13342.275000
13367.300000
13392.275000
13417.300000
13442.275000
13467.300000
13492.275000
13517.300000
13542.275000
13567.300000
13592.275000
13617.300000
13642.275000
13667.300000
13692.275000
13717.300000
13742.275000
13767.300000
13792.275000
13817.300000
13842.275000
13867.300000
13892.275000
13917.300000
13942.275000
13967.300000
13992.275000
14017.300000
14042.275000
14067.300000
14092.275000
14117.300000
14142.275000
14167.300000
14192.275000
14217.300000
14242.275000
14267.300000
14292.275000
14317.300000
14342.275000
14367.300000
14392.275000
14417.300000
14442.275000
14467.300000
14492.275000
14517.300000
14542.275000
14567.300000
14592.275000
14617.300000
14642.275000
14667.300000
14692.275000
14717.300000
14742.275000
14767.300000
14792.275000
14817.300000
14842.275000
14867.300000
14892.275000
14917.300000
14942.275000
14967.300000
14992.275000
15017.300000
15042.275000
15067.300000
15092.275000
15117.300000
15142.275000
15167.300000
15192.275000
15217.300000
15242.275000
15267.300000
15292.275000
15317.300000
15342.275000
15367.300000
15392.275000
15417.300000
15442.275000
15467.300000
15492.275000
15517.300000
15542.275000
15567.300000
15592.275000
15617.300000
15642.275000
15667.300000
15692.275000
15717.300000
15742.275000
15767.300000
15792.275000
15817.300000
15842.275000
15867.300000
15892.275000
15917.300000
15942.275000
15967.300000
15992.275000
16017.300000
16042.275000
16067.300000
16092.275000
16117.300000
16142.275000
16167.300000
16192.275000
16217.300000
16242.275000
16267.300000
16292.275000
16317.300000
16342.275000
16367.300000
16392.275000
16417.300000
16442.275000
16467.300000
16492.275000
16517.300000
16542.275000
16567.300000
16592.275000
16617.300000
16642.275000
16667.300000
16692.275000
16717.300000
16742.275000
16767.300000
16792.275000
16817.300000
16842.275000
16867.300000
16892.275000
16917.300000
16942.275000
16967.300000
16992.275000
17017.300000
17042.275000
17067.300000
17092.275000
17117.300000
17142.275000
17167.300000
17192.275000
17217.300000
17242.275000
17267.300000
17292.275000
17317.300000
17342.275000
17367.300000
17392.275000
17417.300000
17442.275000
17467.300000
17492.275000
17517.300000
17542.275000
17567.300000
17592.275000
17617.300000
17642.275000
17667.300000
17692.275000
17717.300000
17742.275000
17767.300000
17792.275000
17817.300000
17842.275000
17867.300000
17892.275000
17917.300000
17942.275000
17967.300000
17992.275000
18017.300000
18042.275000
18067.300000
18092.275000
18117.300000
18142.275000
18167.300000
18192.275000
18217.300000
18242.275001
18267.300001
18292.275001
18317.300001
18342.275001
18367.300001
18392.275001
18417.300001
18442.275001
18467.300001
18492.275001
18517.300001
18542.275001
18567.300001
18592.275001
18617.300001
18642.275001
18667.300001
18692.275001
18717.300001
18742.275001
18767.300001
18792.275001
18817.300001
18842.275001
18867.300001
18892.275001
18917.300001
18942.275001
18967.300001
18992.275001
19017.300001
19042.275001
19067.300001
19092.275001
19117.300001
19142.275001
19167.300001
19192.275001
19217.300001
19242.275001
19267.300001
19292.275001
19317.300001
19342.275001
19367.300001
19392.275001
19417.300001
19442.275001
19467.300001
19492.275001
19517.300001
19542.275001
19567.300001
19592.275001
19617.300001
19642.275001
19667.300001
19692.275001
19717.300001
19742.275001
19767.300001
19792.275001
19817.300001
19842.275001
19867.300001
19892.275001
19917.300001
19942.275001
19967.300001
19992.275001
20017.300001
20042.275001
20067.300001
20092.275001
20117.300001
20142.300001
20167.325001
20192.325001
20217.350001
20242.350001
20267.375001
20292.375001
20317.400001
20342.400001
20367.425001
20392.425001
20417.450001
20442.450001
20467.475001
20492.475001
20517.525001
20542.500001
20567.550001
20592.550001
20617.600001
20642.600001
20667.650001
20692.650001
20717.725001
20742.700001
20767.825001
20792.800001
20818.175001
20843.625001
20868.950001
20894.800001
20920.125001
20945.375001
20970.625001
20996.375001
21021.800001
21047.675001
21073.025001
21098.375001
21124.200001
21149.825001
21175.575001
21200.975001
21226.925001
21252.525001
21278.425001
21303.975001
21329.825001
21356.075001
21381.550001
21407.575001
21433.850001
21459.400001
21485.400001
21511.700001
21537.475001
21563.300001
21589.550001
21615.825001
21642.175001
21668.400001
21694.725001
21720.375001
21746.600001
21772.900001
21799.275001
21825.625001
21852.025001
21878.475001
21904.850001
21931.250001
21957.650001
21984.075001
22010.475001
22036.875001
22063.300001
22089.725001
22116.225001
22142.525001
22169.025001
22195.375001
22221.925001
22248.175001
22274.750001
22301.100001
22328.150001
22354.825001
22381.425001
22408.075001
22434.900001
22461.750001
22488.450001
22515.100001
22542.225001
22568.975001
22595.925001
22622.875001
22649.900001
22676.975001
22703.800001
22731.125001
22758.000001
22785.300001
22812.275001
22839.550001
22867.125001
22894.225001
22921.500001
22948.800001
22975.825001
23003.425001
23031.075001
23058.625001
23085.775001
23113.225001
23140.925001
23168.650001
23196.400001
23224.150001
23251.950001
23279.750001
23307.550001
23335.350001
23363.150001
23391.025001
23418.825001
23446.650001
23474.475001
23502.275001
23530.075001
23557.900001
23585.725001
23613.550001
23641.525001
23669.700001
23697.800001
23725.800001
23753.800001
23781.800001
23810.075001
23838.250001
23866.600001
23895.025001
23923.150001
23951.725001
23980.000001
24008.725001
24036.975001
24065.700001
24094.100001
24122.825001
24151.275001
24179.875001
24208.850001
24237.325001
24266.050001
24295.050001
24324.050001
24353.075001
24381.650001
24410.500001
24439.600001
24468.725001
24497.850001
24527.025001
24556.250001
24585.425001
24614.650001
24643.875001
24673.050001
24702.300001
24731.500001
24760.775001
24790.025001
24819.525001
24849.025001
24878.550001
24908.000001
24937.500001
24967.275001
24996.850001
25026.525001
25056.300001
25086.100001
25115.950001
25145.750001
25175.675001
25205.925001
25235.725001
25265.925001
25296.175001
25326.050001
25356.300001
25386.725001
25417.200001
25447.725001
25478.325001
25508.875001
25539.500001
25570.100001
25600.700001
25631.325001
25661.975001
25692.575001
25723.225001
25753.900001
25784.700001
25815.675001
25846.625001
25877.600001
25908.825001
25939.825001
25970.975001
26002.150001
26033.650001
26064.800001
26096.350001
26127.875001
26159.200001
26190.900001
26222.725001
26254.425001
26286.025001
26317.650001
26349.475001
26381.375001
26413.300001
26445.300001
26477.350001
26509.375001
26541.600001
26573.900001
26606.275001
26638.600001
26671.075001
26703.575001
26736.275001
26768.875001
26801.750001
26834.425001
26867.375001
26900.500001
26933.625001
26966.725001
26999.775001
27032.900001
27066.200001
27099.525001
27132.925001
27166.425001
27200.075001
27233.850001
27267.575001
27301.400001
27335.350001
27369.375001
27403.500001
27437.700001
27471.875001
27506.300001
27540.850001
27575.525001
27610.200001
27645.025001
27679.875001
27714.775001
27749.750001
27784.850001
27820.100001
27855.350001
27890.850001
27926.300001
27961.925001
27997.775001
28033.750001
28069.800001
28105.975001
28142.250001
28178.600001
28214.975001
28251.600001
28288.250001
28325.175001
28362.075001
28399.225001
28436.575001
28474.025001
28511.625001
28549.325001
28587.125001
28625.175001
28663.300001
28701.675001
28740.100001
28778.750001
28817.600001
28856.600001
28895.800001
28935.275001
28974.900001
29014.750001
29054.850001
29095.225001
29135.775001
29176.650001
29217.800001
29259.250001
29301.025001
29343.125001
29385.575001
29428.400001
29471.550001
29515.050001
29558.950001
29603.225001
29647.900001
29692.950001
29738.475001
29784.475001
29830.975001
29878.050001
29925.700001
29974.000001
30023.025001
30072.850001
30123.375001
30174.275001
30225.550001
30277.175001
30329.175001
30381.500001
30434.175001
30487.200001
30540.525001
30594.150001
30648.000001
30702.100001
30756.475001
30811.100001
30866.000001
30921.150001
30976.525001
31032.100001
31087.825001
31143.700001
31199.725001
31255.900001
31312.200001
31368.650001
31425.200001
31481.850001
31538.600001
31595.400001
31652.275001
31709.175001
31766.150001
31823.175001
31880.225001
31937.350001
31994.475001
32051.675001
32108.875001
32166.150001
32223.450001
32280.775001
32338.125001
32395.525001
32452.950001
32510.425001
32567.925001
32625.425001
32683.000001
32740.575001
32798.175001
32855.825001
32913.500001
32971.200001
33028.950001
33086.700001
33144.500001
33202.325001
33260.175001
33318.050001
33375.950001
33433.900001
33491.875001
33549.875001
33607.925001
33666.000001
33724.100001
33782.250001
33840.450001
33898.700001
33957.000001
34015.350001
34073.750001
34132.225001
34190.800001
34249.475001
34308.300001
34367.250001
34426.300001
34485.425001
34544.600001
34603.800001
34663.000001
34722.200001
34781.400001
34840.600001
34899.775001
34958.950001
