1.000000
16.000000
3468.550000
3552.750000
3632.050000
3706.900000
3778.050000
3846.600000
3913.200000
3978.275000
4042.100000
4104.975000
4167.200000
4228.775000
4289.700000
4350.050000
4409.800000
4469.225000
4528.175000
4586.525000
4644.425000
4701.675000
4758.175000
4814.050000
4869.500000
4924.650000
4979.575000
5034.125000
5088.275000
5142.150000
5195.700000
5248.575000
5301.275000
5353.525000
5405.575000
5457.300000
5508.575000
5559.650000
5610.600000
5661.375000
5711.975000
5762.350000
5812.400000
5862.250000
5911.875000
5961.150000
6010.025000
6058.625000
6107.175000
6155.325000
6203.125000
6250.950000
6298.325000
6345.650000
6392.650000
6439.700000
6486.250000
6532.875000
6579.450000
6625.625000
6671.925000
6718.050000
6763.800000
6809.575000
6855.350000
6901.100000
6946.700000
6992.175000
7037.475000
7082.800000
7128.075000
7173.300000
7218.325000
7263.300000
7308.125000
7352.750000
7397.300000
7441.800000
7486.125000
7530.475000
7574.775000
7619.075000
7663.350000
7707.650000
7751.750000
7795.750000
7839.725000
7883.500000
7927.175000
7970.750000
8014.075000
8057.725000
8101.250000
8144.500000
8187.525000
8230.525000
8273.650000
8316.625000
8359.425000
8402.325000
8445.350000
8487.900000
8530.450000
8573.175000
8615.400000
8657.875000
8700.175000
8742.300000
8784.625000
8826.375000
8868.425000
8910.200000
8952.175000
8994.025000
9035.725000
9077.350000
9119.000000
9160.450000
9202.000000
9243.150000
9284.525000
9325.425000
9366.625000
9407.700000
9448.500000
9489.525000
9530.350000
9570.850000
9611.675000
9652.400000
9692.875000
9733.325000
9773.725000
9813.850000
9854.125000
9894.375000
9934.650000
9974.700000
10014.750000
10055.000000
10095.325000
10135.450000
10175.325000
10215.225000
10255.275000
10295.450000
10335.500000
10375.350000
10415.225000
10455.250000
10495.425000
10535.475000
10575.325000
10615.175000
10655.225000
10695.400000
10735.450000
10775.275000
10815.150000
10855.175000
10895.400000
10935.450000
10975.250000
11015.125000
11055.175000
11095.375000
11135.425000
11175.250000
11215.125000
11255.150000
11295.375000
11335.425000
11375.250000
11415.125000
11455.150000
11495.375000
11535.425000
11575.250000
11615.125000
11655.150000
11695.375000
11735.425000
11775.250000
11815.125000
11855.150000
11895.375000
11935.425000
11975.250000
12015.125000
12055.150000
12095.375000
12135.425000
12175.250000
12215.125000
12255.150000
12295.375000
12335.425000
12375.250000
12415.125000
12455.150000
12495.375000
12535.425000
12575.250000
12615.125000
12655.150000
12695.375000
12735.425000
12775.250000
12815.125000
12855.150000
12895.375000
12935.425000
12975.250000
13015.125000
13055.150000
13095.375000
13135.425000
13175.250000
13215.125000
13255.150000
13295.375000
13335.425000
13375.250000
13415.125000
13455.150000
13495.375000
13535.425000
13575.250000
13615.125000
13655.150000
13695.375000
13735.425000
13775.250000
13815.125000
13855.150000
13895.375000
13935.425000
13975.250000
14015.125000
14055.150000
14095.375000
14135.425000
14175.250000
14215.125000
14255.150000
14295.375000
14335.425000
14375.250000
14415.125000
14455.150000
14495.375000
14535.425000
14575.250000
14615.125000
14655.150000
14695.375000
14735.425000
14775.250000
14815.125000
14855.150000
14895.375000
14935.425000
14975.250000
15015.125000
15055.150000
15095.375000
15135.425000
15175.250000
15215.125000
15255.150000
15295.375000
15335.425000
15375.250000
15415.125000
15455.150000
15495.375000
15535.425000
15575.250000
15615.125000
15655.150000
15695.375000
15735.425000
15775.250000
15815.125000
15855.150000
15895.375000
15935.425000
15975.250000
16015.125000
16055.150000
16095.375000
16135.425000
16175.250000
16215.125000
16255.150000
16295.375000
16335.425000
16375.250000
16415.125000
16455.150000
16495.375000
16535.425000
16575.250000
16615.125000
16655.150000
16695.375000
16735.425000
16775.250000
16815.125000
16855.150000
16895.375000
16935.425000
16975.250000
17015.125000
17055.150000
17095.375000
17135.425000
17175.250000
17215.125000
17255.150000
17295.375000
17335.425000
17375.250000
17415.125000
17455.150000
17495.375000
17535.425000
17575.250000
17615.125000
17655.150000
17695.375000
17735.425000
17775.250000
17815.125000
17855.150000
17895.375000
17935.425000
17975.250000
18015.125000
18055.150000
18095.375000
18135.425000
18175.250000
18215.125000
18255.150001
18295.375001
18335.425001
18375.250001
18415.125001
18455.150001
18495.375001
18535.425001
18575.250001
18615.125001
18655.150001
18695.375001
18735.425001
18775.250001
18815.125001
18855.150001
18895.375001
18935.425001
18975.250001
19015.125001
19055.150001
19095.375001
19135.425001
19175.250001
19215.125001
19255.150001
19295.375001
19335.425001
19375.250001
19415.125001
19455.150001
19495.375001
19535.425001
19575.250001
19615.125001
19655.150001
19695.375001
19735.425001
19775.250001
19815.125001
19855.150001
19895.375001
19935.425001
19975.250001
20015.125001
20055.150001
20095.375001
20135.475001
20175.450001
20215.475001
20255.625001
20295.825001
20335.875001
20376.100001
20416.525001
20456.925001
20497.125001
20537.450001
20578.025001
20618.675001
20659.350001
20700.050001
20740.900001
20781.700001
20822.625001
20863.525001
20904.425001
20945.625001
20986.375001
21027.600001
21068.875001
21110.050001
21151.425001
21192.725001
21234.375001
21275.775001
21317.675001
21359.200001
21401.125001
21442.750001
21484.675001
21526.275001
21568.275001
21610.125001
21652.325001
21694.500001
21736.450001
21779.000001
21821.050001
21863.500001
21906.175001
21948.575001
21991.325001
22034.200001
22076.875001
22119.675001
22162.675001
22205.600001
22248.500001
22291.600001
22334.900001
22378.300001
22421.750001
22465.200001
22508.575001
22552.350001
22596.200001
22640.150001
22684.225001
22728.425001
22772.675001
22817.000001
22861.250001
22905.625001
22950.075001
22994.700001
23039.450001
23084.475001
23129.425001
23174.450001
23219.500001
23264.700001
23310.000001
23355.425001
23401.075001
23446.725001
23492.525001
23538.450001
23584.550001
23630.450001
23676.450001
23722.850001
23769.250001
23815.600001
23862.325001
23908.875001
23955.750001
24002.575001
24049.575001
24096.775001
24144.050001
24191.425001
24238.775001
24286.150001
24333.875001
24381.625001
24429.600001
24477.550001
24525.550001
24573.825001
24622.075001
24670.425001
24719.050001
24767.825001
24816.550001
24865.250001
24914.100001
24963.300001
25012.600001
25062.025001
25111.525001
25161.075001
25210.775001
25260.650001
25310.675001
25360.800001
25411.025001
25461.350001
25511.975001
25562.675001
25613.475001
25664.375001
25715.425001
25766.700001
25818.125001
25869.575001
25921.225001
25973.225001
26025.200001
26077.400001
26129.900001
26182.475001
26235.300001
26288.250001
26341.425001
26394.700001
26448.150001
26501.925001
26555.850001
26609.875001
26664.125001
26718.800001
26773.675001
26828.850001
26884.300001
26940.000001
26995.950001
27052.175001
27108.700001
27165.450001
27222.600001
27280.075001
27337.750001
27395.775001
27454.025001
27512.625001
27571.450001
27630.650001
27690.200001
27749.975001
27810.100001
27870.600001
27931.500001
27992.800001
28054.475001
28116.625001
28179.275001
28242.375001
28306.125001
28370.425001
28435.450001
28501.250001
28567.975001
28635.775001
28704.875001
28775.250001
28846.875001
28919.825001
28994.175001
29070.000001
29147.300001
29225.950001
29305.975001
29387.375001
29470.275001
29554.825001
29641.225001
29729.700001
29820.550001
29914.275001
30011.800001
30114.450001
30218.250001
30324.250001
30433.475001
30722.550001
30821.150001
31228.650001
31327.650001
31680.875001
31779.725001
32126.600001
32225.200001
32338.750001
32744.225001
32842.200001
32953.925001
33359.000001
33456.925001
33568.500001
33973.150001
34071.075001
34182.600001
34587.475001
34685.400001
34796.825001
