20.000000
13.000000
6549.450000
6598.375000
6648.150000
6697.975000
6746.750000
6795.350000
6842.675000
6889.925000
6936.925000
6982.975000
7028.850000
7073.425000
7117.800000
7162.175000
7206.500000
7250.800000
7294.150000
7337.075000
7380.050000
7423.025000
7464.900000
7506.625000
7548.100000
7589.775000
7631.350000
7672.950000
7713.475000
7753.750000
7793.650000
7834.175000
7873.325000
7912.400000
7951.050000
7989.900000
8028.775000
8067.525000
8106.425000
8145.225000
8184.075000
8222.850000
8260.725000
8298.100000
8335.625000
8373.050000
8409.700000
8446.700000
8484.100000
8520.375000
8556.600000
8592.575000
8628.750000
8664.750000
8700.825000
8736.900000
8773.000000
8809.025000
8845.150000
8880.225000
8914.875000
8950.650000
8985.600000
9020.275000
9055.100000
9089.725000
9123.600000
9157.825000
9192.400000
9225.950000
9259.400000
9292.625000
9325.900000
9359.275000
9392.525000
9425.825000
9459.175000
9492.450000
9525.750000
9559.100000
9592.400000
9625.700000
9658.200000
9690.275000
9722.975000
9756.125000
9788.500000
9820.300000
9852.425000
9884.225000
9916.400000
9948.025000
9979.975000
10011.925000
10042.775000
10074.375000
10106.325000
10137.175000
10167.875000
10198.450000
10229.950000
10261.850000
10292.625000
10323.375000
10354.900000
10386.800000
10417.650000
10448.300000
10479.900000
10511.850000
10542.625000
10573.350000
10604.875000
10636.775000
10667.650000
10698.275000
10729.900000
10761.850000
10792.625000
10823.350000
10854.850000
10886.775000
10917.650000
10948.275000
10979.900000
11011.850000
11042.625000
11073.350000
11104.850000
11136.775000
11167.650000
11198.275000
11229.900000
11261.850000
11292.625000
11323.350000
11354.850000
11386.775000
11417.650000
11448.275000
11479.900000
11511.850000
11542.625000
11573.350000
11604.850000
11636.775000
11667.650000
11698.275000
11729.900000
11761.850000
11792.625000
11823.350000
11854.850000
11886.775000
11917.650000
11948.275000
11979.900000
12011.850000
12042.625000
12073.350000
12104.850000
12136.775000
12167.650000
12198.275000
12229.900000
12261.850000
12292.625000
12323.350000
12354.850000
12386.775000
12417.650000
12448.275000
12479.900000
12511.850000
12542.625000
12573.350000
12604.850000
12636.775000
12667.650000
12698.275000
12729.900000
12761.850000
12792.625000
12823.350000
12854.850000
12886.775000
12917.650000
12948.275000
12979.900000
13011.850000
13042.625000
13073.350000
13104.850000
13136.775000
13167.650000
13198.275000
13229.900000
13261.850000
13292.625000
13323.350000
13354.850000
13386.775000
13417.650000
13448.275000
13479.900000
13511.850000
13542.625000
13573.350000
13604.850000
13636.775000
13667.650000
13698.275000
13729.900000
13761.850000
13792.625000
13823.350000
13854.850000
13886.775000
13917.650000
13948.275000
13979.900000
14011.850000
14042.625000
14073.350000
14104.850000
14136.775000
14167.650000
14198.275000
14229.900000
14261.850000
14292.625000
14323.350000
14354.850000
14386.775000
14417.650000
14448.275000
14479.900000
14511.850000
14542.625000
14573.350000
14604.850000
14636.775000
14667.650000
14698.275000
14729.900000
14761.850000
14792.625000
14823.350000
14854.850000
14886.775000
14917.650000
14948.275000
14979.900000
15011.850000
15042.625000
15073.350000
15104.850000
15136.775000
15167.650000
15198.275000
15229.900000
15261.850000
15292.625000
15323.350000
15354.850000
15386.775000
15417.650000
15448.275000
15479.900000
15511.850000
15542.625000
15573.350000
15604.850000
15636.775000
15667.650000
15698.275000
15729.900000
15761.850000
15792.625000
15823.350000
15854.850000
15886.775000
15917.650000
15948.275000
15979.900000
16011.850000
16042.625000
16073.350000
16104.850000
16136.775000
16167.650000
16198.275000
16229.900000
16261.850000
16292.625000
16323.350000
16354.850000
16386.775000
16417.650000
16448.275000
16479.900000
16511.850000
16542.625000
16573.350000
16604.850000
16636.775000
16667.650000
16698.275000
16729.900000
16761.850000
16792.625000
16823.350000
16854.850000
16886.775000
16917.650000
16948.275000
16979.900000
17011.850000
17042.625000
17073.350000
17104.850000
17136.775000
17167.650000
17198.275000
17229.900000
17261.850000
17292.625000
17323.350000
17354.850000
17386.775000
17417.650000
17448.275000
17479.900000
17511.850000
17542.625000
17573.350000
17604.850000
17636.775000
17667.650000
17698.275000
17729.900000
17761.850000
17792.625000
17823.350000
17854.850000
17886.775000
17917.650000
17948.275000
17979.900000
18011.850000
18042.625000
18073.350000
18104.850000
18136.775000
18167.650000
18198.275000
18229.900001
18261.850001
18292.625001
18323.350001
18354.850001
18386.775001
18417.650001
18448.275001
18479.900001
18511.850001
18542.625001
18573.350001
18604.850001
18636.775001
18667.650001
18698.275001
18729.900001
18761.850001
18792.625001
18823.350001
18854.850001
18886.775001
18917.650001
18948.275001
18979.900001
19011.850001
19042.625001
19073.350001
19104.850001
19136.775001
19167.650001
19198.275001
19229.900001
19261.850001
19292.625001
19323.350001
19354.850001
19386.775001
19417.650001
19448.275001
19479.900001
19511.850001
19542.625001
19573.350001
19604.850001
19636.775001
19667.650001
19698.275001
19729.900001
19761.850001
19792.625001
19823.350001
19854.850001
19886.775001
19917.650001
19948.275001
19979.900001
20011.850001
20042.625001
20073.350001
20104.875001
20136.825001
20167.725001
20199.325001
20231.325001
20263.275001
20295.250001
20327.350001
20359.200001
20391.325001
20423.100001
20456.200001
20488.600001
20520.375001
20553.525001
20585.975001
20618.275001
20650.900001
20684.150001
20717.450001
20750.800001
20784.200001
20817.525001
20850.875001
20884.300001
20917.600001
20950.975001
20984.475001
21017.800001
21051.325001
21085.575001
21120.200001
21154.975001
21189.750001
21224.550001
21259.250001
21295.075001
21330.150001
21364.925001
21400.750001
21436.800001
21472.975001
21509.125001
21545.275001
21581.425001
21617.550001
21653.775001
21689.950001
21726.000001
21762.925001
21800.725001
21837.400001
21874.625001
21912.050001
21949.825001
21987.125001
22025.700001
22063.800001
22102.150001
22141.150001
22180.075001
22219.075001
22258.025001
22297.925001
22337.175001
22376.150001
22416.450001
22456.550001
22497.025001
22537.200001
22578.675001
22620.250001
22662.050001
22703.800001
22745.500001
22787.350001
22830.150001
22873.175001
22917.450001
22961.925001
23006.500001
23050.975001
23095.525001
23141.250001
23187.075001
23234.075001
23281.425001
23329.025001
23376.150001
23424.700001
23473.475001
23523.325001
23574.200001
23626.025001
23680.025001
23734.800001
23792.550001
23851.025001
