100.000000
15.000000
2652.550000
2723.925000
2794.250000
2862.675000
2929.625000
2995.350000
3059.875000
3123.775000
3186.775000
3249.275000
3311.200000
3372.575000
3433.400000
3493.800000
3553.850000
3613.500000
3672.775000
3731.575000
3790.125000
3848.100000
3905.900000
3963.350000
4020.400000
4077.075000
4133.525000
4189.700000
4245.675000
4301.200000
4356.550000
4411.375000
4465.925000
4520.300000
4574.500000
4628.500000
4681.900000
4735.225000
4788.125000
4841.075000
4893.425000
4945.725000
4997.450000
5048.975000
5100.600000
5151.975000
5202.875000
5253.700000
5304.250000
5354.625000
5404.900000
5455.100000
5505.075000
5554.875000
5604.375000
5653.700000
5702.775000
5751.950000
5801.050000
5849.725000
5898.225000
5946.800000
5995.375000
6043.350000
6091.425000
6139.350000
6187.050000
6234.825000
6282.075000
6329.675000
6376.700000
6423.900000
6470.675000
6517.800000
6564.275000
6610.950000
6657.650000
6704.050000
6750.450000
6796.750000
6842.800000
6888.750000
6934.725000
6980.350000
7025.950000
7071.600000
7117.525000
7163.075000
7208.200000
7253.325000
7298.375000
7343.150000
7387.950000
7432.850000
7477.625000
7522.200000
7566.725000
7611.025000
7655.375000
7699.600000
7743.825000
7787.925000
7831.825000
7875.675000
7919.450000
7963.375000
8007.275000
8051.050000
8094.500000
8137.625000
8180.725000
8224.225000
8267.800000
8310.800000
8353.825000
8396.850000
8440.025000
8482.775000
8525.475000
8568.300000
8610.825000
8653.125000
8695.750000
8737.825000
8780.225000
8822.525000
8864.400000
8906.850000
8948.475000
8990.600000
9032.225000
9074.225000
9116.125000
9157.950000
9199.625000
9241.325000
9282.850000
9324.500000
9365.875000
9407.525000
9448.500000
9490.000000
9530.625000
9571.800000
9613.025000
9653.900000
9694.950000
9735.750000
9776.250000
9817.325000
9857.975000
9898.375000
9938.850000
9979.425000
10019.425000
10059.575000
10099.875000
10140.250000
10180.325000
10220.500000
10260.850000
10301.250000
10341.450000
10381.600000
10421.950000
10462.400000
10502.500000
10542.725000
10583.075000
10623.475000
10663.575000
10703.875000
10744.200000
10784.625000
10824.725000
10864.900000
10905.325000
10945.700000
10985.800000
11026.025000
11066.475000
11106.875000
11146.975000
11187.150000
11227.500000
11267.950000
11308.050000
11348.250000
11388.625000
11429.125000
11469.200000
11509.375000
11549.725000
11590.175000
11630.275000
11670.475000
11710.850000
11751.250000
11791.425000
11831.600000
11871.950000
11912.400000
11952.500000
11992.725000
12033.075000
12073.475000
12113.575000
12153.875000
12194.200000
12234.625000
12274.725000
12314.900000
12355.325000
12395.700000
12435.800000
12476.025000
12516.475000
12556.875000
12596.975000
12637.150000
12677.500000
12717.950000
12758.050000
12798.250000
12838.625000
12879.125000
12919.200000
12959.375000
12999.725000
13040.175000
13080.275000
13120.475000
13160.850000
13201.250000
13241.425000
13281.600000
13321.950000
13362.400000
13402.500000
13442.725000
13483.075000
13523.475000
13563.575000
13603.875000
13644.200000
13684.625000
13724.725000
13764.900000
13805.325000
13845.700000
13885.800000
13926.025000
13966.475000
14006.875000
14046.975000
14087.150000
14127.500000
14167.950000
14208.050000
14248.250000
14288.625000
14329.125000
14369.200000
14409.375000
14449.725000
14490.175000
14530.275000
14570.475000
14610.850000
14651.250000
14691.425000
14731.600000
14771.950000
14812.400000
14852.500000
14892.725000
14933.075000
14973.475000
15013.575000
15053.875000
15094.200000
15134.625000
15174.725000
15214.900000
15255.325000
15295.700000
15335.800000
15376.025000
15416.475000
15456.875000
15496.975000
15537.150000
15577.500000
15617.950000
15658.050000
15698.250000
15738.625000
15779.125000
15819.200000
15859.375000
15899.725000
15940.175000
15980.275000
16020.475000
16060.850000
16101.250000
16141.425000
16181.600000
16221.950000
16262.400000
16302.500000
16342.725000
16383.075000
16423.475000
16463.575000
16503.875000
16544.200000
16584.625000
16624.725000
16664.900000
16705.325000
16745.700000
16785.800000
16826.025000
16866.475000
16906.875000
16946.975000
16987.150000
17027.500000
17067.950000
17108.050000
17148.250000
17188.625000
17229.125000
17269.200000
17309.375000
17349.725000
17390.175000
17430.275000
17470.475000
17510.850000
17551.250000
17591.425000
17631.600000
17671.950000
17712.400000
17752.500000
17792.725000
17833.075000
17873.475000
17913.575000
17953.875000
17994.200000
18034.625000
18074.725000
18114.900000
18155.325000
18195.700000
18235.800001
18276.025001
18316.475001
18356.875001
18396.975001
18437.150001
18477.500001
18517.950001
18558.050001
18598.250001
18638.625001
18679.125001
18719.200001
18759.375001
18799.725001
18840.175001
18880.275001
18920.475001
18960.850001
19001.250001
19041.425001
19081.600001
19121.950001
19162.400001
19202.500001
19242.725001
19283.075001
19323.475001
19363.575001
19403.875001
19444.200001
19484.625001
19524.725001
19564.900001
19605.325001
19645.700001
19685.800001
19726.025001
19766.475001
19806.875001
19846.975001
19887.150001
19927.500001
19967.950001
20008.050001
20048.250001
20088.625001
20129.150001
20169.275001
20209.550001
20250.075001
20290.825001
20331.400001
20372.250001
20413.150001
20453.950001
20495.100001
20535.900001
20576.625001
20617.950001
20658.575001
20699.850001
20741.225001
20782.475001
20824.075001
20865.275001
20906.950001
20948.275001
20990.150001
21031.650001
21073.525001
21115.100001
21157.125001
21198.675001
21241.025001
21283.175001
21325.025001
21367.700001
21409.675001
21452.250001
21495.025001
21537.375001
21580.125001
21623.150001
21665.825001
21708.425001
21751.425001
21794.375001
21837.225001
21880.325001
21923.600001
21966.950001
22010.050001
22053.500001
22097.050001
22140.900001
22184.750001
22228.800001
22272.750001
22316.800001
22360.750001
22405.000001
22449.175001
22493.450001
22537.650001
22581.950001
22626.275001
22670.725001
22715.275001
22759.925001
22804.975001
22850.075001
22895.425001
22940.825001
22985.975001
23031.375001
23076.875001
23122.750001
23168.700001
23214.450001
23260.500001
23306.850001
23352.725001
23398.750001
23445.425001
23491.750001
23538.375001
23585.350001
23632.050001
23679.200001
23726.050001
23773.425001
23820.550001
23868.100001
23915.400001
23963.250001
24011.075001
24058.875001
24107.175001
24155.350001
24203.675001
24252.325001
24301.175001
24349.875001
24398.550001
24447.475001
24496.800001
24546.325001
24595.950001
24645.725001
24695.675001
24745.750001
24795.925001
24846.375001
24896.950001
24947.525001
24998.325001
25049.400001
25100.975001
25152.450001
25204.050001
25256.000001
25308.050001
25360.275001
25412.975001
25465.550001
25518.675001
25571.900001
25625.175001
25679.025001
25732.900001
25787.050001
25841.550001
25896.350001
25951.425001
26006.825001
26062.450001
26118.425001
26174.675001
26231.200001
26288.125001
26345.625001
26403.150001
26461.125001
26519.500001
26578.475001
26637.675001
26697.350001
26757.725001
26818.625001
26880.000001
26941.725001
27003.900001
27066.650001
27130.100001
27194.050001
27258.525001
27323.750001
27389.575001
27456.225001
27523.525001
27591.500001
27660.050001
27729.675001
27799.900001
27870.975001
27943.075001
28016.150001
28090.525001
28165.875001
28242.775001
28321.000001
28400.975001
28483.000001
28567.425001
28655.025001
28747.725001
