100.000000
33.000000
3603.875000
3665.850000
3726.075000
3784.225000
3840.875000
3896.375000
3951.050000
4004.850000
4058.250000
4111.100000
4163.675000
4215.875000
4268.150000
4319.775000
4371.125000
4422.525000
4473.775000
4524.750000
4575.350000
4625.900000
4676.250000
4726.300000
4776.250000
4826.075000
4875.800000
4925.400000
4974.875000
5024.375000
5073.725000
5122.900000
5171.800000
5220.500000
5269.200000
5317.925000
5366.200000
5414.250000
5462.550000
5510.350000
5558.200000
5606.050000
5653.625000
5701.350000
5748.450000
5795.850000
5842.800000
5890.050000
5936.650000
5983.550000
6030.275000
6076.525000
6123.325000
6169.450000
6215.475000
6261.875000
6308.025000
6353.900000
6399.725000
6445.675000
6491.375000
6536.650000
6582.000000
6627.375000
6672.950000
6718.350000
6763.475000
6808.275000
6852.975000
6897.650000
6942.400000
6987.050000
7031.575000
7075.975000
7120.350000
7164.575000
7208.650000
7252.725000
7296.900000
7341.150000
7385.300000
7429.400000
7473.350000
7517.100000
7560.650000
7604.100000
7647.275000
7690.975000
7734.575000
7777.675000
7820.575000
7863.625000
7906.900000
7949.675000
7992.475000
8035.600000
8078.775000
8120.950000
8163.600000
8206.475000
8248.550000
8291.250000
8333.500000
8375.475000
8418.025000
8459.725000
8502.000000
8544.075000
8585.900000
8627.750000
8669.325000
8711.050000
8752.575000
8794.200000
8835.750000
8877.125000
8918.950000
8960.075000
9001.550000
9042.650000
9084.250000
9125.025000
9166.225000
9207.550000
9248.325000
9289.400000
9330.275000
9370.725000
9411.675000
9452.475000
9492.875000
9533.400000
9573.975000
9613.925000
9654.225000
9694.650000
9735.075000
9774.950000
9815.000000
9855.250000
9895.625000
9935.650000
9975.300000
10015.100000
10055.075000
10095.400000
10135.425000
10175.000000
10214.675000
10254.600000
10294.500000
10334.600000
10374.475000
10413.900000
10453.775000
10493.275000
10533.200000
10573.350000
10613.275000
10652.825000
10692.650000
10732.275000
10772.175000
10812.300000
10852.150000
10891.775000
10931.500000
10971.025000
11010.975000
11051.100000
11091.100000
11130.575000
11170.350000
11210.025000
11249.925000
11290.050000
11330.025000
11369.525000
11409.225000
11448.800000
11488.750000
11528.975000
11568.825000
11608.325000
11648.100000
11687.775000
11727.700000
11767.850000
11807.750000
11847.275000
11887.000000
11926.575000
11966.625000
12006.725000
12046.600000
12086.100000
12125.875000
12165.575000
12205.500000
12245.600000
12285.525000
12325.050000
12364.775000
12404.700000
12444.725000
12484.700000
12524.575000
12563.925000
12603.825000
12643.300000
12683.225000
12723.350000
12763.275000
12802.825000
12842.650000
12882.275000
12922.175000
12962.300000
13002.175000
13041.775000
13081.525000
13121.025000
13160.975000
13201.125000
13241.125000
13280.575000
13320.350000
13360.025000
13399.925000
13440.050000
13480.025000
13519.525000
13559.225000
13598.800000
13638.750000
13678.975000
13718.825000
13758.325000
13798.100000
13837.775000
13877.700000
13917.850000
13957.750000
13997.275000
14037.000000
14076.575000
14116.625000
14156.725000
14196.600000
14236.100000
14275.875000
14315.575000
14355.500000
14395.600000
14435.525000
14475.050000
14514.775000
14554.700000
14594.725000
14634.700000
14674.575000
14713.925000
14753.825000
14793.300000
14833.225000
14873.350000
14913.275000
14952.825000
14992.650000
15032.275000
15072.175000
15112.300000
15152.175000
15191.775000
15231.525000
15271.025000
15310.975000
15351.125000
15391.125000
15430.575000
15470.350000
15510.025000
15549.925000
15590.050000
15630.025000
15669.525000
15709.225000
15748.800000
15788.750000
15828.975000
15868.825000
15908.325000
15948.100000
15987.775000
16027.700000
16067.850000
16107.750000
16147.275000
16187.000000
16226.575000
16266.625000
16306.725000
16346.600000
16386.100000
16425.875000
16465.575000
16505.500000
16545.600000
16585.525000
16625.050000
16664.775000
16704.700000
16744.725000
16784.700000
16824.575000
16863.925000
16903.825000
16943.300000
16983.225000
17023.350000
17063.275000
17102.825000
17142.650000
17182.275000
17222.175000
17262.300000
17302.175000
17341.775000
17381.525000
17421.025000
17460.975000
17501.125000
17541.125000
17580.575000
17620.350000
17660.025000
17699.925000
17740.050000
17780.025000
17819.525000
17859.225000
17898.800000
17938.750000
17978.975000
18018.825000
18058.325000
18098.100000
18137.775000
18177.700000
18217.850000
18257.750001
18297.275001
18337.000001
18376.575001
18416.625001
18456.725001
18496.600001
18536.100001
18575.875001
18615.575001
18655.500001
18695.600001
18735.525001
18775.050001
18814.775001
18854.700001
18894.725001
18934.700001
18974.575001
19013.925001
19053.825001
19093.300001
19133.225001
19173.350001
19213.275001
19252.825001
19292.650001
19332.275001
19372.175001
19412.300001
19452.175001
19491.775001
19531.525001
19571.025001
19610.975001
19651.125001
19691.125001
19730.575001
19770.350001
19810.025001
19849.925001
19890.050001
19930.025001
19969.525001
20009.225001
20048.800001
20088.750001
20129.000001
20168.950001
20208.475001
20248.400001
20288.525001
20329.075001
20369.125001
20409.100001
20449.600001
20490.225001
20530.375001
20570.600001
20611.075001
20651.700001
20692.025001
20732.725001
20773.700001
20813.975001
20855.000001
20896.100001
20936.675001
20977.925001
21019.075001
21059.850001
21101.300001
21142.300001
21184.025001
21225.100001
21266.700001
21308.050001
21349.550001
21391.375001
21433.000001
21474.725001
21516.575001
21558.150001
21600.075001
21641.775001
21684.175001
21726.100001
21768.500001
21810.700001
21852.800001
21895.550001
21937.550001
21980.225001
22023.125001
22065.450001
22108.125001
22151.200001
22193.850001
22236.650001
22280.075001
22323.425001
22366.525001
22409.475001
22452.650001
22496.125001
22539.825001
22583.275001
22626.475001
22670.075001
22713.775001
22757.850001
22801.975001
22846.125001
22890.325001
22934.625001
22979.075001
23023.475001
23068.000001
23112.550001
23157.225001
23202.000001
23246.875001
23291.625001
23336.225001
23381.125001
23426.200001
23471.150001
23516.575001
23562.200001
23607.800001
23653.275001
23698.725001
23744.600001
23790.625001
23836.250001
23882.175001
23928.750001
23974.900001
24021.000001
24067.875001
24114.075001
24160.850001
24207.850001
24254.825001
24302.175001
24349.275001
24396.825001
24444.250001
24491.675001
24539.450001
24587.125001
24635.300001
24683.300001
24731.325001
24780.000001
24828.775001
24877.200001
24925.925001
24974.825001
25023.875001
25073.200001
25122.425001
25171.750001
25221.150001
25270.725001
25320.500001
25370.450001
25420.550001
25470.725001
25521.025001
25571.675001
25622.700001
25673.875001
25724.950001
25776.175001
25827.700001
25879.700001
25931.575001
25983.775001
26036.050001
26088.550001
26141.450001
26194.350001
26247.400001
26301.000001
26354.550001
26408.350001
26462.600001
26516.975001
26571.450001
26626.250001
26681.350001
26736.725001
26792.525001
26848.425001
26904.675001
26961.225001
27018.300001
27075.400001
27132.925001
27191.050001
27249.225001
27308.050001
27367.125001
27426.400001
27486.200001
27546.625001
27607.600001
27669.000001
27730.750001
27792.950001
27855.750001
27919.275001
27983.200001
28047.900001
28113.500001
28179.900001
28247.050001
28314.925001
28383.875001
28453.975001
28525.350001
28598.175001
28672.625001
28749.225001
28828.700001
28913.325001
29115.900001
29196.500001
