100.000000
24.000000
3172.725000
3237.550000
3301.625000
3363.600000
3423.975000
3482.900000
3540.950000
3597.800000
3653.900000
3709.225000
3763.975000
3818.400000
3872.225000
3925.675000
3979.100000
4031.850000
4084.600000
4136.875000
4189.100000
4241.175000
4292.900000
4344.450000
4395.875000
4447.000000
4497.975000
4548.700000
4599.350000
4649.925000
4700.250000
4750.500000
4800.700000
4850.775000
4900.675000
4950.300000
4999.700000
5048.775000
5097.900000
5147.000000
5195.950000
5244.675000
5293.100000
5341.600000
5390.100000
5438.300000
5486.325000
5534.525000
5582.225000
5630.150000
5677.825000
5725.200000
5772.825000
5820.150000
5867.750000
5914.750000
5962.075000
6008.850000
6055.800000
6102.500000
6148.950000
6195.700000
6241.975000
6288.325000
6334.800000
6380.700000
6426.600000
6472.775000
6518.850000
6564.650000
6610.500000
6656.500000
6702.175000
6747.550000
6792.850000
6838.125000
6883.425000
6928.825000
6973.875000
7018.975000
7063.750000
7108.375000
7152.975000
7197.500000
7242.050000
7286.325000
7330.625000
7374.925000
7419.225000
7463.500000
7507.825000
7552.125000
7596.350000
7640.450000
7684.500000
7728.450000
7772.225000
7815.750000
7859.350000
7902.750000
7946.400000
7990.075000
8033.300000
8076.300000
8119.400000
8162.675000
8205.700000
8248.475000
8291.475000
8334.550000
8377.275000
8420.050000
8463.075000
8505.800000
8548.250000
8591.075000
8633.550000
8675.850000
8718.450000
8760.750000
8802.775000
8845.300000
8887.250000
8929.550000
8971.275000
9013.425000
9055.400000
9097.050000
9138.800000
9180.375000
9222.050000
9263.575000
9305.225000
9346.800000
9388.275000
9430.025000
9471.125000
9512.600000
9553.725000
9595.300000
9636.100000
9677.250000
9718.550000
9759.400000
9800.575000
9841.475000
9882.000000
9923.150000
9963.675000
10004.200000
10045.125000
10085.750000
10126.150000
10166.875000
10207.575000
10248.125000
10288.775000
10329.525000
10369.750000
10410.325000
10451.225000
10491.575000
10531.925000
10572.675000
10613.375000
10653.950000
10694.500000
10735.175000
10775.600000
10816.450000
10857.050000
10897.250000
10937.625000
10978.625000
11019.175000
11059.550000
11100.125000
11140.900000
11181.425000
11222.125000
11262.750000
11302.950000
11343.350000
11384.300000
11424.750000
11465.125000
11505.725000
11546.375000
11586.850000
11627.625000
11668.225000
11708.350000
11748.700000
11789.575000
11830.225000
11870.625000
11911.150000
11951.775000
11992.250000
12032.975000
12073.625000
12113.825000
12154.275000
12195.200000
12235.775000
12276.175000
12316.875000
12357.600000
12398.125000
12438.800000
12479.525000
12519.775000
12560.350000
12601.250000
12641.575000
12681.925000
12722.700000
12763.400000
12803.950000
12844.525000
12885.200000
12925.650000
12966.500000
13007.100000
13047.275000
13087.650000
13128.675000
13169.200000
13209.550000
13250.150000
13290.925000
13331.450000
13372.150000
13412.775000
13452.975000
13493.375000
13534.325000
13574.750000
13615.125000
13655.725000
13696.375000
13736.850000
13777.625000
13818.225000
13858.375000
13898.700000
13939.575000
13980.250000
14020.625000
14061.150000
14101.800000
14142.250000
14183.000000
14223.625000
14263.825000
14304.300000
14345.200000
14385.775000
14426.175000
14466.900000
14507.600000
14548.125000
14588.800000
14629.550000
14669.775000
14710.350000
14751.250000
14791.600000
14831.925000
14872.700000
14913.400000
14953.950000
14994.525000
15035.200000
15075.650000
15116.500000
15157.100000
15197.300000
15237.675000
15278.700000
15319.200000
15359.550000
15400.150000
15440.925000
15481.450000
15522.150000
15562.775000
15602.975000
15643.375000
15684.325000
15724.750000
15765.125000
15805.725000
15846.375000
15886.875000
15927.650000
15968.225000
16008.375000
16048.700000
16089.575000
16130.250000
16170.625000
16211.175000
16251.800000
16292.250000
16333.000000
16373.650000
16413.825000
16454.300000
16495.200000
16535.775000
16576.175000
16616.900000
16657.600000
16698.125000
16738.800000
16779.550000
16819.775000
16860.350000
16901.250000
16941.600000
16981.925000
17022.700000
17063.400000
17103.950000
17144.525000
17185.200000
17225.650000
17266.500000
17307.100000
17347.300000
17387.675000
17428.700000
17469.200000
17509.550000
17550.150000
17590.925000
17631.450000
17672.150000
17712.775000
17752.975000
17793.375000
17834.350000
17874.750000
17915.125000
17955.725000
17996.375000
18036.875000
18077.650000
18118.225000
18158.375000
18198.700000
18239.575001
18280.250001
18320.625001
18361.175001
18401.800001
18442.250001
18483.000001
18523.650001
18563.825001
18604.300001
18645.200001
18685.775001
18726.175001
18766.900001
18807.600001
18848.125001
18888.800001
18929.550001
18969.775001
19010.350001
19051.250001
19091.600001
19131.925001
19172.700001
19213.400001
19253.950001
19294.525001
19335.200001
19375.650001
19416.500001
19457.100001
19497.300001
19537.675001
19578.700001
19619.200001
19659.550001
19700.150001
19740.925001
19781.450001
19822.150001
19862.775001
19902.975001
19943.375001
19984.350001
20024.750001
20065.125001
20105.725001
20146.500001
20187.150001
20227.950001
20268.900001
20309.575001
20350.800001
20391.625001
20432.575001
20473.800001
20514.700001
20556.325001
20597.275001
20638.600001
20680.075001
20721.250001
20762.900001
20804.150001
20845.800001
20887.150001
20929.100001
20970.500001
21012.450001
21054.025001
21095.925001
21137.525001
21179.775001
21221.825001
21263.750001
21306.050001
21348.175001
21390.675001
21432.950001
21475.100001
21517.850001
21560.000001
21602.525001
21645.450001
21687.875001
21730.475001
21773.450001
21816.300001
21859.100001
21902.325001
21945.625001
21988.625001
22031.675001
22074.825001
22118.225001
22161.650001
22205.200001
22248.475001
22291.925001
22335.675001
22379.650001
22423.525001
22467.625001
22511.575001
22555.575001
22599.600001
22643.725001
22687.900001
22732.025001
22776.225001
22820.550001
22864.975001
22909.450001
22954.025001
22998.525001
23043.150001
23087.950001
23132.975001
23178.100001
23223.375001
23268.675001
23313.825001
23359.125001
23404.675001
23450.325001
23495.950001
23541.575001
23587.250001
23633.125001
23679.250001
23725.050001
23771.000001
23817.575001
23863.750001
23910.050001
23956.800001
24003.225001
24049.975001
24096.825001
24143.700001
24191.025001
24238.125001
24285.550001
24332.950001
24380.375001
24427.875001
24475.350001
24523.300001
24570.900001
24619.000001
24667.325001
24715.375001
24763.650001
24812.250001
24860.750001
24909.350001
24958.125001
25007.175001
25056.350001
25105.550001
25154.825001
25204.250001
25253.800001
25303.500001
25353.400001
25403.425001
25453.625001
25503.950001
25554.275001
25604.900001
25655.700001
25706.750001
25757.850001
25809.050001
25860.525001
25912.300001
25963.875001
26015.725001
26068.000001
26120.200001
26172.875001
26225.525001
26278.625001
26331.675001
26385.050001
26438.475001
26492.225001
26546.275001
26600.450001
26654.850001
26709.450001
26764.200001
26819.300001
26874.675001
26930.325001
26986.100001
27042.250001
27098.575001
27155.300001
27212.375001
27269.625001
27327.200001
27385.300001
27443.575001
27502.350001
27561.375001
27620.725001
27680.575001
27740.950001
27801.775001
27863.050001
27924.775001
27986.925001
28049.650001
28113.025001
28176.800001
28241.350001
28306.525001
28372.275001
28438.725001
28506.050001
28574.300001
28643.350001
28713.525001
28784.800001
28857.350001
28931.300001
29006.975001
29084.575001
29164.650001
29248.225001
29338.100001
29642.950001
29722.825001
30168.550001
30252.525001
30707.600001
30788.775001
31203.850001
31284.975001
31701.675001
31782.575001
32197.700001
32278.500001
32689.725001
32770.600001
33184.775001
33265.650001
33678.825001
33759.625001
34159.575001
34240.675001
34653.450001
34734.400001
