2.000000
1.000000
3876.225000
3927.425000
3974.400000
4018.550000
4060.475000
4100.800000
4139.850000
4178.075000
4215.200000
4251.900000
4287.975000
4323.375000
4358.400000
4392.800000
4427.025000
4460.750000
4494.125000
4527.225000
4560.150000
4592.625000
4625.000000
4657.225000
4689.325000
4721.225000
4753.100000
4784.550000
4816.050000
4847.600000
4878.800000
4910.100000
4941.200000
4972.400000
5003.450000
5034.325000
5065.100000
5095.925000
5126.750000
5157.550000
5188.250000
5218.925000
5249.500000
5280.025000
5310.550000
5341.075000
5371.575000
5402.050000
5432.500000
5462.975000
5493.225000
5523.275000
5553.525000
5583.850000
5613.975000
5643.925000
5674.100000
5703.950000
5733.975000
5763.825000
5793.700000
5823.400000
5853.325000
5882.950000
5912.750000
5942.375000
5971.975000
6001.600000
6031.200000
6060.650000
6090.075000
6119.625000
6149.075000
6178.550000
6207.850000
6237.100000
6266.375000
6295.500000
6324.675000
6353.775000
6382.900000
6412.025000
6441.175000
6470.250000
6499.375000
6528.550000
6557.625000
6586.775000
6615.900000
6645.025000
6674.100000
6703.225000
6732.025000
6760.700000
6789.600000
6818.600000
6847.550000
6876.025000
6904.825000
6933.775000
6962.300000
6991.000000
7019.850000
7048.200000
7076.925000
7105.400000
7134.000000
7162.425000
7190.975000
7219.425000
7247.850000
7276.075000
7304.575000
7332.825000
7361.375000
7389.625000
7417.775000
7446.150000
7474.375000
7502.525000
7530.850000
7559.025000
7587.050000
7615.000000
7642.900000
7670.850000
7698.900000
7727.000000
7754.975000
7782.900000
7810.750000
7838.575000
7866.400000
7894.175000
7921.925000
7949.675000
7977.375000
8005.100000
8032.825000
8060.550000
8088.300000
8116.075000
8143.825000
8171.575000
8199.300000
8227.050000
8254.775000
8282.500000
8310.200000
8337.875000
8365.225000
8392.525000
8420.125000
8447.775000
8475.425000
8502.900000
8530.075000
8557.575000
8585.150000
8612.300000
8639.625000
8667.200000
8694.550000
8721.650000
8749.050000
8776.000000
8803.400000
8830.525000
8857.650000
8884.825000
8911.875000
8939.250000
8966.200000
8993.250000
9020.175000
9047.275000
9074.275000
9101.075000
9128.325000
9155.100000
9181.925000
9208.950000
9235.675000
9262.525000
9289.500000
9316.250000
9342.800000
9369.825000
9396.575000
9423.175000
9449.975000
9476.525000
9503.375000
9529.975000
9556.525000
9583.075000
9609.425000
9635.900000
9662.275000
9688.725000
9715.000000
9741.450000
9767.700000
9794.150000
9820.350000
9846.775000
9873.100000
9899.525000
9925.800000
9952.225000
9978.625000
10004.975000
10031.325000
10057.700000
10084.075000
10110.425000
10136.825000
10163.200000
10189.600000
10216.025000
10242.375000
10268.775000
10295.150000
10321.550000
10347.900000
10374.325000
10400.700000
10427.100000
10453.500000
10479.875000
10506.275000
10532.650000
10559.025000
10585.400000
10611.825000
10638.175000
10664.575000
10691.000000
10717.375000
10743.775000
10770.125000
10796.550000
10822.925000
10849.325000
10875.675000
10902.100000
10928.500000
10954.875000
10981.275000
11007.625000
11034.050000
11060.400000
11086.800000
11113.175000
11139.600000
11166.000000
11192.350000
11218.775000
11245.150000
11271.550000
11297.900000
11324.325000
11350.700000
11377.100000
11403.500000
11429.875000
11456.275000
11482.650000
11509.025000
11535.400000
11561.825000
11588.175000
11614.575000
11641.000000
11667.375000
11693.775000
11720.125000
11746.550000
11772.925000
11799.325000
11825.675000
11852.100000
11878.500000
11904.875000
11931.275000
11957.625000
11984.050000
12010.400000
12036.800000
12063.175000
12089.600000
12116.000000
12142.350000
12168.775000
12195.150000
12221.550000
12247.900000
12274.325000
12300.700000
12327.100000
12353.500000
12379.875000
12406.275000
12432.650000
12459.025000
12485.400000
12511.825000
12538.175000
12564.575000
12591.000000
12617.375000
12643.775000
12670.125000
12696.550000
12722.925000
12749.325000
12775.675000
12802.100000
12828.500000
12854.875000
12881.275000
12907.625000
12934.050000
12960.400000
12986.800000
13013.175000
13039.600000
13066.000000
13092.350000
13118.775000
13145.150000
13171.550000
13197.900000
13224.325000
13250.700000
13277.100000
13303.500000
13329.875000
13356.275000
13382.650000
13409.025000
13435.400000
13461.825000
13488.175000
13514.575000
13541.000000
13567.375000
13593.775000
13620.125000
13646.550000
13672.925000
13699.325000
13725.675000
13752.100000
13778.500000
13804.875000
13831.275000
13857.625000
13884.050000
13910.400000
13936.800000
13963.175000
13989.600000
14016.000000
14042.350000
14068.775000
14095.150000
14121.550000
14147.900000
14174.325000
14200.700000
14227.100000
14253.500000
14279.875000
14306.275000
14332.650000
14359.025000
14385.400000
14411.825000
14438.175000
14464.575000
14491.000000
14517.375000
14543.775000
14570.125000
14596.550000
14622.925000
14649.325000
14675.675000
14702.100000
14728.500000
14754.875000
14781.275000
14807.625000
14834.050000
14860.400000
14886.800000
14913.175000
14939.600000
14966.000000
14992.350000
15018.775000
15045.150000
15071.550000
15097.900000
15124.325000
15150.700000
15177.100000
15203.500000
15229.875000
15256.275000
15282.650000
15309.025000
15335.400000
15361.825000
15388.175000
15414.575000
15441.000000
15467.375000
15493.775000
15520.125000
15546.550000
15572.925000
15599.325000
15625.675000
15652.100000
15678.500000
15704.875000
15731.275000
15757.625000
15784.050000
15810.400000
15836.800000
15863.175000
15889.600000
15916.000000
15942.350000
15968.775000
15995.150000
16021.550000
16047.900000
16074.325000
16100.700000
16127.100000
16153.500000
16179.875000
16206.275000
16232.650000
16259.025000
16285.400000
16311.825000
16338.175000
16364.575000
16391.000000
16417.375000
16443.775000
16470.125000
16496.550000
16522.925000
16549.325000
16575.675000
16602.100000
16628.500000
16654.875000
16681.275000
16707.625000
16734.050000
16760.400000
16786.800000
16813.175000
16839.600000
16866.000000
16892.350000
16918.775000
16945.150000
16971.550000
16997.900000
17024.325000
17050.700000
17077.100000
17103.500000
17129.875000
17156.275000
17182.650000
17209.025000
17235.400000
17261.825000
17288.175000
17314.575000
17341.000000
17367.375000
17393.775000
17420.125000
17446.550000
17472.925000
17499.325000
17525.675000
17552.100000
17578.500000
17604.875000
17631.275000
17657.625000
17684.050000
17710.400000
17736.800000
17763.175000
17789.600000
17816.000000
17842.350000
17868.775000
17895.150000
17921.550000
17947.900000
17974.325000
18000.700000
18027.100000
18053.500000
18079.875000
18106.275000
18132.650000
18159.025000
18185.400000
18211.825000
18238.175001
18264.575001
18291.000001
18317.375001
18343.775001
18370.125001
18396.550001
18422.925001
18449.325001
18475.675001
18502.100001
18528.500001
18554.875001
18581.275001
18607.625001
18634.050001
18660.400001
18686.800001
18713.175001
18739.600001
18766.000001
18792.350001
18818.775001
18845.150001
18871.550001
18897.900001
18924.325001
18950.700001
18977.100001
19003.500001
19029.875001
19056.275001
19082.650001
19109.025001
19135.400001
19161.825001
19188.175001
19214.575001
19241.000001
19267.375001
19293.775001
19320.125001
19346.550001
19372.925001
19399.325001
19425.675001
19452.100001
19478.500001
19504.875001
19531.275001
19557.625001
19584.050001
19610.400001
19636.800001
19663.175001
19689.600001
19716.000001
19742.350001
19768.775001
19795.150001
19821.550001
19847.900001
19874.325001
19900.700001
19927.100001
19953.500001
19979.875001
20006.275001
20032.650001
20059.025001
20085.400001
20111.825001
20138.200001
20164.600001
20191.050001
20217.425001
20243.875001
20270.225001
20296.650001
20323.025001
20349.500001
20375.825001
20402.300001
20428.725001
20455.150001
20481.525001
20507.950001
20534.375001
20560.850001
20587.200001
20613.700001
20640.175001
20667.100001
20693.775001
20720.325001
20747.000001
20773.575001
20800.525001
20827.225001
20853.850001
20880.850001
20907.650001
20934.375001
20961.500001
20988.275001
21015.025001
21042.175001
21069.000001
21096.000001
21122.925001
21150.000001
21177.025001
21203.875001
21231.125001
21258.025001
21285.275001
21312.225001
21339.525001
21366.825001
21393.875001
21421.150001
21448.125001
21475.575001
21502.950001
21530.025001
21557.500001
21584.850001
21612.000001
21639.525001
21667.175001
21694.750001
21722.000001
21749.375001
21776.975001
21804.600001
21832.025001
21859.300001
21886.850001
21914.550001
21942.275001
21970.025001
21997.800001
22025.575001
22053.400001
22081.200001
22109.000001
22136.800001
22164.600001
22192.400001
22220.200001
22247.975001
22275.775001
22303.625001
22331.425001
22359.250001
22387.050001
22414.875001
22442.675001
22470.475001
22498.300001
22526.125001
22554.050001
22582.100001
22610.275001
22638.325001
22666.500001
22694.850001
22722.975001
22751.075001
22779.475001
22807.675001
22835.900001
22864.400001
22892.575001
22920.900001
22949.300001
22977.800001
23006.250001
23034.650001
23063.150001
23091.825001
23120.225001
23148.850001
23177.350001
23206.150001
23234.800001
23263.325001
23292.225001
23320.825001
23349.500001
23378.450001
23407.400001
23436.325001
23464.950001
23493.850001
23522.875001
23551.950001
23581.125001
23610.200001
23639.425001
23668.600001
23697.800001
23727.000001
23756.250001
23785.425001
23814.650001
23843.875001
23873.075001
23902.325001
23931.525001
23960.775001
23990.025001
24019.375001
24048.650001
24078.275001
24107.725001
24137.125001
24166.750001
24196.375001
24225.875001
24255.525001
24285.225001
24314.825001
24344.725001
24374.425001
24404.150001
24434.000001
24463.800001
24493.700001
24523.550001
24553.500001
24583.650001
24613.500001
24643.625001
24673.700001
24703.675001
24733.950001
24764.275001
24794.475001
24824.575001
24854.875001
24885.275001
24915.750001
24946.225001
24976.625001
25007.000001
25037.300001
25067.675001
25098.125001
25128.700001
25159.250001
25189.850001
25220.425001
25251.050001
25281.700001
25312.425001
25343.200001
25374.150001
25405.025001
25435.900001
25467.025001
25498.000001
25529.025001
25560.175001
25591.275001
25622.600001
25653.725001
25685.100001
25716.325001
25747.775001
25779.125001
25810.500001
25842.125001
25873.550001
25905.050001
25936.750001
25968.500001
26000.300001
26031.950001
26063.600001
26095.350001
26127.225001
26159.150001
26191.125001
26223.100001
26255.125001
26287.150001
26319.250001
26351.400001
26383.725001
26416.025001
26448.275001
26480.750001
26513.175001
26545.600001
26578.275001
26610.800001
26643.500001
26676.100001
26708.925001
26741.800001
26774.575001
26807.550001
26840.625001
26873.575001
26906.575001
26939.725001
26972.950001
27006.275001
27039.625001
27073.025001
27106.450001
27139.925001
27173.400001
27207.050001
27240.800001
27274.525001
27308.375001
27342.300001
27376.200001
27410.275001
27444.375001
27478.575001
27512.950001
27547.325001
27581.675001
27616.200001
27650.825001
27685.550001
27720.350001
27755.225001
27790.200001
27825.375001
27860.550001
27895.825001
27931.225001
27966.725001
28002.250001
28037.950001
28073.700001
28109.450001
28145.350001
28181.400001
28217.500001
28253.725001
28290.000001
28326.350001
28362.900001
28399.475001
28436.200001
28473.000001
28509.950001
28546.950001
28584.100001
28621.400001
28658.850001
28696.375001
28734.050001
28771.800001
28809.675001
28847.750001
28885.925001
28924.275001
28962.800001
29001.425001
29040.225001
29079.200001
29118.375001
29157.725001
29197.250001
29236.950001
29276.900001
29317.050001
29357.425001
29398.025001
29438.850001
29479.950001
29521.325001
29562.975001
29604.900001
29647.125001
29689.675001
29732.525001
29775.750001
29819.325001
29863.275001
29907.625001
29952.350001
29997.525001
30043.125001
30089.150001
30135.525001
30182.150001
30229.025001
30276.150001
30323.475001
30371.050001
30418.850001
30466.850001
30515.125001
30563.625001
30612.400001
30661.475001
30710.875001
30760.600001
30810.725001
30861.225001
30912.200001
30963.650001
31015.625001
31068.150001
31121.250001
31174.975001
31229.275001
31284.125001
31339.475001
31395.225001
31451.300001
31507.600001
31564.100001
31620.750001
31677.500001
31734.350001
31791.275001
31848.275001
31905.325001
31962.425001
32019.550001
32076.750001
32133.975001
32191.225001
32248.525001
32305.825001
32363.200001
32420.575001
32477.975001
32535.400001
32592.875001
32650.350001
32707.875001
32765.425001
32823.000001
32880.600001
32938.225001
32995.900001
33053.600001
33111.350001
33169.125001
33226.975001
33284.850001
33342.825001
33400.875001
33459.000001
33517.225001
33575.575001
33634.000001
33692.525001
33751.150001
33809.825001
33868.525001
33927.275001
33986.075001
34044.875001
34103.675001
34162.500001
34221.350001
34280.200001
34339.050001
34397.900001
34456.775001
34515.650001
34574.500001
34633.375001
34692.250001
34751.125001
34810.025001
34868.900001
34927.775001
34986.650001
