20.000000
10.000000
9478.775000
9532.800000
9588.775000
9646.400000
9704.825000
9762.975000
9820.525000
9877.150000
9933.325000
9988.575000
10043.275000
10097.900000
10152.125000
10206.525000
10260.475000
10314.725000
10368.950000
10423.100000
10476.650000
10531.125000
10585.350000
10639.600000
10693.550000
10747.950000
10802.025000
10856.475000
10910.425000
10964.725000
11018.975000
11073.125000
11126.800000
11181.375000
11235.550000
11289.775000
11343.800000
11398.075000
11452.175000
11506.550000
11560.500000
11614.750000
11669.000000
11723.150000
11776.875000
11831.425000
11885.600000
11939.800000
11993.825000
12048.100000
12102.200000
12156.575000
12210.500000
12264.775000
12319.025000
12373.150000
12426.925000
12481.450000
12535.600000
12589.825000
12643.850000
12698.100000
12752.225000
12806.575000
12860.525000
12914.775000
12969.025000
13023.150000
13076.925000
13131.450000
13185.625000
13239.825000
13293.850000
13348.100000
13402.225000
13456.575000
13510.525000
13564.775000
13619.025000
13673.150000
13726.925000
13781.450000
13835.625000
13889.825000
13943.850000
13998.100000
14052.225000
14106.575000
14160.525000
14214.775000
14269.025000
14323.150000
14376.925000
14431.450000
14485.625000
14539.825000
14593.850000
14648.100000
14702.225000
14756.575000
14810.525000
14864.775000
14919.025000
14973.150000
15026.925000
15081.450000
15135.625000
15189.825000
15243.850000
15298.100000
15352.225000
15406.575000
15460.525000
15514.775000
15569.025000
15623.150000
15676.925000
15731.450000
15785.625000
15839.825000
15893.850000
15948.100000
16002.225000
16056.575000
16110.525000
16164.775000
16219.025000
16273.150000
16326.925000
16381.450000
16435.625000
16489.825000
16543.850000
16598.100000
16652.225000
16706.575000
16760.525000
16814.775000
16869.025000
16923.150000
16976.925000
17031.450000
17085.625000
17139.825000
17193.850000
17248.100000
17302.225000
17356.575000
17410.525000
17464.775000
17519.025000
17573.150000
17626.925000
17681.450000
17735.625000
17789.825000
17843.850000
17898.100000
17952.225000
18006.575000
18060.525000
18114.775000
18169.025000
18223.150000
18276.925001
18331.450001
18385.625001
18439.825001
18493.850001
18548.100001
18602.225001
18656.575001
18710.525001
18764.775001
18819.025001
18873.150001
18926.925001
18981.450001
19035.625001
19089.825001
19143.850001
19198.100001
19252.225001
19306.575001
19360.525001
19414.775001
19469.025001
19523.150001
19576.925001
19631.450001
19685.625001
19739.825001
19793.850001
19848.100001
19902.225001
19956.575001
20010.525001
20064.775001
20119.125001
20173.625001
20229.375001
20285.700001
20342.925001
20401.125001
20460.750001
20522.150001
20586.925001
20658.250001
