100.000000
20.000000
4437.775000
4508.000000
4577.500000
4645.775000
4713.000000
4779.575000
4845.450000
4910.675000
4975.525000
5040.050000
5104.000000
5167.750000
5230.925000
5293.700000
5356.375000
5418.650000
5480.450000
5541.800000
5602.775000
5663.550000
5724.075000
5784.350000
5844.175000
5903.725000
5963.175000
6022.200000
6080.900000
6139.450000
6197.675000
6255.675000
6313.450000
6370.800000
6427.975000
6484.975000
6541.575000
6597.850000
6653.950000
6709.600000
6765.025000
6820.250000
6875.175000
6930.075000
6984.700000
7038.850000
7092.825000
7146.750000
7200.500000
7253.925000
7307.325000
7360.375000
7413.450000
7466.325000
7519.075000
7571.525000
7624.075000
7676.200000
7728.500000
7780.475000
7832.225000
7884.125000
7935.825000
7987.250000
8038.650000
8090.100000
8141.350000
8192.450000
8243.400000
8294.325000
8345.275000
8396.075000
8446.725000
8497.175000
8547.425000
8597.625000
8647.800000
8697.950000
8748.050000
8798.025000
8847.900000
8897.650000
8947.225000
8996.850000
9046.475000
9095.975000
9145.450000
9194.675000
9243.750000
9292.825000
9341.700000
9390.725000
9439.700000
9488.450000
9537.075000
9585.725000
9634.425000
9682.800000
9731.125000
9779.700000
9827.825000
9875.850000
9924.075000
9972.050000
10019.775000
10067.825000
10115.325000
10163.250000
10211.050000
10258.550000
10306.600000
10354.200000
10402.050000
10449.850000
10497.400000
10545.400000
10593.000000
10640.925000
10688.700000
10736.200000
10784.175000
10831.825000
10879.800000
10927.550000
10975.100000
11023.100000
11070.700000
11118.600000
11166.450000
11213.925000
11261.900000
11309.550000
11357.450000
11405.250000
11452.825000
11500.800000
11548.425000
11596.275000
11644.050000
11691.725000
11739.650000
11787.325000
11835.200000
11882.975000
11930.575000
11978.600000
12026.200000
12074.050000
12121.800000
12169.450000
12217.500000
12265.100000
12313.000000
12360.750000
12408.325000
12456.325000
12504.025000
12551.850000
12599.600000
12647.225000
12695.225000
12742.875000
12790.800000
12838.550000
12886.100000
12934.050000
12981.750000
13029.700000
13077.450000
13125.050000
13173.025000
13220.650000
13268.550000
13316.375000
13363.875000
13411.825000
13459.500000
13507.425000
13555.200000
13602.800000
13650.750000
13698.400000
13746.250000
13794.025000
13841.725000
13889.625000
13937.300000
13985.175000
14032.950000
14080.575000
14128.575000
14176.200000
14224.025000
14271.775000
14319.450000
14367.475000
14415.100000
14463.000000
14510.750000
14558.325000
14606.325000
14654.025000
14701.850000
14749.600000
14797.225000
14845.200000
14892.875000
14940.800000
14988.550000
15036.100000
15084.050000
15131.750000
15179.700000
15227.450000
15275.050000
15323.025000
15370.650000
15418.550000
15466.375000
15513.875000
15561.825000
15609.500000
15657.400000
15705.200000
15752.800000
15800.750000
15848.400000
15896.250000
15944.025000
15991.725000
16039.625000
16087.300000
16135.175000
16182.950000
16230.575000
16278.575000
16326.200000
16374.025000
16421.775000
16469.450000
16517.475000
16565.100000
16613.000000
16660.750000
16708.325000
16756.325000
16804.025000
16851.850000
16899.600000
16947.225000
16995.200000
17042.875000
17090.800000
17138.550000
17186.100000
17234.050000
17281.750000
17329.700000
17377.450000
17425.050000
17473.025000
17520.650000
17568.550000
17616.375000
17663.875000
17711.825000
17759.500000
17807.400000
17855.200000
17902.800000
17950.750000
17998.400000
18046.250000
18094.025000
18141.725000
18189.625000
18237.300001
18285.175001
18332.950001
18380.575001
18428.575001
18476.200001
18524.025001
18571.775001
18619.450001
18667.475001
18715.100001
18763.000001
18810.750001
18858.325001
18906.325001
18954.025001
19001.850001
19049.600001
19097.225001
19145.200001
19192.875001
19240.800001
19288.550001
19336.100001
19384.050001
19431.750001
19479.700001
19527.450001
19575.050001
19623.025001
19670.650001
19718.550001
19766.375001
19813.875001
19861.825001
19909.500001
19957.400001
20005.200001
20052.800001
20100.750001
20148.475001
20196.500001
20244.525001
20292.500001
20340.850001
20389.000001
20437.125001
20485.575001
20534.225001
20582.700001
20631.275001
20680.125001
20729.025001
20777.675001
20826.300001
20875.075001
20924.175001
20973.425001
21022.575001
21071.775001
21120.950001
21170.325001
21219.775001
21269.325001
21319.050001
21368.950001
21418.950001
21469.000001
21519.100001
21569.200001
21619.325001
21669.475001
21719.750001
21770.175001
21820.700001
21871.200001
21921.975001
21972.975001
22024.050001
22074.975001
22126.050001
22177.300001
22228.925001
22280.325001
22331.800001
22383.400001
22435.300001
22487.150001
22539.150001
22591.325001
22643.450001
22695.900001
22748.250001
22801.025001
22853.700001
22906.750001
22959.550001
23012.725001
23065.825001
23119.250001
23172.825001
23226.325001
23280.200001
23334.250001
23388.275001
23442.550001
23496.950001
23551.475001
23606.175001
23660.950001
23715.800001
23770.800001
23826.000001
23881.425001
23937.000001
23992.775001
24048.550001
24104.600001
24160.850001
24217.500001
24274.250001
24331.075001
24388.075001
24445.500001
24502.850001
24560.450001
24618.500001
24676.400001
24734.800001
24793.200001
24852.075001
24911.100001
24970.350001
25030.100001
25090.050001
25150.100001
25210.450001
25271.125001
25332.075001
25393.350001
25455.075001
25517.300001
25579.925001
25642.725001
25705.950001
25769.500001
25833.400001
25897.750001
25962.675001
26027.850001
26093.500001
26159.650001
26226.275001
26293.500001
26361.325001
26429.975001
26499.125001
26569.225001
26640.000001
26711.550001
26784.050001
26857.600001
26931.850001
27007.125001
27083.125001
27160.100001
27238.100001
27317.400001
27397.950001
27480.025001
27563.650001
27649.150001
27737.375001
27829.475001
28259.100001
28342.750001
