100.000000
17.000000
4320.850000
4390.725000
4461.050000
4530.425000
4598.675000
4666.350000
4733.425000
4799.975000
4866.150000
4931.975000
4997.400000
5062.600000
5127.325000
5191.900000
5256.175000
5320.100000
5383.775000
5447.100000
5509.950000
5572.675000
5635.250000
5697.350000
5759.150000
5820.725000
5881.950000
5942.950000
6003.750000
6064.225000
6124.625000
6184.825000
6244.650000
6304.150000
6363.575000
6422.825000
6481.750000
6540.550000
6598.850000
6657.275000
6715.175000
6773.175000
6830.750000
6888.125000
6945.600000
7002.575000
7059.300000
7115.900000
7172.325000
7228.675000
7284.750000
7340.525000
7396.075000
7451.400000
7506.625000
7561.425000
7616.075000
7670.525000
7724.775000
7779.000000
7832.775000
7886.350000
7940.000000
7993.125000
8046.350000
8099.300000
8152.300000
8205.075000
8257.775000
8310.075000
8362.425000
8414.325000
8466.350000
8518.275000
8569.825000
8621.300000
8673.000000
8724.500000
8775.725000
8826.775000
8877.775000
8928.875000
8979.825000
9030.450000
9080.900000
9131.375000
9181.775000
9231.900000
9281.950000
9331.925000
9381.825000
9431.650000
9481.450000
9531.200000
9580.800000
9630.350000
9680.000000
9729.625000
9779.075000
9828.350000
9877.500000
9926.325000
9975.125000
10024.100000
10073.150000
10121.900000
10170.550000
10219.275000
10268.100000
10316.825000
10365.300000
10413.850000
10462.675000
10511.275000
10559.775000
10608.325000
10657.175000
10705.850000
10754.425000
10802.975000
10851.775000
10900.600000
10949.275000
10998.075000
11046.900000
11095.725000
11144.375000
11192.925000
11241.575000
11290.350000
11338.925000
11387.450000
11436.000000
11484.800000
11533.400000
11581.925000
11630.500000
11679.375000
11728.025000
11776.450000
11825.025000
11873.775000
11922.450000
11970.900000
12019.475000
12068.275000
12117.075000
12165.600000
12214.100000
12262.950000
12311.800000
12360.575000
12409.300000
12458.050000
12506.900000
12555.525000
12604.100000
12652.675000
12701.425000
12750.050000
12798.525000
12847.125000
12895.900000
12944.550000
12993.050000
13041.675000
13090.475000
13139.050000
13187.550000
13236.075000
13284.900000
13333.500000
13382.000000
13430.575000
13479.450000
13528.150000
13576.600000
13625.150000
13673.925000
13722.725000
13771.300000
13820.000000
13868.925000
13917.875000
13966.550000
14015.075000
14063.675000
14112.500000
14161.075000
14209.600000
14258.200000
14307.025000
14355.650000
14404.200000
14452.750000
14501.500000
14550.150000
14598.600000
14647.175000
14695.950000
14744.625000
14793.100000
14841.725000
14890.525000
14939.125000
14987.625000
15036.125000
15084.950000
15133.600000
15182.100000
15230.650000
15279.550000
15328.350000
15377.025000
15425.775000
15474.625000
15523.475000
15572.100000
15620.625000
15669.300000
15718.100000
15766.775000
15815.250000
15863.800000
15912.600000
15961.175000
16009.700000
16058.250000
16107.075000
16155.725000
16204.250000
16252.800000
16301.550000
16350.225000
16398.650000
16447.225000
16496.000000
16544.700000
16593.175000
16641.775000
16690.600000
16739.275000
16787.825000
16836.325000
16885.200000
16934.075000
16982.850000
17031.575000
17080.300000
17129.175000
17177.775000
17226.250000
17274.875000
17323.625000
17372.250000
17420.750000
17469.375000
17518.150000
17566.875000
17615.325000
17663.850000
17712.675000
17761.250000
17809.750000
17858.300000
17907.125000
17955.775000
18004.325000
18052.850000
18101.625000
18150.325000
18198.775000
18247.325001
18296.125001
18344.900001
18393.475001
18442.175001
18491.125001
18540.050001
18588.650001
18637.225001
18685.875001
18734.700001
18783.300001
18831.850001
18880.450001
18929.300001
18977.900001
19026.350001
19074.950001
19123.700001
19172.350001
19220.800001
19269.425001
19318.200001
19366.950001
19415.400001
19463.900001
19512.725001
19561.350001
19609.825001
19658.350001
19707.200001
19755.900001
19804.500001
19853.050001
19901.850001
19950.775001
19999.500001
20048.225001
20096.950001
20145.825001
20194.650001
20243.400001
20292.450001
20341.575001
20390.925001
20440.300001
20489.775001
20539.200001
20588.650001
20638.200001
20687.825001
20737.425001
20787.175001
20837.075001
20887.075001
20937.175001
20987.275001
21037.425001
21087.650001
21138.100001
21188.750001
21239.525001
21290.450001
21341.375001
21392.350001
21443.400001
21494.625001
21545.950001
21597.200001
21648.525001
21700.125001
21751.925001
21803.775001
21855.750001
21907.875001
21959.950001
22012.375001
22064.650001
22117.525001
22170.175001
22223.200001
22276.025001
22329.225001
22382.175001
22435.550001
22488.950001
22542.500001
22596.350001
22650.125001
22704.000001
22758.075001
22812.425001
22866.775001
22921.100001
22975.750001
23030.575001
23085.650001
23141.000001
23196.500001
23252.150001
23307.925001
23363.725001
23419.675001
23475.825001
23532.200001
23588.725001
23645.625001
23702.575001
23759.650001
23817.175001
23874.800001
23932.625001
23990.925001
24049.200001
24107.925001
24166.800001
24225.800001
24285.350001
24345.100001
24405.075001
24465.175001
24525.600001
24586.350001
24647.375001
24708.725001
24770.475001
24832.575001
24895.250001
24958.150001
25021.250001
25084.950001
25148.750001
25213.250001
25278.075001
25343.200001
25408.800001
25474.900001
25541.500001
25608.450001
25675.850001
25743.750001
25812.250001
25881.025001
25950.250001
26019.975001
26090.250001
26160.850001
26232.000001
26303.725001
26375.975001
26448.725001
26522.075001
26596.175001
26670.750001
26746.150001
26822.075001
26898.725001
26976.200001
27054.550001
27133.850001
27214.125001
27295.550001
27377.950001
27461.800001
27547.375001
27634.700001
27724.275001
27816.775001
