100.000000
33.000000
6492.950000
6555.275000
6617.025000
6676.675000
6735.500000
6793.075000
6849.975000
6906.600000
6962.700000
7018.450000
7073.850000
7129.075000
7183.900000
7238.525000
7292.925000
7347.175000
7401.450000
7455.400000
7509.150000
7563.175000
7616.875000
7670.275000
7723.850000
7776.900000
7830.250000
7883.225000
7936.050000
7988.825000
8041.575000
8094.150000
8146.775000
8199.000000
8251.475000
8303.600000
8355.800000
8407.900000
8459.650000
8511.450000
8563.325000
8614.850000
8666.475000
8718.050000
8769.325000
8820.450000
8871.525000
8922.800000
8973.925000
9024.775000
9075.425000
9126.050000
9176.450000
9226.800000
9277.250000
9327.675000
9377.900000
9428.100000
9478.325000
9528.625000
9578.875000
9628.950000
9678.925000
9728.825000
9778.625000
9828.325000
9877.775000
9927.000000
9976.250000
10025.350000
10074.650000
10123.900000
10173.225000
10222.300000
10271.150000
10320.250000
10369.400000
10418.725000
10468.075000
10517.375000
10566.550000
10615.375000
10664.325000
10713.550000
10762.825000
10812.100000
10861.100000
10909.975000
10958.975000
11008.150000
11057.475000
11106.825000
11155.875000
11204.975000
11254.075000
11303.000000
11352.275000
11401.525000
11450.800000
11499.900000
11548.700000
11597.725000
11646.950000
11696.175000
11745.475000
11794.525000
11843.425000
11892.550000
11941.675000
11991.025000
12040.325000
12089.450000
12138.575000
12187.475000
12236.375000
12285.650000
12334.950000
12384.200000
12433.275000
12482.150000
12531.150000
12580.400000
12629.750000
12679.125000
12728.225000
12777.275000
12826.275000
12875.200000
12924.500000
12973.750000
13023.000000
13072.125000
13120.925000
13169.975000
13219.200000
13268.475000
13317.825000
13366.925000
13415.900000
13464.975000
13513.925000
13563.250000
13612.550000
13661.700000
13710.825000
13759.725000
13808.625000
13857.900000
13907.200000
13956.525000
14005.600000
14054.575000
14103.650000
14152.725000
14202.000000
14251.325000
14300.425000
14349.450000
14398.475000
14447.425000
14496.700000
14545.975000
14595.250000
14644.375000
14693.225000
14742.350000
14791.575000
14840.875000
14890.200000
14939.200000
14988.225000
15037.300000
15086.200000
15135.525000
15184.825000
15234.025000
15283.150000
15332.025000
15381.000000
15430.275000
15479.625000
15528.975000
15577.975000
15626.850000
15675.925000
15724.975000
15774.275000
15823.575000
15872.725000
15921.800000
15970.750000
16019.725000
16069.000000
16118.300000
16167.650000
16216.750000
16265.625000
16314.625000
16363.775000
16413.075000
16462.400000
16511.400000
16560.425000
16609.500000
16658.400000
16707.750000
16757.075000
16806.350000
16855.500000
16904.425000
16953.475000
17002.650000
17051.875000
17101.200000
17150.225000
17199.100000
17248.200000
17297.225000
17346.525000
17395.850000
17445.050000
17494.200000
17543.075000
17592.150000
17641.425000
17690.650000
17739.950000
17788.925000
17837.825000
17886.825000
17935.975000
17985.275000
18034.600000
18083.600000
18132.625000
18181.725000
18230.650001
18280.050001
18329.400001
18378.700001
18427.750001
18476.550001
18525.600001
18574.800001
18624.025001
18673.325001
18722.325001
18771.175001
18820.275001
18869.400001
18918.725001
18968.075001
19017.350001
19066.525001
19115.350001
19164.275001
19213.525001
19262.775001
19312.050001
19361.075001
19409.950001
19458.925001
19508.125001
19557.425001
19606.775001
19655.800001
19704.875001
19754.000001
19802.925001
19852.225001
19901.500001
19950.725001
19999.850001
20048.650001
20097.650001
20146.950001
20196.325001
20245.800001
20295.350001
20344.925001
20394.425001
20443.975001
20493.575001
20543.225001
20592.950001
20642.775001
20692.725001
20742.750001
20792.800001
20842.925001
20893.050001
20943.250001
20993.650001
21044.275001
21095.050001
21145.925001
21196.800001
21247.550001
21298.400001
21349.400001
21400.875001
21452.275001
21503.625001
21555.175001
21606.925001
21658.350001
21709.850001
21761.825001
21813.750001
21865.575001
21917.925001
21969.975001
22022.300001
22074.750001
22127.150001
22180.075001
22232.775001
22285.775001
22338.650001
22391.700001
22444.925001
22498.125001
22551.675001
22605.175001
22658.650001
22712.550001
22766.350001
22820.250001
22874.550001
22929.000001
22983.225001
23037.475001
23092.050001
23146.875001
23201.825001
23256.975001
23312.175001
23367.625001
23423.150001
23478.900001
23534.650001
23590.525001
23646.575001
23702.700001
23758.825001
23815.150001
23871.625001
23928.575001
23985.650001
24042.700001
24099.850001
24157.375001
24214.825001
24272.600001
24330.525001
24388.500001
24446.900001
24505.325001
24563.900001
24622.775001
24681.775001
24741.175001
24800.700001
24860.275001
24920.200001
24980.450001
25040.925001
25101.575001
25162.450001
25223.550001
25284.900001
25346.550001
25408.375001
25470.400001
25532.725001
25595.550001
25658.450001
25721.575001
25785.350001
25849.100001
25913.475001
25977.950001
26042.875001
26108.225001
26173.975001
26240.100001
26306.700001
26373.675001
26441.250001
26509.150001
26577.525001
26646.700001
26716.250001
26786.550001
26857.725001
26929.575001
27002.175001
27075.625001
27149.875001
27225.350001
27302.000001
27380.150001
27459.800001
27541.275001
27625.950001
27779.825001
27857.350001
28028.050001
28107.875001
28373.250001
28453.725001
28843.975001
29294.800001
