10.000000
5.000000
3337.225000
3438.125000
3541.425000
3642.875000
3741.800000
3838.175000
3932.500000
4024.800000
4115.050000
4203.750000
4291.125000
4376.875000
4461.425000
4544.775000
4626.850000
4708.075000
4788.125000
4867.525000
4945.875000
5023.275000
5099.700000
5175.275000
5250.050000
5324.150000
5397.425000
5469.850000
5541.575000
5612.425000
5682.150000
5750.925000
5818.175000
5883.325000
5946.850000
6009.025000
6070.175000
6130.275000
6189.250000
6247.175000
6304.175000
6360.500000
6416.300000
6471.275000
6525.700000
6579.675000
6632.825000
6685.450000
6737.350000
6788.750000
6839.875000
6890.650000
6941.200000
6991.450000
7041.475000
7091.350000
7141.150000
7190.850000
7240.325000
7289.625000
7338.725000
7387.475000
7436.075000
7484.750000
7533.150000
7581.450000
7629.850000
7677.975000
7725.850000
7773.750000
7821.325000
7869.050000
7916.550000
7963.700000
8010.875000
8057.950000
8105.025000
8152.025000
8198.700000
8245.550000
8292.000000
8338.525000
8385.000000
8431.275000
8477.600000
8523.700000
8569.600000
8615.425000
8661.250000
8707.100000
8752.650000
8798.250000
8843.875000
8889.550000
8935.050000
8980.325000
9025.425000
9070.550000
9115.450000
9160.425000
9205.425000
9250.125000
9294.900000
9339.700000
9384.425000
9428.975000
9473.350000
9517.750000
9562.025000
9606.300000
9650.350000
9694.275000
9737.950000
9781.725000
9825.175000
9868.900000
9912.525000
9955.950000
9999.325000
10042.725000
10085.875000
10129.225000
10172.325000
10215.325000
10258.325000
10301.550000
10344.775000
10387.825000
10430.900000
10474.275000
10517.775000
10560.875000
10604.000000
10647.050000
10690.300000
10733.350000
10776.325000
10819.400000
10862.600000
10905.700000
10948.650000
10991.725000
11034.950000
11078.150000
11121.150000
11164.200000
11207.575000
11251.025000
11294.200000
11337.250000
11380.375000
11423.575000
11466.725000
11509.700000
11552.725000
11595.925000
11638.975000
11681.975000
11725.000000
11768.225000
11811.300000
11854.350000
11897.325000
11940.600000
11983.850000
12027.050000
12070.350000
12113.575000
12156.900000
12199.950000
12242.950000
12285.975000
12329.275000
12372.350000
12415.325000
12458.300000
12501.500000
12544.650000
12587.625000
12630.625000
12673.825000
12717.100000
12760.225000
12803.525000
12846.850000
12890.150000
12933.225000
12976.225000
13019.325000
13062.550000
13105.625000
13148.575000
13191.650000
13234.875000
13277.975000
13320.925000
13363.900000
13407.175000
13450.350000
13493.400000
13536.450000
13579.875000
13623.300000
13666.475000
13709.500000
13752.600000
13795.825000
13838.875000
13881.900000
13924.925000
13968.150000
14011.200000
14054.225000
14097.225000
14140.475000
14183.575000
14226.500000
14269.550000
14312.800000
14356.050000
14399.225000
14442.575000
14485.800000
14529.125000
14572.200000
14615.175000
14658.200000
14701.425000
14744.550000
14787.500000
14830.525000
14873.700000
14916.900000
14959.875000
15002.875000
15046.075000
15089.225000
15132.350000
15175.475000
15218.900000
15262.275000
15305.400000
15348.400000
15391.550000
15434.750000
15477.825000
15520.800000
15563.800000
15607.075000
15650.150000
15693.125000
15736.100000
15779.400000
15822.575000
15865.625000
15908.650000
15952.000000
15995.475000
16038.600000
16081.725000
16124.800000
16168.050000
16211.100000
16254.150000
16297.150000
16340.375000
16383.450000
16426.400000
16469.450000
16512.675000
16555.800000
16598.725000
16641.800000
16685.050000
16728.375000
16771.650000
16814.875000
16858.075000
16901.300000
16944.425000
16987.400000
17030.450000
17073.650000
17116.825000
17159.775000
17202.775000
17245.975000
17289.050000
17332.050000
17375.050000
17418.300000
17461.425000
17504.550000
17547.675000
17591.100000
17634.500000
17677.575000
17720.625000
17763.700000
17806.975000
17850.025000
17893.025000
17936.025000
17979.325000
18022.400000
18065.375000
18108.350000
18151.550000
18194.750000
18237.725001
18280.725001
18323.975001
18367.425001
18410.675001
18453.900001
18497.000001
18540.250001
18583.300001
18626.275001
18669.350001
18712.575001
18755.675001
18798.600001
18841.675001
18884.900001
18928.025001
18970.975001
19013.950001
19057.250001
19100.500001
19143.750001
19187.025001
19230.275001
19273.525001
19316.650001
19359.625001
19402.675001
19445.875001
19488.925001
19531.950001
19574.975001
19618.175001
19661.250001
19704.300001
19747.275001
19790.525001
19833.675001
19876.675001
19919.800001
19963.150001
20006.625001
20049.725001
20092.825001
20135.950001
20179.350001
20222.775001
20266.350001
20309.675001
20353.075001
20396.800001
20440.550001
20484.450001
20528.325001
20572.250001
20616.225001
20660.200001
20704.275001
20748.325001
20792.600001
20836.900001
20881.375001
20925.900001
20970.450001
21015.000001
21059.575001
21104.200001
21148.775001
21193.675001
21238.700001
21283.725001
21329.025001
21374.200001
21419.425001
21464.725001
21510.175001
21555.725001
21601.300001
21646.925001
21692.675001
21738.550001
21784.575001
21830.400001
21876.325001
21922.525001
21968.875001
22015.175001
22061.675001
22108.175001
22154.825001
22201.625001
22248.325001
22295.400001
22342.425001
22389.725001
22436.925001
22484.425001
22531.700001
22579.250001
22626.600001
22674.375001
22722.200001
22770.000001
22818.125001
22866.225001
22914.350001
22962.775001
23011.100001
23059.525001
23108.100001
23156.925001
23205.700001
23254.650001
23303.800001
23352.900001
23402.300001
23451.875001
23501.525001
23551.300001
23601.200001
23651.250001
23701.400001
23751.675001
23802.175001
23852.725001
23903.425001
23954.275001
24005.275001
24056.525001
24107.825001
24159.225001
24210.775001
24262.450001
24314.025001
24365.925001
24418.075001
24470.175001
24522.575001
24574.925001
24627.500001
24680.250001
24733.100001
24786.025001
24839.150001
24892.475001
24946.025001
24999.600001
25053.400001
25107.500001
25161.700001
25216.050001
25270.525001
25325.050001
25379.925001
25434.975001
25490.125001
25545.500001
25601.075001
25656.825001
25712.700001
25768.850001
25825.100001
25881.575001
25938.300001
25995.375001
26052.525001
26109.800001
26167.500001
26225.300001
26283.350001
26341.625001
26400.175001
26458.950001
26518.150001
26577.500001
26637.125001
26697.075001
26757.375001
26818.000001
26878.925001
26940.150001
27001.675001
27063.575001
27125.850001
27188.575001
27251.750001
27315.250001
27379.250001
27443.600001
27508.375001
27573.625001
27639.300001
27705.500001
27772.275001
27839.675001
27907.700001
27976.175001
28045.225001
28114.800001
28184.950001
28255.625001
28326.900001
28398.850001
28471.550001
28545.100001
28619.500001
28694.850001
28771.325001
28849.175001
28928.725001
29009.975001
29092.850001
29177.275001
29263.250001
29350.800001
29440.075001
29531.250001
29624.675001
29720.725001
29820.050001
29924.025001
30035.725001
30158.325001
30755.150001
30870.400001
31804.600001
31919.450001
32820.350001
32935.150001
33835.850001
33950.650001
34851.325001
34966.150001
