1.000000
9.000000
3718.550000
3808.900000
3897.225000
3982.075000
4063.900000
4143.375000
4220.975000
4297.000000
4371.225000
4444.125000
4515.700000
4586.200000
4655.700000
4724.200000
4791.675000
4858.150000
4923.800000
4988.550000
5052.600000
5115.975000
5178.975000
5241.275000
5302.925000
5363.925000
5424.450000
5484.475000
5543.675000
5602.475000
5660.650000
5718.325000
5775.100000
5831.350000
5887.075000
5942.400000
5997.225000
6051.825000
6106.300000
6160.425000
6214.275000
6268.050000
6321.450000
6374.775000
6427.775000
6480.475000
6533.025000
6585.425000
6637.450000
6689.200000
6740.850000
6792.225000
6843.350000
6894.350000
6945.300000
6996.050000
7046.650000
7097.075000
7147.250000
7197.300000
7247.225000
7297.075000
7346.875000
7396.650000
7446.300000
7495.800000
7545.200000
7594.375000
7643.225000
7692.100000
7741.050000
7789.900000
7838.450000
7886.900000
7935.425000
7983.700000
8031.750000
8079.850000
8127.700000
8175.225000
8223.000000
8270.475000
8317.950000
8365.025000
8412.275000
8459.200000
8506.375000
8553.075000
8599.800000
8646.500000
8692.975000
8739.550000
8785.900000
8832.050000
8878.375000
8924.575000
8970.575000
9016.550000
9062.425000
9108.075000
9153.800000
9199.425000
9245.250000
9290.825000
9336.050000
9381.325000
9426.425000
9471.525000
9516.700000
9561.650000
9606.750000
9651.425000
9696.075000
9740.750000
9785.425000
9830.050000
9874.525000
9918.950000
9963.300000
10007.600000
10051.725000
10095.725000
10139.800000
10183.800000
10227.725000
10271.575000
10315.400000
10359.250000
10403.025000
10446.925000
10490.925000
10534.900000
10578.925000
10622.800000
10666.725000
10710.525000
10754.375000
10798.150000
10841.950000
10885.775000
10929.825000
10973.700000
11017.725000
11061.525000
11105.400000
11149.050000
11192.875000
11236.525000
11280.375000
11324.300000
11368.250000
11412.200000
11456.075000
11499.950000
11543.700000
11587.500000
11631.300000
11675.050000
11719.000000
11762.950000
11806.900000
11850.850000
11894.750000
11938.550000
11982.300000
12026.075000
12069.800000
12113.600000
12157.600000
12201.500000
12245.475000
12289.275000
12333.125000
12376.750000
12420.550000
12464.200000
12508.050000
12551.975000
12595.875000
12639.850000
12683.700000
12727.525000
12771.175000
12815.000000
12858.625000
12902.500000
12946.425000
12990.375000
13034.350000
13078.225000
13122.075000
13165.800000
13209.600000
13253.375000
13297.175000
13341.150000
13385.100000
13429.075000
13473.025000
13516.950000
13560.750000
13604.550000
13648.300000
13692.100000
13735.875000
13779.900000
13823.775000
13867.775000
13911.600000
13955.475000
13999.150000
14042.975000
14086.675000
14130.500000
14174.425000
14218.400000
14262.325000
14306.275000
14350.125000
14393.950000
14437.675000
14481.500000
14525.200000
14569.100000
14613.050000
14657.000000
14700.950000
14744.875000
14788.675000
14832.425000
14876.200000
14919.950000
14963.725000
15007.700000
15051.600000
15095.575000
15139.400000
15183.250000
15226.950000
15270.725000
15314.450000
15358.250000
15402.175000
15446.100000
15490.050000
15533.950000
15577.800000
15621.575000
15665.350000
15709.150000
15752.900000
15796.825000
15840.800000
15884.725000
15928.750000
15972.600000
16016.475000
16060.150000
16103.975000
16147.675000
16191.550000
16235.475000
16279.500000
16323.400000
16367.400000
16411.175000
16455.050000
16498.725000
16542.600000
16586.250000
16630.175000
16674.100000
16718.050000
16762.000000
16805.850000
16849.675000
16893.350000
16937.150000
16980.825000
17024.700000
17068.650000
17112.575000
17156.575000
17200.425000
17244.275000
17287.975000
17331.800000
17375.525000
17419.350000
17463.275000
17507.275000
17551.175000
17595.150000
17638.950000
17682.775000
17726.475000
17770.325000
17814.000000
17857.925000
17901.850000
17945.775000
17989.700000
18033.550000
18077.375000
18121.050000
18164.850000
18208.525000
18252.425001
18296.350001
18340.300001
18384.275001
18428.150001
18471.975001
18515.675001
18559.475001
18603.175001
18647.025001
18691.000001
18734.950001
18778.925001
18822.800001
18866.725001
18910.500001
18954.325001
18998.100001
19041.900001
19085.750001
19129.775001
19173.675001
19217.675001
19261.475001
19305.350001
19348.975001
19392.800001
19436.425001
19480.300001
19524.200001
19568.150001
19612.125001
19655.975001
19699.825001
19743.525001
19787.325001
19831.025001
19874.850001
19918.825001
19962.775001
20006.725001
20050.625001
20094.500001
20138.375001
20182.300001
20226.225001
20270.300001
20314.375001
20358.475001
20402.650001
20446.950001
20491.400001
20535.800001
20580.325001
20624.825001
20669.375001
20713.900001
20758.525001
20803.425001
20848.375001
20893.250001
20938.375001
20983.625001
21029.000001
21074.325001
21119.650001
21165.050001
21210.625001
21256.525001
21302.275001
21348.100001
21394.075001
21440.125001
21485.950001
21531.950001
21578.225001
21624.575001
21670.800001
21717.475001
21763.875001
21810.525001
21857.450001
21904.200001
21951.200001
21998.125001
22045.450001
22092.650001
22140.075001
22187.325001
22234.875001
22282.350001
22330.175001
22378.025001
22425.900001
22474.075001
22522.250001
22570.450001
22618.975001
22667.700001
22716.375001
22765.025001
22813.775001
22862.850001
22912.075001
22961.250001
23010.575001
23060.025001
23109.525001
23159.200001
23209.025001
23259.025001
23309.125001
23359.325001
23409.550001
23459.800001
23510.275001
23560.950001
23611.750001
23662.700001
23713.600001
23764.700001
23816.050001
23867.650001
23919.150001
23970.675001
24022.425001
24074.350001
24126.325001
24178.650001
24230.875001
24283.325001
24335.850001
24388.575001
24441.475001
24494.500001
24547.575001
24601.050001
24654.500001
24708.125001
24762.050001
24816.075001
24870.300001
24924.675001
24979.225001
25033.900001
25088.725001
25143.700001
25198.850001
25254.175001
25309.625001
25365.275001
25421.150001
25477.325001
25533.800001
25590.475001
25647.250001
25704.350001
25761.850001
25819.575001
25877.575001
25935.875001
25994.500001
26053.350001
26112.575001
26171.950001
26231.600001
26291.525001
26351.675001
26412.150001
26472.850001
26533.850001
26595.125001
26656.675001
26718.425001
26780.400001
26842.650001
26905.250001
26968.150001
27031.275001
27094.825001
27158.550001
27222.700001
27287.125001
27352.000001
27417.250001
27482.800001
27548.700001
27614.975001
27681.700001
27748.775001
27816.375001
27884.475001
27952.975001
28022.000001
28091.550001
28161.675001
28232.375001
28303.675001
28375.625001
28448.250001
28521.600001
28595.775001
28670.650001
28746.475001
28823.250001
28901.025001
28980.025001
29060.275001
29141.800001
29224.575001
29308.575001
29393.850001
29480.550001
29568.775001
29658.725001
29750.650001
29844.875001
29941.875001
30042.475001
30146.050001
30250.525001
30355.750001
30461.525001
30567.750001
30674.325001
30781.225001
30888.400001
30995.850001
31103.600001
31211.625001
31319.975001
31428.750001
31538.150001
31648.650001
31761.325001
31876.200001
31991.600001
32106.825001
32221.800001
32336.650001
32451.425001
32566.125001
32680.775001
32795.400001
32910.025001
33024.600001
33139.200001
33253.800001
33368.400001
33483.000001
33597.625001
33712.250001
33826.900001
33941.575001
34056.275001
34170.975001
34285.700001
34400.475001
34515.275001
34630.100001
34744.950001
34859.825001
34974.750001
