10.000000
16.000000
3813.250000
3903.050000
3990.725000
4075.250000
4157.275000
4236.775000
4314.275000
4390.050000
4463.875000
4536.050000
4606.925000
4676.225000
4744.325000
4811.150000
4876.975000
4942.150000
5006.725000
5070.425000
5133.475000
5195.825000
5257.375000
5318.025000
5377.625000
5436.325000
5494.350000
5551.550000
5607.975000
5663.600000
5718.675000
5773.275000
5827.200000
5880.750000
5933.950000
5986.575000
6038.800000
6090.650000
6142.100000
6193.225000
6244.200000
6295.000000
6345.625000
6395.825000
6445.800000
6495.550000
6545.000000
6594.150000
6642.925000
6691.525000
6740.075000
6788.300000
6836.350000
6884.475000
6932.125000
6979.925000
7027.450000
7074.775000
7121.950000
7169.025000
7215.875000
7262.650000
7309.025000
7355.425000
7401.475000
7447.225000
7492.850000
7538.375000
7583.800000
7629.100000
7674.025000
7718.950000
7763.600000
7808.100000
7852.500000
7896.825000
7941.150000
7985.350000
8029.450000
8073.400000
8117.300000
8161.000000
8204.550000
8248.125000
8291.600000
8335.050000
8378.575000
8421.875000
8465.000000
8508.100000
8551.250000
8594.200000
8637.050000
8680.075000
8723.075000
8765.750000
8808.325000
8851.100000
8893.475000
8935.925000
8978.550000
9020.775000
9063.175000
9105.475000
9147.425000
9189.750000
9231.750000
9273.725000
9315.475000
9357.475000
9399.275000
9441.250000
9482.975000
9524.650000
9566.300000
9607.875000
9649.375000
9691.025000
9732.300000
9773.650000
9814.775000
9856.175000
9897.200000
9938.275000
9979.475000
10020.325000
10061.225000
10102.100000
10142.900000
10183.700000
10224.575000
10265.225000
10306.100000
10346.900000
10387.475000
10428.350000
10469.125000
10509.675000
10550.475000
10591.300000
10631.850000
10672.525000
10713.275000
10753.975000
10794.600000
10835.300000
10875.950000
10916.675000
10957.300000
10997.850000
11038.625000
11079.300000
11119.675000
11160.250000
11201.125000
11241.575000
11282.025000
11322.725000
11363.425000
11404.025000
11444.575000
11485.200000
11525.800000
11566.550000
11607.100000
11647.450000
11688.000000
11728.900000
11769.300000
11809.725000
11850.325000
11891.050000
11931.625000
11972.200000
12012.775000
12053.150000
12093.825000
12134.600000
12174.950000
12215.350000
12256.025000
12296.725000
12337.250000
12377.800000
12418.350000
12458.700000
12499.325000
12540.150000
12580.475000
12620.875000
12661.450000
12702.125000
12742.750000
12783.275000
12823.800000
12864.075000
12904.700000
12945.525000
12985.925000
13026.325000
13066.975000
13107.600000
13148.200000
13188.775000
13229.400000
13269.725000
13310.275000
13351.100000
13391.550000
13431.950000
13472.525000
13513.175000
13553.825000
13594.375000
13634.925000
13675.250000
13715.800000
13756.650000
13797.050000
13837.450000
13878.025000
13918.650000
13959.225000
13999.875000
14040.400000
14080.700000
14121.125000
14161.900000
14202.475000
14242.925000
14283.425000
14323.975000
14364.400000
14405.150000
14445.775000
14486.075000
14526.450000
14567.200000
14607.875000
14648.375000
14688.875000
14729.500000
14769.900000
14810.600000
14851.300000
14891.675000
14932.075000
14972.750000
15013.425000
15053.975000
15094.500000
15135.050000
15175.475000
15216.225000
15256.900000
15297.200000
15337.600000
15378.300000
15419.000000
15459.500000
15500.025000
15540.575000
15580.925000
15621.550000
15662.350000
15702.675000
15743.075000
15783.650000
15824.300000
15864.875000
15905.475000
15945.975000
15986.250000
16026.675000
16067.550000
16108.050000
16148.475000
16188.975000
16229.625000
16270.150000
16310.825000
16351.400000
16391.750000
16432.175000
16472.950000
16513.525000
16554.050000
16594.575000
16635.150000
16675.650000
16716.425000
16756.975000
16797.275000
16837.700000
16878.475000
16919.100000
16959.550000
17000.075000
17040.650000
17081.075000
17121.800000
17162.475000
17202.775000
17243.175000
17283.800000
17324.475000
17365.000000
17405.550000
17446.050000
17486.350000
17526.850000
17567.725000
17608.125000
17648.525000
17689.025000
17729.700000
17770.250000
17810.900000
17851.425000
17891.800000
17932.250000
17973.025000
18013.575000
18054.075000
18094.600000
18135.200000
18175.725000
18216.475000
18257.025001
18297.325001
18337.750001
18378.550001
18419.150001
18459.575001
18500.100001
18540.675001
18581.150001
18621.875001
18662.500001
18702.800001
18743.200001
18783.850001
18824.525001
18865.050001
18905.575001
18946.075001
18986.400001
19026.925001
19067.800001
19108.150001
19148.550001
19189.050001
19229.750001
19270.300001
19310.925001
19351.450001
19391.825001
19432.275001
19473.075001
19513.600001
19554.075001
19594.625001
19635.225001
19675.775001
19716.500001
19757.050001
19797.325001
19837.775001
19878.600001
19919.150001
19959.575001
20000.100001
20040.700001
20081.200001
20121.925001
20162.575001
20203.025001
20243.800001
20284.750001
20325.325001
20366.325001
20407.300001
20448.200001
20489.300001
20530.350001
20571.400001
20612.775001
20653.950001
20695.425001
20736.625001
20778.300001
20819.675001
20861.200001
20902.675001
20944.350001
20985.925001
21027.725001
21069.425001
21111.325001
21153.200001
21195.500001
21237.450001
21279.775001
21322.075001
21364.150001
21406.750001
21448.975001
21491.550001
21534.300001
21576.800001
21619.500001
21662.400001
21705.250001
21748.150001
21791.300001
21834.525001
21877.600001
21920.700001
21963.850001
22007.325001
22050.925001
22094.450001
22137.925001
22181.625001
22225.225001
22269.125001
22313.100001
22357.175001
22401.250001
22445.450001
22489.750001
22534.175001
22578.725001
22623.250001
22667.825001
22712.400001
22757.000001
22801.650001
22846.450001
22891.400001
22936.125001
22981.075001
23026.125001
23071.150001
23116.450001
23161.825001
23207.300001
23252.650001
23298.150001
23343.825001
23389.725001
23435.575001
23481.450001
23527.425001
23573.500001
23619.450001
23665.525001
23711.900001
23758.200001
23804.575001
23851.200001
23897.675001
23944.400001
23991.225001
24038.075001
24085.150001
24132.100001
24179.300001
24226.375001
24273.700001
24320.975001
24368.575001
24416.275001
24463.875001
24511.825001
24559.700001
24607.800001
24656.025001
24704.225001
24752.550001
24801.100001
24849.650001
24898.300001
24947.050001
24995.975001
25045.075001
25094.250001
25143.425001
25192.800001
25242.325001
25292.000001
25341.750001
25391.625001
25441.650001
25491.800001
25542.150001
25592.700001
25643.325001
25694.200001
25745.325001
25796.625001
25848.050001
25899.675001
25951.450001
26003.350001
26055.525001
26107.850001
26160.375001
26213.125001
26266.025001
26319.100001
26372.250001
26425.550001
26479.200001
26532.850001
26586.750001
26640.900001
26695.275001
26749.725001
26804.325001
26859.125001
26914.150001
26969.400001
27024.850001
27080.550001
27136.475001
27192.725001
27249.200001
27306.075001
27363.250001
27420.675001
27478.500001
27536.675001
27595.375001
27654.475001
27714.100001
27774.475001
27835.475001
27897.075001
27959.225001
28021.975001
28085.350001
28149.300001
28213.925001
28279.200001
28345.075001
28411.500001
28478.450001
28545.900001
28613.825001
28682.250001
28751.275001
28820.800001
28890.950001
28961.700001
29033.075001
29105.075001
29177.750001
29251.175001
29325.350001
29400.400001
29476.375001
29553.375001
29631.525001
29710.925001
29791.800001
29874.300001
29958.375001
30043.975001
30130.700001
30217.675001
30304.900001
30392.375001
30480.250001
30568.525001
30657.100001
30745.850001
30834.650001
30923.500001
31012.375001
31101.275001
31190.200001
31279.150001
31368.100001
31457.075001
31546.050001
31635.050001
31724.050001
31813.075001
31902.100001
31991.125001
32080.150001
32169.200001
32258.250001
32347.325001
32436.400001
32525.475001
32614.550001
32703.625001
32792.725001
32881.825001
32970.925001
33060.025001
33149.150001
33238.275001
33327.375001
33416.500001
33505.625001
33594.775001
33683.900001
33773.050001
33862.175001
33951.325001
34040.475001
34129.625001
34218.775001
34307.925001
34397.100001
34486.275001
34575.425001
34664.600001
34753.775001
34842.975001
34932.150001
