1.000000
5.000000
3667.875000
3760.225000
3850.625000
3938.475000
4024.375000
4108.325000
4190.500000
4270.925000
4349.925000
4427.625000
4504.200000
4579.875000
4654.325000
4727.600000
4799.850000
4871.150000
4941.700000
5011.500000
5080.525000
5148.525000
5215.650000
5282.000000
5347.675000
5412.900000
5477.400000
5541.400000
5604.625000
5667.400000
5729.425000
5790.575000
5851.100000
5910.900000
5970.100000
6028.900000
6086.700000
6144.025000
6200.700000
6256.750000
6312.100000
6366.975000
6421.275000
6475.350000
6529.300000
6582.925000
6636.250000
6689.650000
6742.775000
6795.750000
6848.350000
6901.050000
6953.400000
7005.650000
7057.700000
7109.525000
7161.075000
7212.550000
7263.700000
7314.825000
7365.850000
7416.775000
7467.575000
7518.150000
7568.525000
7618.850000
7669.025000
7719.050000
7768.950000
7818.800000
7868.525000
7918.075000
7967.575000
8016.875000
8065.975000
8115.025000
8163.800000
8212.700000
8261.325000
8309.800000
8358.200000
8406.775000
8455.075000
8503.325000
8551.525000
8599.500000
8647.350000
8695.350000
8742.975000
8790.625000
8838.100000
8885.650000
8933.025000
8980.225000
9027.350000
9074.450000
9121.300000
9168.175000
9214.725000
9261.350000
9307.850000
9354.175000
9400.475000
9446.750000
9492.800000
9538.750000
9584.675000
9630.350000
9676.025000
9721.750000
9767.625000
9813.225000
9858.500000
9903.875000
9948.950000
9994.250000
10039.375000
10084.600000
10129.700000
10174.725000
10219.600000
10264.550000
10309.600000
10354.550000
10399.600000
10444.675000
10489.825000
10534.875000
10579.975000
10624.925000
10669.800000
10714.825000
10759.750000
10804.775000
10849.875000
10894.950000
10940.100000
10985.100000
11030.175000
11075.025000
11119.975000
11165.000000
11209.850000
11254.925000
11300.000000
11345.150000
11390.275000
11435.325000
11480.325000
11525.150000
11570.150000
11615.150000
11660.000000
11705.100000
11750.125000
11795.300000
11840.350000
11885.425000
11930.400000
11975.225000
12020.250000
12065.200000
12110.075000
12155.200000
12200.200000
12245.375000
12290.400000
12335.450000
12380.425000
12425.250000
12470.275000
12515.225000
12560.125000
12605.225000
12650.225000
12695.400000
12740.425000
12785.475000
12830.450000
12875.275000
12920.300000
12965.225000
13010.125000
13055.250000
13100.225000
13145.400000
13190.425000
13235.475000
13280.450000
13325.275000
13370.300000
13415.225000
13460.150000
13505.250000
13550.225000
13595.400000
13640.425000
13685.475000
13730.450000
13775.275000
13820.300000
13865.225000
13910.150000
13955.250000
14000.225000
14045.400000
14090.425000
14135.475000
14180.450000
14225.275000
14270.300000
14315.225000
14360.125000
14405.250000
14450.225000
14495.400000
14540.425000
14585.475000
14630.450000
14675.275000
14720.300000
14765.225000
14810.125000
14855.250000
14900.225000
14945.400000
14990.425000
15035.475000
15080.450000
15125.275000
15170.300000
15215.225000
15260.125000
15305.250000
15350.225000
15395.400000
15440.425000
15485.475000
15530.450000
15575.275000
15620.300000
15665.225000
15710.125000
15755.250000
15800.225000
15845.400000
15890.425000
15935.475000
15980.450000
16025.275000
16070.300000
16115.225000
16160.125000
16205.250000
16250.225000
16295.400000
16340.425000
16385.475000
16430.450000
16475.275000
16520.300000
16565.225000
16610.125000
16655.250000
16700.225000
16745.400000
16790.425000
16835.475000
16880.450000
16925.275000
16970.300000
17015.225000
17060.125000
17105.250000
17150.225000
17195.400000
17240.425000
17285.475000
17330.450000
17375.275000
17420.300000
17465.225000
17510.125000
17555.250000
17600.225000
17645.400000
17690.425000
17735.475000
17780.450000
17825.275000
17870.300000
17915.225000
17960.125000
18005.250000
18050.225000
18095.400000
18140.425000
18185.475000
18230.450001
18275.275001
18320.300001
18365.225001
18410.125001
18455.250001
18500.225001
18545.400001
18590.425001
18635.475001
18680.450001
18725.275001
18770.300001
18815.225001
18860.125001
18905.250001
18950.225001
18995.400001
19040.425001
19085.475001
19130.450001
19175.275001
19220.300001
19265.225001
19310.125001
19355.250001
19400.225001
19445.400001
19490.425001
19535.475001
19580.450001
19625.275001
19670.300001
19715.225001
19760.125001
19805.250001
19850.225001
19895.400001
19940.425001
19985.475001
20030.450001
20075.275001
20120.325001
20165.350001
20210.575001
20256.000001
20301.375001
20346.775001
20392.275001
20437.775001
20483.350001
20529.125001
20574.725001
20620.525001
20666.500001
20712.475001
20758.275001
20804.350001
20850.725001
20897.000001
20943.225001
20989.850001
21036.175001
21082.875001
21129.800001
21176.450001
21223.425001
21270.325001
21317.650001
21364.725001
21412.200001
21459.400001
21506.900001
21554.225001
21601.800001
21649.500001
21697.200001
21745.250001
21793.075001
21841.225001
21889.475001
21937.625001
21985.875001
22034.450001
22082.950001
22131.600001
22180.325001
22229.250001
22278.150001
22327.200001
22376.300001
22425.500001
22474.850001
22524.400001
22574.125001
22623.900001
22673.725001
22723.625001
22773.650001
22823.775001
22874.075001
22924.550001
22975.000001
23025.625001
23076.350001
23127.275001
23178.550001
23229.900001
23281.250001
23332.800001
23384.550001
23436.075001
23487.825001
23539.950001
23592.000001
23644.300001
23696.750001
23749.375001
23802.250001
23855.250001
23908.225001
23961.500001
24014.900001
24068.650001
24122.500001
24176.325001
24230.425001
24284.775001
24339.175001
24393.850001
24448.600001
24503.575001
24558.700001
24613.925001
24669.350001
24724.925001
24780.650001
24836.550001
24892.775001
24949.050001
25005.625001
25062.375001
25119.250001
25176.250001
25233.550001
25291.125001
25348.750001
25406.775001
25464.825001
25523.300001
25581.800001
25640.625001
25699.625001
25758.850001
25818.450001
25878.225001
25938.200001
25998.425001
26058.875001
26119.625001
26180.600001
26241.850001
26303.450001
26365.300001
26427.475001
26490.050001
26552.800001
26615.950001
26679.575001
26743.375001
26807.675001
26872.300001
26937.225001
27002.600001
27068.475001
27134.750001
27201.450001
27268.675001
27336.325001
27404.500001
27473.300001
27542.675001
27612.750001
27683.400001
27754.750001
27826.700001
27899.300001
27972.675001
28046.775001
28121.675001
28197.525001
28274.450001
28352.450001
28431.450001
28511.425001
28592.500001
28674.700001
28758.125001
28842.900001
28929.225001
29017.350001
29107.625001
29200.500001
29296.975001
29398.875001
29511.825001
