10.000000
32.000000
5903.125000
5979.400000
6051.250000
6118.975000
6183.250000
6245.125000
6305.125000
6363.700000
6421.000000
6477.675000
6533.675000
6589.125000
6644.175000
6698.650000
6752.850000
6806.950000
6860.525000
6913.875000
6967.025000
7019.725000
7072.250000
7124.550000
7176.350000
7227.950000
7279.300000
7330.175000
7380.525000
7430.475000
7480.225000
7529.725000
7578.925000
7627.475000
7675.725000
7723.775000
7771.075000
7818.300000
7864.950000
7911.300000
7957.425000
8003.000000
8048.350000
8093.300000
8138.125000
8182.800000
8227.100000
8271.050000
8314.775000
8358.225000
8401.500000
8444.400000
8487.000000
8529.675000
8571.900000
8613.750000
8655.525000
8697.000000
8738.375000
8779.750000
8820.700000
8861.625000
8902.450000
8942.950000
8983.400000
9023.800000
9063.875000
9104.075000
9144.200000
9184.400000
9224.375000
9264.100000
9303.975000
9343.650000
9383.425000
9423.225000
9462.825000
9502.375000
9541.725000
9580.975000
9620.350000
9659.600000
9698.625000
9737.675000
9776.600000
9815.575000
9854.550000
9893.350000
9932.175000
9970.850000
10009.575000
10048.250000
10086.900000
10125.600000
10164.175000
10202.775000
10241.450000
10280.150000
10318.900000
10357.675000
10396.400000
10435.150000
10473.750000
10512.450000
10551.125000
10589.825000
10628.600000
10667.400000
10706.075000
10744.700000
10783.250000
10821.800000
10860.350000
10898.825000
10937.350000
10975.875000
11014.350000
11052.875000
11091.500000
11130.125000
11168.825000
11207.575000
11246.225000
11284.875000
11323.500000
11362.200000
11400.875000
11439.550000
11478.275000
11516.925000
11555.450000
11594.000000
11632.575000
11671.025000
11709.550000
11748.075000
11786.525000
11825.050000
11863.625000
11902.275000
11941.050000
11979.800000
12018.475000
12057.125000
12095.750000
12134.425000
12173.125000
12211.800000
12250.500000
12289.050000
12327.625000
12366.200000
12404.800000
12443.275000
12481.800000
12520.325000
12558.775000
12597.300000
12635.875000
12674.525000
12713.225000
12751.925000
12790.625000
12829.275000
12867.925000
12906.625000
12945.300000
12983.975000
13022.675000
13061.225000
13099.775000
13138.300000
13176.800000
13215.300000
13253.875000
13292.400000
13330.875000
13369.425000
13408.000000
13446.675000
13485.400000
13524.075000
13562.750000
13601.350000
13640.050000
13678.775000
13717.500000
13756.175000
13794.850000
13833.400000
13871.950000
13910.475000
13948.975000
13987.475000
14026.000000
14064.475000
14103.000000
14141.575000
14180.200000
14218.875000
14257.600000
14296.275000
14334.925000
14373.550000
14412.225000
14450.900000
14489.600000
14528.325000
14567.000000
14605.550000
14644.100000
14682.650000
14721.125000
14759.625000
14798.150000
14836.625000
14875.150000
14913.700000
14952.325000
14991.075000
15029.850000
15068.525000
15107.175000
15145.800000
15184.475000
15223.150000
15261.825000
15300.550000
15339.125000
15377.675000
15416.275000
15454.850000
15493.350000
15531.850000
15570.375000
15608.850000
15647.375000
15685.925000
15724.550000
15763.250000
15801.950000
15840.650000
15879.325000
15917.975000
15956.650000
15995.350000
16034.025000
16072.725000
16111.275000
16149.850000
16188.375000
16226.875000
16265.375000
16303.950000
16342.475000
16380.950000
16419.475000
16458.050000
16496.725000
16535.425000
16574.125000
16612.800000
16651.400000
16690.075000
16728.800000
16767.525000
16806.200000
16844.900000
16883.450000
16922.000000
16960.550000
16999.025000
17037.550000
17076.050000
17114.525000
17153.075000
17191.625000
17230.250000
17268.900000
17307.625000
17346.300000
17384.975000
17423.575000
17462.275000
17500.950000
17539.625000
17578.375000
17617.075000
17655.625000
17694.200000
17732.725000
17771.225000
17809.725000
17848.250000
17886.700000
17925.250000
17963.750000
18002.400000
18041.125000
18079.875000
18118.550000
18157.250000
18195.850000
18234.525001
18273.200001
18311.875001
18350.600001
18389.200001
18427.750001
18466.350001
18504.900001
18543.400001
18581.925001
18620.450001
18658.900001
18697.425001
18735.950001
18774.600001
18813.275001
18851.975001
18890.700001
18929.375001
18968.000001
19006.700001
19045.375001
19084.050001
19122.775001
19161.325001
19199.900001
19238.425001
19276.925001
19315.450001
19354.025001
19392.550001
19431.025001
19469.550001
19508.100001
19546.750001
19585.475001
19624.150001
19662.850001
19701.450001
19740.125001
19778.850001
19817.550001
19856.250001
19894.950001
19933.500001
19972.075001
20010.600001
20049.100001
20087.625001
20126.150001
20164.700001
20203.425001
20242.125001
20280.725001
20319.425001
20358.175001
20397.000001
20435.825001
20474.725001
20513.625001
20552.575001
20591.550001
20630.475001
20669.450001
20708.400001
20747.475001
20786.550001
20825.900001
20865.150001
20904.400001
20943.800001
20983.300001
21022.875001
21062.525001
21102.075001
21141.650001
21181.225001
21220.850001
21260.650001
21300.575001
21340.500001
21380.325001
21420.175001
21460.150001
21500.225001
21540.325001
21580.350001
21620.450001
21660.725001
21701.150001
21741.400001
21781.675001
21822.100001
21862.575001
21902.875001
21943.325001
21984.125001
22024.775001
22065.350001
22106.300001
22147.100001
22187.875001
22229.050001
22269.825001
22310.950001
22352.100001
22393.200001
22434.600001
22475.775001
22517.400001
22558.675001
22600.250001
22641.700001
22683.300001
22724.900001
22766.700001
22808.325001
22850.250001
22892.125001
22934.375001
22976.300001
23018.550001
23060.825001
23103.000001
23145.575001
23187.875001
23230.425001
23273.175001
23315.800001
23358.475001
23401.400001
23444.275001
23487.200001
23530.275001
23573.500001
23616.700001
23659.850001
23703.150001
23746.725001
23790.375001
23834.075001
23877.825001
23921.600001
23965.475001
24009.450001
24053.525001
24097.725001
24142.025001
24186.300001
24230.700001
24275.200001
24319.850001
24364.650001
24409.575001
24454.525001
24499.700001
24545.025001
24590.450001
24635.900001
24681.475001
24727.275001
24773.325001
24819.275001
24865.325001
24911.700001
24958.150001
25004.750001
25051.550001
25098.350001
25145.500001
25192.650001
25240.100001
25287.475001
25335.200001
25383.050001
25430.975001
25479.300001
25527.650001
25576.175001
25624.950001
25674.050001
25723.450001
25773.100001
25823.100001
25873.400001
25923.925001
25974.800001
26026.025001
26077.725001
26129.925001
26182.475001
26235.625001
26289.150001
26343.100001
26397.575001
26452.650001
26508.225001
26564.250001
26620.825001
26677.975001
26735.725001
26794.050001
26852.900001
26912.400001
26972.400001
27033.000001
27094.225001
27156.050001
27218.500001
27281.400001
27344.800001
27408.575001
27472.850001
27537.500001
27602.625001
27668.225001
27734.275001
27800.800001
27867.900001
27935.475001
28003.600001
28072.350001
28141.800001
28212.075001
28283.225001
28355.475001
28429.075001
28504.200001
28581.125001
28659.825001
28740.300001
28822.400001
28906.275001
28992.075001
29080.075001
29170.800001
29265.225001
29368.550001
29608.800001
29707.400001
30229.100001
30794.500001
31321.025001
31846.825001
32372.350001
32897.800001
33423.125001
33948.450001
34473.750001
34999.050001
