30.000000
0.000000
6643.500000
6696.600000
6748.925000
6801.725000
6853.725000
6905.500000
6957.525000
7008.625000
7059.350000
7109.700000
7159.750000
7209.550000
7259.225000
7308.675000
7358.075000
7407.625000
7456.850000
7505.425000
7553.700000
7602.225000
7650.375000
7698.025000
7745.925000
7793.000000
7840.525000
7887.250000
7934.375000
7980.800000
8027.225000
8073.825000
8119.800000
8165.525000
8211.425000
8257.450000
8302.725000
8347.875000
8392.775000
8437.450000
8482.000000
8526.325000
8570.575000
8614.800000
8658.950000
8702.875000
8746.875000
8791.075000
8835.225000
8879.150000
8922.900000
8966.350000
9009.375000
9052.450000
9095.700000
9138.550000
9181.250000
9224.325000
9267.275000
9309.500000
9352.150000
9394.525000
9436.425000
9478.850000
9520.525000
9562.700000
9604.250000
9646.275000
9687.600000
9729.475000
9770.575000
9812.175000
9853.225000
9894.450000
9935.575000
9976.225000
10017.475000
10058.075000
10098.450000
10139.400000
10180.125000
10220.550000
10261.400000
10302.250000
10342.725000
10383.525000
10424.425000
10464.900000
10505.725000
10546.625000
10587.125000
10627.925000
10668.850000
10709.350000
10750.175000
10791.100000
10831.600000
10872.450000
10913.300000
10953.825000
10994.700000
11035.550000
11076.000000
11116.925000
11157.775000
11198.225000
11238.975000
11279.925000
11320.425000
11361.150000
11402.100000
11442.650000
11483.375000
11524.325000
11564.850000
11605.625000
11646.575000
11687.100000
11727.875000
11768.825000
11809.325000
11850.125000
11891.075000
11931.575000
11972.425000
12013.275000
12053.825000
12094.700000
12135.550000
12176.000000
12216.925000
12257.775000
12298.225000
12338.975000
12379.925000
12420.425000
12461.150000
12502.100000
12542.625000
12583.375000
12624.325000
12664.850000
12705.625000
12746.575000
12787.100000
12827.875000
12868.825000
12909.325000
12950.125000
12991.075000
13031.575000
13072.425000
13113.275000
13153.825000
13194.700000
13235.550000
13276.000000
13316.925000
13357.775000
13398.225000
13438.975000
13479.925000
13520.425000
13561.150000
13602.100000
13642.625000
13683.375000
13724.325000
13764.850000
13805.625000
13846.575000
13887.100000
13927.875000
13968.825000
14009.325000
14050.125000
14091.075000
14131.575000
14172.425000
14213.275000
14253.825000
14294.700000
14335.550000
14376.000000
14416.925000
14457.775000
14498.225000
14538.975000
14579.925000
14620.425000
14661.150000
14702.100000
14742.625000
14783.375000
14824.325000
14864.850000
14905.625000
14946.575000
14987.100000
15027.875000
15068.825000
15109.325000
15150.125000
15191.075000
15231.575000
15272.425000
15313.275000
15353.825000
15394.700000
15435.550000
15476.000000
15516.925000
15557.775000
15598.225000
15638.975000
15679.925000
15720.425000
15761.150000
15802.100000
15842.625000
15883.375000
15924.325000
15964.850000
16005.625000
16046.575000
16087.100000
16127.875000
16168.825000
16209.325000
16250.125000
16291.075000
16331.575000
16372.425000
16413.275000
16453.825000
16494.700000
16535.550000
16576.000000
16616.925000
16657.775000
16698.225000
16738.975000
16779.925000
16820.425000
16861.150000
16902.100000
16942.625000
16983.375000
17024.325000
17064.850000
17105.625000
17146.575000
17187.100000
17227.875000
17268.825000
17309.325000
17350.125000
17391.075000
17431.575000
17472.425000
17513.275000
17553.825000
17594.700000
17635.550000
17676.000000
17716.925000
17757.775000
17798.225000
17838.975000
17879.925000
17920.425000
17961.150000
18002.100000
18042.625000
18083.375000
18124.325000
18164.850000
18205.625000
18246.575001
18287.100001
18327.875001
18368.825001
18409.325001
18450.125001
18491.075001
18531.575001
18572.425001
18613.275001
18653.825001
18694.700001
18735.550001
18776.000001
18816.925001
18857.775001
18898.225001
18938.975001
18979.925001
19020.425001
19061.150001
19102.100001
19142.625001
19183.375001
19224.325001
19264.850001
19305.625001
19346.575001
19387.100001
19427.875001
19468.825001
19509.325001
19550.125001
19591.075001
19631.575001
19672.425001
19713.275001
19753.825001
19794.700001
19835.550001
19876.000001
19916.925001
19957.775001
19998.225001
20038.975001
20079.925001
20120.450001
20161.450001
20202.350001
20243.075001
20284.400001
20325.325001
20366.700001
20407.950001
20449.375001
20491.150001
20532.800001
20574.575001
20616.425001
20658.100001
20700.200001
20742.175001
20784.650001
20826.675001
20869.075001
20911.900001
20954.350001
20996.950001
21040.025001
21082.925001
21125.825001
21169.075001
21212.600001
21256.300001
21299.800001
21343.125001
21386.725001
21430.425001
21474.550001
21518.925001
21563.350001
21607.875001
21652.425001
21697.000001
21741.625001
21786.300001
21831.275001
21876.225001
21921.550001
21967.500001
22013.375001
22059.125001
22105.175001
22151.675001
22197.900001
22244.525001
22291.325001
22338.125001
22385.550001
22432.775001
22480.300001
22528.025001
22575.750001
22624.275001
22672.850001
22721.150001
22769.825001
22819.075001
22868.775001
22918.750001
22968.900001
23019.125001
23069.400001
23119.925001
23170.600001
23221.700001
23273.550001
23325.350001
23377.475001
23430.325001
23483.250001
23536.625001
23591.100001
23645.900001
23701.100001
23757.000001
23813.500001
23870.300001
23927.575001
23986.100001
24045.650001
24106.050001
24168.050001
24231.625001
24298.100001
