100.000000
10.000000
4229.800000
4305.525000
4383.225000
4460.650000
4537.475000
4613.700000
4689.000000
4763.675000
4837.425000
4910.475000
4982.975000
5054.800000
5126.025000
5196.850000
5267.100000
5336.775000
5406.225000
5475.050000
5543.375000
5611.325000
5679.100000
5746.450000
5813.475000
5880.175000
5946.500000
6012.475000
6077.850000
6142.925000
6207.875000
6272.400000
6336.450000
6400.325000
6463.800000
6526.925000
6590.025000
6652.600000
6714.850000
6776.725000
6838.375000
6899.750000
6960.725000
7021.350000
7081.725000
7141.725000
7201.500000
7260.900000
7320.100000
7379.300000
7437.825000
7496.475000
7554.900000
7613.225000
7671.025000
7728.925000
7786.250000
7843.525000
7900.900000
7958.000000
8014.775000
8071.475000
8128.075000
8184.500000
8240.775000
8296.850000
8352.650000
8408.225000
8463.675000
8519.125000
8574.450000
8629.825000
8684.875000
8739.775000
8794.450000
8848.675000
8902.900000
8957.225000
9011.175000
9065.000000
9118.950000
9172.825000
9226.225000
9279.850000
9333.175000
9386.100000
9439.075000
9491.850000
9544.625000
9597.125000
9649.625000
9702.175000
9754.475000
9806.800000
9858.575000
9910.525000
9962.525000
10013.950000
10065.350000
10116.975000
10168.575000
10220.075000
10271.650000
10323.375000
10374.750000
10426.100000
10477.550000
10529.150000
10580.425000
10631.750000
10683.150000
10734.675000
10785.925000
10837.225000
10888.625000
10940.175000
10991.500000
11042.825000
11094.250000
11145.725000
11197.025000
11248.325000
11299.725000
11351.250000
11402.550000
11453.925000
11505.350000
11556.875000
11608.125000
11659.450000
11710.850000
11762.375000
11813.650000
11864.975000
11916.450000
11967.950000
12019.275000
12070.550000
12121.975000
12173.475000
12224.775000
12276.075000
12327.500000
12379.100000
12430.375000
12481.700000
12533.100000
12584.625000
12635.875000
12687.200000
12738.600000
12790.150000
12841.475000
12892.800000
12944.225000
12995.725000
13047.025000
13098.300000
13149.725000
13201.225000
13252.550000
13303.925000
13355.325000
13406.875000
13458.125000
13509.450000
13560.825000
13612.375000
13663.650000
13714.950000
13766.450000
13817.950000
13869.275000
13920.550000
13971.975000
14023.475000
14074.775000
14126.075000
14177.500000
14229.100000
14280.375000
14331.700000
14383.075000
14434.625000
14485.875000
14537.200000
14588.600000
14640.125000
14691.475000
14742.800000
14794.225000
14845.725000
14897.025000
14948.300000
14999.725000
15051.225000
15102.550000
15153.925000
15205.325000
15256.875000
15308.125000
15359.450000
15410.825000
15462.375000
15513.650000
15564.950000
15616.450000
15667.950000
15719.275000
15770.550000
15821.975000
15873.475000
15924.775000
15976.075000
16027.500000
16079.100000
16130.375000
16181.700000
16233.075000
16284.625000
16335.875000
16387.200000
16438.600000
16490.125000
16541.475000
16592.800000
16644.225000
16695.725000
16747.025000
16798.300000
16849.725000
16901.225000
16952.550000
17003.925000
17055.325000
17106.875000
17158.125000
17209.450000
17260.825000
17312.375000
17363.650000
17414.950000
17466.450000
17517.950000
17569.275000
17620.550000
17671.975000
17723.475000
17774.775000
17826.075000
17877.500000
17929.100000
17980.375000
18031.700000
18083.075000
18134.625000
18185.875000
18237.200001
18288.600001
18340.125001
18391.475001
18442.800001
18494.225001
18545.725001
18597.025001
18648.300001
18699.725001
18751.225001
18802.550001
18853.925001
18905.325001
18956.875001
19008.125001
19059.450001
19110.825001
19162.375001
19213.650001
19264.950001
19316.450001
19367.950001
19419.275001
19470.550001
19521.975001
19573.475001
19624.775001
19676.075001
19727.500001
19779.100001
19830.375001
19881.700001
19933.075001
19984.625001
20035.875001
20087.200001
20138.675001
20190.325001
20241.875001
20293.600001
20345.700001
20397.500001
20449.625001
20502.000001
20554.300001
20606.900001
20659.325001
20712.250001
20764.925001
20818.025001
20870.850001
20924.150001
20977.500001
21030.825001
21084.575001
21138.200001
21192.175001
21246.325001
21300.625001
21355.025001
21409.450001
21463.850001
21518.750001
21573.750001
21628.925001
21684.225001
21739.750001
21795.475001
21851.200001
21907.075001
21963.125001
22019.300001
22075.500001
22131.875001
22188.475001
22245.500001
22302.475001
22359.525001
22416.900001
22474.475001
22532.100001
22590.100001
22648.075001
22706.625001
22764.950001
22823.675001
22882.425001
22941.525001
23000.900001
23060.350001
23120.100001
23180.175001
23240.375001
23300.800001
23361.375001
23422.100001
23483.075001
23544.325001
23605.800001
23667.725001
23729.900001
23792.250001
23854.850001
23917.875001
23980.875001
24044.225001
24107.950001
24171.900001
24236.100001
24300.750001
24365.575001
24430.750001
24496.425001
24562.450001
24628.850001
24695.600001
24762.650001
24830.175001
24898.000001
24966.300001
25035.150001
25104.250001
25173.950001
25244.075001
25314.750001
25386.025001
25457.975001
25530.475001
25603.500001
25677.175001
25751.725001
25826.725001
25902.700001
25979.700001
26057.700001
26136.625001
26216.750001
26298.300001
26381.550001
26466.375001
26553.125001
26642.050001
26733.375001
26827.650001
26928.650001
