1.000000
22.000000
4322.425000
4402.400000
4477.375000
4548.275000
4616.300000
4682.050000
4746.125000
4808.550000
4869.950000
4930.500000
4990.425000
5049.700000
5108.500000
5167.075000
5225.150000
5282.975000
5340.550000
5397.575000
5454.250000
5510.500000
5566.350000
5621.525000
5676.200000
5730.425000
5784.375000
5837.650000
5890.800000
5943.375000
5995.800000
6047.725000
6099.500000
6151.125000
6202.325000
6253.150000
6303.725000
6353.975000
6403.850000
6453.375000
6502.650000
6551.575000
6600.150000
6648.375000
6696.550000
6744.425000
6791.950000
6839.475000
6886.725000
6934.050000
6980.975000
7027.875000
7074.600000
7121.100000
7167.775000
7213.950000
7260.175000
7306.550000
7352.525000
7398.350000
7444.200000
7489.975000
7535.575000
7580.950000
7626.200000
7671.300000
7716.500000
7761.375000
7806.375000
7851.200000
7895.800000
7940.300000
7984.700000
8029.050000
8073.250000
8117.425000
8161.300000
8205.125000
8248.625000
8292.100000
8335.625000
8379.075000
8422.100000
8465.000000
8507.900000
8550.850000
8593.300000
8635.800000
8678.275000
8720.475000
8762.700000
8804.675000
8846.750000
8888.650000
8930.350000
8972.050000
9013.600000
9055.225000
9096.750000
9138.200000
9179.800000
9220.950000
9262.350000
9303.400000
9344.625000
9385.700000
9426.550000
9467.775000
9508.400000
9549.275000
9590.275000
9630.775000
9671.525000
9712.425000
9752.800000
9793.250000
9833.925000
9874.525000
9914.950000
9955.400000
9995.775000
10035.925000
10076.100000
10116.450000
10156.775000
10196.925000
10237.075000
10277.375000
10317.800000
10357.950000
10398.150000
10438.450000
10478.925000
10519.050000
10559.225000
10599.500000
10639.950000
10680.150000
10720.325000
10760.625000
10801.050000
10841.275000
10881.425000
10921.700000
10962.150000
11002.325000
11042.550000
11082.825000
11123.250000
11163.425000
11203.650000
11243.925000
11284.350000
11324.525000
11364.675000
11405.025000
11445.450000
11485.650000
11525.800000
11566.150000
11606.575000
11646.750000
11686.900000
11727.150000
11767.675000
11807.850000
11848.025000
11888.300000
11928.825000
11968.975000
12009.125000
12049.375000
12089.850000
12130.100000
12170.250000
12210.550000
12251.000000
12291.225000
12331.375000
12371.625000
12412.100000
12452.275000
12492.500000
12532.775000
12573.225000
12613.400000
12653.625000
12693.900000
12734.325000
12774.525000
12814.650000
12855.000000
12895.450000
12935.625000
12975.800000
13016.125000
13056.575000
13096.750000
13136.875000
13177.150000
13217.650000
13257.850000
13298.025000
13338.300000
13378.800000
13418.975000
13459.100000
13499.375000
13539.850000
13580.100000
13620.250000
13660.550000
13700.975000
13741.225000
13781.350000
13821.625000
13862.075000
13902.275000
13942.500000
13982.775000
14023.225000
14063.400000
14103.625000
14143.875000
14184.325000
14224.525000
14264.650000
14305.000000
14345.450000
14385.625000
14425.800000
14466.125000
14506.575000
14546.750000
14586.875000
14627.150000
14667.650000
14707.850000
14748.025000
14788.300000
14828.800000
14868.975000
14909.100000
14949.375000
14989.850000
15030.100000
15070.250000
15110.550000
15150.975000
15191.225000
15231.350000
15271.625000
15312.075000
15352.275000
15392.500000
15432.775000
15473.225000
15513.400000
15553.625000
15593.875000
15634.325000
15674.525000
15714.650000
15755.000000
15795.450000
15835.625000
15875.800000
15916.125000
15956.575000
15996.750000
16036.875000
16077.150000
16117.650000
16157.850000
16198.025000
16238.300000
16278.800000
16318.975000
16359.100000
16399.375000
16439.850000
16480.100000
16520.250000
16560.550000
16600.975000
16641.225000
16681.350000
16721.625000
16762.075000
16802.275000
16842.500000
16882.775000
16923.225000
16963.400000
17003.625000
17043.875000
17084.325000
17124.525000
17164.650000
17205.000000
17245.450000
17285.625000
17325.800000
17366.125000
17406.575000
17446.750000
17486.875000
17527.150000
17567.650000
17607.850000
17648.025000
17688.300000
17728.800000
17768.975000
17809.100000
17849.375000
17889.850000
17930.100000
17970.250000
18010.550000
18050.975000
18091.225000
18131.350000
18171.625000
18212.075000
18252.275001
18292.500001
18332.775001
18373.225001
18413.400001
18453.625001
18493.875001
18534.325001
18574.525001
18614.650001
18655.000001
18695.450001
18735.625001
18775.800001
18816.125001
18856.575001
18896.750001
18936.875001
18977.150001
19017.650001
19057.850001
19098.025001
19138.300001
19178.800001
19218.975001
19259.100001
19299.375001
19339.850001
19380.100001
19420.250001
19460.550001
19500.975001
19541.225001
19581.350001
19621.625001
19662.075001
19702.275001
19742.500001
19782.775001
19823.225001
19863.400001
19903.625001
19943.875001
19984.325001
20024.525001
20064.650001
20105.000001
20145.500001
20185.700001
20225.975001
20266.425001
20306.875001
20347.100001
20387.425001
20427.900001
20468.450001
20508.925001
20549.700001
20590.400001
20630.875001
20671.700001
20712.625001
20753.325001
20794.350001
20835.325001
20876.225001
20917.500001
20958.375001
20999.575001
21040.900001
21082.025001
21123.425001
21164.600001
21206.250001
21247.550001
21289.025001
21330.425001
21372.025001
21413.575001
21455.300001
21496.975001
21538.725001
21580.450001
21622.325001
21664.025001
21706.225001
21748.275001
21790.450001
21832.575001
21874.825001
21917.275001
21959.550001
22002.050001
22044.575001
22087.025001
22129.825001
22172.525001
22215.125001
22257.950001
22300.975001
22343.875001
22386.875001
22430.100001
22473.350001
22516.500001
22559.600001
22602.775001
22646.200001
22689.800001
22733.275001
22776.675001
22820.350001
22863.950001
22907.850001
22951.775001
22995.775001
23039.900001
23084.100001
23128.425001
23172.775001
23217.275001
23261.800001
23306.475001
23351.125001
23395.775001
23440.500001
23485.350001
23530.300001
23575.150001
23620.225001
23665.325001
23710.600001
23756.075001
23801.575001
23847.025001
23892.650001
23938.425001
23984.425001
24030.325001
24076.250001
24122.425001
24168.750001
24215.125001
24261.675001
24308.275001
24355.075001
24402.075001
24449.050001
24496.325001
24543.650001
24591.250001
24638.850001
24686.525001
24734.625001
24782.725001
24831.075001
24879.775001
24928.675001
24977.600001
25026.625001
25075.975001
25125.550001
25175.375001
25225.350001
25275.600001
25326.100001
25376.700001
25427.600001
25478.800001
25530.125001
25581.600001
25633.250001
25685.125001
25737.125001
25789.375001
25841.750001
25894.300001
25947.000001
25999.900001
26052.875001
26106.175001
26159.550001
26213.150001
26266.900001
26320.675001
26374.700001
26428.950001
26483.200001
26537.575001
26592.175001
26646.975001
26701.950001
26757.125001
26812.400001
26867.850001
26923.475001
26979.250001
27035.200001
27091.375001
27147.600001
27204.050001
27260.700001
27317.650001
27374.675001
27431.875001
27489.300001
27546.950001
27604.775001
27662.900001
27721.125001
27779.675001
27838.375001
27897.325001
27956.575001
28016.000001
28075.725001
28135.725001
28195.975001
28256.525001
28317.375001
28378.525001
28440.000001
28501.775001
28563.875001
28626.350001
28689.300001
28752.725001
28816.675001
28881.175001
28946.300001
29011.950001
29078.200001
29145.025001
29212.450001
29280.550001
29349.350001
29418.975001
29489.375001
29560.625001
29632.775001
29705.900001
29780.125001
29855.650001
29932.850001
30012.275001
30094.450001
30178.525001
30263.900001
30350.075001
30436.750001
30523.875001
30611.400001
30699.425001
30787.975001
30877.150001
30967.025001
31057.750001
31149.525001
31242.450001
31336.100001
31430.000001
31523.950001
31617.950001
31711.925001
31805.925001
31899.900001
31993.875001
32087.850001
32181.825001
32275.800001
32369.775001
32463.750001
32557.725001
32651.700001
32745.675001
32839.650001
32933.625001
33027.600001
33121.575001
33215.575001
33309.550001
33403.525001
33497.475001
33591.450001
33685.425001
33779.400001
33873.375001
33967.350001
34061.350001
34155.325001
34249.300001
34343.275001
34437.250001
34531.225001
34625.200001
34719.150001
34813.150001
34907.100001
