2.000000
10.000000
10756.725000
10812.525000
10874.800000
11063.800000
11119.075000
11179.275000
11249.425000
11432.050000
11487.275000
11547.950000
11617.475000
11800.875000
11856.450000
11916.300000
11985.025000
12171.275000
12226.000000
12285.525000
12351.100000
12529.250000
12584.550000
12644.900000
12713.075000
12899.025000
12954.125000
13013.625000
13081.400000
13268.000000
13322.625000
13381.875000
13448.125000
13626.775000
13682.000000
13742.625000
13810.750000
13998.000000
14052.675000
14111.950000
14177.325000
14357.350000
14412.725000
14472.825000
14540.800000
14725.750000
14781.425000
14841.525000
14909.925000
15098.125000
15152.575000
15211.200000
15276.250000
15453.775000
15509.300000
15570.125000
15638.125000
15823.375000
15878.600000
15938.150000
16006.350000
16194.950000
16249.325000
16309.050000
16374.650000
16553.500000
16609.200000
16670.100000
16738.250000
16923.450000
16978.675000
17038.200000
17106.425000
17294.175000
17348.400000
17407.850000
17473.300000
17652.225000
17707.825000
17768.125000
17836.950000
18021.875000
18076.275000
18135.775000
18201.650000
18381.025001
18436.800001
18497.050001
18565.375001
18749.675001
18804.950001
18864.875001
18933.225001
19121.625001
19176.050001
19235.350001
19300.775001
19479.025001
19534.400001
19594.475001
19662.525001
19848.325001
19903.600001
19963.150001
20029.825001
20251.900001
20307.700001
20372.075001
20778.825001
20837.225001
