100.000000
37.000000
8065.650000
8129.700000
8193.325000
8255.925000
8317.925000
8379.075000
8439.375000
8499.175000
8558.825000
8618.650000
8677.600000
8736.325000
8795.075000
8853.525000
8911.950000
8969.975000
9027.725000
9085.625000
9142.975000
9200.175000
9257.650000
9314.475000
9371.100000
9427.675000
9484.400000
9541.075000
9597.250000
9653.200000
9708.975000
9764.750000
9820.400000
9875.875000
9931.275000
9986.425000
10041.675000
10096.825000
10152.050000
10207.325000
10262.400000
10317.575000
10372.375000
10427.050000
10481.875000
10536.600000
10591.675000
10646.750000
10701.900000
10757.050000
10812.050000
10867.050000
10921.750000
10976.425000
11031.250000
11086.125000
11141.325000
11196.425000
11251.525000
11306.625000
11361.350000
11416.125000
11470.825000
11525.625000
11580.600000
11635.700000
11690.900000
11746.025000
11801.075000
11855.950000
11910.700000
11965.350000
12020.175000
12075.100000
12130.250000
12185.375000
12240.525000
12295.600000
12350.375000
12405.275000
12459.825000
12514.575000
12569.525000
12624.625000
12679.900000
12735.025000
12790.075000
12844.950000
12899.725000
12954.450000
13009.175000
13064.000000
13119.150000
13174.225000
13229.500000
13284.525000
13339.300000
13394.100000
13448.675000
13503.525000
13558.400000
13613.500000
13668.725000
13723.800000
13778.950000
13833.675000
13888.425000
13943.150000
13997.950000
14052.875000
14107.975000
14163.125000
14218.325000
14273.350000
14328.175000
14382.975000
14437.575000
14492.500000
14547.350000
14602.425000
14657.625000
14712.775000
14767.900000
14822.725000
14877.525000
14932.150000
14986.875000
15041.900000
15096.925000
15152.025000
15207.225000
15262.250000
15317.250000
15372.025000
15426.550000
15481.400000
15536.200000
15591.375000
15646.475000
15701.575000
15756.675000
15811.400000
15866.200000
15920.850000
15975.675000
16030.625000
16085.725000
16140.925000
16196.025000
16251.075000
16305.950000
16360.725000
16415.350000
16470.200000
16525.100000
16580.250000
16635.375000
16690.525000
16745.600000
16800.375000
16855.250000
16909.825000
16964.575000
17019.525000
17074.600000
17129.900000
17185.025000
17240.075000
17294.950000
17349.725000
17404.450000
17459.175000
17514.000000
17569.150000
17624.225000
17679.500000
17734.525000
17789.275000
17844.100000
17898.675000
17953.525000
18008.400000
18063.500000
18118.700000
18173.800000
18228.950001
18283.675001
18338.425001
18393.150001
18447.950001
18502.875001
18557.975001
18613.125001
18668.325001
18723.350001
18778.175001
18832.975001
18887.575001
18942.500001
18997.350001
19052.425001
19107.625001
19162.775001
19217.900001
19272.725001
19327.525001
19382.150001
19436.875001
19491.900001
19546.925001
19602.025001
19657.225001
19712.250001
19767.250001
19822.025001
19876.550001
19931.400001
19986.200001
20041.375001
20096.475001
20151.700001
20207.025001
20262.375001
20317.950001
20373.525001
20429.350001
20485.250001
20541.375001
20597.250001
20653.275001
20709.425001
20765.625001
20822.150001
20879.175001
20936.000001
20992.900001
21049.950001
21107.650001
21165.000001
21222.750001
21280.675001
21338.550001
21396.950001
21455.300001
21513.850001
21572.475001
21631.375001
21690.900001
21750.100001
21809.450001
21869.350001
21929.600001
21989.775001
22050.000001
22110.325001
22170.975001
22231.875001
22293.025001
22354.375001
22415.950001
22477.900001
22540.325001
22602.825001
22665.300001
22728.350001
22791.925001
22855.450001
22919.525001
22983.550001
23048.050001
23113.275001
23178.575001
23244.100001
23309.825001
23376.075001
23442.875001
23509.725001
23577.000001
23645.150001
23713.850001
23782.625001
23852.400001
23922.125001
23992.900001
24064.125001
24136.075001
24208.800001
24282.175001
24356.350001
24431.825001
24508.275001
24585.550001
24664.150001
24746.275001
24830.625001
24961.175001
25037.450001
25182.725001
25261.150001
25450.950001
25530.050001
25765.425001
25981.350001
26316.500001
