10.000000
23.000000
4319.225000
4403.575000
4484.475000
4560.425000
4632.525000
4701.525000
4768.175000
4833.125000
4896.925000
4959.575000
5021.200000
5081.925000
5141.750000
5200.900000
5259.275000
5317.150000
5374.450000
5431.150000
5487.350000
5543.050000
5598.400000
5653.475000
5708.275000
5762.750000
5816.825000
5870.425000
5923.800000
5976.525000
6029.250000
6081.400000
6133.250000
6184.675000
6235.600000
6286.025000
6336.000000
6385.725000
6435.225000
6484.425000
6533.150000
6581.625000
6630.025000
6678.075000
6725.775000
6773.400000
6820.450000
6867.500000
6913.900000
6960.100000
7006.375000
7052.300000
7097.975000
7143.425000
7188.750000
7233.975000
7279.150000
7323.925000
7368.725000
7413.375000
7457.900000
7502.250000
7546.500000
7590.625000
7634.575000
7678.400000
7722.050000
7765.400000
7808.650000
7852.075000
7895.475000
7938.525000
7981.500000
8024.475000
8067.475000
8110.000000
8152.550000
8195.175000
8237.425000
8279.825000
8322.050000
8363.900000
8405.925000
8447.700000
8489.725000
8531.375000
8573.200000
8614.550000
8656.125000
8697.250000
8738.425000
8779.600000
8820.450000
8861.200000
8901.900000
8942.475000
8983.025000
9023.450000
9063.575000
9103.725000
9143.800000
9183.925000
9223.850000
9263.600000
9303.200000
9342.850000
9382.325000
9421.925000
9461.300000
9500.900000
9540.300000
9579.650000
9618.975000
9658.125000
9697.150000
9736.075000
9775.000000
9813.850000
9852.725000
9891.575000
9930.375000
9969.200000
10007.975000
10046.800000
10085.600000
10124.400000
10163.250000
10202.050000
10240.900000
10279.750000
10318.475000
10357.175000
10395.825000
10434.550000
10473.250000
10512.000000
10550.775000
10589.525000
10628.275000
10666.975000
10705.525000
10744.125000
10782.700000
10821.250000
10859.775000
10898.300000
10936.825000
10975.400000
11013.875000
11052.500000
11091.200000
11129.950000
11168.675000
11207.400000
11246.000000
11284.675000
11323.325000
11362.025000
11400.775000
11439.450000
11478.125000
11516.725000
11555.300000
11593.850000
11632.450000
11670.925000
11709.475000
11748.000000
11786.500000
11825.025000
11863.600000
11902.275000
11941.050000
11979.825000
12018.500000
12057.175000
12095.775000
12134.475000
12173.150000
12211.850000
12250.600000
12289.200000
12327.775000
12366.400000
12404.975000
12443.500000
12482.025000
12520.550000
12559.075000
12597.650000
12636.100000
12674.725000
12713.375000
12752.100000
12790.850000
12829.600000
12868.225000
12906.875000
12945.550000
12984.250000
13022.975000
13061.650000
13100.325000
13138.850000
13177.425000
13216.050000
13254.675000
13293.150000
13331.700000
13370.250000
13408.725000
13447.250000
13485.825000
13524.500000
13563.225000
13601.925000
13640.625000
13679.300000
13717.925000
13756.625000
13795.325000
13834.050000
13872.775000
13911.350000
13949.925000
13988.475000
14027.025000
14065.575000
14104.125000
14142.675000
14181.200000
14219.750000
14258.250000
14296.875000
14335.550000
14374.275000
14413.000000
14451.625000
14490.275000
14528.975000
14567.675000
14606.400000
14645.150000
14683.800000
14722.425000
14760.950000
14799.500000
14838.100000
14876.575000
14915.100000
14953.700000
14992.275000
15030.750000
15069.325000
15107.950000
15146.650000
15185.375000
15224.050000
15262.725000
15301.325000
15340.025000
15378.775000
15417.525000
15456.225000
15494.950000
15533.525000
15572.075000
15610.650000
15649.175000
15687.725000
15726.225000
15764.750000
15803.350000
15841.900000
15880.425000
15919.075000
15957.775000
15996.475000
16035.200000
16073.825000
16112.475000
16151.125000
16189.825000
16228.625000
16267.400000
16306.075000
16344.725000
16383.250000
16421.800000
16460.400000
16498.900000
16537.400000
16575.950000
16614.450000
16652.975000
16691.550000
16730.175000
16768.875000
16807.625000
16846.300000
16885.000000
16923.575000
16962.275000
17000.950000
17039.675000
17078.450000
17117.200000
17155.800000
17194.375000
17232.925000
17271.475000
17310.050000
17348.525000
17387.050000
17425.625000
17464.075000
17502.650000
17541.325000
17580.025000
17618.725000
17657.475000
17696.100000
17734.750000
17773.400000
17812.100000
17850.825000
17889.500000
17928.225000
17966.850000
18005.400000
18043.975000
18082.575000
18121.050000
18159.575000
18198.125000
18236.625001
18275.150001
18313.700001
18352.350001
18391.100001
18429.875001
18468.550001
18507.250001
18545.850001
18584.525001
18623.200001
18661.925001
18700.675001
18739.300001
18777.875001
18816.500001
18855.075001
18893.625001
18932.175001
18970.650001
19009.200001
19047.750001
19086.225001
19124.825001
19163.450001
19202.150001
19240.925001
19279.700001
19318.325001
19356.975001
19395.625001
19434.325001
19473.050001
19511.725001
19550.450001
19588.975001
19627.550001
19666.175001
19704.800001
19743.300001
19781.825001
19820.375001
19858.875001
19897.400001
19935.925001
19974.575001
20013.275001
20052.000001
20090.725001
20129.450001
20168.100001
20206.875001
20245.625001
20284.475001
20323.325001
20362.250001
20401.150001
20440.125001
20479.100001
20518.050001
20557.075001
20596.075001
20635.225001
20674.500001
20713.650001
20752.750001
20791.900001
20831.150001
20870.575001
20909.825001
20949.225001
20988.800001
21028.475001
21068.125001
21107.775001
21147.325001
21187.025001
21226.675001
21266.600001
21306.575001
21346.475001
21386.300001
21426.225001
21466.350001
21506.600001
21546.725001
21586.900001
21627.250001
21667.775001
21708.025001
21748.350001
21788.775001
21829.325001
21869.675001
21910.250001
21951.125001
21991.675001
22032.375001
22073.375001
22114.000001
22155.025001
22196.075001
22237.075001
22278.350001
22319.450001
22360.700001
22402.100001
22443.400001
22484.900001
22526.250001
22567.925001
22609.425001
22651.200001
22692.825001
22734.725001
22776.400001
22818.400001
22860.400001
22902.550001
22944.725001
22986.875001
23029.350001
23071.650001
23114.000001
23156.675001
23199.100001
23241.775001
23284.600001
23327.350001
23370.250001
23413.350001
23456.600001
23499.675001
23542.825001
23586.025001
23629.500001
23673.050001
23716.650001
23760.200001
23803.975001
23847.725001
23891.675001
23935.725001
23980.000001
24024.350001
24068.850001
24113.400001
24158.025001
24202.700001
24247.425001
24292.425001
24337.500001
24382.775001
24428.325001
24473.925001
24519.550001
24565.350001
24611.400001
24657.725001
24704.150001
24750.900001
24797.650001
24844.725001
24891.850001
24939.225001
24986.700001
25034.575001
25082.350001
25130.400001
25178.700001
25226.975001
25275.425001
25324.125001
25373.025001
25421.975001
25470.925001
25520.150001
25569.525001
25619.100001
25668.875001
25718.825001
25768.950001
25819.150001
25869.425001
25919.825001
25970.425001
26021.100001
26072.000001
26123.075001
26174.300001
26225.600001
26277.025001
26328.725001
26380.375001
26432.125001
26484.125001
26536.150001
26588.375001
26640.825001
26693.250001
26745.900001
26798.575001
26851.525001
26904.550001
26957.800001
27011.175001
27064.675001
27118.425001
27172.250001
27226.200001
27280.375001
27334.750001
27389.225001
27443.925001
27498.775001
27553.825001
27609.075001
27664.550001
27720.225001
27776.100001
27832.150001
27888.450001
27945.050001
28001.850001
28058.900001
28116.250001
28173.875001
28231.800001
28290.125001
28348.750001
28407.875001
28467.450001
28527.425001
28587.800001
28648.650001
28710.000001
28771.950001
28834.500001
28897.650001
28961.550001
29026.175001
29091.525001
29157.550001
29224.175001
29291.425001
29359.275001
29427.750001
29496.925001
29566.850001
29637.650001
29709.500001
29782.625001
29857.125001
29932.975001
30010.125001
30088.575001
30167.750001
30247.575001
30328.075001
30409.275001
30491.050001
30573.175001
30655.475001
30737.900001
30820.400001
30902.950001
30985.525001
31068.175001
31150.850001
31233.550001
31316.300001
31399.075001
31481.850001
31564.675001
31647.525001
31730.375001
31813.250001
31896.150001
31979.075001
32062.025001
32144.975001
32227.950001
32310.950001
32393.950001
32477.000001
32560.050001
32643.100001
32726.200001
32809.300001
32892.425001
32975.575001
33058.750001
33141.925001
33225.150001
33308.400001
33391.650001
33474.950001
33558.300001
33641.650001
33725.050001
33808.500001
33891.975001
33975.525001
34059.125001
34142.800001
34226.550001
34310.400001
34394.350001
34478.425001
34562.700001
34647.175001
34731.925001
34817.025001
34902.525001
34988.525001
