100.000000
8.000000
4214.950000
4292.800000
4372.400000
4451.800000
4530.600000
4608.625000
4685.975000
4762.625000
4838.450000
4913.750000
4988.300000
5062.500000
5135.950000
5208.800000
5281.225000
5353.075000
5424.525000
5495.575000
5565.875000
5635.900000
5705.375000
5774.500000
5843.100000
5911.200000
5979.100000
6046.600000
6113.650000
6180.325000
6246.675000
6312.650000
6378.075000
6443.050000
6507.875000
6572.200000
6636.050000
6699.550000
6762.900000
6825.650000
6888.150000
6950.475000
7012.450000
7074.125000
7135.625000
7196.875000
7257.875000
7318.725000
7379.325000
7439.500000
7499.450000
7559.200000
7618.925000
7678.350000
7737.325000
7796.225000
7854.850000
7913.425000
7971.625000
8029.925000
8087.575000
8145.350000
8202.650000
8259.650000
8316.625000
8373.450000
8430.100000
8486.325000
8542.550000
8598.450000
8654.175000
8709.650000
8765.000000
8820.325000
8875.475000
8930.450000
8985.425000
9040.300000
9094.900000
9149.225000
9203.600000
9257.925000
9312.150000
9366.000000
9419.725000
9473.450000
9526.650000
9580.150000
9633.350000
9686.200000
9739.175000
9791.925000
9844.675000
9897.150000
9949.625000
10002.175000
10054.450000
10106.775000
10158.750000
10210.925000
10263.200000
10315.250000
10367.675000
10419.675000
10471.825000
10524.100000
10576.150000
10628.525000
10680.550000
10732.725000
10785.075000
10837.100000
10889.325000
10941.475000
10993.475000
11045.750000
11097.750000
11149.925000
11202.125000
11254.225000
11306.575000
11358.475000
11410.625000
11462.975000
11515.000000
11567.425000
11619.450000
11671.550000
11723.850000
11775.875000
11828.200000
11880.300000
11932.350000
11984.625000
12036.525000
12088.675000
12140.975000
12193.000000
12245.375000
12297.350000
12349.475000
12401.775000
12453.850000
12506.150000
12558.200000
12610.275000
12662.575000
12714.550000
12766.875000
12819.050000
12870.975000
12923.300000
12975.225000
13027.350000
13079.775000
13131.825000
13184.150000
13236.125000
13288.250000
13340.600000
13392.675000
13445.025000
13497.100000
13549.075000
13601.325000
13653.375000
13705.575000
13757.800000
13809.825000
13862.150000
13914.025000
13966.225000
14018.550000
14070.600000
14122.925000
14174.950000
14227.000000
14279.425000
14331.450000
14383.700000
14435.775000
14487.775000
14540.075000
14592.100000
14644.275000
14696.500000
14748.500000
14800.850000
14852.850000
14905.050000
14957.425000
15009.450000
15061.700000
15113.750000
15165.850000
15218.175000
15270.225000
15322.475000
15374.600000
15426.550000
15478.925000
15530.825000
15582.975000
15635.275000
15687.325000
15739.600000
15791.700000
15843.825000
15896.150000
15948.175000
16000.475000
16052.575000
16104.700000
16157.000000
16208.975000
16261.175000
16313.350000
16365.375000
16417.750000
16469.700000
16521.825000
16574.100000
16626.125000
16678.475000
16730.525000
16782.675000
16835.025000
16887.025000
16939.250000
16991.400000
17043.375000
17095.650000
17147.625000
17199.750000
17251.975000
17304.075000
17356.400000
17408.375000
17460.525000
17512.875000
17564.900000
17617.325000
17669.400000
17721.450000
17773.725000
17825.750000
17878.000000
17930.175000
17982.200000
18034.500000
18086.350000
18138.500000
18190.850000
18242.900001
18295.250001
18347.275001
18399.375001
18451.675001
18503.750001
18556.050001
18608.125001
18660.175001
18712.425001
18764.350001
18816.575001
18868.825001
18920.825001
18973.150001
19025.125001
19077.250001
19129.700001
19181.750001
19234.050001
19286.050001
19338.175001
19390.500001
19442.575001
19494.925001
19547.000001
19598.950001
19651.200001
19703.175001
19755.350001
19807.625001
19859.650001
19911.975001
19963.925001
20016.125001
20068.475001
20120.550001
20173.075001
20225.400001
20277.900001
20330.400001
20383.125001
20435.875001
20488.775001
20541.750001
20595.150001
20648.400001
20701.975001
20755.600001
20809.225001
20863.275001
20917.600001
20971.725001
21025.975001
21080.375001
21135.000001
21189.775001
21244.650001
21299.525001
21354.675001
21409.800001
21465.050001
21520.525001
21576.100001
21631.850001
21687.650001
21743.800001
21800.200001
21856.800001
21913.450001
21970.300001
22027.325001
22084.650001
22141.850001
22199.250001
22257.125001
22314.850001
22373.125001
22431.400001
22490.025001
22548.475001
22607.425001
22666.475001
22725.625001
22785.275001
22845.125001
22905.100001
22965.125001
23025.350001
23085.900001
23146.800001
23207.975001
23269.325001
23330.825001
23392.675001
23454.900001
23517.625001
23580.425001
23643.375001
23706.900001
23770.525001
23834.725001
23898.975001
23963.750001
24029.075001
24094.575001
24160.450001
24226.700001
24293.325001
24360.375001
24427.925001
24495.900001
24564.100001
24632.875001
24702.225001
24771.925001
24842.100001
24912.800001
24983.950001
25055.625001
25127.650001
25200.300001
25273.625001
25347.450001
25421.875001
25497.100001
25572.975001
25649.525001
25726.775001
25804.925001
25884.050001
25964.000001
26044.925001
26126.750001
26209.775001
26294.125001
26380.000001
26467.325001
26556.475001
26647.750001
26741.550001
26839.100001
