10.000000
4.000000
3285.800000
3386.850000
3489.400000
3590.075000
3688.175000
3784.125000
3877.675000
3969.375000
4059.250000
4147.550000
4234.475000
4319.975000
4404.175000
4487.150000
4569.200000
4650.025000
4730.075000
4809.100000
4887.225000
4964.350000
5040.925000
5116.600000
5191.450000
5265.350000
5338.625000
5411.175000
5483.025000
5554.150000
5624.575000
5694.225000
5762.975000
5830.550000
5896.850000
5961.600000
6024.675000
6086.050000
6146.300000
6205.425000
6263.450000
6320.575000
6376.800000
6432.575000
6487.650000
6542.225000
6596.425000
6650.025000
6702.925000
6755.500000
6807.700000
6859.425000
6910.775000
6961.925000
7012.650000
7063.075000
7113.350000
7163.400000
7213.300000
7263.050000
7312.600000
7362.000000
7411.125000
7459.975000
7508.750000
7557.675000
7606.500000
7655.000000
7703.350000
7751.600000
7799.625000
7847.450000
7895.450000
7943.000000
7990.650000
8038.125000
8085.675000
8133.000000
8180.225000
8227.325000
8274.425000
8321.250000
8368.100000
8414.650000
8461.225000
8507.725000
8554.050000
8600.225000
8646.350000
8692.475000
8738.500000
8784.500000
8830.200000
8875.875000
8921.525000
8967.350000
9012.850000
9058.100000
9103.300000
9148.425000
9193.400000
9238.475000
9283.375000
9328.300000
9373.275000
9417.975000
9462.525000
9507.050000
9551.400000
9595.750000
9640.075000
9684.350000
9728.625000
9772.750000
9816.725000
9860.500000
9904.250000
9947.850000
9991.525000
10035.075000
10078.750000
10122.100000
10165.300000
10208.450000
10251.950000
10295.575000
10338.825000
10382.000000
10425.175000
10468.700000
10512.300000
10555.550000
10598.625000
10641.900000
10685.375000
10729.000000
10772.225000
10815.350000
10858.475000
10901.950000
10945.550000
10988.775000
11031.950000
11075.100000
11118.575000
11162.175000
11205.450000
11248.575000
11291.800000
11335.250000
11378.900000
11422.125000
11465.275000
11508.400000
11551.825000
11595.425000
11638.700000
11681.900000
11725.050000
11768.500000
11812.100000
11855.425000
11898.525000
11941.775000
11985.200000
12028.850000
12072.100000
12115.250000
12158.375000
12201.775000
12245.375000
12288.700000
12331.900000
12375.050000
12418.475000
12462.075000
12505.400000
12548.525000
12591.750000
12635.200000
12678.850000
12722.100000
12765.250000
12808.375000
12851.775000
12895.375000
12938.700000
12981.875000
13025.050000
13068.475000
13112.050000
13155.400000
13198.525000
13241.750000
13285.200000
13328.850000
13372.100000
13415.250000
13458.375000
13501.775000
13545.375000
13588.700000
13631.875000
13675.025000
13718.475000
13762.050000
13805.400000
13848.525000
13891.750000
13935.200000
13978.850000
14022.100000
14065.250000
14108.375000
14151.775000
14195.375000
14238.700000
14281.875000
14325.025000
14368.475000
14412.050000
14455.400000
14498.525000
14541.750000
14585.200000
14628.850000
14672.100000
14715.250000
14758.375000
14801.775000
14845.375000
14888.675000
14931.875000
14975.025000
15018.475000
15062.050000
15105.400000
15148.525000
15191.750000
15235.200000
15278.850000
15322.100000
15365.250000
15408.375000
15451.775000
15495.375000
15538.675000
15581.875000
15625.025000
15668.475000
15712.050000
15755.400000
15798.525000
15841.750000
15885.200000
15928.850000
15972.100000
16015.250000
16058.375000
16101.775000
16145.375000
16188.675000
16231.875000
16275.025000
16318.475000
16362.050000
16405.400000
16448.525000
16491.750000
16535.200000
16578.850000
16622.100000
16665.250000
16708.375000
16751.775000
16795.375000
16838.675000
16881.875000
16925.025000
16968.475000
17012.050000
17055.400000
17098.525000
17141.750000
17185.200000
17228.850000
17272.100000
17315.250000
17358.375000
17401.775000
17445.375000
17488.675000
17531.875000
17575.025000
17618.475000
17662.050000
17705.400000
17748.525000
17791.750000
17835.200000
17878.850000
17922.100000
17965.250000
18008.375000
18051.775000
18095.375000
18138.675000
18181.875000
18225.025000
18268.475001
18312.050001
18355.400001
18398.525001
18441.750001
18485.200001
18528.850001
18572.100001
18615.250001
18658.375001
18701.775001
18745.375001
18788.675001
18831.875001
18875.025001
18918.475001
18962.050001
19005.400001
19048.525001
19091.750001
19135.200001
19178.850001
19222.100001
19265.250001
19308.375001
19351.775001
19395.375001
19438.675001
19481.875001
19525.025001
19568.475001
19612.050001
19655.400001
19698.525001
19741.750001
19785.200001
19828.850001
19872.100001
19915.250001
19958.375001
20001.775001
20045.375001
20088.675001
20131.925001
20175.225001
20218.900001
20262.600001
20306.425001
20350.125001
20393.925001
20437.700001
20481.600001
20525.525001
20569.550001
20613.600001
20657.900001
20702.275001
20746.750001
20791.300001
20835.750001
20880.300001
20924.825001
20969.400001
21013.950001
21058.625001
21103.625001
21148.525001
21193.525001
21238.725001
21284.050001
21329.525001
21374.800001
21420.250001
21465.875001
21511.675001
21557.550001
21603.375001
21649.325001
21695.550001
21741.500001
21787.475001
21833.675001
21880.100001
21926.350001
21973.025001
22019.500001
22066.225001
22113.125001
22159.925001
22206.950001
22253.925001
22301.150001
22348.300001
22395.725001
22443.025001
22490.625001
22538.300001
22586.025001
22634.075001
22682.000001
22730.175001
22778.600001
22826.875001
22875.275001
22923.875001
22972.600001
23021.350001
23070.375001
23119.400001
23168.675001
23218.100001
23267.650001
23317.375001
23367.200001
23417.150001
23467.225001
23517.475001
23567.775001
23618.050001
23668.475001
23719.050001
23769.600001
23820.350001
23871.200001
23922.200001
23973.375001
24024.625001
24076.000001
24127.550001
24179.250001
24230.900001
24282.900001
24335.050001
24387.175001
24439.625001
24492.175001
24544.925001
24597.675001
24650.750001
24703.875001
24757.150001
24810.525001
24864.025001
24917.850001
24971.700001
25025.800001
25080.125001
25134.625001
25189.100001
25243.875001
25298.750001
25353.850001
25409.150001
25464.700001
25520.450001
25576.300001
25632.375001
25688.700001
25745.350001
25802.175001
25859.225001
25916.525001
25974.000001
26031.725001
26089.800001
26148.100001
26206.800001
26265.600001
26324.800001
26384.450001
26444.375001
26504.675001
26565.300001
26626.250001
26687.600001
26749.350001
26811.550001
26874.050001
26936.875001
27000.025001
27063.475001
27127.300001
27191.525001
27256.075001
27320.950001
27386.200001
27451.925001
27518.100001
27584.675001
27651.725001
27719.250001
27787.300001
27856.000001
27925.350001
27995.525001
28066.475001
28138.200001
28210.850001
28284.450001
28358.925001
28434.475001
28510.875001
28588.175001
28666.475001
28745.725001
28825.925001
28907.250001
28989.650001
29073.300001
29158.275001
29244.700001
29332.800001
29422.875001
29515.225001
29610.650001
29710.500001
29816.225001
29930.950001
30642.150001
30754.775001
30883.500001
31450.475001
31563.375001
31693.250001
32231.000001
32343.900001
32474.175001
33010.750001
33123.650001
33254.025001
33790.500001
33903.425001
34033.800001
34570.025001
34682.950001
34813.325001
