100.000000
19.000000
4413.775000
4483.275000
4553.075000
4621.675000
4689.525000
4756.825000
4823.425000
4889.475000
4955.175000
5020.450000
5085.500000
5150.000000
5214.100000
5277.875000
5341.450000
5404.600000
5467.650000
5530.325000
5592.600000
5654.550000
5716.225000
5777.600000
5838.650000
5899.425000
5959.925000
6020.200000
6080.350000
6140.175000
6199.575000
6258.750000
6317.900000
6376.375000
6434.925000
6493.000000
6551.075000
6608.650000
6666.125000
6723.525000
6780.450000
6837.100000
6893.525000
6949.775000
7005.725000
7061.400000
7116.900000
7172.025000
7226.825000
7281.525000
7335.975000
7390.300000
7444.250000
7497.975000
7551.725000
7605.125000
7658.275000
7711.275000
7763.950000
7816.725000
7869.250000
7921.650000
7974.125000
8026.175000
8078.375000
8130.325000
8181.975000
8233.675000
8285.350000
8336.775000
8388.175000
8439.650000
8491.000000
8542.000000
8592.850000
8643.575000
8694.325000
8745.050000
8795.725000
8846.125000
8896.525000
8946.850000
8996.975000
9046.975000
9096.900000
9146.800000
9196.675000
9246.500000
9296.200000
9345.750000
9395.275000
9444.600000
9493.725000
9542.850000
9591.775000
9640.900000
9690.000000
9738.675000
9787.250000
9835.850000
9884.550000
9932.950000
9981.325000
10029.950000
10078.425000
10126.425000
10174.675000
10223.100000
10271.100000
10319.275000
10367.700000
10415.750000
10463.800000
10512.200000
10560.225000
10608.275000
10656.700000
10704.825000
10752.900000
10801.225000
10849.250000
10897.375000
10945.700000
10993.775000
11041.975000
11090.250000
11138.375000
11186.425000
11234.725000
11282.850000
11330.975000
11379.350000
11427.425000
11475.525000
11523.825000
11571.950000
11620.050000
11668.425000
11716.600000
11764.625000
11813.075000
11861.225000
11909.300000
11957.700000
12006.025000
12054.100000
12102.325000
12150.750000
12198.725000
12246.950000
12295.350000
12343.375000
12391.550000
12439.900000
12487.925000
12536.000000
12584.375000
12632.425000
12680.525000
12728.950000
12776.900000
12825.000000
12873.350000
12921.325000
12969.450000
13017.850000
13065.925000
13113.950000
13162.325000
13210.375000
13258.450000
13306.825000
13354.975000
13403.075000
13451.350000
13499.425000
13547.575000
13595.850000
13643.975000
13692.175000
13740.500000
13788.600000
13836.625000
13884.975000
13933.075000
13981.175000
14029.650000
14077.750000
14125.825000
14174.225000
14222.475000
14270.525000
14318.875000
14367.325000
14415.350000
14463.550000
14511.925000
14559.950000
14608.100000
14656.525000
14704.625000
14752.700000
14801.075000
14849.025000
14897.150000
14945.525000
14993.550000
15041.700000
15090.050000
15138.075000
15186.125000
15234.500000
15282.575000
15330.675000
15379.075000
15427.100000
15475.200000
15523.500000
15571.575000
15619.725000
15668.025000
15716.200000
15764.225000
15812.525000
15860.625000
15908.700000
15957.025000
16005.200000
16053.300000
16101.600000
16149.700000
16197.775000
16246.100000
16294.250000
16342.400000
16390.825000
16438.950000
16487.025000
16535.425000
16583.675000
16631.725000
16680.050000
16728.500000
16776.475000
16824.675000
16873.075000
16921.050000
16969.225000
17017.650000
17065.675000
17113.750000
17162.125000
17210.150000
17258.225000
17306.650000
17354.750000
17402.825000
17451.175000
17499.175000
17547.275000
17595.625000
17643.700000
17691.850000
17740.175000
17788.250000
17836.300000
17884.650000
17932.750000
17980.850000
18029.225000
18077.300000
18125.425000
18173.700000
18221.825000
18269.950001
18318.275001
18366.450001
18414.425001
18462.800001
18510.900001
18558.925001
18607.375001
18655.500001
18703.625001
18752.000001
18800.225001
18848.275001
18896.600001
18945.000001
18993.025001
19041.300001
19089.650001
19137.675001
19185.825001
19234.225001
19282.300001
19330.400001
19378.850001
19426.775001
19474.875001
19523.250001
19571.225001
19619.350001
19667.750001
19715.800001
19763.850001
19812.225001
19860.250001
19908.325001
19956.725001
20004.850001
20052.925001
20101.250001
20149.400001
20197.750001
20246.300001
20294.875001
20343.225001
20391.750001
20440.550001
20489.275001
20538.025001
20586.925001
20635.925001
20685.150001
20734.475001
20783.650001
20832.975001
20882.275001
20931.700001
20981.225001
21030.850001
21080.525001
21130.350001
21180.300001
21230.325001
21280.375001
21330.500001
21380.650001
21430.925001
21481.400001
21531.925001
21582.600001
21633.400001
21684.425001
21735.500001
21786.475001
21837.525001
21888.750001
21940.225001
21991.625001
22043.075001
22094.875001
22146.775001
22198.550001
22250.775001
22302.850001
22355.175001
22407.725001
22460.225001
22513.050001
22565.725001
22618.800001
22671.850001
22724.925001
22778.300001
22831.675001
22885.350001
22939.000001
22992.775001
23046.800001
23101.075001
23155.325001
23209.600001
23264.000001
23318.850001
23373.800001
23428.975001
23484.250001
23539.725001
23595.425001
23651.200001
23707.125001
23763.200001
23819.425001
23875.725001
23932.300001
23989.000001
24046.000001
24103.025001
24160.300001
24218.050001
24275.750001
24333.875001
24392.125001
24450.700001
24509.375001
24568.475001
24627.625001
24687.025001
24746.900001
24807.050001
24867.525001
24928.250001
24989.200001
25050.550001
25112.325001
25174.425001
25236.850001
25299.700001
25363.075001
25426.625001
25490.925001
25555.575001
25620.625001
25686.225001
25752.500001
25819.375001
25886.750001
25954.850001
26023.650001
26092.900001
26162.875001
26233.350001
26304.450001
26376.200001
26448.600001
26521.750001
26595.850001
26670.525001
26746.100001
26822.300001
26899.350001
26977.325001
27056.450001
27136.475001
27217.575001
27299.775001
27383.350001
27468.525001
27555.375001
27644.500001
27737.050001
28327.875001
28420.400001
