1.000000
38.000000
8359.350000
8430.175000
8500.150000
8568.575000
8634.800000
8698.675000
8761.300000
8822.725000
8882.900000
8942.075000
9000.175000
9057.650000
9113.975000
9169.550000
9224.650000
9279.225000
9332.800000
9385.975000
9438.525000
9490.900000
9542.600000
9593.875000
9645.000000
9695.725000
9745.925000
9795.850000
9845.575000
9894.875000
9943.850000
9992.725000
10041.400000
10089.900000
10137.850000
10185.875000
10233.850000
10281.600000
10329.500000
10376.825000
10424.525000
10471.950000
10519.275000
10566.575000
10613.650000
10660.775000
10707.950000
10755.025000
10802.200000
10848.925000
10895.950000
10942.650000
10989.575000
11036.125000
11082.775000
11129.675000
11176.100000
11222.700000
11269.200000
11315.350000
11361.925000
11408.200000
11454.350000
11500.875000
11547.075000
11593.075000
11639.375000
11685.675000
11731.775000
11777.900000
11824.125000
11870.225000
11916.550000
11962.725000
12008.525000
12054.650000
12101.050000
12147.050000
12193.000000
12239.050000
12285.275000
12331.300000
12377.525000
12423.675000
12469.550000
12515.475000
12561.675000
12607.925000
12653.975000
12700.025000
12746.150000
12792.100000
12838.175000
12884.575000
12930.475000
12976.350000
13022.450000
13068.650000
13114.650000
13160.875000
13207.075000
13252.900000
13298.750000
13345.025000
13391.300000
13437.250000
13483.300000
13529.525000
13575.375000
13621.350000
13667.825000
13713.725000
13759.625000
13805.700000
13851.825000
13897.800000
13944.000000
13990.275000
14036.100000
14082.025000
14128.200000
14174.400000
14220.450000
14266.650000
14312.750000
14358.525000
14404.575000
14450.925000
14497.000000
14542.925000
14588.950000
14635.125000
14680.975000
14727.050000
14773.450000
14819.350000
14865.250000
14911.300000
14957.525000
15003.600000
15049.775000
15095.900000
15141.800000
15187.675000
15233.875000
15280.150000
15326.125000
15372.200000
15418.325000
15464.100000
15510.050000
15556.425000
15602.525000
15648.425000
15694.525000
15740.675000
15786.525000
15832.650000
15879.100000
15924.950000
15970.825000
16017.025000
16063.225000
16109.250000
16155.450000
16201.525000
16247.375000
16293.275000
16339.500000
16385.725000
16431.725000
16477.775000
16523.875000
16569.725000
16615.700000
16662.075000
16708.100000
16754.075000
16800.125000
16846.250000
16892.275000
16938.450000
16984.725000
17030.575000
17076.425000
17122.600000
17168.825000
17214.850000
17260.975000
17307.150000
17352.975000
17398.825000
17445.175000
17491.400000
17537.300000
17583.325000
17629.575000
17675.450000
17721.500000
17767.950000
17813.775000
17859.700000
17905.775000
17951.950000
17997.975000
18044.200000
18090.375000
18136.150000
18182.075000
18228.325001
18274.550001
18320.550001
18366.700001
18412.825001
18458.600001
18504.700001
18551.075001
18597.050001
18642.975001
18689.000001
18735.175001
18781.075001
18827.250001
18873.575001
18919.450001
18965.325001
19011.425001
19057.650001
19103.775001
19149.875001
19195.975001
19241.875001
19287.775001
19334.050001
19380.250001
19426.175001
19472.250001
19518.375001
19564.175001
19610.175001
19656.575001
19702.575001
19748.475001
19794.550001
19840.725001
19886.600001
19932.800001
19979.200001
20025.025001
20070.875001
20117.200001
20163.475001
20209.575001
20255.925001
20302.375001
20348.625001
20395.450001
20441.925001
20488.650001
20535.575001
20582.425001
20629.725001
20676.625001
20723.975001
20771.050001
20818.700001
20866.375001
20913.875001
20961.825001
21009.625001
21057.825001
21106.175001
21154.400001
21202.750001
21251.400001
21300.025001
21348.600001
21397.450001
21446.750001
21496.150001
21545.750001
21595.500001
21645.450001
21695.575001
21745.750001
21796.075001
21846.650001
21897.275001
21948.100001
21999.150001
22050.775001
22102.450001
22154.150001
22206.375001
22258.500001
22311.050001
22363.775001
22416.975001
22470.300001
22524.275001
22578.625001
22633.075001
22687.725001
22742.900001
22798.450001
22854.525001
22911.150001
22968.550001
23026.250001
23084.850001
23143.825001
23203.700001
23264.100001
23325.225001
23387.025001
23449.650001
23513.300001
23577.450001
23642.575001
23708.475001
23775.250001
23843.050001
23912.075001
23982.175001
24053.825001
24126.875001
24202.425001
24280.500001
24361.050001
24446.975001
24541.750001
24716.050001
24798.300001
24972.175001
25061.525001
25306.100001
25453.500001
25723.300001
26023.100001
