1.000000
26.000000
4753.575000
4830.550000
4903.225000
4972.500000
5039.375000
5104.500000
5168.500000
5231.350000
5293.375000
5354.775000
5415.575000
5475.925000
5535.925000
5595.650000
5654.875000
5713.775000
5772.300000
5830.500000
5888.325000
5946.000000
6002.975000
6059.550000
6115.625000
6171.125000
6226.050000
6280.325000
6333.775000
6386.325000
6438.200000
6489.625000
6540.350000
6590.425000
6640.075000
6689.150000
6737.800000
6786.125000
6834.425000
6882.150000
6929.925000
6977.375000
7024.625000
7071.575000
7118.525000
7165.025000
7211.375000
7257.650000
7303.700000
7349.550000
7395.375000
7440.925000
7486.075000
7531.100000
7576.050000
7620.700000
7665.175000
7709.525000
7753.775000
7797.800000
7841.700000
7885.500000
7929.200000
7972.500000
8015.550000
8058.400000
8101.350000
8144.025000
8186.425000
8229.050000
8271.100000
8313.375000
8355.500000
8397.300000
8439.250000
8480.925000
8522.900000
8564.500000
8606.425000
8647.900000
8689.650000
8730.950000
8772.375000
8813.625000
8854.925000
8896.250000
8937.325000
8978.650000
9019.525000
9060.575000
9101.600000
9142.450000
9183.350000
9224.175000
9264.925000
9305.625000
9346.275000
9386.825000
9427.525000
9468.075000
9508.275000
9548.550000
9588.900000
9629.275000
9669.375000
9709.500000
9749.700000
9789.975000
9830.100000
9870.100000
9910.075000
9950.075000
9990.100000
10030.000000
10069.700000
10109.475000
10149.175000
10189.050000
10229.000000
10268.775000
10308.400000
10348.175000
10387.875000
10427.700000
10467.650000
10507.450000
10547.125000
10586.800000
10626.475000
10666.350000
10706.225000
10746.025000
10785.750000
10825.350000
10865.075000
10904.850000
10944.725000
10984.575000
11024.300000
11063.900000
11103.700000
11143.325000
11183.125000
11223.025000
11262.850000
11302.525000
11342.200000
11381.900000
11421.650000
11461.500000
11501.325000
11541.150000
11580.700000
11620.450000
11660.100000
11699.900000
11739.775000
11779.650000
11819.325000
11858.925000
11898.600000
11938.400000
11978.325000
12018.150000
12057.900000
12097.500000
12137.200000
12176.800000
12216.675000
12256.550000
12296.275000
12335.950000
12375.600000
12415.300000
12455.125000
12495.025000
12534.850000
12574.600000
12614.100000
12653.900000
12693.500000
12733.300000
12773.200000
12812.975000
12852.650000
12892.375000
12932.050000
12971.850000
13011.675000
13051.500000
13091.300000
13130.800000
13170.525000
13210.200000
13250.000000
13289.900000
13329.725000
13369.375000
13409.050000
13448.700000
13488.500000
13528.450000
13568.250000
13607.975000
13647.550000
13687.275000
13726.875000
13766.775000
13806.650000
13846.350000
13886.000000
13925.700000
13965.400000
14005.225000
14045.125000
14084.925000
14124.650000
14164.150000
14203.950000
14243.550000
14283.350000
14323.250000
14363.025000
14402.675000
14442.425000
14482.100000
14521.900000
14561.725000
14601.525000
14641.325000
14680.825000
14720.550000
14760.225000
14800.050000
14839.950000
14879.750000
14919.400000
14959.075000
14998.725000
15038.525000
15078.475000
15118.275000
15157.975000
15197.575000
15237.275000
15276.900000
15316.800000
15356.675000
15396.375000
15436.025000
15475.725000
15515.425000
15555.250000
15595.125000
15634.950000
15674.675000
15714.175000
15753.950000
15793.575000
15833.375000
15873.275000
15913.050000
15952.700000
15992.450000
16032.125000
16071.925000
16111.750000
16151.550000
16191.325000
16230.850000
16270.575000
16310.250000
16350.075000
16389.950000
16429.775000
16469.400000
16509.100000
16548.725000
16588.550000
16628.475000
16668.275000
16707.975000
16747.575000
16787.300000
16826.925000
16866.800000
16906.675000
16946.400000
16986.025000
17025.750000
17065.425000
17105.250000
17145.150000
17184.950000
17224.675000
17264.175000
17303.950000
17343.600000
17383.400000
17423.275000
17463.050000
17502.700000
17542.450000
17582.125000
17621.925000
17661.750000
17701.550000
17741.325000
17780.850000
17820.575000
17860.250000
17900.075000
17939.950000
17979.775000
18019.425000
18059.100000
18098.750000
18138.550000
18178.475000
18218.275000
18258.000001
18297.575001
18337.300001
18376.925001
18416.800001
18456.675001
18496.400001
18536.025001
18575.750001
18615.425001
18655.250001
18695.150001
18734.975001
18774.675001
18814.175001
18853.975001
18893.600001
18933.400001
18973.300001
19013.050001
19052.700001
19092.450001
19132.125001
19171.925001
19211.775001
19251.550001
19291.350001
19330.850001
19370.575001
19410.250001
19450.075001
19489.950001
19529.775001
19569.425001
19609.100001
19648.750001
19688.550001
19728.475001
19768.275001
19808.000001
19847.575001
19887.300001
19926.925001
19966.800001
20006.675001
20046.400001
20086.025001
20125.775001
20165.550001
20205.425001
20245.450001
20285.425001
20325.250001
20365.150001
20405.250001
20445.475001
20485.600001
20525.725001
20566.050001
20606.550001
20646.825001
20687.075001
20727.500001
20767.975001
20808.200001
20848.550001
20889.025001
20929.700001
20970.300001
21011.000001
21051.675001
21092.400001
21133.250001
21174.100001
21214.950001
21255.950001
21296.925001
21337.800001
21379.075001
21420.025001
21461.250001
21502.450001
21543.675001
21585.175001
21626.375001
21667.925001
21709.275001
21751.000001
21792.525001
21834.375001
21875.925001
21917.850001
21959.475001
22001.350001
22043.050001
22085.025001
22126.875001
22169.050001
22211.100001
22253.075001
22295.475001
22337.550001
22379.975001
22422.375001
22464.700001
22507.350001
22549.850001
22592.400001
22635.200001
22677.925001
22720.575001
22763.450001
22806.550001
22849.450001
22892.525001
22935.700001
22979.000001
23022.125001
23065.225001
23108.400001
23151.875001
23195.500001
23238.925001
23282.475001
23326.125001
23369.750001
23413.575001
23457.550001
23501.550001
23545.650001
23589.825001
23634.125001
23678.575001
23723.050001
23767.650001
23812.225001
23856.850001
23901.500001
23946.250001
23991.200001
24036.050001
24081.000001
24126.125001
24171.250001
24216.625001
24262.100001
24307.650001
24353.200001
24398.800001
24444.600001
24490.475001
24536.300001
24582.325001
24628.675001
24674.900001
24721.175001
24767.800001
24814.250001
24860.975001
24907.850001
24954.850001
25002.025001
25049.200001
25096.650001
25144.175001
25191.700001
25239.475001
25287.325001
25335.425001
25383.650001
25431.925001
25480.400001
25529.175001
25578.000001
25627.025001
25676.275001
25725.750001
25775.500001
25825.450001
25875.675001
25926.175001
25976.900001
26028.050001
26079.550001
26131.275001
26183.450001
26235.925001
26288.775001
26342.025001
26395.725001
26449.650001
26503.975001
26558.525001
26613.475001
26668.800001
26724.375001
26780.225001
26836.200001
26892.525001
26949.100001
27006.050001
27063.275001
27120.725001
27178.600001
27236.700001
27295.275001
27354.075001
27413.275001
27472.850001
27532.725001
27592.925001
27653.425001
27714.225001
27775.300001
27836.650001
27898.325001
27960.250001
28022.525001
28085.100001
28147.925001
28211.075001
28274.550001
28338.325001
28402.500001
28466.975001
28531.775001
28596.950001
28662.525001
28728.500001
28794.875001
28861.650001
28928.900001
28996.575001
29064.725001
29133.350001
29202.525001
29272.200001
29342.500001
29413.425001
29485.000001
29557.275001
29630.275001
29704.125001
29778.875001
29854.650001
29931.650001
30010.075001
30090.250001
30171.625001
30254.250001
30338.300001
30424.125001
30511.950001
30601.600001
30692.650001
30784.800001
30877.775001
30971.425001
31065.725001
31160.675001
31256.300001
31352.700001
31450.125001
31548.925001
31650.100001
31830.200001
31921.950001
32023.475001
32225.775001
32316.275001
32414.900001
32519.500001
32700.500001
32792.075001
32891.200001
32995.825001
33176.500001
33268.025001
33367.050001
33471.425001
33652.075001
33743.575001
33842.575001
33946.875001
34127.525001
34219.025001
34318.025001
34422.325001
34602.975001
34694.475001
34793.475001
34897.750001
