1.000000
8.000000
3703.950000
3794.650000
3883.175000
3969.000000
4052.275000
4133.300000
4212.475000
4289.975000
4365.975000
4441.000000
4514.700000
4587.175000
4658.225000
4727.750000
4796.075000
4863.275000
4929.625000
4995.050000
5059.525000
5123.350000
5186.225000
5248.425000
5309.975000
5370.900000
5431.450000
5491.600000
5551.300000
5610.425000
5669.175000
5727.150000
5784.625000
5841.250000
5897.150000
5952.550000
6007.675000
6062.475000
6116.900000
6170.925000
6224.850000
6278.825000
6332.400000
6385.825000
6439.050000
6492.025000
6544.975000
6597.550000
6649.925000
6702.150000
6754.150000
6805.950000
6857.675000
6909.100000
6960.400000
7011.575000
7062.500000
7113.225000
7163.725000
7213.950000
7264.050000
7314.025000
7363.875000
7413.700000
7463.500000
7513.275000
7562.950000
7612.425000
7661.750000
7710.950000
7759.800000
7808.550000
7857.475000
7906.400000
7955.050000
8003.600000
8052.100000
8100.500000
8148.500000
8196.625000
8244.600000
8292.375000
8340.225000
8387.575000
8435.100000
8482.350000
8529.750000
8576.750000
8623.750000
8670.525000
8717.525000
8764.000000
8810.600000
8857.225000
8903.550000
8949.925000
8996.075000
9042.125000
9088.200000
9134.425000
9180.250000
9225.975000
9271.775000
9317.675000
9363.275000
9408.625000
9454.000000
9499.200000
9544.550000
9589.800000
9634.925000
9680.000000
9724.875000
9769.550000
9814.075000
9858.600000
9903.100000
9947.525000
9991.900000
10036.075000
10080.350000
10124.650000
10169.025000
10213.375000
10257.800000
10302.175000
10346.575000
10391.025000
10435.400000
10479.825000
10524.125000
10568.400000
10612.600000
10656.825000
10701.050000
10745.375000
10789.675000
10833.975000
10878.300000
10922.450000
10966.575000
11010.650000
11054.875000
11098.875000
11142.925000
11186.975000
11231.075000
11275.100000
11319.200000
11363.375000
11407.675000
11451.900000
11496.050000
11540.200000
11584.400000
11628.675000
11672.950000
11717.300000
11761.375000
11805.450000
11849.500000
11893.625000
11937.650000
11981.700000
12025.750000
12069.850000
12113.800000
12157.950000
12202.150000
12246.425000
12290.675000
12334.800000
12379.000000
12423.200000
12467.525000
12511.725000
12555.950000
12600.000000
12644.075000
12688.175000
12732.250000
12776.200000
12820.300000
12864.300000
12908.275000
12952.400000
12996.625000
13040.950000
13085.200000
13129.400000
13173.500000
13217.725000
13261.950000
13306.250000
13350.475000
13394.575000
13438.600000
13482.725000
13526.725000
13570.725000
13614.750000
13658.825000
13702.825000
13746.925000
13791.150000
13835.400000
13879.725000
13923.850000
13968.000000
14012.200000
14056.450000
14100.700000
14145.000000
14189.050000
14233.100000
14277.150000
14321.225000
14365.200000
14409.250000
14453.375000
14497.400000
14541.475000
14585.625000
14629.925000
14674.150000
14718.350000
14762.475000
14806.675000
14850.900000
14895.200000
14939.400000
14983.475000
15027.525000
15071.575000
15115.700000
15159.700000
15203.775000
15247.825000
15291.925000
15335.900000
15380.125000
15424.325000
15468.625000
15512.825000
15556.975000
15601.125000
15645.375000
15689.600000
15733.825000
15777.925000
15821.975000
15866.100000
15910.200000
15954.225000
15998.250000
16042.400000
16086.350000
16130.400000
16174.550000
16218.825000
16263.075000
16307.325000
16351.400000
16395.600000
16439.800000
16484.075000
16528.375000
16572.525000
16616.600000
16660.650000
16704.850000
16748.825000
16792.850000
16836.900000
16880.950000
16924.950000
16969.100000
17013.300000
17057.600000
17101.775000
17145.900000
17190.075000
17234.275000
17278.600000
17322.850000
17367.150000
17411.175000
17455.275000
17499.300000
17543.375000
17587.375000
17631.425000
17675.525000
17719.550000
17763.575000
17807.800000
17852.050000
17896.275000
17940.425000
17984.575000
18028.825000
18073.050000
18117.400000
18161.550000
18205.650000
18249.700001
18293.800001
18337.875001
18381.875001
18425.925001
18470.050001
18514.000001
18558.075001
18602.250001
18646.525001
18690.800001
18735.000001
18779.150001
18823.300001
18867.600001
18911.825001
18956.075001
19000.200001
19044.275001
19088.325001
19132.475001
19176.425001
19220.475001
19264.500001
19308.500001
19352.550001
19396.725001
19441.025001
19485.300001
19529.575001
19573.650001
19617.850001
19662.050001
19706.325001
19750.600001
19794.800001
19838.825001
19882.900001
19926.950001
19970.950001
20014.975001
20059.025001
20103.100001
20147.175001
20191.425001
20235.700001
20280.175001
20324.625001
20369.150001
20413.625001
20458.150001
20502.700001
20547.300001
20592.050001
20636.950001
20681.900001
20726.775001
20771.975001
20817.350001
20862.675001
20907.975001
20953.400001
20998.800001
21044.400001
21090.125001
21135.775001
21181.600001
21227.525001
21273.525001
21319.425001
21365.450001
21411.850001
21458.150001
21504.550001
21551.200001
21597.675001
21644.450001
21691.300001
21738.225001
21785.450001
21832.650001
21880.075001
21927.450001
21974.800001
22022.300001
22069.775001
22117.725001
22165.350001
22213.350001
22261.450001
22309.500001
22357.800001
22406.375001
22454.875001
22503.500001
22552.275001
22601.175001
22649.925001
22698.675001
22747.650001
22796.875001
22846.200001
22895.650001
22945.250001
22995.000001
23044.800001
23094.600001
23144.500001
23194.500001
23244.625001
23294.975001
23345.525001
23396.050001
23446.725001
23497.425001
23548.275001
23599.275001
23650.625001
23702.025001
23753.500001
23805.150001
23856.925001
23908.525001
23960.475001
24012.650001
24064.775001
24117.325001
24169.775001
24222.400001
24275.025001
24327.900001
24380.825001
24434.175001
24487.450001
24541.050001
24594.800001
24648.500001
24702.475001
24756.750001
24810.975001
24865.350001
24920.000001
24974.875001
25030.025001
25085.425001
25141.075001
25196.875001
25252.800001
25309.000001
25365.425001
25422.100001
25479.075001
25536.075001
25593.375001
25651.050001
25708.800001
25766.925001
25825.100001
25883.625001
25942.400001
26001.475001
26060.675001
26120.200001
26180.050001
26240.100001
26300.275001
26360.725001
26421.425001
26482.425001
26543.675001
26605.250001
26667.075001
26729.200001
26791.500001
26854.100001
26917.050001
26980.300001
27043.875001
27107.850001
27172.100001
27236.625001
27301.575001
27366.875001
27432.525001
27498.575001
27565.000001
27631.900001
27699.200001
27767.100001
27835.450001
27904.250001
27973.625001
28043.500001
28113.975001
28185.150001
28257.000001
28329.550001
28402.775001
28476.775001
28551.700001
28627.525001
28704.425001
28782.525001
28861.825001
28942.250001
29023.850001
29106.700001
29190.875001
29276.525001
29363.850001
29453.100001
29544.900001
29640.025001
29739.075001
29842.600001
29952.475001
30352.450001
30453.925001
30563.975001
30680.825001
31011.200001
31113.650001
31224.625001
31342.725001
31675.700001
31778.100001
31889.075001
32007.125001
32340.100001
32442.500001
32553.475001
32671.525001
33004.500001
33106.900001
33217.850001
33335.925001
33668.950001
33771.350001
33882.300001
34000.350001
34333.350001
34435.750001
34546.700001
34664.775001
34997.750001
