1.000000
1.000000
3612.400000
3710.125000
3808.100000
3902.350000
3992.400000
4079.125000
4163.450000
4246.000000
4326.525000
4405.725000
4483.700000
4560.650000
4636.675000
4712.000000
4786.300000
4859.750000
4932.525000
5004.675000
5076.050000
5146.825000
5216.950000
5286.225000
5355.025000
5423.325000
5490.850000
5557.675000
5623.600000
5688.425000
5752.475000
5815.525000
5877.875000
5939.775000
6001.175000
6062.000000
6122.225000
6181.775000
6241.050000
6299.750000
6357.925000
6415.475000
6472.650000
6529.475000
6585.725000
6641.550000
6696.900000
6751.950000
6806.775000
6861.000000
6914.975000
6968.950000
7022.700000
7076.050000
7129.300000
7182.050000
7234.725000
7287.050000
7339.300000
7391.325000
7443.000000
7494.550000
7545.900000
7597.025000
7648.075000
7698.950000
7749.725000
7800.400000
7851.050000
7901.400000
7951.600000
8001.700000
8051.725000
8101.600000
8151.350000
8201.100000
8250.775000
8300.300000
8349.625000
8398.700000
8447.775000
8496.900000
8545.850000
8594.650000
8643.150000
8691.675000
8740.250000
8788.600000
8836.900000
8885.350000
8933.525000
8981.500000
9029.650000
9077.525000
9125.075000
9172.925000
9220.500000
9268.050000
9315.225000
9362.550000
9409.575000
9456.800000
9503.750000
9550.900000
9597.625000
9644.425000
9691.125000
9737.550000
9784.225000
9830.450000
9876.500000
9922.875000
9969.075000
10015.025000
10060.925000
10106.850000
10152.550000
10198.300000
10244.200000
10290.100000
10335.800000
10381.600000
10427.425000
10473.375000
10519.125000
10564.850000
10610.725000
10656.700000
10702.400000
10748.175000
10794.050000
10839.975000
10885.700000
10931.500000
10977.300000
11023.275000
11069.050000
11114.750000
11160.625000
11206.625000
11252.325000
11298.100000
11343.950000
11389.925000
11435.650000
11481.425000
11527.225000
11573.225000
11619.000000
11664.700000
11710.550000
11756.575000
11802.300000
11848.050000
11893.900000
11939.875000
11985.625000
12031.400000
12077.175000
12123.200000
12168.975000
12214.675000
12260.525000
12306.550000
12352.275000
12398.025000
12443.875000
12489.850000
12535.625000
12581.375000
12627.150000
12673.175000
12718.975000
12764.650000
12810.500000
12856.525000
12902.275000
12948.025000
12993.875000
13039.850000
13085.600000
13131.375000
13177.150000
13223.175000
13268.950000
13314.650000
13360.500000
13406.525000
13452.275000
13498.025000
13543.850000
13589.850000
13635.600000
13681.375000
13727.150000
13773.175000
13818.950000
13864.650000
13910.500000
13956.525000
14002.275000
14048.025000
14093.850000
14139.850000
14185.600000
14231.375000
14277.150000
14323.175000
14368.950000
14414.650000
14460.500000
14506.525000
14552.275000
14598.025000
14643.850000
14689.850000
14735.600000
14781.375000
14827.150000
14873.175000
14918.950000
14964.650000
15010.500000
15056.525000
15102.275000
15148.025000
15193.850000
15239.850000
15285.600000
15331.375000
15377.150000
15423.175000
15468.950000
15514.650000
15560.500000
15606.525000
15652.275000
15698.025000
15743.850000
15789.850000
15835.600000
15881.375000
15927.150000
15973.175000
16018.950000
16064.650000
16110.500000
16156.525000
16202.275000
16248.025000
16293.850000
16339.850000
16385.600000
16431.375000
16477.150000
16523.175000
16568.950000
16614.650000
16660.500000
16706.525000
16752.275000
16798.025000
16843.850000
16889.850000
16935.600000
16981.375000
17027.150000
17073.175000
17118.950000
17164.650000
17210.500000
17256.525000
17302.275000
17348.025000
17393.850000
17439.850000
17485.600000
17531.375000
17577.150000
17623.175000
17668.950000
17714.650000
17760.500000
17806.525000
17852.275000
17898.025000
17943.850000
17989.850000
18035.600000
18081.375000
18127.150000
18173.175000
18218.950000
18264.650001
18310.500001
18356.525001
18402.275001
18448.025001
18493.850001
18539.850001
18585.600001
18631.375001
18677.150001
18723.175001
18768.950001
18814.650001
18860.500001
18906.525001
18952.275001
18998.025001
19043.850001
19089.850001
19135.600001
19181.375001
19227.150001
19273.175001
19318.950001
19364.650001
19410.500001
19456.525001
19502.275001
19548.025001
19593.850001
19639.850001
19685.600001
19731.375001
19777.150001
19823.175001
19868.950001
19914.650001
19960.500001
20006.525001
20052.275001
20098.025001
20143.975001
20190.025001
20235.825001
20281.775001
20327.800001
20373.900001
20420.100001
20466.575001
20513.000001
20559.450001
20606.175001
20652.725001
20699.475001
20746.500001
20793.350001
20840.425001
20887.325001
20934.600001
20981.725001
21029.200001
21076.375001
21123.975001
21171.650001
21219.400001
21267.475001
21315.300001
21363.400001
21411.750001
21459.950001
21508.200001
21556.800001
21605.325001
21653.950001
21702.625001
21751.525001
21800.625001
21849.800001
21898.825001
21948.150001
21997.550001
22047.050001
22096.775001
22146.675001
22196.725001
22246.825001
22296.950001
22347.100001
22397.300001
22447.700001
22498.300001
22548.875001
22599.725001
22650.825001
22702.050001
22753.300001
22804.750001
22856.500001
22908.100001
22959.750001
23011.775001
23063.775001
23116.025001
23168.575001
23220.975001
23273.650001
23326.275001
23379.300001
23432.250001
23485.575001
23538.950001
23592.500001
23646.325001
23700.200001
23754.100001
23808.150001
23862.525001
23917.025001
23971.650001
24026.400001
24081.400001
24136.525001
24191.850001
24247.250001
24302.825001
24358.600001
24414.625001
24470.875001
24527.300001
24584.150001
24641.125001
24698.200001
24755.500001
24813.000001
24870.625001
24928.675001
24986.775001
25045.325001
25103.900001
25162.725001
25221.725001
25281.000001
25340.600001
25400.375001
25460.375001
25520.650001
25581.175001
25642.025001
25703.050001
25764.350001
25826.000001
25887.950001
25950.225001
26012.850001
26075.725001
26139.000001
26202.550001
26266.550001
26330.850001
26395.675001
26460.875001
26526.525001
26592.750001
26659.475001
26726.675001
26794.475001
26862.850001
26931.775001
27001.425001
27071.775001
27142.950001
27214.900001
27287.650001
27361.175001
27435.550001
27510.650001
27586.500001
27663.175001
27740.650001
27819.000001
27898.175001
27978.325001
28059.500001
28141.725001
28225.125001
28309.850001
28396.125001
28484.075001
28574.100001
28666.700001
28762.850001
28863.350001
28968.925001
29082.000001
