2.000000
1.000000
5842.900000
5896.475000
5946.575000
5994.050000
6039.750000
6084.075000
6127.100000
6169.075000
6210.300000
6250.750000
6290.675000
6329.875000
6368.675000
6406.700000
6444.225000
6481.350000
6518.000000
6554.150000
6589.900000
6625.600000
6660.775000
6695.650000
6730.300000
6764.775000
6799.225000
6833.500000
6867.425000
6901.075000
6934.525000
6967.750000
7000.875000
7034.025000
7067.100000
7099.650000
7132.150000
7164.525000
7196.675000
7228.675000
7260.500000
7292.325000
7324.050000
7355.350000
7386.725000
7417.750000
7448.800000
7479.825000
7510.600000
7541.350000
7571.950000
7602.450000
7632.900000
7663.350000
7693.825000
7724.300000
7754.725000
7785.150000
7815.225000
7845.275000
7875.575000
7905.750000
7935.600000
7965.750000
7995.525000
8025.575000
8055.325000
8085.250000
8114.875000
8144.875000
8174.500000
8204.100000
8233.900000
8263.400000
8292.825000
8322.600000
8352.125000
8381.500000
8410.900000
8440.225000
8469.750000
8499.175000
8528.575000
8557.800000
8587.025000
8616.250000
8645.350000
8674.525000
8703.650000
8732.775000
8761.925000
8791.075000
8820.150000
8849.300000
8878.475000
8907.550000
8936.700000
8965.775000
8994.900000
9023.675000
9052.350000
9081.250000
9110.150000
9138.900000
9167.475000
9196.375000
9225.125000
9253.600000
9282.350000
9310.775000
9339.500000
9367.825000
9396.450000
9424.825000
9453.400000
9481.600000
9510.075000
9538.325000
9566.875000
9595.125000
9623.225000
9651.500000
9679.775000
9707.850000
9735.975000
9764.300000
9792.375000
9820.325000
9848.225000
9876.075000
9903.950000
9931.750000
9959.525000
9987.275000
10015.000000
10042.700000
10070.400000
10098.150000
10125.900000
10153.700000
10181.475000
10209.250000
10237.000000
10264.775000
10292.550000
10320.300000
10348.075000
10375.850000
10403.675000
10431.450000
10459.225000
10487.000000
10514.775000
10542.525000
10570.300000
10598.075000
10625.850000
10653.675000
10681.450000
10709.225000
10737.000000
10764.775000
10792.525000
10820.300000
10848.075000
10875.850000
10903.675000
10931.450000
10959.225000
10987.000000
11014.775000
11042.525000
11070.300000
11098.075000
11125.850000
11153.675000
11181.450000
11209.225000
11237.000000
11264.775000
11292.525000
11320.300000
11348.075000
11375.850000
11403.675000
11431.450000
11459.225000
11487.000000
11514.775000
11542.525000
11570.300000
11598.075000
11625.850000
11653.675000
11681.450000
11709.225000
11737.000000
11764.775000
11792.525000
11820.300000
11848.075000
11875.850000
11903.675000
11931.450000
11959.225000
11987.000000
12014.775000
12042.525000
12070.300000
12098.075000
12125.850000
12153.675000
12181.450000
12209.225000
12237.000000
12264.775000
12292.525000
12320.300000
12348.075000
12375.850000
12403.675000
12431.450000
12459.225000
12487.000000
12514.775000
12542.525000
12570.300000
12598.075000
12625.850000
12653.675000
12681.450000
12709.225000
12737.000000
12764.775000
12792.525000
12820.300000
12848.075000
12875.850000
12903.675000
12931.450000
12959.225000
12987.000000
13014.775000
13042.525000
13070.300000
13098.075000
13125.850000
13153.675000
13181.450000
13209.225000
13237.000000
13264.775000
13292.525000
13320.300000
13348.075000
13375.850000
13403.675000
13431.450000
13459.225000
13487.000000
13514.775000
13542.525000
13570.300000
13598.075000
13625.850000
13653.675000
13681.450000
13709.225000
13737.000000
13764.775000
13792.525000
13820.300000
13848.075000
13875.850000
13903.675000
13931.450000
13959.225000
13987.000000
14014.775000
14042.525000
14070.300000
14098.075000
14125.850000
14153.675000
14181.450000
14209.225000
14237.000000
14264.775000
14292.525000
14320.300000
14348.075000
14375.850000
14403.675000
14431.450000
14459.225000
14487.000000
14514.775000
14542.525000
14570.300000
14598.075000
14625.850000
14653.675000
14681.450000
14709.225000
14737.000000
14764.775000
14792.525000
14820.300000
14848.075000
14875.850000
14903.675000
14931.450000
14959.225000
14987.000000
15014.775000
15042.525000
15070.300000
15098.075000
15125.850000
15153.675000
15181.450000
15209.225000
15237.000000
15264.775000
15292.525000
15320.300000
15348.075000
15375.850000
15403.675000
15431.450000
15459.225000
15487.000000
15514.775000
15542.525000
15570.300000
15598.075000
15625.850000
15653.675000
15681.450000
15709.225000
15737.000000
15764.775000
15792.525000
15820.300000
15848.075000
15875.850000
15903.675000
15931.450000
15959.225000
15987.000000
16014.775000
16042.525000
16070.300000
16098.075000
16125.850000
16153.675000
16181.450000
16209.225000
16237.000000
16264.775000
16292.525000
16320.300000
16348.075000
16375.850000
16403.675000
16431.450000
16459.225000
16487.000000
16514.775000
16542.525000
16570.300000
16598.075000
16625.850000
16653.675000
16681.450000
16709.225000
16737.000000
16764.775000
16792.525000
16820.300000
16848.075000
16875.850000
16903.675000
16931.450000
16959.225000
16987.000000
17014.775000
17042.525000
17070.300000
17098.075000
17125.850000
17153.675000
17181.450000
17209.225000
17237.000000
17264.775000
17292.525000
17320.300000
17348.075000
17375.850000
17403.675000
17431.450000
17459.225000
17487.000000
17514.775000
17542.525000
17570.300000
17598.075000
17625.850000
17653.675000
17681.450000
17709.225000
17737.000000
17764.775000
17792.525000
17820.300000
17848.075000
17875.850000
17903.675000
17931.450000
17959.225000
17987.000000
18014.775000
18042.525000
18070.300000
18098.075000
18125.850000
18153.675000
18181.450000
18209.225000
18237.000001
18264.775001
18292.525001
18320.300001
18348.075001
18375.850001
18403.675001
18431.450001
18459.225001
18487.000001
18514.775001
18542.525001
18570.300001
18598.075001
18625.850001
18653.675001
18681.450001
18709.225001
18737.000001
18764.775001
18792.525001
18820.300001
18848.075001
18875.850001
18903.675001
18931.450001
18959.225001
18987.000001
19014.775001
19042.525001
19070.300001
19098.075001
19125.850001
19153.675001
19181.450001
19209.225001
19237.000001
19264.775001
19292.525001
19320.300001
19348.075001
19375.850001
19403.675001
19431.450001
19459.225001
19487.000001
19514.775001
19542.525001
19570.300001
19598.075001
19625.850001
19653.675001
19681.450001
19709.225001
19737.000001
19764.775001
19792.525001
19820.300001
19848.075001
19875.850001
19903.675001
19931.450001
19959.225001
19987.000001
20014.775001
20042.525001
20070.300001
20098.075001
20125.850001
20153.700001
20181.475001
20209.275001
20237.075001
20264.900001
20292.675001
20320.475001
20348.300001
20376.125001
20404.050001
20432.075001
20460.250001
20488.325001
20516.475001
20544.850001
20572.975001
20601.050001
20629.425001
20657.650001
20685.825001
20714.325001
20742.500001
20770.675001
20799.150001
20827.475001
20856.100001
20884.375001
20913.000001
20941.400001
20970.025001
20998.300001
21026.975001
21055.625001
21084.125001
21112.950001
21141.500001
21170.150001
21198.925001
21227.525001
21256.300001
21285.225001
21314.175001
21342.700001
21371.575001
21400.600001
21429.675001
21458.800001
21487.700001
21516.625001
21545.375001
21574.425001
21603.525001
21632.625001
21661.825001
21691.025001
21720.175001
21749.375001
21778.600001
21807.775001
21836.975001
21866.225001
21895.400001
21924.650001
21953.850001
21983.125001
22012.425001
22042.025001
22071.475001
22100.875001
22130.325001
22159.800001
22189.475001
22219.000001
22248.475001
22278.350001
22307.900001
22337.600001
22367.375001
22397.125001
22426.975001
22456.700001
22486.700001
22516.600001
22546.525001
22576.375001
22606.350001
22636.575001
22666.600001
22696.625001
22726.875001
22757.000001
22787.025001
22817.350001
22847.750001
22878.250001
22908.700001
22939.125001
22969.400001
22999.650001
23030.025001
23060.500001
23091.075001
23121.625001
23152.225001
23182.800001
23213.400001
23244.050001
23274.675001
23305.350001
23336.075001
23367.050001
23397.925001
23428.775001
23459.575001
23490.700001
23521.675001
23552.775001
23583.950001
23614.975001
23646.300001
23677.450001
23708.875001
23740.075001
23771.475001
23803.075001
23834.375001
23865.950001
23897.700001
23929.350001
23960.850001
23992.500001
24024.325001
24056.250001
24088.150001
24120.125001
24152.150001
24184.175001
24216.225001
24248.200001
24280.300001
24312.450001
24344.850001
24377.150001
24409.400001
24441.950001
24474.375001
24506.825001
24539.475001
24572.025001
24604.725001
24637.325001
24670.125001
24703.075001
24735.800001
24768.750001
24801.850001
24834.900001
24867.825001
24900.875001
24934.100001
24967.400001
25000.725001
25034.125001
25067.525001
25100.925001
25134.400001
25167.900001
25201.575001
25235.325001
25269.075001
25303.050001
25336.900001
25370.825001
25404.875001
25439.100001
25473.175001
25507.525001
25542.025001
25576.300001
25610.700001
25645.275001
25679.950001
25714.700001
25749.525001
25784.375001
25819.325001
25854.425001
25889.625001
25924.850001
25960.225001
25995.575001
26031.200001
26066.975001
26102.650001
26138.400001
26174.400001
26210.475001
26246.675001
26282.925001
26319.325001
26355.975001
26392.575001
26429.425001
26466.275001
26503.400001
26540.650001
26578.000001
26615.350001
26652.925001
26690.675001
26728.575001
26766.550001
26804.750001
26843.025001
26881.500001
26920.225001
26959.125001
26998.175001
27037.375001
27076.875001
27116.550001
27156.425001
27196.575001
27236.925001
27277.450001
27318.275001
27359.300001
27400.675001
27442.375001
27484.325001
27526.575001
27569.175001
27612.175001
27655.625001
27699.500001
27743.900001
27788.725001
27834.075001
27879.925001
27926.125001
27972.875001
28020.100001
28067.675001
28115.750001
28164.275001
28213.225001
28262.650001
28312.500001
28362.975001
28413.950001
28465.550001
28517.775001
28570.675001
28624.375001
28678.825001
28734.150001
28790.400001
28847.775001
28906.400001
28966.525001
29028.650001
29093.300001
29161.675001
29237.125001
29468.075001
29531.550001
