100.000000
5.000000
4289.600000
4369.750000
4451.525000
4532.850000
4613.600000
4693.425000
4772.450000
4850.850000
4928.600000
5005.600000
5081.800000
5157.625000
5232.700000
5307.400000
5381.300000
5454.675000
5527.400000
5599.675000
5671.400000
5742.800000
5813.650000
5884.175000
5954.125000
6023.700000
6092.775000
6161.475000
6229.975000
6297.975000
6365.450000
6432.600000
6499.450000
6565.975000
6632.075000
6697.800000
6763.375000
6828.725000
6893.400000
6957.925000
7022.025000
7085.800000
7149.125000
7212.400000
7275.025000
7337.350000
7399.425000
7461.250000
7522.850000
7584.275000
7645.425000
7706.300000
7766.825000
7826.825000
7886.725000
7946.700000
8006.525000
8065.800000
8124.900000
8183.950000
8242.725000
8301.350000
8359.525000
8417.850000
8475.750000
8533.625000
8591.300000
8648.550000
8705.850000
8763.025000
8819.925000
8876.475000
8933.075000
8989.625000
9046.025000
9102.175000
9158.150000
9213.800000
9269.375000
9324.800000
9380.200000
9435.550000
9490.875000
9545.875000
9600.800000
9655.475000
9709.750000
9763.900000
9818.225000
9872.225000
9926.050000
9980.075000
10034.000000
10087.475000
10141.175000
10194.925000
10248.350000
10302.025000
10355.650000
10409.075000
10462.825000
10516.375000
10569.800000
10623.425000
10676.725000
10730.275000
10783.950000
10837.400000
10891.100000
10944.750000
10998.175000
11051.875000
11105.425000
11158.775000
11212.450000
11265.875000
11319.400000
11373.125000
11426.450000
11480.125000
11533.750000
11587.175000
11640.925000
11694.500000
11747.950000
11801.625000
11855.175000
11908.525000
11962.225000
12015.550000
12069.125000
12122.825000
12176.225000
12229.950000
12283.525000
12336.950000
12390.725000
12444.275000
12497.650000
12551.300000
12604.800000
12658.250000
12711.975000
12765.375000
12819.000000
12872.675000
12926.100000
12979.875000
13033.400000
13086.825000
13140.575000
13194.100000
13247.500000
13301.150000
13354.600000
13408.100000
13461.775000
13515.200000
13568.875000
13622.525000
13675.925000
13729.775000
13783.300000
13836.675000
13890.375000
13943.850000
13997.325000
14051.025000
14104.475000
14158.000000
14211.650000
14265.100000
14318.800000
14372.400000
14425.825000
14479.675000
14533.175000
14586.500000
14640.175000
14693.600000
14747.100000
14800.825000
14854.300000
14907.900000
14961.525000
15014.950000
15068.675000
15122.250000
15175.675000
15229.500000
15282.975000
15336.325000
15390.025000
15443.350000
15496.900000
15550.600000
15604.075000
15657.750000
15711.300000
15764.725000
15818.525000
15872.025000
15925.425000
15979.150000
16032.575000
16086.025000
16139.750000
16193.175000
16246.775000
16300.450000
16353.925000
16407.625000
16461.150000
16514.550000
16568.300000
16621.775000
16675.200000
16728.950000
16782.325000
16835.825000
16889.475000
16942.925000
16996.575000
17050.175000
17103.675000
17157.450000
17210.950000
17264.275000
17317.950000
17371.300000
17424.825000
17478.575000
17532.000000
17585.625000
17639.200000
17692.700000
17746.375000
17799.900000
17853.350000
17907.075000
17960.550000
18013.950000
18067.750000
18121.025000
18174.600000
18228.300001
18281.775001
18335.425001
18388.975001
18442.500001
18496.200001
18549.675001
18603.075001
18656.775001
18710.125001
18763.625001
18817.425001
18870.800001
18924.450001
18978.100001
19031.550001
19085.275001
19138.775001
19192.300001
19245.950001
19299.400001
19352.875001
19406.650001
19459.950001
19513.500001
19567.325001
19620.725001
19674.375001
19727.975001
19781.450001
19835.200001
19888.675001
19942.200001
19995.825001
20049.225001
20102.725001
20156.625001
20210.350001
20264.175001
20318.325001
20372.450001
20426.475001
20480.750001
20535.475001
20590.350001
20645.350001
20700.475001
20755.575001
20810.800001
20866.275001
20921.875001
20977.575001
21033.350001
21089.400001
21145.725001
21202.125001
21258.525001
21315.050001
21371.875001
21429.050001
21486.000001
21543.175001
21600.825001
21658.375001
21716.275001
21774.425001
21832.725001
21891.325001
21949.850001
22008.425001
22067.625001
22126.600001
22185.900001
22245.600001
22305.350001
22365.150001
22425.200001
22485.675001
22546.500001
22607.600001
22668.900001
22730.325001
22791.825001
22853.625001
22915.625001
22977.900001
23040.500001
23103.250001
23166.400001
23229.950001
23293.675001
23357.825001
23422.100001
23486.525001
23551.450001
23616.600001
23681.975001
23747.750001
23813.875001
23880.425001
23947.250001
24014.425001
24082.050001
24150.025001
24218.625001
24287.400001
24356.850001
24426.400001
24496.725001
24567.650001
24638.775001
24710.425001
24782.775001
24855.650001
24929.175001
25003.100001
25077.675001
25152.950001
25229.125001
25305.925001
25383.500001
25461.975001
25541.475001
25621.725001
25703.150001
25785.825001
25869.875001
25955.375001
26042.750001
26132.225001
26224.150001
26319.125001
26417.900001
