100.000000
21.000000
4511.525000
4580.850000
4649.675000
4717.350000
4784.050000
4849.875000
4915.075000
4980.025000
5044.325000
5108.200000
5171.525000
5234.725000
5297.275000
5359.425000
5421.175000
5482.650000
5543.875000
5604.750000
5665.175000
5725.275000
5785.250000
5844.875000
5904.075000
5963.100000
6021.725000
6080.200000
6138.075000
6195.850000
6252.975000
6309.750000
6366.300000
6422.500000
6478.400000
6534.000000
6589.150000
6644.000000
6698.475000
6752.725000
6806.925000
6860.725000
6914.325000
6967.975000
7021.100000
7074.400000
7127.475000
7180.375000
7233.100000
7285.750000
7338.225000
7390.825000
7442.975000
7495.300000
7547.225000
7598.975000
7650.950000
7702.600000
7754.075000
7805.525000
7856.950000
7908.100000
7959.175000
8010.200000
8061.100000
8112.075000
8162.900000
8213.525000
8263.900000
8314.150000
8364.350000
8414.525000
8464.675000
8514.750000
8564.700000
8614.575000
8664.275000
8713.825000
8763.475000
8813.150000
8862.675000
8912.125000
8961.300000
9010.400000
9059.450000
9108.300000
9157.375000
9206.375000
9255.200000
9303.850000
9352.475000
9401.150000
9449.500000
9497.875000
9546.375000
9594.650000
9642.700000
9690.975000
9738.950000
9786.750000
9834.800000
9882.450000
9930.250000
9977.875000
10025.225000
10072.950000
10120.400000
10168.050000
10215.250000
10262.825000
10310.075000
10357.700000
10405.250000
10452.600000
10500.025000
10547.250000
10594.775000
10642.100000
10689.750000
10737.125000
10784.700000
10831.925000
10879.525000
10926.700000
10974.300000
11021.775000
11069.250000
11116.700000
11163.875000
11211.300000
11258.475000
11306.050000
11353.475000
11401.175000
11448.400000
11495.900000
11543.100000
11590.675000
11637.950000
11685.550000
11733.050000
11780.400000
11827.800000
11875.025000
11922.500000
11969.750000
12017.475000
12064.850000
12112.475000
12159.650000
12207.200000
12254.500000
12302.050000
12349.525000
12397.000000
12444.425000
12491.700000
12539.100000
12586.275000
12633.800000
12681.175000
12728.950000
12776.150000
12823.650000
12870.825000
12918.375000
12965.625000
13013.225000
13060.725000
13108.125000
13155.550000
13202.775000
13250.225000
13297.450000
13345.100000
13392.550000
13440.200000
13487.400000
13534.925000
13582.125000
13629.775000
13677.200000
13724.725000
13772.125000
13819.400000
13866.925000
13914.050000
13961.600000
14008.950000
14056.725000
14104.000000
14151.450000
14198.625000
14246.150000
14293.375000
14341.025000
14388.500000
14435.900000
14483.275000
14530.525000
14577.975000
14625.200000
14672.800000
14720.225000
14767.925000
14815.125000
14862.650000
14909.825000
14957.425000
15004.900000
15052.450000
15099.875000
15147.150000
15194.575000
15241.850000
15289.350000
15336.650000
15384.400000
15431.675000
15479.275000
15526.400000
15573.925000
15621.100000
15668.725000
15716.275000
15763.650000
15811.025000
15858.275000
15905.725000
15952.925000
16000.500000
16047.875000
16095.600000
16142.850000
16190.375000
16237.550000
16285.125000
16332.450000
16380.100000
16427.550000
16474.875000
16522.275000
16569.500000
16617.100000
16664.325000
16712.025000
16759.375000
16806.950000
16854.200000
16901.675000
16948.850000
16996.450000
17043.950000
17091.475000
17138.825000
17186.050000
17233.450000
17280.675000
17328.225000
17375.575000
17423.275000
17470.550000
17518.100000
17565.300000
17612.850000
17660.100000
17707.700000
17755.250000
17802.600000
17850.000000
17897.225000
17944.725000
17992.025000
18039.625000
18087.025000
18134.675000
18181.875000
18229.475001
18276.625001
18324.200001
18371.650001
18419.200001
18466.650001
18513.825001
18561.250001
18608.425001
18655.975001
18703.325001
18751.025001
18798.300001
18845.850001
18893.050001
18940.600001
18987.825001
19035.425001
19082.925001
19130.350001
19177.750001
19225.000001
19272.450001
19319.700001
19367.400001
19414.775001
19462.425001
19509.625001
19557.175001
19604.450001
19651.975001
19699.425001
19746.950001
19794.375001
19841.675001
19889.050001
19936.225001
19983.750001
20031.050001
20078.825001
20126.100001
20173.725001
20221.050001
20268.900001
20316.725001
20364.275001
20412.350001
20460.050001
20508.050001
20556.350001
20604.425001
20652.575001
20701.050001
20749.325001
20797.800001
20846.525001
20895.375001
20944.075001
20992.775001
21041.575001
21090.550001
21139.625001
21188.700001
21237.650001
21286.800001
21336.050001
21385.575001
21435.225001
21484.875001
21534.600001
21584.450001
21634.400001
21684.425001
21734.525001
21784.650001
21834.850001
21885.200001
21935.625001
21986.000001
22036.375001
22087.000001
22137.650001
22188.475001
22239.575001
22290.825001
22341.900001
22393.000001
22444.350001
22495.825001
22547.225001
22598.700001
22650.575001
22702.500001
22754.400001
22806.650001
22858.675001
22910.975001
22963.450001
23016.025001
23068.900001
23121.700001
23174.700001
23227.675001
23280.700001
23334.125001
23387.450001
23441.125001
23494.900001
23548.550001
23602.500001
23656.725001
23710.875001
23765.100001
23819.550001
23874.275001
23929.275001
23984.300001
24039.475001
24094.825001
24150.225001
24205.825001
24261.600001
24317.725001
24373.875001
24430.250001
24486.650001
24543.275001
24600.125001
24657.325001
24714.525001
24772.050001
24829.925001
24887.750001
24945.975001
25004.250001
25062.925001
25121.700001
25180.775001
25240.150001
25299.625001
25359.400001
25419.450001
25479.900001
25540.575001
25601.450001
25662.650001
25724.100001
25785.875001
25847.875001
25910.200001
25973.025001
26036.075001
26099.425001
26163.350001
26227.525001
26292.175001
26357.350001
26422.925001
26488.925001
26555.475001
26622.625001
26690.500001
26758.975001
26828.300001
26898.425001
26969.625001
27041.900001
27115.300001
27190.250001
27266.675001
27344.800001
27424.700001
27506.350001
27589.775001
27675.450001
27763.825001
27857.225001
28224.050001
28305.750001
