100.000000
27.000000
5133.550000
5198.100000
5262.275000
5324.425000
5385.075000
5444.300000
5502.600000
5559.950000
5616.900000
5673.375000
5729.500000
5785.225000
5840.725000
5895.925000
5950.950000
6005.675000
6060.075000
6114.375000
6168.775000
6223.025000
6276.850000
6330.625000
6384.425000
6437.775000
6491.275000
6544.525000
6597.525000
6650.650000
6703.550000
6756.550000
6809.075000
6861.750000
6914.025000
6966.300000
7018.575000
7070.525000
7122.425000
7174.275000
7225.900000
7277.500000
7329.125000
7380.375000
7431.550000
7482.675000
7533.850000
7584.900000
7635.750000
7686.325000
7736.900000
7787.400000
7837.700000
7888.000000
7938.325000
7988.600000
8038.675000
8088.650000
8138.575000
8188.425000
8238.225000
8287.875000
8337.375000
8386.825000
8436.225000
8485.700000
8535.150000
8584.525000
8633.575000
8682.575000
8731.600000
8780.475000
8829.500000
8878.325000
8926.950000
8975.575000
9024.325000
9073.075000
9121.425000
9169.725000
9218.150000
9266.350000
9314.300000
9362.550000
9410.475000
9458.350000
9506.500000
9554.200000
9602.075000
9649.800000
9697.250000
9744.950000
9792.475000
9840.150000
9887.325000
9934.750000
9981.825000
10029.200000
10076.125000
10123.425000
10170.400000
10217.800000
10264.725000
10312.150000
10359.100000
10406.575000
10453.600000
10501.000000
10548.000000
10595.450000
10642.500000
10689.900000
10736.850000
10784.300000
10831.300000
10878.800000
10925.750000
10973.200000
11020.200000
11067.700000
11114.625000
11162.050000
11209.025000
11256.500000
11303.550000
11350.975000
11397.975000
11445.425000
11492.475000
11539.875000
11586.850000
11634.275000
11681.300000
11728.800000
11775.750000
11823.200000
11870.200000
11917.700000
11964.625000
12012.050000
12059.025000
12106.500000
12153.550000
12200.975000
12247.975000
12295.425000
12342.475000
12389.875000
12436.850000
12484.275000
12531.300000
12578.800000
12625.750000
12673.200000
12720.200000
12767.700000
12814.625000
12862.050000
12909.025000
12956.500000
13003.550000
13050.975000
13097.975000
13145.425000
13192.475000
13239.875000
13286.850000
13334.275000
13381.300000
13428.800000
13475.750000
13523.200000
13570.200000
13617.700000
13664.625000
13712.050000
13759.025000
13806.500000
13853.550000
13900.975000
13947.975000
13995.425000
14042.475000
14089.875000
14136.850000
14184.275000
14231.300000
14278.800000
14325.750000
14373.200000
14420.200000
14467.700000
14514.625000
14562.050000
14609.025000
14656.500000
14703.550000
14750.975000
14797.975000
14845.425000
14892.475000
14939.875000
14986.850000
15034.275000
15081.300000
15128.800000
15175.750000
15223.200000
15270.200000
15317.700000
15364.625000
15412.050000
15459.025000
15506.500000
15553.550000
15600.975000
15647.975000
15695.425000
15742.475000
15789.875000
15836.850000
15884.275000
15931.300000
15978.800000
16025.750000
16073.200000
16120.200000
16167.700000
16214.625000
16262.050000
16309.025000
16356.500000
16403.550000
16450.975000
16497.975000
16545.425000
16592.475000
16639.875000
16686.850000
16734.275000
16781.300000
16828.800000
16875.750000
16923.200000
16970.200000
17017.700000
17064.625000
17112.050000
17159.025000
17206.500000
17253.550000
17300.975000
17347.975000
17395.425000
17442.475000
17489.875000
17536.850000
17584.275000
17631.300000
17678.800000
17725.750000
17773.200000
17820.200000
17867.700000
17914.625000
17962.050000
18009.025000
18056.500000
18103.550000
18150.975000
18197.975000
18245.425001
18292.475001
18339.875001
18386.850001
18434.275001
18481.300001
18528.800001
18575.750001
18623.200001
18670.200001
18717.700001
18764.625001
18812.050001
18859.025001
18906.500001
18953.550001
19000.975001
19047.975001
19095.425001
19142.475001
19189.875001
19236.850001
19284.275001
19331.300001
19378.800001
19425.750001
19473.200001
19520.200001
19567.700001
19614.625001
19662.050001
19709.025001
19756.500001
19803.550001
19850.975001
19897.975001
19945.425001
19992.475001
20039.875001
20086.850001
20134.350001
20181.450001
20229.025001
20276.125001
20323.625001
20370.800001
20418.450001
20465.950001
20513.650001
20561.300001
20608.875001
20656.950001
20704.725001
20752.650001
20800.875001
20848.725001
20896.925001
20945.350001
20993.500001
21041.800001
21090.325001
21138.700001
21187.125001
21235.800001
21284.625001
21333.275001
21381.925001
21430.675001
21479.875001
21529.150001
21578.275001
21627.475001
21676.525001
21725.825001
21775.200001
21824.725001
21874.400001
21924.200001
21974.075001
22023.950001
22073.875001
22123.875001
22173.975001
22224.175001
22274.525001
22324.825001
22375.075001
22425.450001
22475.975001
22526.475001
22577.175001
22628.125001
22679.175001
22730.225001
22781.250001
22832.450001
22883.825001
22935.350001
22986.775001
23038.425001
23090.250001
23141.925001
23193.750001
23245.900001
23297.875001
23350.100001
23402.425001
23454.825001
23507.550001
23560.075001
23612.925001
23665.650001
23718.775001
23771.850001
23825.000001
23878.425001
23931.825001
23985.500001
24039.200001
24092.925001
24146.900001
24201.100001
24255.300001
24309.550001
24363.925001
24418.700001
24473.575001
24528.600001
24583.700001
24638.850001
24694.200001
24749.700001
24805.400001
24861.175001
24917.300001
24973.575001
25030.050001
25086.475001
25143.100001
25199.925001
25257.050001
25314.150001
25371.475001
25429.275001
25486.950001
25545.050001
25603.200001
25661.575001
25720.125001
25779.075001
25837.925001
25897.125001
25956.650001
26016.250001
26076.075001
26136.125001
26196.575001
26257.300001
26318.250001
26379.475001
26440.950001
26502.675001
26564.650001
26626.925001
26689.675001
26752.725001
26815.975001
26879.850001
26943.825001
27008.250001
27072.975001
27138.000001
27203.450001
27269.350001
27335.625001
27402.350001
27469.450001
27536.900001
27604.900001
27673.425001
27742.425001
27812.000001
27882.050001
27952.750001
28024.125001
28096.200001
28169.025001
28242.575001
28316.925001
28392.250001
28468.625001
28546.050001
28624.725001
28704.750001
28786.525001
28870.425001
28957.075001
29111.800001
29191.225001
29279.150001
29515.575001
29593.650001
29828.250001
29909.775001
30238.425001
30319.825001
30664.050001
30743.650001
31054.925001
31134.975001
31458.975001
31538.750001
31849.225001
31929.275001
32253.275001
32333.025001
32643.025001
32723.100001
33047.050001
33126.800001
33436.925001
33517.000001
33841.000001
33920.750001
34230.625001
34310.725001
34634.725001
34714.475001
