100.000000
22.000000
4573.650000
4642.025000
4710.025000
4776.575000
4842.300000
4907.375000
4971.475000
5035.300000
5098.350000
5160.875000
5223.100000
5284.875000
5346.125000
5407.025000
5467.525000
5527.450000
5586.975000
5646.300000
5705.075000
5763.525000
5821.350000
5879.075000
5936.075000
5992.775000
6049.050000
6105.150000
6160.875000
6216.325000
6271.350000
6326.175000
6380.700000
6435.200000
6489.400000
6543.250000
6597.025000
6650.775000
6704.175000
6757.600000
6810.775000
6863.750000
6916.650000
6969.325000
7021.925000
7074.525000
7126.800000
7179.250000
7231.325000
7283.400000
7335.425000
7387.225000
7438.875000
7490.550000
7541.950000
7593.200000
7644.500000
7695.750000
7746.850000
7797.775000
7848.550000
7899.300000
7950.075000
8000.800000
8051.400000
8101.850000
8152.250000
8202.525000
8252.600000
8302.575000
8352.500000
8402.400000
8452.275000
8502.100000
8551.800000
8601.350000
8650.900000
8700.225000
8749.400000
8798.475000
8847.425000
8896.550000
8945.675000
8994.450000
9043.025000
9091.650000
9140.325000
9188.775000
9237.125000
9285.625000
9334.175000
9382.300000
9430.425000
9478.775000
9526.525000
9574.575000
9622.475000
9670.200000
9718.150000
9765.625000
9813.350000
9860.900000
9908.225000
9955.625000
10002.750000
10050.000000
10097.075000
10144.300000
10191.475000
10238.625000
10285.800000
10333.000000
10380.250000
10427.400000
10474.650000
10521.825000
10569.100000
10616.325000
10663.525000
10710.725000
10757.975000
10805.200000
10852.425000
10899.600000
10946.850000
10994.050000
11041.350000
11088.500000
11135.725000
11182.950000
11230.225000
11277.375000
11324.625000
11371.825000
11419.100000
11466.325000
11513.525000
11560.700000
11607.950000
11655.200000
11702.425000
11749.600000
11796.850000
11844.050000
11891.350000
11938.500000
11985.725000
12032.950000
12080.225000
12127.375000
12174.625000
12221.825000
12269.100000
12316.325000
12363.525000
12410.700000
12457.950000
12505.200000
12552.425000
12599.600000
12646.850000
12694.050000
12741.350000
12788.500000
12835.725000
12882.950000
12930.225000
12977.375000
13024.625000
13071.825000
13119.100000
13166.325000
13213.525000
13260.700000
13307.950000
13355.200000
13402.425000
13449.600000
13496.850000
13544.050000
13591.350000
13638.500000
13685.725000
13732.950000
13780.225000
13827.375000
13874.625000
13921.825000
13969.100000
14016.325000
14063.525000
14110.700000
14157.950000
14205.200000
14252.425000
14299.600000
14346.850000
14394.050000
14441.350000
14488.500000
14535.725000
14582.950000
14630.225000
14677.375000
14724.625000
14771.825000
14819.100000
14866.325000
14913.525000
14960.700000
15007.950000
15055.200000
15102.425000
15149.600000
15196.850000
15244.050000
15291.350000
15338.500000
15385.725000
15432.950000
15480.225000
15527.375000
15574.625000
15621.825000
15669.100000
15716.325000
15763.525000
15810.700000
15857.950000
15905.200000
15952.425000
15999.600000
16046.850000
16094.050000
16141.350000
16188.500000
16235.725000
16282.950000
16330.225000
16377.375000
16424.625000
16471.825000
16519.100000
16566.325000
16613.525000
16660.700000
16707.950000
16755.200000
16802.425000
16849.600000
16896.850000
16944.050000
16991.350000
17038.500000
17085.725000
17132.950000
17180.225000
17227.375000
17274.625000
17321.825000
17369.100000
17416.325000
17463.525000
17510.700000
17557.950000
17605.200000
17652.425000
17699.600000
17746.850000
17794.050000
17841.350000
17888.500000
17935.725000
17982.950000
18030.225000
18077.375000
18124.625000
18171.825000
18219.100000
18266.325001
18313.525001
18360.700001
18407.950001
18455.200001
18502.425001
18549.600001
18596.850001
18644.050001
18691.350001
18738.500001
18785.725001
18832.950001
18880.225001
18927.375001
18974.625001
19021.825001
19069.100001
19116.325001
19163.525001
19210.700001
19257.950001
19305.200001
19352.425001
19399.600001
19446.850001
19494.050001
19541.350001
19588.500001
19635.725001
19682.950001
19730.225001
19777.375001
19824.625001
19871.825001
19919.100001
19966.325001
20013.525001
20060.700001
20107.975001
20155.275001
20202.550001
20249.900001
20297.175001
20344.700001
20392.175001
20440.025001
20487.475001
20535.400001
20583.250001
20630.975001
20679.175001
20727.050001
20775.100001
20823.425001
20871.575001
20919.925001
20968.475001
21017.050001
21065.375001
21113.850001
21162.650001
21211.350001
21260.025001
21308.825001
21357.950001
21407.175001
21456.500001
21505.725001
21555.075001
21604.450001
21653.900001
21703.425001
21753.025001
21802.700001
21852.525001
21902.450001
21952.475001
22002.550001
22052.650001
22102.800001
22153.050001
22203.475001
22254.050001
22304.625001
22355.400001
22406.375001
22457.475001
22508.350001
22559.400001
22610.625001
22662.150001
22713.550001
22765.000001
22816.650001
22868.450001
22920.225001
22972.200001
23024.325001
23076.350001
23128.825001
23181.100001
23233.650001
23286.100001
23338.800001
23391.600001
23444.525001
23497.475001
23550.800001
23604.100001
23657.675001
23711.225001
23764.850001
23818.875001
23873.025001
23927.100001
23981.400001
24035.850001
24090.475001
24145.275001
24200.100001
24255.100001
24310.200001
24365.400001
24420.775001
24476.300001
24532.000001
24587.900001
24644.075001
24700.500001
24757.150001
24813.775001
24870.600001
24927.650001
24985.025001
25042.500001
25100.225001
25158.125001
25216.225001
25274.625001
25333.150001
25391.875001
25450.950001
25510.075001
25569.525001
25629.325001
25689.200001
25749.325001
25809.750001
25870.450001
25931.475001
25992.800001
26054.325001
26116.225001
26178.575001
26241.250001
26304.100001
26367.425001
26431.050001
26495.150001
26559.525001
26624.400001
26689.750001
26755.525001
26821.700001
26888.450001
26955.850001
27023.850001
27092.525001
27161.950001
27232.125001
27303.200001
27375.300001
27448.475001
27523.050001
27599.000001
27676.575001
27756.125001
27837.800001
27922.225001
28010.850001
28299.925001
28380.750001
28837.325001
28922.225001
