10.000000
7.000000
3418.050000
3516.400000
3614.475000
3707.700000
3795.550000
3880.250000
3963.050000
4044.225000
4124.200000
4203.075000
4281.050000
4358.250000
4434.700000
4510.250000
4585.350000
4659.600000
4733.150000
4806.175000
4878.700000
4950.475000
5021.625000
5092.275000
5162.350000
5231.675000
5300.475000
5368.825000
5436.250000
5502.875000
5568.850000
5633.875000
5697.875000
5760.875000
5822.875000
5883.775000
5943.425000
6002.150000
6059.775000
6116.675000
6172.975000
6228.775000
6283.675000
6337.775000
6391.375000
6444.350000
6496.775000
6548.575000
6599.975000
6651.100000
6701.850000
6752.400000
6802.625000
6852.625000
6902.500000
6952.275000
7001.950000
7051.400000
7100.700000
7149.775000
7198.500000
7247.125000
7295.725000
7344.075000
7392.325000
7440.475000
7488.350000
7536.025000
7583.650000
7631.075000
7678.750000
7725.975000
7773.325000
7820.350000
7867.600000
7914.375000
7961.200000
8007.900000
8054.500000
8101.150000
8147.375000
8193.725000
8240.150000
8286.050000
8332.000000
8377.950000
8423.750000
8469.400000
8515.000000
8560.600000
8606.350000
8651.800000
8697.025000
8742.200000
8787.275000
8832.125000
8876.975000
8921.900000
8966.600000
9011.075000
9055.525000
9099.850000
9144.175000
9188.375000
9232.625000
9276.575000
9320.525000
9364.300000
9408.125000
9451.975000
9495.800000
9539.425000
9583.075000
9626.350000
9669.625000
9713.100000
9756.650000
9799.800000
9842.825000
9885.850000
9929.050000
9971.925000
10014.750000
10057.800000
10100.825000
10143.550000
10186.175000
10229.125000
10271.800000
10314.500000
10357.525000
10400.375000
10442.975000
10485.725000
10528.775000
10571.350000
10613.975000
10656.875000
10699.525000
10742.325000
10785.300000
10828.125000
10870.700000
10913.475000
10956.475000
10999.050000
11041.750000
11084.600000
11127.250000
11170.025000
11212.950000
11255.700000
11298.300000
11341.200000
11384.125000
11426.700000
11469.375000
11512.250000
11554.975000
11597.675000
11640.550000
11683.200000
11725.850000
11768.800000
11811.725000
11854.425000
11897.050000
11939.950000
11982.650000
12025.325000
12068.150000
12110.825000
12153.550000
12196.475000
12239.300000
12281.925000
12324.650000
12367.650000
12410.275000
12452.925000
12495.750000
12538.425000
12581.150000
12624.050000
12666.850000
12709.450000
12752.250000
12795.275000
12837.900000
12880.525000
12923.400000
12966.100000
13008.750000
13051.575000
13094.275000
13136.900000
13179.900000
13222.850000
13265.450000
13308.125000
13351.025000
13393.700000
13436.300000
13479.200000
13521.850000
13564.500000
13607.475000
13650.250000
13692.875000
13735.650000
13778.675000
13821.250000
13863.850000
13906.775000
13949.375000
13992.200000
14035.075000
14077.775000
14120.425000
14163.300000
14206.300000
14248.850000
14291.575000
14334.450000
14377.050000
14419.775000
14462.575000
14505.300000
14547.950000
14590.950000
14633.800000
14676.375000
14719.150000
14762.050000
14804.800000
14847.450000
14890.250000
14932.950000
14975.650000
15018.600000
15061.375000
15104.025000
15146.775000
15189.725000
15232.425000
15275.050000
15317.925000
15360.600000
15403.350000
15446.225000
15488.900000
15531.575000
15574.425000
15617.475000
15660.100000
15702.725000
15745.600000
15788.250000
15830.950000
15873.750000
15916.500000
15959.100000
16002.050000
16045.000000
16087.600000
16130.300000
16173.225000
16215.900000
16258.525000
16301.325000
16344.050000
16386.675000
16429.700000
16472.475000
16515.075000
16557.875000
16600.850000
16643.475000
16686.100000
16729.025000
16771.650000
16814.300000
16857.200000
16899.850000
16942.550000
16985.475000
17028.475000
17071.025000
17113.675000
17156.625000
17199.200000
17241.950000
17284.775000
17327.425000
17370.150000
17413.125000
17455.975000
17498.550000
17541.350000
17584.275000
17626.850000
17669.500000
17712.350000
17755.075000
17797.775000
17840.725000
17883.425000
17926.050000
17968.925000
18011.875000
18054.600000
18097.200000
18140.075000
18182.775000
18225.475000
18268.350001
18311.000001
18353.725001
18396.600001
18439.525001
18482.175001
18524.825001
18567.750001
18610.400001
18653.100001
18695.875001
18738.575001
18781.250001
18824.175001
18867.125001
18909.725001
18952.450001
18995.400001
19038.050001
19080.700001
19123.525001
19166.250001
19208.875001
19251.775001
19294.500001
19337.125001
19380.025001
19423.000001
19465.650001
19508.250001
19551.125001
19593.800001
19636.450001
19679.350001
19722.000001
19764.625001
19807.625001
19850.525001
19893.125001
19935.825001
19978.825001
20021.375001
20064.000001
20106.875001
20149.625001
20192.525001
20235.600001
20278.875001
20321.850001
20364.925001
20408.075001
20451.350001
20494.575001
20537.725001
20581.075001
20624.675001
20668.275001
20712.050001
20755.700001
20799.425001
20843.200001
20887.050001
20930.950001
20974.925001
21019.100001
21063.350001
21107.775001
21152.225001
21196.775001
21241.325001
21285.825001
21330.375001
21374.925001
21419.550001
21464.225001
21509.150001
21554.150001
21599.100001
21644.350001
21689.650001
21735.050001
21780.350001
21825.775001
21871.350001
21917.200001
21963.000001
22008.675001
22054.525001
22100.625001
22146.775001
22192.850001
22238.975001
22285.350001
22331.725001
22378.275001
22424.800001
22471.375001
22518.225001
22564.950001
22612.050001
22659.025001
22706.400001
22753.625001
22801.100001
22848.350001
22895.875001
22943.275001
22991.075001
23038.850001
23086.600001
23134.725001
23182.775001
23230.950001
23279.350001
23327.650001
23376.075001
23424.675001
23473.475001
23522.200001
23570.950001
23619.975001
23669.200001
23718.525001
23768.000001
23817.625001
23867.425001
23917.350001
23967.425001
24017.600001
24067.850001
24118.100001
24168.525001
24219.100001
24269.700001
24320.500001
24371.450001
24422.725001
24474.050001
24525.450001
24577.050001
24629.025001
24680.800001
24732.950001
24785.350001
24837.825001
24890.550001
24943.275001
24996.325001
25049.525001
25102.800001
25156.400001
25209.975001
25263.700001
25317.750001
25371.850001
25426.075001
25480.475001
25535.100001
25589.950001
25644.950001
25700.050001
25755.325001
25810.775001
25866.450001
25922.250001
25978.300001
26034.600001
26091.050001
26147.675001
26204.475001
26261.525001
26318.825001
26376.250001
26434.000001
26491.900001
26550.000001
26608.300001
26666.950001
26725.775001
26785.000001
26844.375001
26904.000001
26963.875001
27024.150001
27084.775001
27145.650001
27206.875001
27268.400001
27330.250001
27392.475001
27455.100001
27518.100001
27581.400001
27645.275001
27709.475001
27774.225001
27839.525001
27905.325001
27971.550001
28038.325001
28105.550001
28173.225001
28241.400001
28310.000001
28379.175001
28448.800001
28519.050001
28589.875001
28661.300001
28733.350001
28806.150001
28879.775001
28954.300001
29029.975001
29107.025001
29185.525001
29265.550001
29347.100001
29430.125001
29514.650001
29600.950001
29689.325001
29780.300001
29874.750001
29973.650001
30078.425001
30187.725001
30303.350001
30766.375001
30876.350001
30996.450001
31433.875001
31543.875001
31664.025001
32132.150001
32242.025001
32362.000001
32796.500001
32906.550001
33026.750001
33491.625001
33601.525001
33721.550001
34156.450001
34266.500001
34386.675001
34851.750001
34961.650001
