2.000000
8.000000
8399.650000
8454.275000
8508.675000
8562.025000
8614.525000
8665.550000
8715.425000
8764.675000
8812.975000
8860.225000
8906.650000
8952.300000
8997.300000
9041.500000
9085.150000
9128.475000
9170.550000
9212.250000
9253.650000
9294.750000
9335.325000
9375.600000
9414.925000
9453.875000
9492.525000
9531.200000
9569.125000
9606.575000
9643.825000
9681.025000
9717.550000
9753.700000
9789.700000
9825.575000
9860.750000
9895.525000
9930.150000
9964.675000
9998.875000
10032.800000
10066.700000
10100.500000
10134.075000
10167.425000
10200.725000
10233.975000
10267.200000
10299.900000
10332.550000
10364.925000
10397.675000
10430.025000
10462.200000
10494.400000
10526.150000
10558.075000
10589.925000
10621.825000
10653.675000
10685.550000
10717.450000
10749.325000
10781.250000
10813.125000
10845.050000
10876.450000
10907.875000
10939.600000
10970.950000
11002.325000
11034.000000
11065.175000
11096.600000
11128.325000
11159.400000
11190.925000
11222.250000
11253.550000
11284.650000
11315.950000
11347.100000
11378.475000
11409.375000
11440.750000
11471.825000
11503.200000
11534.225000
11565.050000
11596.275000
11627.300000
11658.250000
11689.500000
11720.350000
11751.175000
11782.000000
11813.125000
11844.050000
11875.000000
11906.175000
11937.000000
11967.750000
11998.375000
12029.350000
12060.325000
12091.225000
12122.075000
12153.150000
12184.100000
12214.825000
12245.500000
12276.075000
12306.775000
12337.350000
12368.025000
12398.575000
12429.550000
12460.425000
12491.250000
12521.975000
12552.675000
12583.500000
12614.475000
12645.250000
12675.900000
12706.575000
12737.125000
12767.725000
12798.225000
12828.900000
12859.400000
12890.000000
12920.475000
12951.050000
12981.600000
13012.200000
13042.675000
13073.250000
13103.825000
13134.400000
13164.925000
13195.475000
13225.975000
13256.600000
13287.125000
13317.675000
13348.175000
13378.825000
13409.350000
13439.925000
13470.400000
13500.975000
13531.550000
13562.125000
13592.625000
13623.200000
13653.775000
13684.350000
13714.875000
13745.425000
13775.925000
13806.550000
13837.075000
13867.650000
13898.150000
13928.800000
13959.300000
13989.900000
14020.375000
14050.950000
14081.525000
14112.100000
14142.600000
14173.175000
14203.750000
14234.325000
14264.850000
14295.400000
14325.925000
14356.525000
14387.050000
14417.625000
14448.125000
14478.775000
14509.275000
14539.875000
14570.375000
14600.925000
14631.500000
14662.075000
14692.575000
14723.150000
14753.725000
14784.300000
14814.825000
14845.375000
14875.900000
14906.525000
14937.050000
14967.600000
14998.125000
15028.750000
15059.275000
15089.850000
15120.350000
15150.925000
15181.500000
15212.075000
15242.575000
15273.150000
15303.725000
15334.300000
15364.825000
15395.375000
15425.900000
15456.525000
15487.050000
15517.600000
15548.125000
15578.750000
15609.275000
15639.850000
15670.350000
15700.925000
15731.475000
15762.075000
15792.575000
15823.150000
15853.725000
15884.300000
15914.825000
15945.375000
15975.900000
16006.500000
16037.050000
16067.600000
16098.125000
16128.750000
16159.275000
16189.850000
16220.350000
16250.925000
16281.475000
16312.075000
16342.575000
16373.150000
16403.725000
16434.300000
16464.825000
16495.375000
16525.900000
16556.500000
16587.025000
16617.600000
16648.125000
16678.750000
16709.275000
16739.850000
16770.350000
16800.925000
16831.475000
16862.075000
16892.575000
16923.150000
16953.725000
16984.300000
17014.825000
17045.375000
17075.900000
17106.500000
17137.025000
17167.600000
17198.125000
17228.750000
17259.275000
17289.850000
17320.350000
17350.925000
17381.475000
17412.050000
17442.575000
17473.150000
17503.725000
17534.300000
17564.825000
17595.375000
17625.900000
17656.500000
17687.025000
17717.600000
17748.100000
17778.750000
17809.275000
17839.850000
17870.350000
17900.925000
17931.475000
17962.050000
17992.575000
18023.125000
18053.725000
18084.300000
18114.825000
18145.375000
18175.900000
18206.500000
18237.025001
18267.600001
18298.100001
18328.750001
18359.250001
18389.850001
18420.350001
18450.925001
18481.475001
18512.050001
18542.575001
18573.125001
18603.725001
18634.300001
18664.825001
18695.375001
18725.875001
18756.500001
18787.025001
18817.600001
18848.100001
18878.750001
18909.250001
18939.850001
18970.350001
19000.925001
19031.475001
19062.050001
19092.575001
19123.125001
19153.725001
19184.300001
19214.825001
19245.375001
19275.875001
19306.500001
19337.025001
19367.600001
19398.100001
19428.750001
19459.250001
19489.850001
19520.350001
19550.925001
19581.475001
19612.050001
19642.575001
19673.125001
19703.725001
19734.300001
19764.825001
19795.375001
19825.875001
19856.500001
19887.025001
19917.600001
19948.100001
19978.750001
20009.250001
20039.850001
20070.350001
20100.925001
20131.500001
20162.100001
20192.625001
20223.250001
20253.875001
20284.550001
20315.200001
20346.275001
20377.250001
20408.175001
20439.475001
20470.400001
20501.725001
20532.850001
20564.425001
20595.575001
20627.075001
20658.850001
20690.400001
20721.875001
20753.600001
20785.450001
20817.425001
20849.400001
20881.400001
20913.425001
20945.450001
20977.675001
21009.875001
21042.375001
21074.850001
21107.575001
21140.200001
21173.000001
21206.200001
21239.500001
21272.850001
21306.275001
21339.700001
21373.100001
21406.600001
21440.175001
21474.150001
21508.000001
21542.300001
21576.250001
21610.550001
21645.200001
21679.950001
21714.750001
21749.625001
21784.575001
21820.025001
21855.300001
21891.000001
21926.700001
21962.500001
21998.250001
22034.375001
22070.500001
22107.075001
22143.800001
22181.000001
22217.975001
22255.150001
22292.575001
22330.250001
22368.125001
22406.375001
22445.050001
22483.975001
22523.000001
22562.150001
22601.550001
22641.300001
22681.400001
22721.725001
22762.300001
22803.525001
22845.125001
22886.950001
22929.000001
22971.450001
23014.575001
23057.875001
23101.550001
23145.550001
23190.075001
23235.350001
23281.275001
23327.400001
23374.375001
23421.825001
23470.250001
23519.450001
23569.550001
23620.475001
23672.875001
23726.275001
23781.650001
23838.625001
23898.350001
23961.375001
24031.075001
24194.725001
24252.450001
24319.000001
24558.300001
24617.500001
25049.100001
25110.250001
