10.000000
35.000000
7049.525000
7123.900000
7196.725000
7265.775000
7331.975000
7395.875000
7457.700000
7517.900000
7576.150000
7633.325000
7689.650000
7745.275000
7799.900000
7853.900000
7907.650000
7960.800000
8013.600000
8066.000000
8118.350000
8170.100000
8221.700000
8273.250000
8324.300000
8374.975000
8425.175000
8475.150000
8524.875000
8574.475000
8623.775000
8672.725000
8721.200000
8769.475000
8817.775000
8865.300000
8912.950000
8960.000000
9007.100000
9053.650000
9100.025000
9146.050000
9191.625000
9236.800000
9281.800000
9326.225000
9370.425000
9414.150000
9457.875000
9501.275000
9544.200000
9586.750000
9629.550000
9671.800000
9713.800000
9755.775000
9797.350000
9839.025000
9880.450000
9921.900000
9963.325000
10004.525000
10045.800000
10086.550000
10127.675000
10168.650000
10209.500000
10250.425000
10291.325000
10331.925000
10372.800000
10413.575000
10454.150000
10494.875000
10535.600000
10576.125000
10616.775000
10657.375000
10697.800000
10738.475000
10779.175000
10819.450000
10859.775000
10900.300000
10940.875000
10981.275000
11021.875000
11062.450000
11102.675000
11142.975000
11183.375000
11223.775000
11263.925000
11304.275000
11344.700000
11385.175000
11425.425000
11465.850000
11506.600000
11546.925000
11587.225000
11627.625000
11668.050000
11708.225000
11748.475000
11788.850000
11829.325000
11869.475000
11909.700000
11950.100000
11990.500000
12030.625000
12070.850000
12111.225000
12151.600000
12191.800000
12232.025000
12272.425000
12312.850000
12353.025000
12393.250000
12433.700000
12474.150000
12514.400000
12554.950000
12595.600000
12635.850000
12676.125000
12716.575000
12756.975000
12797.150000
12837.400000
12877.775000
12918.175000
12958.300000
12998.525000
13038.900000
13079.350000
13119.500000
13159.725000
13200.100000
13240.525000
13280.625000
13320.850000
13361.225000
13401.600000
13441.800000
13482.025000
13522.425000
13562.850000
13603.025000
13643.250000
13683.675000
13724.100000
13764.350000
13804.850000
13845.525000
13885.825000
13926.100000
13966.550000
14006.975000
14047.150000
14087.400000
14127.750000
14168.150000
14208.300000
14248.525000
14288.875000
14329.350000
14369.475000
14409.725000
14450.100000
14490.500000
14530.625000
14570.850000
14611.225000
14651.575000
14691.800000
14732.025000
14772.425000
14812.825000
14852.975000
14893.225000
14933.625000
14974.050000
15014.200000
15054.600000
15095.250000
15135.700000
15176.025000
15216.500000
15256.925000
15297.125000
15337.375000
15377.750000
15418.125000
15458.275000
15498.525000
15538.875000
15579.325000
15619.475000
15659.725000
15700.100000
15740.500000
15780.625000
15820.850000
15861.200000
15901.575000
15941.775000
15982.000000
16022.400000
16062.800000
16102.950000
16143.200000
16183.575000
16223.975000
16264.125000
16304.450000
16344.975000
16385.500000
16425.875000
16466.425000
16506.875000
16547.075000
16587.325000
16627.700000
16668.100000
16708.250000
16748.500000
16788.850000
16829.325000
16869.450000
16909.700000
16950.075000
16990.475000
17030.600000
17070.825000
17111.200000
17151.550000
17191.775000
17232.000000
17272.400000
17312.800000
17352.925000
17393.175000
17433.550000
17473.925000
17514.050000
17554.375000
17594.850000
17635.325000
17675.675000
17716.250000
17756.800000
17797.025000
17837.300000
17877.675000
17918.075000
17958.250000
17998.475000
18038.850000
18079.300000
18119.450000
18159.700000
18200.050000
18240.450001
18280.600001
18320.825001
18361.175001
18401.550001
18441.750001
18482.000001
18522.375001
18562.775001
18602.925001
18643.150001
18683.525001
18723.900001
18764.025001
18804.350001
18844.775001
18885.225001
18925.500001
18965.975001
19006.675001
19046.950001
19087.225001
19127.625001
19168.050001
19208.225001
19248.450001
19288.825001
19329.275001
19369.425001
19409.675001
19450.050001
19490.450001
19530.575001
19570.800001
19611.150001
19651.525001
19691.750001
19731.975001
19772.350001
19812.750001
19852.900001
19893.125001
19933.500001
19973.875001
20014.000001
20054.300001
20094.725001
20135.200001
20175.575001
20216.250001
20256.925001
20297.250001
20337.725001
20378.675001
20419.300001
20459.850001
20500.900001
20541.650001
20582.475001
20623.600001
20664.375001
20705.550001
20746.700001
20787.750001
20829.175001
20870.300001
20911.900001
20953.175001
20994.725001
21036.050001
21077.650001
21119.225001
21160.900001
21202.600001
21244.400001
21286.075001
21328.100001
21369.975001
21412.325001
21454.275001
21496.600001
21538.900001
21581.125001
21623.700001
21666.225001
21708.650001
21751.425001
21794.150001
21836.850001
21880.000001
21923.200001
21966.300001
22009.375001
22052.600001
22095.975001
22139.400001
22182.975001
22226.425001
22270.100001
22313.875001
22357.900001
22402.025001
22446.250001
22490.550001
22534.925001
22579.425001
22623.950001
22668.675001
22713.500001
22758.275001
22803.100001
22848.150001
22893.225001
22938.525001
22984.025001
23029.675001
23075.125001
23120.725001
23166.550001
23212.475001
23258.300001
23304.350001
23350.675001
23397.025001
23443.350001
23490.075001
23536.600001
23583.450001
23630.375001
23677.425001
23724.675001
23772.000001
23819.375001
23867.025001
23914.675001
23962.700001
24010.650001
24058.725001
24107.150001
24155.525001
24204.050001
24252.725001
24301.675001
24350.850001
24400.075001
24449.450001
24498.975001
24548.675001
24598.550001
24648.600001
24698.875001
24749.500001
24800.450001
24851.600001
24902.850001
24954.425001
25006.525001
25058.675001
25111.275001
25164.175001
25217.775001
25271.625001
25326.075001
25381.100001
25436.850001
25493.325001
25550.775001
25609.000001
25668.400001
25728.800001
25790.225001
25852.700001
25916.375001
25981.375001
26047.700001
26115.225001
26184.200001
26254.400001
26325.925001
26398.800001
26473.275001
26549.075001
26626.450001
26705.525001
26786.375001
26869.425001
26954.650001
27043.275001
27137.000001
27301.550001
27391.625001
27601.700001
27695.675001
28003.650001
28473.900001
