1.000000
30.000000
5525.475000
5599.875000
5670.375000
5737.000000
5801.000000
5862.775000
5922.750000
5981.250000
6038.600000
6095.025000
6150.750000
6205.675000
6259.825000
6313.650000
6367.050000
6419.800000
6472.150000
6524.050000
6575.300000
6626.125000
6676.400000
6726.325000
6775.950000
6825.200000
6874.275000
6923.150000
6971.475000
7019.550000
7067.575000
7115.050000
7162.475000
7209.425000
7256.500000
7303.025000
7349.500000
7395.875000
7441.800000
7487.550000
7533.225000
7578.850000
7624.100000
7669.175000
7713.850000
7758.325000
7802.650000
7846.850000
7890.950000
7934.825000
7978.500000
8021.925000
8065.050000
8108.075000
8151.150000
8193.850000
8236.400000
8279.150000
8321.450000
8363.775000
8406.175000
8448.300000
8490.475000
8532.400000
8574.475000
8616.475000
8658.175000
8699.950000
8741.575000
8783.200000
8824.725000
8866.325000
8907.850000
8949.250000
8990.825000
9032.025000
9073.425000
9114.375000
9155.600000
9196.700000
9237.600000
9278.850000
9319.500000
9360.350000
9401.325000
9441.875000
9482.550000
9523.425000
9563.800000
9604.250000
9644.775000
9685.300000
9725.650000
9766.175000
9806.700000
9846.875000
9887.025000
9927.275000
9967.700000
10007.800000
10047.775000
10087.700000
10127.725000
10167.850000
10207.800000
10247.675000
10287.550000
10327.550000
10367.700000
10407.700000
10447.525000
10487.400000
10527.350000
10567.600000
10607.625000
10647.425000
10687.300000
10727.250000
10767.500000
10807.550000
10847.350000
10887.250000
10927.150000
10967.450000
11007.500000
11047.275000
11087.175000
11127.100000
11167.375000
11207.400000
11247.200000
11287.100000
11327.000000
11367.250000
11407.250000
11447.075000
11486.950000
11526.850000
11566.950000
11606.950000
11646.850000
11686.625000
11726.475000
11766.525000
11806.600000
11846.550000
11886.325000
11926.200000
11966.225000
12006.375000
12046.400000
12086.150000
12126.075000
12166.075000
12206.250000
12246.250000
12286.050000
12325.975000
12365.950000
12406.100000
12446.100000
12485.925000
12525.800000
12565.775000
12605.800000
12645.800000
12685.700000
12725.550000
12765.450000
12805.425000
12845.525000
12885.475000
12925.300000
12965.175000
13005.175000
13045.325000
13085.350000
13125.150000
13165.050000
13205.050000
13245.250000
13285.300000
13325.100000
13365.000000
13405.000000
13445.200000
13485.250000
13525.050000
13564.950000
13604.950000
13645.150000
13685.200000
13725.000000
13764.900000
13804.925000
13845.125000
13885.175000
13924.975000
13964.875000
14004.900000
14045.075000
14085.125000
14124.925000
14164.825000
14204.850000
14245.025000
14285.050000
14324.875000
14364.750000
14404.775000
14444.900000
14484.900000
14524.750000
14564.575000
14604.600000
14644.575000
14684.600000
14724.525000
14764.300000
14804.225000
14844.200000
14884.300000
14924.275000
14964.025000
15004.000000
15043.925000
15084.100000
15124.125000
15163.900000
15203.875000
15243.775000
15283.925000
15323.925000
15363.750000
15403.700000
15443.600000
15483.625000
15523.600000
15563.525000
15603.400000
15643.275000
15683.225000
15723.325000
15763.275000
15803.100000
15842.975000
15882.950000
15923.100000
15963.150000
16002.950000
16042.850000
16082.800000
16123.000000
16163.050000
16202.850000
16242.775000
16282.725000
16322.925000
16363.000000
16402.800000
16442.725000
16482.675000
16522.875000
16562.925000
16602.725000
16642.650000
16682.600000
16722.775000
16762.800000
16802.625000
16842.550000
16882.500000
16922.575000
16962.550000
17002.450000
17042.350000
17082.275000
17122.250000
17162.300000
17202.225000
17242.125000
17281.975000
17321.950000
17362.050000
17402.050000
17441.900000
17481.775000
17521.725000
17561.900000
17601.900000
17641.750000
17681.650000
17721.550000
17761.725000
17801.725000
17841.600000
17881.475000
17921.375000
17961.425000
18001.400000
18041.350000
18081.150000
18121.025000
18161.000000
18201.075000
18241.075001
18280.850001
18320.700001
18360.675001
18400.875001
18440.925001
18480.700001
18520.600001
18560.550001
18600.750001
18640.850001
18680.625001
18720.525001
18760.475001
18800.675001
18840.750001
18880.550001
18920.450001
18960.400001
19000.600001
19040.650001
19080.450001
19120.350001
19160.300001
19200.425001
19240.425001
19280.300001
19320.175001
19360.100001
19400.075001
19440.125001
19480.075001
19519.925001
19559.775001
19599.750001
19639.850001
19679.925001
19719.725001
19759.575001
19799.525001
19839.700001
19879.800001
19919.600001
19959.500001
19999.400001
20039.600001
20079.725001
20119.525001
20159.475001
20199.500001
20239.825001
20280.025001
20320.125001
20360.400001
20400.925001
20441.250001
20481.500001
20521.900001
20562.375001
20602.625001
20642.950001
20683.400001
20723.925001
20764.325001
20805.075001
20845.825001
20886.250001
20926.975001
20967.975001
21008.500001
21049.450001
21090.500001
21131.350001
21172.475001
21213.500001
21254.550001
21295.800001
21336.850001
21378.300001
21419.475001
21460.825001
21502.275001
21543.700001
21585.375001
21626.800001
21668.475001
21709.975001
21751.700001
21793.250001
21835.125001
21876.800001
21918.850001
21960.825001
22002.700001
22044.775001
22086.725001
22129.125001
22171.075001
22213.425001
22255.750001
22298.050001
22340.625001
22383.100001
22425.525001
22468.250001
22510.875001
22553.550001
22596.475001
22639.450001
22682.300001
22725.150001
22768.275001
22811.300001
22854.375001
22897.475001
22940.900001
22984.450001
23027.825001
23071.150001
23114.725001
23158.325001
23202.125001
23245.975001
23289.950001
23333.925001
23377.950001
23422.000001
23466.150001
23510.400001
23554.750001
23599.100001
23643.525001
23688.050001
23732.725001
23777.475001
23822.200001
23867.100001
23912.125001
23957.125001
24002.225001
24047.325001
24092.575001
24137.850001
24183.275001
24228.925001
24274.525001
24320.225001
24366.100001
24412.175001
24458.100001
24504.125001
24550.300001
24596.625001
24642.975001
24689.500001
24736.025001
24782.725001
24829.675001
24876.475001
24923.550001
24970.575001
25017.925001
25065.150001
25112.650001
25160.175001
25207.950001
25255.825001
25303.775001
25351.975001
25400.250001
25448.550001
25497.075001
25545.800001
25594.650001
25643.600001
25692.825001
25742.200001
25791.750001
25841.525001
25891.525001
25941.675001
25992.050001
26042.700001
26093.550001
26144.725001
26196.125001
26247.700001
26299.700001
26352.000001
26404.625001
26457.675001
26511.025001
26564.725001
26619.000001
26673.675001
26728.800001
26784.400001
26840.475001
26897.000001
26954.100001
27011.825001
27070.075001
27129.000001
27188.300001
27248.225001
27308.700001
27369.775001
27431.500001
27493.900001
27557.100001
27620.850001
27685.475001
27750.750001
27816.650001
27883.075001
27950.075001
28017.675001
28085.775001
28154.325001
28223.425001
28293.000001
28363.175001
28433.900001
28505.200001
28577.050001
28649.575001
28722.775001
28796.750001
28871.375001
28946.900001
29023.225001
29100.450001
29178.750001
29258.150001
29338.725001
29420.700001
29504.275001
29589.650001
29677.300001
29767.875001
29862.775001
30034.350001
30125.150001
30297.750001
30388.100001
30601.125001
30690.750001
30906.350001
30996.025001
31209.450001
31299.100001
31513.375001
31603.500001
31840.025001
31930.925001
32211.750001
32302.725001
32584.575001
32675.550001
32957.025001
33047.975001
33329.325001
33420.275001
33701.575001
33792.525001
34073.775001
34164.725001
34445.950001
34536.925001
34818.150001
34909.125001
