100.000000
16.000000
4306.625000
4377.725000
4449.325000
4519.875000
4589.250000
4657.925000
4725.825000
4793.125000
4859.850000
4926.175000
4992.250000
5058.050000
5123.475000
5188.425000
5253.150000
5317.750000
5381.800000
5445.725000
5509.225000
5572.575000
5635.675000
5698.375000
5760.800000
5823.175000
5885.300000
5947.050000
6008.400000
6069.550000
6130.500000
6191.300000
6251.850000
6312.175000
6372.100000
6431.750000
6491.375000
6550.775000
6609.775000
6668.800000
6727.475000
6785.900000
6844.150000
6902.300000
6960.075000
7017.900000
7075.175000
7132.375000
7189.550000
7246.600000
7303.325000
7359.725000
7416.050000
7472.225000
7528.200000
7584.100000
7639.900000
7695.475000
7750.825000
7805.975000
7860.775000
7915.300000
7969.675000
8024.050000
8078.275000
8132.100000
8185.850000
8239.550000
8292.925000
8346.275000
8399.300000
8452.400000
8505.225000
8557.925000
8610.375000
8662.900000
8714.925000
8767.150000
8819.100000
8870.700000
8922.275000
8973.775000
9024.975000
9076.100000
9127.225000
9178.575000
9229.700000
9280.425000
9331.000000
9381.575000
9431.925000
9482.150000
9532.325000
9582.475000
9632.575000
9682.650000
9732.650000
9782.500000
9832.125000
9881.675000
9931.125000
9980.525000
10030.050000
10079.525000
10128.950000
10178.150000
10227.300000
10276.375000
10325.500000
10374.725000
10424.000000
10473.350000
10522.500000
10571.625000
10620.725000
10669.800000
10719.075000
10768.375000
10817.750000
10866.975000
10916.125000
10965.225000
11014.175000
11063.450000
11112.775000
11162.100000
11211.200000
11260.275000
11309.425000
11358.400000
11407.750000
11457.100000
11506.450000
11555.625000
11604.775000
11653.975000
11702.950000
11752.250000
11801.525000
11850.875000
11900.025000
11949.000000
11998.150000
12047.250000
12096.575000
12145.875000
12195.225000
12244.450000
12293.425000
12342.625000
12391.750000
12441.100000
12490.425000
12539.725000
12588.875000
12637.875000
12687.000000
12736.075000
12785.425000
12834.775000
12884.050000
12933.225000
12982.250000
13031.400000
13080.525000
13129.925000
13179.300000
13228.650000
13277.800000
13326.750000
13375.900000
13425.000000
13474.325000
13523.625000
13572.925000
13622.125000
13671.050000
13720.225000
13769.400000
13818.750000
13868.075000
13917.450000
13966.700000
14015.700000
14064.850000
14113.875000
14163.225000
14212.550000
14261.825000
14311.025000
14360.000000
14409.125000
14458.250000
14507.600000
14556.975000
14606.275000
14655.500000
14704.575000
14753.750000
14802.800000
14852.100000
14901.400000
14950.725000
14999.925000
15048.825000
15097.975000
15147.150000
15196.450000
15245.775000
15295.075000
15344.300000
15393.250000
15442.450000
15491.650000
15541.000000
15590.325000
15639.575000
15688.775000
15737.725000
15786.825000
15836.000000
15885.325000
15934.675000
15983.875000
16033.075000
16082.075000
16131.200000
16180.400000
16229.800000
16279.175000
16328.475000
16377.675000
16426.575000
16475.700000
16524.900000
16574.175000
16623.500000
16672.725000
16721.925000
16770.875000
16820.000000
16869.250000
16918.550000
16967.900000
17017.175000
17066.400000
17115.350000
17164.375000
17213.600000
17262.900000
17312.225000
17361.300000
17410.400000
17459.550000
17508.500000
17557.825000
17607.175000
17656.525000
17705.675000
17754.850000
17804.025000
17853.025000
17902.300000
17951.575000
18000.900000
18050.075000
18099.050000
18148.200000
18197.275000
18246.600001
18295.900001
18345.250001
18394.450001
18443.475001
18492.650001
18541.775001
18591.125001
18640.425001
18689.725001
18738.875001
18787.900001
18837.025001
18886.075001
18935.425001
18984.775001
19034.050001
19083.250001
19132.250001
19181.400001
19230.525001
19279.925001
19329.300001
19378.650001
19427.800001
19476.775001
19525.900001
19575.000001
19624.325001
19673.625001
19722.950001
19772.150001
19821.075001
19870.225001
19919.400001
19968.750001
20018.075001
20067.475001
20116.725001
20165.975001
20215.250001
20264.625001
20314.050001
20363.625001
20413.425001
20463.375001
20513.400001
20563.475001
20613.550001
20663.650001
20713.750001
20763.900001
20814.150001
20864.600001
20915.175001
20965.850001
21016.775001
21067.825001
21118.925001
21170.050001
21221.175001
21272.575001
21324.075001
21375.550001
21427.250001
21479.250001
21530.950001
21582.950001
21635.225001
21687.325001
21739.825001
21792.325001
21845.150001
21897.850001
21950.925001
22003.875001
22057.075001
22110.100001
22163.500001
22217.150001
22270.650001
22324.500001
22378.650001
22432.725001
22486.925001
22541.425001
22595.950001
22650.700001
22705.550001
22760.450001
22815.550001
22870.725001
22926.125001
22981.725001
23037.425001
23093.325001
23149.525001
23206.125001
23262.900001
23319.625001
23376.500001
23433.800001
23491.400001
23548.950001
23607.025001
23665.075001
23723.600001
23782.150001
23841.225001
23900.525001
23959.900001
24019.600001
24079.800001
24140.225001
24200.875001
24261.850001
24323.175001
24384.750001
24446.575001
24508.575001
24570.825001
24633.475001
24696.600001
24759.850001
24823.600001
24887.475001
24951.900001
25016.575001
25081.575001
25146.975001
25212.750001
25278.925001
25345.450001
25412.300001
25479.600001
25547.125001
25614.975001
25683.275001
25752.075001
25821.200001
25890.925001
25960.950001
26031.475001
26102.550001
26174.125001
26246.275001
26318.975001
26392.150001
26465.775001
26540.175001
26615.075001
26690.825001
26767.300001
26844.500001
26922.475001
27001.400001
27081.375001
27162.400001
27244.475001
27327.675001
27412.375001
27498.600001
27586.675001
27676.900001
27770.650001
