1.000000
0.000000
3599.925000
3699.775000
3802.375000
3904.050000
4003.700000
4101.175000
4196.550000
4289.875000
4381.325000
4470.975000
4559.100000
4645.925000
4731.275000
4815.275000
4898.150000
4980.150000
5060.900000
5140.725000
5219.525000
5297.300000
5374.325000
5450.550000
5525.825000
5600.225000
5673.675000
5746.225000
5817.800000
5887.875000
5956.875000
6024.200000
6090.000000
6153.850000
6216.175000
6277.225000
6337.225000
6396.525000
6455.225000
6513.300000
6570.725000
6627.700000
6684.425000
6740.750000
6796.750000
6852.350000
6907.650000
6962.500000
7016.800000
7070.650000
7124.425000
7177.925000
7231.050000
7284.275000
7337.025000
7389.800000
7442.225000
7494.450000
7546.475000
7598.275000
7649.850000
7701.225000
7752.350000
7803.350000
7854.150000
7904.825000
7955.425000
8005.725000
8056.000000
8106.350000
8156.575000
8206.600000
8256.525000
8306.375000
8356.050000
8405.500000
8454.825000
8504.075000
8553.000000
8602.125000
8651.200000
8699.925000
8748.450000
8797.025000
8845.625000
8894.050000
8942.425000
8990.900000
9039.025000
9087.000000
9135.100000
9182.975000
9230.600000
9278.450000
9326.025000
9373.575000
9420.775000
9468.125000
9515.150000
9562.375000
9609.325000
9656.550000
9703.375000
9750.300000
9796.950000
9843.500000
9890.200000
9936.375000
9982.850000
10029.325000
10075.300000
10121.475000
10167.925000
10213.825000
10259.850000
10306.200000
10352.425000
10398.475000
10444.650000
10490.900000
10537.075000
10583.250000
10629.475000
10675.450000
10721.725000
10768.025000
10813.875000
10859.875000
10906.175000
10952.400000
10998.425000
11044.575000
11090.750000
11136.900000
11183.150000
11229.325000
11275.200000
11321.200000
11367.625000
11413.650000
11459.650000
11505.750000
11551.875000
11598.050000
11644.300000
11690.400000
11736.200000
11782.250000
11828.625000
11874.725000
11920.700000
11966.875000
12013.000000
12059.150000
12105.400000
12151.450000
12197.325000
12243.300000
12289.575000
12335.750000
12381.800000
12427.875000
12473.950000
12520.000000
12566.325000
12612.475000
12658.300000
12704.325000
12750.575000
12796.800000
12842.850000
12888.875000
12935.025000
12980.950000
13027.125000
13073.450000
13119.375000
13165.300000
13211.375000
13257.600000
13303.825000
13349.900000
13395.950000
13441.900000
13487.925000
13534.300000
13580.325000
13626.275000
13672.375000
13718.500000
13764.575000
13810.825000
13857.000000
13902.825000
13948.750000
13995.050000
14041.300000
14087.300000
14133.350000
14179.525000
14225.525000
14271.800000
14318.025000
14363.825000
14409.800000
14455.975000
14502.200000
14548.325000
14594.450000
14640.525000
14686.375000
14732.500000
14778.925000
14824.825000
14870.775000
14916.950000
14963.125000
15009.275000
15055.450000
15101.475000
15147.350000
15193.325000
15239.625000
15285.775000
15331.825000
15377.875000
15423.925000
15470.000000
15516.300000
15562.475000
15608.300000
15654.325000
15700.525000
15746.750000
15792.850000
15838.875000
15884.975000
15930.900000
15976.975000
16023.350000
16069.300000
16115.250000
16161.300000
16207.500000
16253.700000
16299.850000
16345.900000
16391.825000
16437.800000
16484.125000
16530.275000
16576.225000
16622.325000
16668.425000
16714.425000
16760.675000
16806.925000
16852.775000
16898.675000
16944.925000
16991.200000
17037.250000
17083.300000
17129.475000
17175.425000
17221.625000
17267.950000
17313.775000
17359.750000
17405.875000
17452.075000
17498.225000
17544.375000
17590.450000
17636.275000
17682.325000
17728.750000
17774.750000
17820.700000
17866.875000
17913.000000
17959.125000
18005.375000
18051.425000
18097.300000
18143.250000
18189.475000
18235.700001
18281.775001
18327.825001
18373.875001
18419.850001
18466.100001
18512.400001
18558.250001
18604.250001
18650.400001
18696.625001
18742.775001
18788.825001
18834.925001
18880.800001
18926.775001
18973.150001
19019.225001
19065.175001
19111.200001
19157.375001
19203.525001
19249.750001
19295.850001
19341.750001
19387.700001
19433.950001
19480.175001
19526.175001
19572.275001
19618.375001
19664.275001
19710.475001
19756.825001
19802.700001
19848.600001
19894.775001
19941.025001
19987.150001
20033.250001
20079.400001
20125.350001
20171.675001
20218.125001
20264.300001
20310.850001
20357.550001
20404.150001
20451.025001
20497.750001
20544.825001
20591.700001
20638.700001
20685.800001
20733.075001
20780.350001
20827.750001
20875.050001
20922.825001
20970.525001
21018.425001
21066.400001
21114.150001
21162.375001
21210.525001
21258.850001
21307.475001
21356.175001
21404.900001
21453.725001
21502.525001
21551.450001
21600.500001
21649.675001
21698.700001
21748.025001
21797.400001
21846.925001
21896.675001
21946.600001
21996.625001
22046.750001
22096.900001
22147.025001
22197.200001
22247.500001
22298.025001
22348.600001
22399.350001
22450.400001
22501.425001
22552.475001
22603.750001
22655.200001
22706.825001
22758.250001
22809.875001
22861.875001
22913.800001
22965.950001
23018.400001
23070.675001
23123.325001
23175.950001
23228.975001
23281.800001
23334.925001
23388.125001
23441.575001
23495.275001
23548.875001
23602.650001
23656.775001
23710.875001
23765.100001
23819.500001
23874.200001
23929.175001
23984.250001
24039.525001
24095.050001
24150.725001
24206.625001
24262.525001
24318.650001
24374.900001
24431.350001
24488.050001
24545.075001
24602.225001
24659.500001
24717.025001
24774.675001
24832.600001
24890.875001
24949.225001
25007.925001
25066.750001
25125.725001
25185.125001
25244.650001
25304.300001
25364.200001
25424.525001
25485.175001
25546.000001
25607.125001
25668.550001
25730.275001
25792.250001
25854.600001
25917.350001
25980.350001
26043.675001
26107.525001
26171.700001
26236.225001
26301.275001
26366.750001
26432.700001
26499.150001
26566.100001
26633.550001
26701.475001
26769.975001
26839.125001
26908.950001
26979.725001
27051.300001
27123.750001
27197.100001
27271.350001
27346.750001
27423.225001
27500.850001
27579.700001
27659.550001
27740.575001
27822.750001
27906.200001
27991.000001
28077.125001
28164.825001
28254.175001
28345.500001
28438.925001
28535.050001
28634.550001
28738.850001
28851.375001
