20.000000
1.000000
5596.925000
5653.675000
5707.650000
5759.175000
5808.700000
5856.400000
5902.500000
5947.625000
5991.500000
6034.350000
6076.325000
6117.700000
6158.750000
6199.175000
6239.175000
6278.625000
6317.575000
6356.275000
6394.625000
6432.500000
6470.150000
6507.550000
6544.725000
6581.375000
6617.725000
6653.800000
6689.725000
6725.600000
6761.000000
6796.300000
6831.325000
6866.075000
6900.675000
6935.050000
6968.950000
7002.675000
7036.050000
7069.150000
7102.150000
7135.100000
7167.525000
7199.800000
7231.650000
7263.400000
7295.150000
7326.625000
7357.800000
7388.925000
7419.975000
7450.750000
7481.375000
7511.925000
7542.375000
7572.800000
7603.150000
7632.975000
7663.000000
7692.600000
7722.350000
7751.925000
7781.325000
7810.550000
7839.725000
7868.825000
7897.875000
7926.825000
7955.575000
7984.150000
8012.850000
8041.225000
8069.800000
8098.000000
8126.050000
8154.150000
8182.275000
8210.375000
8238.325000
8266.250000
8294.050000
8321.825000
8349.550000
8377.275000
8404.975000
8432.675000
8460.400000
8488.100000
8515.850000
8543.500000
8570.900000
8598.150000
8625.675000
8653.325000
8680.800000
8707.950000
8735.350000
8762.775000
8789.875000
8817.300000
8844.650000
8871.725000
8898.975000
8925.925000
8953.325000
8980.225000
9007.450000
9034.350000
9061.625000
9088.475000
9115.475000
9142.400000
9169.250000
9196.275000
9223.050000
9249.975000
9276.850000
9303.625000
9330.300000
9357.050000
9383.925000
9410.575000
9437.125000
9463.675000
9490.225000
9517.075000
9543.725000
9570.250000
9596.775000
9623.175000
9649.650000
9675.925000
9702.375000
9728.750000
9755.100000
9781.425000
9807.800000
9834.175000
9860.525000
9886.875000
9913.225000
9939.625000
9966.000000
9992.350000
10018.725000
10045.075000
10071.400000
10097.775000
10124.075000
10150.475000
10176.475000
10202.425000
10228.575000
10254.800000
10281.150000
10307.425000
10333.800000
10359.750000
10385.650000
10411.850000
10438.075000
10464.425000
10490.675000
10517.025000
10542.775000
10568.875000
10595.100000
10621.350000
10647.675000
10673.650000
10699.600000
10725.700000
10751.975000
10778.350000
10804.500000
10830.475000
10856.425000
10882.600000
10908.925000
10935.150000
10961.450000
10987.250000
11013.275000
11039.550000
11065.825000
11092.150000
11118.175000
11144.100000
11170.175000
11196.450000
11222.750000
11248.775000
11274.700000
11300.750000
11326.975000
11353.325000
11379.575000
11405.800000
11431.600000
11457.700000
11483.975000
11510.175000
11536.475000
11562.350000
11588.325000
11614.550000
11640.850000
11667.200000
11693.150000
11719.075000
11745.175000
11771.425000
11797.725000
11823.850000
11849.800000
11875.775000
11902.025000
11928.375000
11954.550000
11980.650000
12006.500000
12032.650000
12058.950000
12085.175000
12111.525000
12137.350000
12163.325000
12189.575000
12215.825000
12242.150000
12268.225000
12294.150000
12320.175000
12346.450000
12372.775000
12398.800000
12424.725000
12450.750000
12477.000000
12503.350000
12529.575000
12555.825000
12581.600000
12607.700000
12633.975000
12660.175000
12686.475000
12712.350000
12738.325000
12764.550000
12790.850000
12817.200000
12843.150000
12869.075000
12895.175000
12921.425000
12947.725000
12973.850000
12999.800000
13025.750000
13052.025000
13078.375000
13104.550000
13130.625000
13156.500000
13182.650000
13208.925000
13235.175000
13261.500000
13287.325000
13313.325000
13339.575000
13365.825000
13392.150000
13418.200000
13444.150000
13470.175000
13496.450000
13522.775000
13548.775000
13574.700000
13600.750000
13627.000000
13653.325000
13679.575000
13705.800000
13731.575000
13757.675000
13783.975000
13810.175000
13836.450000
13862.325000
13888.325000
13914.550000
13940.850000
13967.175000
13993.125000
14019.050000
14045.175000
14071.400000
14097.725000
14123.825000
14149.775000
14175.750000
14202.025000
14228.375000
14254.550000
14280.600000
14306.475000
14332.625000
14358.925000
14385.175000
14411.500000
14437.300000
14463.300000
14489.575000
14515.825000
14542.150000
14568.200000
14594.125000
14620.175000
14646.450000
14672.750000
14698.775000
14724.675000
14750.750000
14776.975000
14803.325000
14829.575000
14855.775000
14881.550000
14907.675000
14933.975000
14960.175000
14986.450000
15012.300000
15038.300000
15064.550000
15090.850000
15117.175000
15143.100000
15169.050000
15195.150000
15221.400000
15247.725000
15273.800000
15299.750000
15325.750000
15352.000000
15378.375000
15404.525000
15430.575000
15456.475000
15482.625000
15508.925000
15535.175000
15561.475000
15587.275000
15613.300000
15639.550000
15665.825000
15692.150000
15718.175000
15744.100000
15770.150000
15796.425000
15822.750000
15848.750000
15874.675000
15900.725000
15926.975000
15953.325000
15979.550000
16005.725000
16031.550000
16057.675000
16083.975000
16110.175000
16136.425000
16162.275000
16188.275000
16214.525000
16240.825000
16267.175000
16293.100000
16319.025000
16345.150000
16371.400000
16397.725000
16423.800000
16449.725000
16475.725000
16502.000000
16528.375000
16554.525000
16580.550000
16606.450000
16632.625000
16658.925000
16685.150000
16711.475000
16737.275000
16763.300000
16789.550000
16815.825000
16842.150000
16868.150000
16894.075000
16920.150000
16946.425000
16972.750000
16998.725000
17024.650000
17050.725000
17076.975000
17103.325000
17129.550000
17155.725000
17181.525000
17207.650000
17233.975000
17260.150000
17286.400000
17312.250000
17338.275000
17364.525000
17390.825000
17417.175000
17443.075000
17469.025000
17495.150000
17521.400000
17547.725000
17573.775000
17599.725000
17625.725000
17652.000000
17678.350000
17704.525000
17730.525000
17756.450000
17782.600000
17808.925000
17835.150000
17861.450000
17887.250000
17913.275000
17939.550000
17965.800000
17992.150000
18018.125000
18044.075000
18070.150000
18096.425000
18122.750000
18148.725000
18174.650000
18200.725000
18226.975001
18253.325001
18279.550001
18305.700001
18331.500001
18357.650001
18383.950001
18410.150001
18436.375001
18462.225001
18488.275001
18514.525001
18540.825001
18567.175001
18593.050001
18619.000001
18645.150001
18671.400001
18697.725001
18723.775001
18749.700001
18775.725001
18802.000001
18828.350001
18854.500001
18880.500001
18906.425001
18932.600001
18958.925001
18985.150001
19011.450001
19037.225001
19063.275001
19089.550001
19115.800001
19142.125001
19168.125001
19194.050001
19220.150001
19246.425001
19272.750001
19298.725001
19324.625001
19350.725001
19376.975001
19403.325001
19429.550001
19455.675001
19481.500001
19507.650001
19533.950001
19560.150001
19586.375001
19612.200001
19638.250001
19664.525001
19690.825001
19717.175001
19743.050001
19769.000001
19795.150001
19821.400001
19847.700001
19873.775001
19899.700001
19925.725001
19952.000001
19978.350001
20004.500001
20030.500001
20056.425001
20082.600001
20108.925001
20135.175001
20161.550001
20187.550001
20213.475001
20239.675001
20265.975001
20292.300001
20318.675001
20345.075001
20371.450001
20397.850001
20424.275001
20450.675001
20477.075001
20503.525001
20529.900001
20556.350001
20582.725001
20609.150001
20635.550001
20661.975001
20688.375001
20714.775001
20741.250001
20767.625001
20794.125001
20820.450001
20846.950001
20873.325001
20899.975001
20926.375001
20953.275001
20979.925001
21006.550001
21033.200001
21059.825001
21086.725001
21113.375001
21140.100001
21167.150001
21193.925001
21220.575001
21247.675001
21274.500001
21301.350001
21328.425001
21355.275001
21382.375001
21409.250001
21436.525001
21463.425001
21490.725001
21517.650001
21545.000001
21572.100001
21599.275001
21626.325001
21653.550001
21681.000001
21708.100001
21735.400001
21762.900001
21790.075001
21817.425001
21845.000001
21872.625001
21900.050001
21927.325001
21954.850001
21982.475001
22010.100001
22037.575001
22064.900001
22092.450001
22120.150001
22147.875001
22175.650001
22203.450001
22231.250001
22259.050001
22286.850001
22314.650001
22342.450001
22370.250001
22398.050001
22425.875001
22453.725001
22481.550001
22509.375001
22537.200001
22565.075001
22592.950001
22620.975001
22649.175001
22677.275001
22705.375001
22733.750001
22761.925001
22790.100001
22818.525001
22846.750001
22875.275001
22903.575001
22931.900001
22960.350001
22988.825001
23017.350001
23045.875001
23074.400001
23103.250001
23131.725001
23160.425001
23189.375001
23218.025001
23246.725001
23275.650001
23304.625001
23333.725001
23362.675001
23391.575001
23420.375001
23449.425001
23478.575001
23507.700001
23536.875001
23566.075001
23595.275001
23624.500001
23653.725001
23682.950001
23712.175001
23741.525001
23770.750001
23800.350001
23829.850001
23859.275001
23888.800001
23918.500001
23948.050001
23977.725001
24007.475001
24037.100001
24067.075001
24096.800001
24126.700001
24156.500001
24186.600001
24216.500001
24246.525001
24276.575001
24306.550001
24336.750001
24367.125001
24397.350001
24427.475001
24457.725001
24488.125001
24518.650001
24549.175001
24579.750001
24610.325001
24641.000001
24671.625001
24702.275001
24732.925001
24763.600001
24794.400001
24825.350001
24856.275001
24887.150001
24918.175001
24949.250001
24980.325001
25011.625001
25042.725001
25074.150001
25105.450001
25136.850001
25168.425001
25199.900001
25231.425001
25263.125001
25295.000001
25326.825001
25358.800001
25390.800001
25422.850001
25454.900001
25487.000001
25519.125001
25551.300001
25583.750001
25616.125001
25648.500001
25681.150001
25713.700001
25746.450001
25779.275001
25812.050001
25845.075001
25878.275001
25911.500001
25944.775001
25978.175001
26011.650001
26045.150001
26078.725001
26112.325001
26146.150001
26180.000001
26214.075001
26248.075001
26282.375001
26316.800001
26351.125001
26385.650001
26420.325001
26455.125001
26490.025001
26525.150001
26560.375001
26595.675001
26631.250001
26667.025001
26702.850001
26738.725001
26774.800001
26811.075001
26847.650001
26884.300001
26921.250001
26958.325001
26995.500001
27032.925001
27070.500001
27108.325001
27146.375001
27184.550001
27222.925001
27261.575001
27300.375001
27339.325001
27378.425001
27417.600001
27456.950001
27496.500001
27536.225001
27576.000001
27616.075001
27656.375001
27696.800001
27737.350001
27778.275001
27819.275001
27860.475001
27902.000001
27943.700001
27985.625001
28027.800001
28070.250001
28113.050001
28156.225001
28199.650001
28243.525001
28287.800001
28332.550001
28377.725001
28423.350001
28469.500001
28516.100001
28563.250001
28610.875001
28659.075001
28707.800001
28757.050001
28806.825001
28857.250001
28908.225001
28959.875001
29012.175001
29065.200001
29119.075001
29173.850001
29229.750001
29286.925001
29345.800001
29407.000001
29471.400001
29540.025001
29615.250001
29836.950001
29902.225001
30317.675001
30382.950001
30755.175001
30820.450001
31189.700001
31254.975001
31623.500001
31688.775001
32057.125001
32122.375001
32490.675001
32555.950001
32924.200001
32989.475001
33357.675001
33422.950001
33791.175001
33856.450001
34224.675001
34289.950001
34658.175001
34723.450001
