20.000000
9.000000
8485.675000
8541.300000
8599.125000
8659.225000
8720.150000
8780.475000
8839.850000
8898.300000
8956.425000
9013.325000
9069.525000
9124.600000
9179.125000
9232.775000
9285.775000
9338.175000
9390.025000
9441.425000
9492.500000
9542.700000
9592.600000
9642.375000
9691.350000
9739.800000
9787.500000
9835.175000
9882.425000
9929.500000
9975.900000
10021.875000
10067.600000
10113.175000
10158.325000
10203.625000
10248.250000
10292.750000
10337.175000
10381.575000
10425.925000
10470.300000
10514.725000
10559.125000
10603.550000
10647.850000
10692.175000
10735.800000
10779.725000
10823.200000
10867.125000
10910.525000
10953.800000
10996.925000
11039.900000
11082.875000
11125.850000
11168.875000
11211.925000
11254.825000
11297.875000
11340.450000
11382.850000
11425.625000
11467.800000
11509.950000
11552.250000
11594.500000
11636.800000
11678.850000
11720.475000
11762.225000
11803.875000
11845.450000
11887.075000
11928.800000
11970.325000
12012.000000
12053.675000
12095.275000
12136.900000
12178.600000
12220.175000
12261.775000
12303.425000
12345.000000
12386.025000
12427.075000
12467.925000
12509.100000
12550.400000
12591.375000
12632.025000
12673.000000
12713.725000
12754.500000
12795.325000
12835.950000
12876.225000
12917.325000
12957.950000
12998.275000
13038.800000
13079.600000
13120.275000
13160.775000
13201.075000
13241.850000
13282.350000
13323.025000
13363.475000
13403.850000
13444.275000
13484.500000
13524.850000
13564.975000
13605.275000
13645.475000
13685.750000
13725.950000
13766.400000
13806.625000
13846.925000
13887.100000
13927.400000
13967.650000
14007.925000
14048.150000
14088.425000
14128.800000
14169.100000
14209.300000
14249.575000
14289.850000
14330.150000
14370.350000
14410.625000
14450.900000
14491.300000
14531.500000
14571.775000
14612.050000
14652.350000
14692.575000
14732.850000
14773.125000
14813.400000
14853.725000
14894.000000
14934.275000
14974.550000
15014.800000
15055.075000
15095.350000
15135.625000
15175.875000
15216.225000
15256.500000
15296.775000
15337.025000
15377.275000
15417.575000
15457.850000
15498.100000
15538.350000
15578.725000
15619.025000
15659.250000
15699.500000
15739.800000
15780.100000
15820.325000
15860.575000
15900.875000
15941.250000
15981.475000
16021.725000
16062.025000
16102.300000
16142.550000
16182.800000
16223.100000
16263.375000
16303.700000
16343.975000
16384.250000
16424.525000
16464.775000
16505.050000
16545.325000
16585.600000
16625.850000
16666.200000
16706.500000
16746.775000
16787.000000
16827.275000
16867.575000
16907.825000
16948.075000
16988.350000
17028.725000
17069.000000
17109.250000
17149.500000
17189.800000
17230.075000
17270.325000
17310.575000
17350.875000
17391.250000
17431.475000
17471.725000
17512.025000
17552.300000
17592.550000
17632.800000
17673.100000
17713.375000
17753.700000
17793.975000
17834.250000
17874.525000
17914.775000
17955.050000
17995.325000
18035.600000
18075.850000
18116.200000
18156.500000
18196.775000
18237.000001
18277.250001
18317.575001
18357.825001
18398.075001
18438.350001
18478.725001
18519.000001
18559.250001
18599.500001
18639.800001
18680.075001
18720.325001
18760.575001
18800.875001
18841.250001
18881.475001
18921.725001
18962.025001
19002.300001
19042.550001
19082.800001
19123.100001
19163.375001
19203.700001
19243.975001
19284.250001
19324.525001
19364.775001
19405.050001
19445.325001
19485.600001
19525.850001
19566.200001
19606.500001
19646.750001
19687.000001
19727.250001
19767.550001
19807.825001
19848.075001
19888.350001
19928.725001
19969.000001
20009.250001
20049.500001
20089.800001
20130.125001
20170.400001
20210.800001
20251.175001
20292.350001
20333.250001
20374.450001
20415.975001
20457.725001
20499.500001
20541.550001
20584.000001
20626.125001
20668.925001
20712.000001
20755.175001
20798.350001
20842.450001
20886.850001
20931.450001
20976.025001
21020.800001
21066.300001
21112.125001
21158.300001
21205.000001
21252.250001
21299.725001
21348.025001
21396.725001
21445.700001
21495.450001
21545.675001
21596.825001
21648.425001
21701.075001
21755.000001
21809.700001
21865.800001
21923.325001
21982.875001
22045.225001
22110.950001
22692.850001
22751.025001
