1.000000
6.000000
3678.025000
3769.625000
3858.575000
3944.600000
4028.025000
4109.200000
4188.325000
4265.750000
4341.975000
4417.150000
4491.425000
4564.700000
4637.150000
4708.500000
4778.900000
4848.125000
4916.600000
4984.350000
5051.375000
5117.825000
5183.425000
5248.375000
5312.900000
5376.625000
5440.025000
5502.775000
5565.025000
5626.750000
5687.975000
5748.575000
5808.525000
5868.075000
5926.775000
5985.000000
6042.350000
6098.850000
6154.625000
6209.675000
6264.225000
6318.675000
6372.925000
6426.675000
6480.300000
6533.775000
6587.025000
6640.200000
6692.975000
6745.725000
6798.175000
6850.675000
6902.750000
6954.675000
7006.650000
7058.125000
7109.475000
7160.725000
7212.000000
7263.075000
7313.800000
7364.325000
7414.850000
7465.150000
7515.200000
7565.125000
7614.975000
7664.725000
7714.350000
7763.800000
7813.300000
7862.725000
7912.025000
7961.075000
8009.875000
8058.550000
8107.425000
8156.275000
8204.925000
8253.425000
8301.875000
8350.100000
8398.100000
8446.200000
8494.100000
8541.750000
8589.450000
8637.000000
8684.575000
8731.750000
8779.050000
8825.975000
8873.175000
8919.950000
8966.800000
9013.425000
9059.875000
9106.525000
9152.700000
9198.775000
9245.150000
9291.350000
9337.250000
9383.150000
9429.100000
9474.725000
9520.400000
9566.125000
9611.900000
9657.525000
9702.775000
9748.075000
9793.225000
9838.425000
9883.525000
9928.750000
9973.650000
10018.575000
10063.450000
10108.125000
10152.725000
10197.300000
10241.950000
10286.525000
10331.350000
10376.075000
10420.700000
10465.250000
10509.800000
10554.450000
10599.000000
10643.850000
10688.650000
10733.300000
10777.950000
10822.725000
10867.725000
10912.450000
10957.150000
11001.850000
11046.675000
11091.450000
11135.975000
11180.550000
11225.075000
11269.650000
11314.150000
11358.750000
11403.575000
11448.300000
11492.925000
11537.450000
11582.025000
11626.500000
11671.050000
11715.700000
11760.500000
11805.350000
11849.975000
11894.675000
11939.400000
11984.350000
12029.150000
12073.750000
12118.500000
12163.325000
12208.075000
12252.650000
12297.200000
12341.800000
12386.275000
12430.850000
12475.500000
12520.300000
12565.025000
12609.600000
12654.200000
12698.675000
12743.225000
12787.825000
12832.550000
12877.400000
12922.125000
12966.800000
13011.450000
13056.400000
13101.200000
13145.875000
13190.575000
13235.375000
13280.200000
13324.825000
13369.400000
13413.875000
13458.400000
13502.950000
13547.550000
13592.275000
13637.050000
13681.750000
13726.275000
13770.800000
13815.350000
13859.900000
13904.575000
13949.275000
13994.150000
14038.775000
14083.400000
14128.100000
14172.975000
14217.875000
14262.550000
14307.275000
14352.025000
14396.850000
14441.525000
14486.025000
14530.575000
14575.100000
14619.675000
14664.200000
14708.850000
14753.700000
14798.350000
14842.950000
14887.475000
14932.050000
14976.525000
15021.075000
15065.750000
15110.600000
15155.400000
15200.025000
15244.700000
15289.500000
15334.450000
15379.175000
15423.800000
15468.575000
15513.400000
15558.100000
15602.675000
15647.225000
15691.800000
15736.275000
15780.850000
15825.525000
15870.350000
15915.050000
15959.625000
16004.200000
16048.675000
16093.250000
16137.850000
16182.600000
16227.425000
16272.150000
16316.825000
16361.500000
16406.450000
16451.225000
16495.875000
16540.600000
16585.425000
16630.225000
16674.850000
16719.400000
16763.900000
16808.400000
16852.975000
16897.550000
16942.300000
16987.075000
17031.750000
17076.275000
17120.800000
17165.350000
17209.900000
17254.575000
17299.275000
17344.175000
17388.800000
17433.400000
17478.125000
17523.000000
17567.900000
17612.550000
17657.275000
17702.050000
17746.875000
17791.550000
17836.025000
17880.575000
17925.125000
17969.700000
18014.225000
18058.875000
18103.725000
18148.375000
18192.950000
18237.500001
18282.050001
18326.525001
18371.100001
18415.775001
18460.600001
18505.400001
18550.025001
18594.725001
18639.525001
18684.475001
18729.200001
18773.825001
18818.600001
18863.425001
18908.100001
18952.675001
18997.225001
19041.825001
19086.300001
19130.875001
19175.550001
19220.375001
19265.050001
19309.625001
19354.225001
19398.700001
19443.250001
19487.850001
19532.625001
19577.450001
19622.150001
19666.850001
19711.525001
19756.475001
19801.250001
19845.900001
19890.625001
19935.450001
19980.250001
20024.850001
20069.425001
20113.925001
20158.550001
20203.450001
20248.400001
20293.225001
20338.350001
20383.550001
20428.950001
20474.225001
20519.525001
20564.900001
20610.475001
20656.375001
20702.150001
20747.950001
20793.925001
20840.025001
20885.850001
20931.825001
20977.900001
21024.100001
21070.425001
21116.875001
21163.350001
21209.800001
21256.600001
21303.100001
21349.900001
21396.775001
21443.775001
21491.050001
21538.225001
21585.600001
21632.975001
21680.325001
21727.775001
21775.125001
21822.950001
21870.625001
21918.550001
21966.550001
22014.400001
22062.625001
22110.775001
22159.075001
22207.700001
22256.450001
22305.125001
22353.850001
22402.600001
22451.500001
22500.575001
22549.725001
22598.775001
22648.075001
22697.475001
22747.000001
22796.725001
22846.625001
22896.650001
22946.775001
22996.925001
23047.075001
23097.300001
23147.675001
23198.275001
23248.850001
23299.675001
23350.775001
23401.950001
23453.100001
23504.375001
23555.825001
23607.475001
23659.225001
23711.100001
23763.150001
23815.250001
23867.675001
23920.100001
23972.850001
24025.600001
24078.750001
24131.750001
24185.000001
24238.375001
24291.950001
24345.750001
24399.675001
24453.825001
24508.150001
24562.750001
24617.625001
24672.675001
24727.875001
24783.200001
24838.750001
24894.500001
24950.500001
25006.775001
25063.150001
25119.675001
25176.275001
25233.150001
25290.275001
25347.450001
25404.975001
25462.775001
25520.600001
25578.825001
25637.100001
25695.700001
25754.375001
25813.375001
25872.650001
25932.025001
25991.650001
26051.550001
26111.725001
26172.150001
26232.800001
26293.775001
26355.050001
26416.575001
26478.350001
26540.450001
26602.700001
26665.275001
26728.250001
26791.550001
26855.175001
26919.200001
26983.500001
27048.175001
27113.325001
27178.950001
27244.875001
27311.200001
27377.975001
27445.325001
27513.150001
27581.500001
27650.350001
27719.725001
27789.775001
27860.475001
27931.925001
28004.150001
28077.300001
28151.475001
28226.575001
28302.825001
28380.175001
28458.525001
28537.825001
28618.200001
28699.575001
28782.125001
28865.825001
28950.875001
29037.325001
29125.350001
29215.175001
29307.075001
29401.450001
29498.950001
29601.075001
29711.775001
