10.000000
3.000000
3190.450000
3292.125000
3394.775000
3495.300000
3593.175000
3688.575000
3781.950000
3873.425000
3963.200000
4051.400000
4137.925000
4223.400000
4307.650000
4390.750000
4472.700000
4553.600000
4633.525000
4712.525000
4790.625000
4868.000000
4944.375000
5020.025000
5095.125000
5169.375000
5242.800000
5315.450000
5387.425000
5458.800000
5529.800000
5599.925000
5669.325000
5737.925000
5805.900000
5873.050000
5938.975000
6003.550000
6066.700000
6128.175000
6188.375000
6247.425000
6305.450000
6362.575000
6418.950000
6474.675000
6529.950000
6584.725000
6638.775000
6692.475000
6745.825000
6798.450000
6850.925000
6902.750000
6954.150000
7005.275000
7056.125000
7106.725000
7156.900000
7206.825000
7256.650000
7306.300000
7355.700000
7404.975000
7454.075000
7502.850000
7551.675000
7600.375000
7648.725000
7697.050000
7745.450000
7793.500000
7841.525000
7889.475000
7937.225000
7984.925000
8032.350000
8079.950000
8127.350000
8174.650000
8221.800000
8268.950000
8315.900000
8362.850000
8409.450000
8456.175000
8502.600000
8548.750000
8595.225000
8641.425000
8687.350000
8733.275000
8779.200000
8824.825000
8870.500000
8916.225000
8961.975000
9007.600000
9052.875000
9098.175000
9143.325000
9188.500000
9233.575000
9278.775000
9323.650000
9368.525000
9413.375000
9458.075000
9502.600000
9547.050000
9591.475000
9635.800000
9680.175000
9724.475000
9768.825000
9813.050000
9857.150000
9901.125000
9945.050000
9988.800000
10032.350000
10075.975000
10119.450000
10163.100000
10206.850000
10250.300000
10293.800000
10337.325000
10380.600000
10424.175000
10467.875000
10511.175000
10554.550000
10598.025000
10641.550000
10685.000000
10728.675000
10772.100000
10815.300000
10858.500000
10902.075000
10945.700000
10988.975000
11032.250000
11075.675000
11119.225000
11162.650000
11206.200000
11249.700000
11292.975000
11336.150000
11379.800000
11423.400000
11466.775000
11509.975000
11553.400000
11596.925000
11640.400000
11683.825000
11727.325000
11770.675000
11813.875000
11857.450000
11901.075000
11944.450000
11987.625000
12030.900000
12074.500000
12118.025000
12161.350000
12204.775000
12248.250000
12291.625000
12335.100000
12378.775000
12422.125000
12465.325000
12508.525000
12552.075000
12595.700000
12638.975000
12682.225000
12725.625000
12769.175000
12812.625000
12856.125000
12899.625000
12942.950000
12986.125000
13029.750000
13073.375000
13116.750000
13159.950000
13203.325000
13246.875000
13290.350000
13333.750000
13377.225000
13420.650000
13463.850000
13507.400000
13551.050000
13594.425000
13637.600000
13680.850000
13724.425000
13768.000000
13811.300000
13854.700000
13898.175000
13941.575000
13985.050000
14028.700000
14072.100000
14115.300000
14158.475000
14202.050000
14245.675000
14288.925000
14332.200000
14375.550000
14419.125000
14462.575000
14506.050000
14549.550000
14592.925000
14636.100000
14679.725000
14723.350000
14766.725000
14809.900000
14853.275000
14896.850000
14940.325000
14983.700000
15027.125000
15070.600000
15113.825000
15157.350000
15201.000000
15244.400000
15287.575000
15330.825000
15374.375000
15417.975000
15461.250000
15504.625000
15548.100000
15591.550000
15635.000000
15678.650000
15722.075000
15765.275000
15808.450000
15852.000000
15895.650000
15938.900000
15982.150000
16025.500000
16069.075000
16112.550000
16155.975000
16199.450000
16242.875000
16286.075000
16329.700000
16373.300000
16416.700000
16459.875000
16503.200000
16546.800000
16590.300000
16633.650000
16677.025000
16720.525000
16763.775000
16807.300000
16850.925000
16894.350000
16937.550000
16980.775000
17024.325000
17067.950000
17111.225000
17154.575000
17198.025000
17241.525000
17284.950000
17328.550000
17372.025000
17415.225000
17458.425000
17501.950000
17545.600000
17588.875000
17632.125000
17675.425000
17719.025000
17762.525000
17805.925000
17849.350000
17892.825000
17936.050000
17979.650000
18023.275000
18066.675000
18109.850000
18153.150000
18196.725000
18240.275001
18283.575001
18326.875001
18370.400001
18413.725001
18457.250001
18500.825001
18544.300001
18587.500001
18630.725001
18674.275001
18717.925001
18761.175001
18804.500001
18847.900001
18891.450001
18934.875001
18978.425001
19021.950001
19065.200001
19108.375001
19151.900001
19195.550001
19238.850001
19282.075001
19325.350001
19368.950001
19412.475001
19455.850001
19499.175001
19542.725001
19586.000001
19629.575001
19673.175001
19716.625001
19759.800001
19803.075001
19846.650001
19890.225001
19933.500001
19976.725001
20020.200001
20063.650001
20107.150001
20150.825001
20194.425001
20237.900001
20281.625001
20325.225001
20369.125001
20413.125001
20457.250001
20501.275001
20545.500001
20589.800001
20634.250001
20678.800001
20723.275001
20767.850001
20812.375001
20856.975001
20901.550001
20946.325001
20991.300001
21036.025001
21080.850001
21125.900001
21170.925001
21216.225001
21261.575001
21307.075001
21352.450001
21397.975001
21443.675001
21489.625001
21535.550001
21581.475001
21627.475001
21673.550001
21719.475001
21765.575001
21812.050001
21858.275001
21904.825001
21951.475001
21998.100001
22045.125001
22091.950001
22138.850001
22185.850001
22233.050001
22280.300001
22327.675001
22375.000001
22422.725001
22470.475001
22518.400001
22566.400001
22614.300001
22662.575001
22710.800001
22759.175001
22807.825001
22856.650001
22905.325001
22954.075001
23002.825001
23051.900001
23101.175001
23150.425001
23199.800001
23249.175001
23298.675001
23348.300001
23398.100001
23448.075001
23498.150001
23548.300001
23598.475001
23648.700001
23699.125001
23749.825001
23800.625001
23851.550001
23902.475001
23953.625001
24005.000001
24056.575001
24108.050001
24159.625001
24211.350001
24263.300001
24315.300001
24367.650001
24419.950001
24472.475001
24524.975001
24577.725001
24630.525001
24683.575001
24736.775001
24790.275001
24843.800001
24897.525001
24951.400001
25005.425001
25059.550001
25113.825001
25168.475001
25223.300001
25278.300001
25333.425001
25388.700001
25444.200001
25499.875001
25555.750001
25611.950001
25668.375001
25724.875001
25781.625001
25838.625001
25895.900001
25953.375001
26011.150001
26069.175001
26127.450001
26186.000001
26244.975001
26304.225001
26363.775001
26423.800001
26484.300001
26545.225001
26606.575001
26668.175001
26730.100001
26792.400001
26855.050001
26918.050001
26981.275001
27045.000001
27109.000001
27173.425001
27238.150001
27303.350001
27369.025001
27435.125001
27501.650001
27568.725001
27636.300001
27704.450001
27773.350001
27842.925001
27913.450001
27984.900001
28057.225001
28130.350001
28204.225001
28278.950001
28354.400001
28430.700001
28507.875001
28585.975001
28665.000001
28745.150001
28826.400001
28908.975001
28992.950001
29078.525001
29165.825001
29255.125001
29346.675001
29440.825001
29538.200001
29640.225001
29749.825001
31413.700001
31528.100001
32181.925001
32297.050001
32957.875001
33072.975001
33735.000001
33850.125001
34512.175001
34627.300001
