1.000000
2.000000
3666.525000
3762.925000
3858.075000
3948.600000
4035.575000
4120.075000
4202.675000
4283.725000
4363.525000
4442.200000
4519.900000
4596.725000
4672.600000
4747.525000
4821.675000
4895.325000
4968.175000
5040.225000
5111.550000
5182.275000
5252.375000
5321.800000
5390.600000
5458.375000
5525.325000
5591.475000
5656.775000
5720.850000
5784.425000
5847.150000
5909.350000
5970.925000
6031.975000
6092.550000
6152.550000
6212.075000
6270.800000
6329.175000
6386.850000
6444.225000
6501.100000
6557.575000
6613.550000
6669.075000
6724.150000
6778.950000
6833.100000
6887.000000
6940.850000
6994.325000
7047.325000
7100.225000
7152.725000
7205.225000
7257.625000
7309.675000
7361.650000
7413.475000
7465.050000
7516.500000
7567.850000
7619.000000
7670.000000
7720.775000
7771.425000
7822.075000
7872.500000
7922.950000
7973.325000
8023.450000
8073.450000
8123.375000
8173.225000
8223.025000
8272.700000
8322.125000
8371.275000
8420.525000
8469.500000
8518.600000
8567.725000
8616.500000
8665.050000
8713.575000
8762.225000
8810.550000
8858.775000
8907.075000
8955.125000
9002.950000
9050.950000
9098.525000
9146.175000
9193.650000
9241.250000
9288.575000
9335.775000
9382.950000
9430.100000
9477.025000
9524.050000
9570.675000
9617.600000
9663.925000
9710.450000
9757.025000
9803.100000
9849.350000
9895.700000
9941.575000
9987.375000
10033.200000
10079.075000
10124.700000
10170.425000
10216.300000
10262.175000
10307.900000
10353.675000
10399.425000
10445.425000
10491.200000
10536.850000
10582.675000
10628.700000
10674.425000
10720.150000
10765.925000
10811.825000
10857.675000
10903.350000
10948.900000
10994.575000
11040.225000
11085.775000
11131.425000
11177.125000
11223.100000
11268.875000
11314.475000
11360.150000
11405.850000
11451.425000
11496.975000
11542.625000
11588.325000
11634.250000
11680.025000
11725.675000
11771.325000
11817.275000
11863.025000
11908.475000
11954.050000
11999.675000
12045.475000
12091.200000
12136.800000
12182.550000
12228.500000
12274.275000
12319.900000
12365.425000
12411.000000
12456.750000
12502.325000
12548.000000
12593.750000
12639.675000
12685.475000
12731.100000
12776.650000
12822.275000
12867.950000
12913.500000
12959.150000
13004.950000
13050.875000
13096.625000
13142.350000
13188.025000
13233.850000
13279.675000
13325.150000
13370.650000
13416.350000
13462.125000
13507.825000
13553.525000
13599.175000
13645.150000
13690.975000
13736.475000
13782.025000
13827.625000
13873.350000
13919.000000
13964.600000
14010.350000
14056.300000
14102.075000
14147.675000
14193.200000
14238.775000
14284.525000
14330.150000
14375.775000
14421.500000
14467.500000
14513.250000
14558.850000
14604.550000
14650.175000
14695.775000
14741.375000
14786.950000
14832.725000
14878.700000
14924.400000
14970.100000
15015.800000
15061.550000
15107.300000
15152.750000
15198.300000
15244.000000
15289.850000
15335.575000
15381.250000
15426.875000
15472.725000
15518.450000
15563.875000
15609.450000
15655.150000
15701.000000
15746.700000
15792.425000
15838.125000
15884.025000
15929.900000
15975.475000
16021.000000
16066.675000
16112.325000
16157.925000
16203.625000
16249.300000
16295.300000
16341.075000
16386.650000
16432.325000
16477.975000
16523.575000
16569.150000
16614.725000
16660.500000
16706.475000
16752.175000
16797.850000
16843.500000
16889.200000
16934.825000
16980.325000
17025.925000
17071.650000
17117.625000
17163.325000
17208.950000
17254.725000
17300.575000
17346.325000
17391.900000
17437.375000
17483.025000
17528.875000
17574.500000
17620.175000
17665.925000
17711.825000
17757.650000
17803.275000
17848.800000
17894.425000
17940.100000
17985.700000
18031.375000
18077.050000
18123.025000
18168.825000
18214.375000
18259.950001
18305.550001
18351.200001
18396.825001
18442.525001
18488.225001
18534.175001
18579.975001
18625.625001
18671.225001
18717.050001
18762.675001
18808.125001
18853.775001
18899.450001
18945.375001
18991.150001
19036.725001
19082.475001
19128.325001
19174.025001
19219.525001
19265.050001
19310.700001
19356.600001
19402.250001
19447.925001
19493.625001
19539.500001
19585.300001
19630.800001
19676.275001
19721.925001
19767.750001
19813.375001
19859.025001
19904.825001
19950.750001
19996.525001
20042.250001
20087.825001
20133.525001
20179.350001
20224.950001
20270.725001
20316.725001
20362.775001
20408.700001
20455.075001
20501.425001
20547.650001
20594.225001
20640.850001
20687.400001
20734.300001
20780.950001
20827.875001
20874.750001
20921.825001
20969.075001
21016.375001
21063.600001
21111.000001
21158.300001
21206.000001
21253.750001
21301.575001
21349.425001
21397.375001
21445.575001
21493.725001
21542.100001
21590.575001
21638.950001
21687.400001
21735.975001
21784.825001
21833.725001
21882.825001
21931.925001
21981.100001
22030.475001
22080.050001
22129.875001
22179.800001
22229.850001
22280.000001
22330.200001
22380.375001
22430.550001
22480.900001
22531.500001
22582.150001
22632.975001
22684.100001
22735.325001
22786.425001
22837.650001
22889.025001
22940.625001
22992.325001
23044.250001
23096.200001
23148.250001
23200.625001
23252.900001
23305.400001
23358.000001
23410.800001
23463.650001
23516.725001
23569.800001
23623.300001
23676.625001
23730.300001
23784.250001
23838.225001
23892.475001
23946.875001
24001.375001
24056.025001
24110.850001
24165.825001
24220.950001
24276.225001
24331.775001
24387.450001
24443.375001
24499.600001
24556.175001
24612.950001
24669.750001
24726.675001
24784.050001
24841.550001
24899.150001
24957.175001
25015.150001
25073.500001
25131.925001
25190.750001
25249.750001
25308.950001
25368.575001
25428.425001
25488.450001
25548.600001
25609.050001
25669.850001
25730.825001
25792.125001
25853.725001
25915.575001
25977.725001
26040.225001
26102.950001
26166.125001
26229.800001
26293.725001
26358.075001
26422.825001
26487.950001
26553.600001
26619.700001
26686.175001
26753.125001
26820.550001
26888.425001
26956.900001
27025.675001
27095.125001
27164.950001
27235.375001
27306.425001
27377.900001
27449.975001
27522.725001
27596.225001
27670.400001
27745.450001
27821.250001
27898.000001
27975.825001
28054.850001
28135.325001
28217.500001
28301.550001
28387.475001
28475.300001
28565.050001
28656.925001
28751.100001
28848.075001
28948.475001
29053.475001
29166.000001
