20.000000
2.000000
5626.350000
5682.775000
5736.875000
5788.450000
5838.300000
5886.875000
5934.175000
5980.225000
6025.600000
6070.125000
6113.675000
6156.600000
6199.050000
6241.050000
6282.525000
6323.250000
6363.550000
6403.600000
6443.025000
6482.125000
6520.675000
6559.100000
6597.125000
6634.700000
6671.950000
6709.050000
6745.625000
6781.875000
6817.800000
6853.600000
6889.250000
6924.375000
6959.150000
6993.700000
7028.000000
7061.825000
7095.275000
7128.550000
7161.600000
7194.025000
7226.050000
7257.900000
7289.625000
7321.025000
7352.175000
7383.000000
7413.575000
7444.000000
7474.375000
7504.650000
7534.450000
7564.400000
7593.950000
7623.225000
7652.400000
7681.425000
7710.400000
7739.425000
7767.900000
7796.500000
7824.775000
7853.225000
7881.325000
7909.250000
7937.075000
7964.800000
7992.500000
8020.200000
8047.900000
8075.575000
8103.275000
8130.725000
8157.875000
8185.325000
8212.500000
8239.675000
8267.075000
8294.050000
8321.150000
8348.050000
8375.200000
8402.125000
8428.925000
8456.025000
8482.800000
8509.450000
8536.350000
8563.150000
8589.800000
8616.500000
8642.925000
8669.725000
8696.425000
8723.000000
8749.550000
8775.925000
8802.400000
8828.800000
8855.175000
8881.500000
8907.875000
8934.250000
8960.600000
8986.950000
9013.300000
9039.675000
9066.075000
9092.400000
9118.775000
9145.125000
9171.475000
9197.825000
9224.175000
9250.550000
9276.750000
9303.025000
9328.900000
9354.950000
9381.175000
9407.375000
9433.350000
9459.175000
9485.300000
9511.475000
9537.150000
9563.150000
9589.275000
9614.875000
9640.900000
9666.900000
9692.500000
9718.475000
9744.100000
9770.000000
9795.475000
9821.300000
9846.850000
9872.750000
9898.125000
9923.850000
9949.400000
9974.950000
10000.600000
10025.925000
10051.375000
10076.950000
10102.325000
10128.050000
10153.525000
10178.850000
10204.225000
10229.775000
10255.125000
10280.575000
10306.175000
10331.475000
10356.825000
10382.350000
10407.750000
10433.125000
10458.775000
10484.150000
10509.400000
10534.925000
10560.375000
10585.700000
10611.275000
10636.775000
10662.075000
10687.350000
10712.925000
10738.325000
10763.650000
10789.325000
10814.675000
10840.000000
10865.350000
10890.925000
10916.300000
10941.825000
10967.325000
10992.575000
11017.900000
11043.375000
11068.850000
11094.225000
11119.850000
11145.225000
11170.450000
11195.825000
11221.350000
11246.725000
11272.200000
11297.775000
11323.075000
11348.300000
11373.775000
11399.275000
11424.625000
11450.225000
11475.675000
11500.950000
11526.175000
11551.775000
11577.175000
11602.550000
11628.250000
11653.600000
11678.925000
11704.325000
11729.825000
11755.175000
11780.600000
11806.175000
11831.475000
11856.800000
11882.275000
11907.700000
11933.050000
11958.625000
11984.075000
12009.325000
12034.700000
12060.225000
12085.575000
12110.975000
12136.600000
12161.950000
12187.200000
12212.700000
12238.150000
12263.475000
12289.025000
12314.525000
12339.825000
12365.100000
12390.725000
12416.150000
12441.525000
12467.175000
12492.475000
12517.775000
12543.050000
12568.650000
12594.025000
12619.425000
12645.000000
12670.300000
12695.575000
12720.900000
12746.450000
12771.825000
12797.275000
12822.800000
12848.075000
12873.375000
12898.725000
12924.250000
12949.625000
12975.075000
13000.600000
13025.875000
13051.175000
13076.550000
13102.050000
13127.425000
13152.975000
13178.475000
13203.750000
13229.150000
13254.675000
13280.025000
13305.450000
13331.050000
13356.400000
13381.675000
13407.200000
13432.625000
13457.950000
13483.550000
13509.000000
13534.300000
13559.575000
13585.150000
13610.525000
13635.850000
13661.525000
13686.900000
13712.200000
13737.500000
13763.050000
13788.400000
13813.750000
13839.400000
13864.725000
13890.050000
13915.475000
13940.975000
13966.350000
13991.950000
14017.375000
14042.625000
14067.950000
14093.475000
14118.900000
14144.325000
14169.925000
14195.250000
14220.500000
14245.900000
14271.425000
14296.775000
14322.300000
14347.800000
14373.100000
14398.325000
14423.850000
14449.325000
14474.650000
14500.300000
14525.700000
14550.975000
14576.200000
14601.825000
14627.225000
14652.575000
14678.275000
14703.625000
14728.950000
14754.375000
14779.850000
14805.200000
14830.675000
14856.200000
14881.475000
14906.825000
14932.325000
14957.725000
14983.075000
15008.675000
15034.100000
15059.350000
15084.775000
15110.275000
15135.600000
15161.025000
15186.625000
15211.975000
15237.225000
15262.750000
15288.200000
15313.500000
15339.100000
15364.575000
15389.875000
15415.150000
15440.775000
15466.175000
15491.575000
15517.200000
15542.500000
15567.800000
15593.100000
15618.675000
15644.025000
15669.475000
15695.025000
15720.300000
15745.600000
15770.925000
15796.475000
15821.825000
15847.300000
15872.825000
15898.100000
15923.400000
15948.750000
15974.275000
15999.625000
16025.125000
16050.625000
16075.900000
16101.200000
16126.600000
16152.075000
16177.450000
16203.050000
16228.525000
16253.775000
16279.200000
16304.725000
16330.075000
16355.500000
16381.100000
16406.450000
16431.700000
16457.250000
16482.675000
16507.975000
16533.625000
16559.050000
16584.350000
16609.600000
16635.200000
16660.575000
16685.900000
16711.575000
16736.925000
16762.225000
16787.550000
16813.075000
16838.425000
16863.775000
16889.425000
16914.750000
16940.050000
16965.500000
16991.000000
17016.375000
17042.000000
17067.400000
17092.650000
17118.000000
17143.525000
17168.925000
17194.375000
17219.950000
17245.275000
17270.500000
17295.925000
17321.450000
17346.800000
17372.375000
17397.850000
17423.125000
17448.350000
17473.900000
17499.350000
17524.700000
17550.350000
17575.725000
17601.000000
17626.250000
17651.850000
17677.250000
17702.625000
17728.300000
17753.625000
17778.950000
17804.400000
17829.875000
17855.225000
17880.725000
17906.225000
17931.500000
17956.850000
17982.350000
18007.750000
18033.125000
18058.725000
18084.125000
18109.375000
18134.825000
18160.300000
18185.650000
18211.100000
18236.675001
18262.000001
18287.250001
18312.800001
18338.225001
18363.550001
18389.175001
18414.600001
18439.900001
18465.175001
18490.825001
18516.200001
18541.625001
18567.225001
18592.525001
18617.800001
18643.125001
18668.700001
18694.050001
18719.500001
18745.050001
18770.325001
18795.600001
18820.975001
18846.500001
18871.850001
18897.350001
18922.850001
18948.125001
18973.400001
18998.800001
19024.325001
19049.675001
19075.225001
19100.675001
19125.925001
19151.225001
19176.700001
19202.150001
19227.550001
19253.200001
19278.600001
19303.850001
19329.375001
19354.825001
19380.150001
19405.750001
19431.225001
19456.525001
19481.775001
19507.375001
19532.750001
19558.075001
19583.750001
19609.125001
19634.425001
19659.725001
19685.275001
19710.625001
19735.975001
19761.625001
19786.950001
19812.250001
19837.625001
19863.125001
19888.475001
19913.875001
19939.475001
19964.775001
19990.100001
20015.600001
20041.050001
20066.450001
20092.075001
20117.450001
20142.725001
20168.275001
20193.775001
20219.200001
20244.925001
20270.300001
20295.750001
20321.425001
20346.900001
20372.725001
20398.125001
20423.925001
20449.500001
20475.400001
20500.900001
20526.675001
20552.300001
20578.325001
20603.875001
20629.775001
20655.575001
20681.325001
20707.300001
20733.000001
20758.975001
20784.850001
20810.600001
20836.725001
20862.650001
20888.450001
20914.550001
20940.725001
20966.875001
20992.600001
21018.775001
21045.025001
21071.125001
21097.175001
21123.100001
21149.325001
21175.625001
21201.950001
21228.375001
21254.675001
21281.125001
21307.500001
21333.950001
21360.300001
21386.750001
21413.150001
21439.600001
21466.025001
21492.425001
21518.850001
21545.250001
21571.700001
21598.050001
21624.525001
21650.900001
21677.375001
21703.775001
21730.225001
21756.675001
21783.175001
21809.575001
21836.250001
21863.000001
21889.675001
21916.350001
21942.825001
21969.750001
21996.525001
22023.175001
22050.100001
22076.975001
22103.725001
22130.625001
22157.550001
22184.375001
22211.525001
22238.375001
22265.300001
22292.350001
22319.325001
22346.450001
22373.375001
22400.600001
22427.725001
22454.850001
22481.925001
22509.100001
22536.525001
22563.600001
22590.950001
22618.350001
22645.475001
22672.900001
22700.500001
22728.000001
22755.250001
22782.675001
22810.250001
22837.825001
22865.200001
22892.575001
22920.175001
22947.875001
22975.625001
23003.425001
23031.200001
23059.000001
23086.800001
23114.600001
23142.425001
23170.225001
23198.025001
23225.850001
23253.700001
23281.525001
23309.350001
23337.200001
23365.075001
23392.975001
23421.000001
23449.175001
23477.300001
23505.425001
23533.800001
23561.975001
23590.175001
23618.600001
23646.875001
23675.400001
23703.725001
23732.225001
23760.600001
23789.350001
23817.750001
23846.450001
23875.150001
23903.700001
23932.500001
23961.350001
23989.975001
24018.800001
24047.800001
24076.725001
24105.650001
24134.425001
24163.350001
24192.400001
24221.525001
24250.675001
24279.875001
24309.075001
24338.275001
24367.500001
24396.750001
24425.950001
24455.225001
24484.500001
24513.850001
24543.275001
24572.850001
24602.325001
24631.800001
24661.550001
24691.175001
24720.750001
24750.575001
24780.250001
24810.150001
24839.925001
24869.950001
24899.850001
24929.850001
24959.900001
24989.875001
25020.075001
25050.425001
25080.625001
25110.750001
25141.100001
25171.500001
25202.025001
25232.550001
25263.125001
25293.750001
25324.400001
25355.050001
25385.725001
25416.475001
25447.325001
25478.325001
25509.225001
25540.200001
25571.300001
25602.400001
25633.750001
25664.900001
25696.350001
25727.725001
25759.150001
25790.800001
25822.500001
25854.050001
25885.700001
25917.500001
25949.375001
25981.350001
26013.325001
26045.375001
26077.475001
26109.575001
26141.975001
26174.350001
26206.725001
26239.350001
26271.900001
26304.625001
26337.275001
26370.125001
26403.200001
26436.175001
26469.175001
26502.325001
26535.575001
26568.950001
26602.375001
26635.900001
26669.600001
26703.425001
26737.225001
26771.225001
26805.275001
26839.550001
26873.925001
26908.350001
26942.800001
26977.450001
27012.250001
27047.225001
27082.375001
27117.650001
27153.250001
27188.875001
27224.650001
27260.625001
27296.850001
27333.275001
27370.000001
27406.850001
27443.925001
27481.300001
27518.900001
27556.700001
27594.900001
27633.275001
27671.975001
27711.000001
27750.525001
27790.400001
27830.625001
27871.300001
27912.350001
27953.775001
27995.600001
28037.900001
28080.575001
28123.600001
28167.150001
28211.000001
28255.250001
28299.950001
28345.150001
28390.875001
28437.050001
28483.800001
28531.125001
28579.000001
28627.525001
28676.825001
28726.950001
28777.925001
28829.800001
28882.525001
28936.175001
28990.825001
29046.525001
29103.400001
29161.500001
29221.075001
29282.450001
29346.150001
29413.150001
29486.525001
29897.500001
29963.350001
31135.525001
31201.000001
32079.150001
32144.550001
32974.825001
33040.300001
33873.100001
33938.600001
34772.300001
34837.800001
