100.000000
11.000000
4229.425000
4304.400000
4381.325000
4457.925000
4533.550000
4608.375000
4682.425000
4755.900000
4828.825000
4901.150000
4972.900000
5044.150000
5114.825000
5185.250000
5255.125000
5324.600000
5393.525000
5462.175000
5530.400000
5598.100000
5665.375000
5732.275000
5798.750000
5864.950000
5930.875000
5996.575000
6062.000000
6126.800000
6191.475000
6255.675000
6319.550000
6383.100000
6446.500000
6509.425000
6572.000000
6634.400000
6696.450000
6758.125000
6819.350000
6880.300000
6941.025000
7001.375000
7061.200000
7120.675000
7180.175000
7239.300000
7298.125000
7356.975000
7415.175000
7473.475000
7531.425000
7589.300000
7646.950000
7704.250000
7761.475000
7818.675000
7875.525000
7932.175000
7988.650000
8045.200000
8101.500000
8157.675000
8213.600000
8269.300000
8324.800000
8380.275000
8435.625000
8490.975000
8546.075000
8601.000000
8655.675000
8710.025000
8764.250000
8818.675000
8873.050000
8927.000000
8980.800000
9034.650000
9088.125000
9141.625000
9195.100000
9248.275000
9301.425000
9354.200000
9407.125000
9459.625000
9512.325000
9564.650000
9617.325000
9669.450000
9721.475000
9773.625000
9825.275000
9876.900000
9928.875000
9980.325000
10031.650000
10082.950000
10134.425000
10185.675000
10236.900000
10288.200000
10339.700000
10391.125000
10442.400000
10493.625000
10545.075000
10596.450000
10647.525000
10698.500000
10749.650000
10801.025000
10852.250000
10903.475000
10954.725000
11006.075000
11057.425000
11108.350000
11159.425000
11210.575000
11262.025000
11313.325000
11364.400000
11415.425000
11466.600000
11517.875000
11569.050000
11620.200000
11671.325000
11722.600000
11773.750000
11824.775000
11875.875000
11927.025000
11978.500000
12029.925000
12081.000000
12132.025000
12183.150000
12234.450000
12285.625000
12336.725000
12387.825000
12438.900000
12490.150000
12541.325000
12592.475000
12643.675000
12695.125000
12746.450000
12797.525000
12848.475000
12899.625000
12951.000000
13002.225000
13053.425000
13104.650000
13155.825000
13207.050000
13258.075000
13309.175000
13360.375000
13411.775000
13463.125000
13514.100000
13565.125000
13616.325000
13667.700000
13718.950000
13770.125000
13821.200000
13872.325000
13923.525000
13974.625000
14025.750000
14076.875000
14128.125000
14179.375000
14230.375000
14281.500000
14332.700000
14384.150000
14435.500000
14486.550000
14537.550000
14588.650000
14639.950000
14691.225000
14742.425000
14793.575000
14844.925000
14896.150000
14947.125000
14998.200000
15049.350000
15100.825000
15152.125000
15203.275000
15254.375000
15305.500000
15356.775000
15407.925000
15459.025000
15510.200000
15561.350000
15612.550000
15663.600000
15714.675000
15765.925000
15817.425000
15868.775000
15919.925000
15970.900000
16022.025000
16073.300000
16124.500000
16175.650000
16226.700000
16277.800000
16329.100000
16380.225000
16431.350000
16482.575000
16533.950000
16585.300000
16636.250000
16687.275000
16738.425000
16789.825000
16841.175000
16892.375000
16943.525000
16994.775000
17045.900000
17096.975000
17148.075000
17199.225000
17250.650000
17301.975000
17352.975000
17404.050000
17455.225000
17506.600000
17557.825000
17608.925000
17660.025000
17711.100000
17762.350000
17813.475000
17864.575000
17915.750000
17967.075000
18018.250000
18069.300000
18120.375000
18171.550000
18223.025000
18274.350001
18325.450001
18376.400001
18427.550001
18478.900001
18530.100001
18581.250001
18632.450001
18683.650001
18734.850001
18785.875001
18836.950001
18888.150001
18939.550001
18990.950001
19042.100001
19093.075001
19144.225001
19195.525001
19246.725001
19297.875001
19348.950001
19400.050001
19451.250001
19502.375001
19553.575001
19604.850001
19656.300001
19707.675001
19758.700001
19809.700001
19860.825001
19912.150001
19963.375001
20014.450001
20065.525001
20116.725001
20168.075001
20219.325001
20270.650001
20322.175001
20373.850001
20425.525001
20477.450001
20529.675001
20581.725001
20634.125001
20686.300001
20738.725001
20791.375001
20844.075001
20896.925001
20949.850001
21002.750001
21056.075001
21109.375001
21163.000001
21216.650001
21270.325001
21324.400001
21378.725001
21432.900001
21487.175001
21541.600001
21596.275001
21651.175001
21706.175001
21761.200001
21816.400001
21871.725001
21927.300001
21983.050001
22038.800001
22094.875001
22151.150001
22207.600001
22263.975001
22320.550001
22377.375001
22434.575001
22491.650001
22548.800001
22606.525001
22664.075001
22721.950001
22780.150001
22838.425001
22896.975001
22955.600001
23014.275001
23073.425001
23132.625001
23192.175001
23251.975001
23312.050001
23372.125001
23432.350001
23492.850001
23553.625001
23614.650001
23675.950001
23737.400001
23799.025001
23861.025001
23923.400001
23985.925001
24048.600001
24111.850001
24175.250001
24238.925001
24302.875001
24367.400001
24432.075001
24497.100001
24562.550001
24628.300001
24694.425001
24760.825001
24827.625001
24894.950001
24962.700001
25030.750001
25099.150001
25168.325001
25237.650001
25307.775001
25378.375001
25449.400001
25521.000001
25593.175001
25665.975001
25739.600001
25813.875001
25888.750001
25964.450001
26041.250001
26119.000001
26197.625001
26277.250001
26358.475001
26441.175001
26525.550001
26611.850001
26700.200001
26791.125001
26885.475001
26987.150001
