2.000000
6.000000
7026.050000
7079.900000
7131.350000
7180.425000
7227.575000
7273.250000
7317.675000
7360.825000
7403.375000
7445.050000
7485.650000
7525.725000
7564.925000
7603.700000
7642.250000
7680.050000
7717.500000
7754.475000
7791.075000
7827.175000
7863.050000
7898.150000
7932.950000
7967.500000
8001.900000
8035.675000
8069.175000
8102.350000
8135.425000
8168.200000
8200.725000
8232.875000
8264.800000
8296.650000
8328.450000
8359.675000
8390.975000
8421.900000
8452.625000
8483.100000
8513.450000
8543.850000
8574.225000
8604.150000
8634.100000
8663.825000
8693.550000
8723.075000
8752.450000
8781.575000
8810.725000
8839.800000
8868.875000
8897.925000
8926.950000
8956.025000
8984.575000
9013.225000
9042.025000
9070.325000
9098.600000
9127.025000
9155.225000
9183.575000
9211.800000
9239.825000
9267.700000
9295.525000
9323.275000
9351.000000
9378.775000
9406.475000
9434.200000
9461.925000
9489.675000
9517.400000
9545.125000
9572.850000
9600.575000
9628.350000
9656.050000
9683.550000
9710.725000
9738.150000
9765.500000
9792.575000
9820.050000
9847.300000
9874.425000
9901.750000
9928.750000
9956.150000
9983.075000
10010.250000
10037.100000
10064.375000
10091.250000
10118.300000
10145.225000
10172.275000
10199.250000
10225.975000
10253.250000
10280.050000
10306.975000
10334.000000
10360.825000
10387.725000
10414.650000
10441.550000
10468.600000
10495.375000
10522.600000
10549.450000
10576.125000
10603.325000
10630.100000
10657.025000
10684.025000
10710.825000
10737.725000
10764.650000
10791.500000
10818.550000
10845.350000
10872.525000
10899.400000
10926.075000
10953.300000
10980.075000
11006.950000
11034.000000
11060.775000
11087.625000
11114.600000
11141.425000
11168.475000
11195.300000
11222.375000
11249.300000
11276.000000
11303.225000
11330.025000
11356.850000
11383.950000
11410.725000
11437.525000
11464.550000
11491.375000
11518.350000
11545.225000
11572.200000
11599.150000
11625.900000
11653.050000
11679.925000
11706.700000
11733.875000
11760.675000
11787.425000
11814.500000
11841.325000
11868.225000
11895.175000
11922.050000
11948.950000
11975.800000
12002.700000
12029.725000
12056.525000
12083.700000
12110.550000
12137.275000
12164.425000
12191.250000
12218.050000
12245.100000
12271.925000
12298.675000
12325.650000
12352.475000
12379.550000
12406.400000
12433.350000
12460.300000
12487.075000
12514.125000
12541.050000
12567.775000
12594.975000
12621.800000
12648.475000
12675.575000
12702.375000
12729.375000
12756.300000
12783.125000
12810.100000
12836.950000
12863.775000
12890.850000
12917.625000
12944.825000
12971.700000
12998.350000
13025.500000
13052.325000
13079.250000
13106.250000
13133.050000
13159.950000
13186.850000
13213.650000
13240.750000
13267.550000
13294.700000
13321.600000
13348.275000
13375.450000
13402.275000
13429.150000
13456.225000
13483.000000
13509.825000
13536.800000
13563.575000
13590.650000
13617.500000
13644.550000
13671.475000
13698.175000
13725.350000
13752.225000
13779.050000
13806.150000
13832.950000
13859.725000
13886.750000
13913.525000
13940.550000
13967.450000
13994.400000
14021.350000
14048.125000
14075.200000
14102.125000
14128.900000
14156.100000
14182.875000
14209.625000
14236.700000
14263.475000
14290.475000
14317.400000
14344.275000
14371.225000
14398.050000
14424.975000
14451.975000
14478.800000
14505.975000
14532.800000
14559.525000
14586.650000
14613.425000
14640.350000
14667.350000
14694.200000
14721.025000
14747.950000
14774.775000
14801.825000
14828.675000
14855.725000
14882.625000
14909.375000
14936.500000
14963.325000
14990.150000
15017.250000
15044.100000
15070.775000
15097.825000
15124.650000
15151.550000
15178.525000
15205.350000
15232.300000
15259.150000
15285.975000
15313.025000
15339.825000
15367.050000
15393.900000
15420.575000
15447.725000
15474.550000
15501.350000
15528.450000
15555.225000
15582.050000
15609.025000
15635.800000
15662.850000
15689.725000
15716.800000
15743.725000
15770.425000
15797.600000
15824.450000
15851.200000
15878.375000
15905.150000
15931.925000
15958.975000
15985.725000
16012.750000
16039.675000
16066.625000
16093.575000
16120.350000
16147.425000
16174.350000
16201.075000
16228.300000
16255.100000
16281.850000
16308.925000
16335.700000
16362.675000
16389.625000
16416.525000
16443.475000
16470.275000
16497.250000
16524.250000
16550.975000
16578.250000
16605.050000
16631.775000
16658.900000
16685.675000
16712.600000
16739.600000
16766.475000
16793.375000
16820.225000
16847.100000
16874.150000
16900.925000
16928.175000
16955.000000
16981.725000
17008.875000
17035.650000
17062.550000
17089.575000
17116.425000
17143.250000
17170.175000
17197.000000
17224.050000
17250.850000
17278.025000
17304.900000
17331.625000
17358.775000
17385.575000
17412.425000
17439.525000
17466.350000
17493.100000
17520.100000
17546.900000
17573.875000
17600.775000
17627.700000
17654.675000
17681.475000
17708.450000
17735.375000
17762.175000
17789.350000
17816.200000
17842.875000
17870.000000
17896.800000
17923.650000
17950.650000
17977.500000
18004.400000
18031.325000
18058.100000
18085.175000
18112.000000
18139.050000
18166.000000
18192.675000
18219.850000
18246.700001
18273.450001
18300.575001
18327.400001
18354.200001
18381.225001
18407.975001
18435.025001
18461.900001
18488.775001
18515.800001
18542.575001
18569.650001
18596.550001
18623.300001
18650.500001
18677.325001
18704.075001
18731.175001
18757.925001
18784.900001
18811.850001
18838.675001
18865.650001
18892.475001
18919.425001
18946.425001
18973.175001
19000.400001
19027.250001
19054.000001
19081.125001
19107.900001
19134.825001
19161.800001
19188.600001
19215.525001
19242.425001
19269.275001
19296.325001
19323.125001
19350.300001
19377.175001
19403.900001
19431.050001
19457.850001
19484.725001
19511.775001
19538.550001
19565.400001
19592.350001
19619.175001
19646.200001
19673.050001
19700.075001
19727.000001
19753.775001
19780.900001
19807.750001
19834.550001
19861.675001
19888.475001
19915.250001
19942.275001
19969.100001
19996.000001
20022.950001
20049.825001
20076.750001
20103.625001
20130.500001
20157.550001
20184.375001
20211.625001
20238.475001
20265.575001
20292.500001
20319.800001
20346.775001
20374.025001
20400.975001
20428.400001
20455.500001
20482.650001
20509.750001
20536.925001
20564.400001
20591.625001
20618.850001
20646.350001
20673.550001
20700.825001
20728.425001
20756.075001
20783.700001
20811.050001
20838.375001
20865.975001
20893.625001
20921.275001
20948.775001
20976.075001
21003.625001
21031.325001
21059.050001
21086.825001
21114.600001
21142.375001
21170.175001
21197.975001
21225.775001
21253.600001
21281.400001
21309.225001
21337.025001
21364.825001
21392.625001
21420.425001
21448.250001
21476.075001
21503.975001
21531.875001
21559.975001
21588.150001
21616.275001
21644.500001
21672.825001
21700.925001
21729.175001
21757.550001
21785.750001
21814.300001
21842.550001
21870.850001
21899.325001
21927.925001
21956.375001
21985.025001
22013.450001
22042.225001
22070.625001
22099.325001
22128.300001
22156.950001
22185.575001
22214.525001
22243.425001
22272.400001
22301.050001
22329.975001
22359.050001
22388.125001
22417.325001
22446.500001
22475.675001
22504.875001
22534.125001
22563.325001
22592.525001
22621.800001
22651.000001
22680.300001
22709.550001
22739.150001
22768.725001
22798.150001
22827.850001
22857.550001
22887.125001
22917.100001
22946.825001
22976.700001
23006.500001
23036.650001
23066.675001
23096.675001
23126.900001
23157.100001
23187.125001
23217.450001
23247.900001
23278.475001
23309.025001
23339.625001
23370.225001
23400.850001
23431.500001
23462.200001
23492.850001
23523.800001
23554.825001
23585.800001
23617.150001
23648.175001
23679.650001
23710.925001
23742.375001
23774.050001
23805.725001
23837.200001
23868.950001
23900.800001
23932.750001
23964.750001
23996.850001
24028.975001
24061.400001
24093.800001
24126.150001
24158.925001
24191.650001
24224.425001
24257.500001
24290.725001
24324.000001
24357.400001
24390.925001
24424.450001
24457.975001
24491.775001
24525.650001
24559.475001
24593.625001
24627.975001
24662.175001
24696.650001
24731.300001
24766.075001
24800.900001
24835.825001
24870.800001
24906.200001
24941.650001
24977.175001
25013.050001
25048.975001
25085.175001
25121.475001
25157.875001
25194.525001
25231.350001
25268.475001
25305.725001
25342.975001
25380.600001
25418.550001
25456.650001
25495.125001
25533.925001
25572.950001
25612.175001
25651.800001
25691.750001
25731.850001
25772.550001
25813.475001
25854.925001
25896.775001
25939.125001
25981.775001
26025.000001
26068.825001
26113.225001
26158.050001
26203.600001
26249.575001
26296.350001
26343.700001
26391.825001
26440.550001
26489.950001
26540.100001
26591.200001
26643.025001
26695.800001
26749.575001
26804.675001
26860.850001
26918.825001
26978.550001
27040.625001
27106.275001
27178.325001
27342.575001
27402.550001
27476.475001
27788.975001
27850.675001
