1.000000
24.000000
4543.425000
4621.825000
4695.725000
4765.300000
4832.175000
4897.050000
4960.300000
5022.500000
5083.775000
5144.375000
5204.275000
5263.700000
5322.775000
5381.325000
5439.475000
5497.000000
5553.800000
5609.800000
5665.075000
5719.700000
5773.925000
5827.575000
5880.750000
5933.700000
5986.175000
6038.450000
6090.475000
6141.950000
6193.000000
6243.725000
6294.175000
6344.125000
6393.700000
6442.975000
6491.850000
6540.650000
6589.075000
6637.250000
6685.400000
6733.300000
6780.875000
6828.600000
6875.925000
6923.275000
6970.200000
7017.225000
7063.750000
7110.125000
7156.575000
7202.575000
7248.400000
7294.200000
7339.925000
7385.450000
7430.650000
7475.800000
7520.750000
7565.500000
7610.175000
7654.850000
7699.350000
7743.725000
7787.900000
7831.850000
7875.650000
7919.375000
7963.000000
8006.600000
8049.775000
8092.750000
8135.700000
8178.700000
8221.125000
8263.625000
8306.050000
8348.250000
8390.450000
8432.325000
8474.375000
8516.325000
8558.050000
8599.750000
8641.375000
8682.900000
8724.475000
8765.925000
8807.450000
8848.600000
8890.000000
8930.950000
8972.150000
9013.275000
9054.250000
9095.400000
9136.100000
9176.925000
9217.950000
9258.425000
9299.100000
9340.025000
9380.450000
9420.875000
9461.425000
9501.975000
9542.475000
9582.975000
9623.450000
9663.625000
9703.875000
9744.125000
9784.450000
9824.550000
9864.550000
9904.675000
9944.775000
9984.750000
10024.625000
10064.300000
10104.125000
10143.950000
10183.925000
10223.775000
10263.550000
10303.225000
10342.975000
10382.775000
10422.750000
10462.600000
10502.375000
10542.075000
10581.800000
10621.525000
10661.400000
10701.250000
10741.075000
10780.675000
10820.450000
10860.150000
10899.975000
10939.875000
10979.750000
11019.400000
11059.125000
11098.775000
11138.600000
11178.575000
11218.375000
11258.075000
11297.725000
11337.450000
11377.225000
11417.250000
11457.075000
11496.825000
11536.375000
11576.125000
11615.850000
11655.700000
11695.575000
11735.375000
11775.025000
11814.750000
11854.525000
11894.325000
11934.225000
11974.000000
12013.700000
12053.400000
12093.100000
12132.925000
12172.875000
12212.700000
12252.425000
12292.125000
12331.850000
12371.575000
12411.425000
12451.275000
12491.125000
12530.700000
12570.450000
12610.150000
12649.975000
12689.875000
12729.750000
12769.400000
12809.100000
12848.775000
12888.600000
12928.550000
12968.350000
13008.050000
13047.700000
13087.425000
13127.175000
13167.200000
13207.050000
13246.800000
13286.350000
13326.100000
13365.825000
13405.650000
13445.550000
13485.325000
13525.000000
13564.725000
13604.500000
13644.300000
13684.200000
13723.975000
13763.650000
13803.350000
13843.050000
13882.875000
13922.825000
13962.650000
14002.400000
14042.075000
14081.800000
14121.525000
14161.375000
14201.225000
14241.050000
14280.650000
14320.425000
14360.100000
14399.925000
14439.825000
14479.700000
14519.375000
14559.050000
14598.725000
14638.550000
14678.525000
14718.325000
14758.050000
14797.675000
14837.400000
14877.150000
14917.150000
14956.975000
14996.750000
15036.300000
15076.050000
15115.775000
15155.600000
15195.500000
15235.300000
15274.975000
15314.675000
15354.450000
15394.250000
15434.150000
15473.925000
15513.625000
15553.300000
15593.025000
15632.825000
15672.775000
15712.600000
15752.375000
15792.050000
15831.775000
15871.450000
15911.300000
15951.175000
15991.000000
16030.600000
16070.375000
16110.075000
16149.875000
16189.775000
16229.675000
16269.350000
16309.000000
16348.675000
16388.525000
16428.475000
16468.300000
16508.025000
16547.650000
16587.375000
16627.075000
16667.075000
16706.925000
16746.675000
16786.250000
16826.025000
16865.725000
16905.550000
16945.450000
16985.250000
17024.925000
17064.625000
17104.400000
17144.200000
17184.075000
17223.875000
17263.600000
17303.250000
17342.975000
17382.750000
17422.700000
17462.525000
17502.300000
17541.975000
17581.700000
17621.350000
17661.175000
17701.075000
17740.900000
17780.525000
17820.300000
17860.000000
17899.800000
17939.700000
17979.600000
18019.275000
18058.900000
18098.600000
18138.425000
18178.375000
18218.200000
18257.950001
18297.575001
18337.300001
18376.975001
18416.900001
18456.775001
18496.525001
18536.150001
18575.900001
18615.600001
18655.425001
18695.350001
18735.175001
18774.850001
18814.500001
18854.275001
18894.075001
18933.950001
18973.775001
19013.500001
19053.150001
19092.875001
19132.625001
19172.500001
19212.375001
19252.125001
19291.825001
19331.550001
19371.175001
19411.000001
19450.925001
19490.750001
19530.425001
19570.150001
19609.850001
19649.650001
19689.525001
19729.450001
19769.150001
19808.700001
19848.425001
19888.175001
19928.075001
19967.950001
20007.725001
20047.350001
20087.100001
20126.775001
20166.700001
20206.700001
20246.600001
20286.350001
20326.250001
20366.350001
20406.575001
20446.675001
20486.750001
20527.000001
20567.550001
20607.850001
20648.150001
20688.575001
20729.100001
20769.325001
20809.675001
20850.175001
20890.800001
20931.400001
20972.125001
21012.825001
21053.500001
21094.375001
21135.250001
21176.075001
21217.125001
21258.075001
21298.925001
21340.150001
21381.050001
21422.300001
21463.475001
21504.775001
21546.175001
21587.400001
21628.975001
21670.300001
21712.050001
21753.575001
21795.425001
21837.000001
21878.950001
21920.550001
21962.450001
22004.150001
22046.075001
22087.925001
22130.075001
22172.175001
22214.075001
22256.475001
22298.550001
22341.000001
22383.350001
22425.675001
22468.275001
22510.800001
22553.325001
22596.075001
22638.725001
22681.450001
22724.425001
22767.550001
22810.500001
22853.625001
22896.800001
22940.100001
22983.250001
23026.375001
23069.650001
23113.175001
23156.850001
23200.425001
23244.125001
23287.725001
23331.525001
23375.325001
23419.300001
23463.375001
23507.625001
23551.900001
23596.225001
23640.625001
23685.100001
23729.700001
23774.375001
23819.100001
23863.775001
23908.475001
23953.375001
23998.375001
24043.400001
24088.600001
24133.950001
24179.425001
24224.800001
24270.300001
24316.025001
24361.925001
24407.850001
24453.800001
24499.825001
24545.975001
24592.150001
24638.525001
24685.025001
24731.550001
24778.350001
24825.050001
24871.975001
24919.050001
24966.250001
25013.550001
25060.950001
25108.375001
25156.175001
25204.000001
25252.025001
25300.200001
25348.400001
25396.900001
25445.625001
25494.450001
25543.400001
25592.650001
25642.150001
25691.850001
25741.775001
25791.975001
25842.525001
25893.325001
25944.475001
25995.975001
26047.700001
26099.850001
26152.325001
26205.125001
26258.175001
26311.500001
26365.025001
26418.950001
26473.150001
26527.500001
26582.050001
26636.875001
26692.025001
26747.325001
26802.850001
26858.625001
26914.625001
26970.850001
27027.275001
27084.000001
27140.925001
27197.950001
27255.250001
27312.700001
27370.300001
27428.175001
27486.175001
27544.400001
27602.825001
27661.500001
27720.400001
27779.625001
27838.975001
27898.525001
27958.350001
28018.500001
28078.950001
28139.600001
28200.575001
28261.825001
28323.400001
28385.275001
28447.425001
28509.950001
28572.925001
28636.300001
28700.150001
28764.525001
28829.450001
28894.800001
28960.600001
29026.900001
29093.675001
29161.000001
29228.875001
29297.325001
29366.425001
29436.225001
29506.875001
29578.475001
29651.225001
29725.275001
29800.850001
29878.000001
29956.900001
30037.650001
30120.275001
30203.950001
30288.500001
30373.725001
30459.625001
30546.100001
30633.275001
30721.250001
30810.225001
30900.675001
30993.400001
31089.475001
31189.275001
31293.275001
31525.300001
31617.575001
31718.875001
31929.150001
32021.825001
32122.675001
32230.425001
32440.175001
32532.550001
32632.775001
32738.075001
32948.375001
33040.400001
33139.950001
33243.800001
33350.750001
33458.950001
33566.950001
33675.725001
33784.275001
33893.775001
34002.175001
34192.450001
34285.700001
34386.200001
34490.975001
34598.825001
34706.975001
34815.375001
34924.275001
