10.000000
27.000000
4820.925000
4901.775000
4977.950000
5049.350000
5117.550000
5182.900000
5246.475000
5308.375000
5369.150000
5429.150000
5488.225000
5547.000000
5605.275000
5663.300000
5720.850000
5778.225000
5835.450000
5892.350000
5948.825000
6005.175000
6061.200000
6117.025000
6172.475000
6227.575000
6282.300000
6336.700000
6391.050000
6444.900000
6498.225000
6551.325000
6603.875000
6656.275000
6708.150000
6759.500000
6810.450000
6860.975000
6910.900000
6960.325000
7009.325000
7057.875000
7105.900000
7153.375000
7200.675000
7247.275000
7293.475000
7339.575000
7385.325000
7430.575000
7475.575000
7520.450000
7565.000000
7609.350000
7653.550000
7697.475000
7741.350000
7785.000000
7828.625000
7871.925000
7914.950000
7957.950000
8000.925000
8043.425000
8085.900000
8128.325000
8170.475000
8212.550000
8254.225000
8295.925000
8337.275000
8378.825000
8419.750000
8460.800000
8501.625000
8542.275000
8582.950000
8623.475000
8663.650000
8703.850000
8743.950000
8784.150000
8824.100000
8863.825000
8903.600000
8943.175000
8982.850000
9022.450000
9062.100000
9101.500000
9140.975000
9180.325000
9219.450000
9258.475000
9297.575000
9336.625000
9375.800000
9414.900000
9453.925000
9492.800000
9531.675000
9570.475000
9609.300000
9648.100000
9686.825000
9725.575000
9764.125000
9802.700000
9841.350000
9880.000000
9918.625000
9957.200000
9995.700000
10034.150000
10072.525000
10110.825000
10148.900000
10187.200000
10225.300000
10263.600000
10301.925000
10340.325000
10378.775000
10417.025000
10455.300000
10493.325000
10531.575000
10569.650000
10607.950000
10646.225000
10684.625000
10722.900000
10761.125000
10799.225000
10837.450000
10875.550000
10913.775000
10952.075000
10990.425000
11028.850000
11067.025000
11105.275000
11143.275000
11181.500000
11219.575000
11257.900000
11296.150000
11334.525000
11372.725000
11410.950000
11448.925000
11487.150000
11525.200000
11563.500000
11601.725000
11640.100000
11678.325000
11716.625000
11754.725000
11792.925000
11830.925000
11869.225000
11907.500000
11945.825000
11984.125000
12022.350000
12060.525000
12098.625000
12136.725000
12174.950000
12213.275000
12251.525000
12289.900000
12328.075000
12366.350000
12404.400000
12442.600000
12480.650000
12519.000000
12557.275000
12595.625000
12633.750000
12672.025000
12710.025000
12748.225000
12786.225000
12824.575000
12862.850000
12901.175000
12939.325000
12977.575000
13015.575000
13053.825000
13091.875000
13130.175000
13168.425000
13206.800000
13245.025000
13283.250000
13321.275000
13359.500000
13397.500000
13435.775000
13474.000000
13512.375000
13550.625000
13588.825000
13626.875000
13665.075000
13703.125000
13741.425000
13779.725000
13818.050000
13856.375000
13894.575000
13932.750000
13970.850000
14008.975000
14047.175000
14085.500000
14123.775000
14162.150000
14200.275000
14238.500000
14276.500000
14314.675000
14352.825000
14391.200000
14429.500000
14467.850000
14506.025000
14544.275000
14582.300000
14620.500000
14658.500000
14696.825000
14735.100000
14773.425000
14811.575000
14849.850000
14887.850000
14926.050000
14964.025000
15002.375000
15040.650000
15079.050000
15117.325000
15155.550000
15193.625000
15231.850000
15269.900000
15308.125000
15346.400000
15384.750000
15423.075000
15461.225000
15499.400000
15537.525000
15575.675000
15613.825000
15652.175000
15690.475000
15728.875000
15767.075000
15805.300000
15843.275000
15881.500000
15919.575000
15957.900000
15996.125000
16034.500000
16072.675000
16110.900000
16148.850000
16187.075000
16225.125000
16263.450000
16301.675000
16340.050000
16378.250000
16416.525000
16454.600000
16492.800000
16530.775000
16569.100000
16607.375000
16645.700000
16683.900000
16722.150000
16760.225000
16798.400000
16836.375000
16874.700000
16912.950000
16951.275000
16989.500000
17027.750000
17065.875000
17104.100000
17142.225000
17180.425000
17218.750000
17257.075000
17295.425000
17333.550000
17371.750000
17409.825000
17448.025000
17486.125000
17524.450000
17562.750000
17601.100000
17639.200000
17677.425000
17715.475000
17753.700000
17791.800000
17830.125000
17868.375000
17906.750000
17944.950000
17983.175000
18021.150000
18059.375000
18097.400000
18135.700000
18173.950000
18212.300000
18250.500001
18288.725001
18326.700001
18364.925001
18402.950001
18441.300001
18479.600001
18517.950001
18556.175001
18594.425001
18632.550001
18670.725001
18708.725001
18747.000001
18785.275001
18823.600001
18861.900001
18900.100001
18938.275001
18976.375001
19014.475001
19052.700001
19091.075001
19129.400001
19167.750001
19205.875001
19244.125001
19282.150001
19320.350001
19358.400001
19396.750001
19435.025001
19473.375001
19511.475001
19549.725001
19587.725001
19625.925001
19663.975001
19702.300001
19740.600001
19779.000001
19817.225001
19855.475001
19893.500001
19931.725001
19969.725001
20008.000001
20046.250001
20084.625001
20122.900001
20161.150001
20199.400001
20237.650001
20275.975001
20314.200001
20352.625001
20391.225001
20429.850001
20468.475001
20507.125001
20545.750001
20584.500001
20623.250001
20662.100001
20701.000001
20739.925001
20778.900001
20817.850001
20856.800001
20895.750001
20934.725001
20973.725001
21012.800001
21051.925001
21091.250001
21130.375001
21169.475001
21208.600001
21247.925001
21287.325001
21326.550001
21366.100001
21405.650001
21445.350001
21484.975001
21524.625001
21564.100001
21603.875001
21643.550001
21683.425001
21723.400001
21763.325001
21803.225001
21843.150001
21883.225001
21923.400001
21963.500001
22003.725001
22044.025001
22084.475001
22124.725001
22165.050001
22205.475001
22245.950001
22286.250001
22326.775001
22367.650001
22408.200001
22448.800001
22489.775001
22530.500001
22571.325001
22612.450001
22653.325001
22694.500001
22735.625001
22776.700001
22818.050001
22859.250001
22900.800001
22942.175001
22983.725001
23025.125001
23066.775001
23108.275001
23150.025001
23191.700001
23233.525001
23275.325001
23317.525001
23359.500001
23401.650001
23443.825001
23486.050001
23528.525001
23570.825001
23613.350001
23655.975001
23698.500001
23741.250001
23784.125001
23826.900001
23869.750001
23912.800001
23955.825001
23998.775001
24041.925001
24085.300001
24128.850001
24172.200001
24215.600001
24259.175001
24302.825001
24346.650001
24390.575001
24434.575001
24478.700001
24522.900001
24567.225001
24611.575001
24656.050001
24700.650001
24745.400001
24790.150001
24834.925001
24879.900001
24924.900001
24969.975001
25015.200001
25060.600001
25106.250001
25151.950001
25197.675001
25243.625001
25289.850001
25336.025001
25382.375001
25429.100001
25475.775001
25522.925001
25570.125001
25617.750001
25665.325001
25713.375001
25761.725001
25810.350001
25859.325001
25908.525001
25958.150001
26008.125001
26058.425001
26109.150001
26160.275001
26211.800001
26263.575001
26315.550001
26367.950001
26420.475001
26473.425001
26526.425001
26579.900001
26633.550001
26687.375001
26741.525001
26795.950001
26850.600001
26905.475001
26960.525001
27015.800001
27071.250001
27126.875001
27182.750001
27238.800001
27295.100001
27351.575001
27408.175001
27464.975001
27522.000001
27579.300001
27636.700001
27694.400001
27752.300001
27810.425001
27868.875001
27927.450001
27986.250001
28045.400001
28104.725001
28164.325001
28224.225001
28284.450001
28344.900001
28405.625001
28466.675001
28528.000001
28589.725001
28651.800001
28714.175001
28776.950001
28840.175001
28903.775001
28967.875001
29032.450001
29097.575001
29163.325001
29229.800001
29296.975001
29364.925001
29433.775001
29503.600001
29574.650001
29647.125001
29721.275001
29797.225001
29875.100001
29955.200001
30038.075001
30124.225001
30213.025001
30304.975001
30401.725001
30507.250001
30716.575001
30809.900001
30911.425001
31018.775001
31205.375001
31299.375001
31400.850001
31507.150001
31655.275001
31752.975001
31857.275001
31967.225001
32076.400001
32188.800001
32295.925001
32482.875001
32576.800001
32678.200001
32784.300001
32895.950001
33003.225001
33169.100001
33264.825001
33367.625001
33475.225001
33640.450001
33736.200001
33838.975001
33946.500001
34113.625001
34209.175001
34311.750001
34419.100001
34532.775001
34638.700001
34805.975001
34901.575001
