10.000000
26.000000
4655.625000
4737.550000
4815.575000
4888.650000
4958.125000
5024.900000
5089.825000
5152.950000
5214.675000
5275.275000
5335.075000
5394.100000
5452.575000
5510.625000
5568.525000
5625.925000
5683.125000
5740.100000
5796.775000
5853.125000
5909.275000
5965.125000
6020.700000
6076.050000
6131.200000
6186.050000
6240.675000
6294.950000
6348.675000
6402.225000
6455.400000
6508.100000
6560.475000
6612.650000
6664.100000
6715.200000
6765.900000
6816.250000
6865.875000
6914.925000
6963.450000
7011.350000
7058.575000
7105.550000
7152.150000
7198.350000
7244.250000
7289.950000
7335.325000
7380.425000
7425.175000
7469.775000
7514.150000
7558.375000
7602.525000
7646.625000
7690.550000
7734.350000
7777.775000
7820.925000
7863.950000
7907.075000
7949.900000
7992.575000
8035.325000
8077.800000
8120.000000
8162.375000
8204.250000
8246.175000
8287.800000
8329.550000
8370.850000
8412.325000
8453.375000
8494.500000
8535.425000
8576.125000
8616.775000
8657.225000
8697.375000
8737.500000
8777.625000
8817.800000
8857.725000
8897.450000
8937.200000
8976.750000
9016.500000
9056.075000
9095.700000
9135.125000
9174.575000
9213.775000
9252.925000
9292.100000
9331.275000
9370.475000
9409.525000
9448.450000
9487.350000
9526.200000
9565.025000
9603.900000
9642.675000
9681.450000
9720.225000
9758.875000
9797.475000
9836.000000
9874.625000
9913.250000
9951.825000
9990.375000
10028.925000
10067.375000
10105.675000
10144.025000
10182.200000
10220.475000
10258.575000
10296.950000
10335.300000
10373.675000
10412.100000
10450.350000
10488.625000
10526.650000
10564.925000
10603.025000
10641.400000
10679.775000
10718.125000
10756.525000
10794.775000
10833.025000
10871.075000
10909.325000
10947.425000
10985.750000
11024.050000
11062.450000
11100.800000
11139.000000
11177.225000
11215.400000
11253.675000
11291.850000
11330.175000
11368.500000
11406.900000
11445.250000
11483.450000
11521.675000
11559.850000
11598.075000
11636.175000
11674.550000
11712.900000
11751.250000
11789.525000
11827.825000
11866.050000
11904.275000
11942.525000
11980.625000
12019.025000
12057.350000
12095.700000
12134.000000
12172.275000
12210.500000
12248.650000
12286.825000
12325.050000
12363.400000
12401.700000
12440.075000
12478.375000
12516.700000
12554.925000
12593.100000
12631.300000
12669.500000
12707.850000
12746.150000
12784.550000
12822.850000
12861.100000
12899.225000
12937.450000
12975.625000
13013.825000
13052.200000
13090.550000
13128.975000
13167.275000
13205.550000
13243.700000
13281.925000
13320.125000
13358.300000
13396.675000
13435.025000
13473.400000
13511.600000
13549.900000
13588.025000
13626.225000
13664.275000
13702.575000
13740.975000
13779.350000
13817.750000
13855.925000
13894.225000
13932.300000
13970.525000
14008.550000
14046.900000
14085.225000
14123.575000
14161.925000
14200.175000
14238.400000
14276.500000
14314.725000
14352.900000
14391.275000
14429.650000
14468.000000
14506.350000
14544.600000
14582.850000
14620.950000
14659.175000
14697.325000
14735.675000
14773.975000
14812.375000
14850.675000
14888.900000
14927.075000
14965.300000
15003.525000
15041.750000
15080.125000
15118.425000
15156.825000
15195.125000
15233.375000
15271.550000
15309.750000
15347.950000
15386.125000
15424.500000
15462.825000
15501.200000
15539.425000
15577.725000
15615.900000
15654.150000
15692.350000
15730.550000
15768.925000
15807.275000
15845.650000
15883.875000
15922.175000
15960.325000
15998.525000
16036.625000
16074.900000
16113.250000
16151.550000
16189.975000
16228.200000
16266.525000
16304.650000
16342.875000
16380.950000
16419.250000
16457.600000
16495.925000
16534.325000
16572.550000
16610.800000
16648.825000
16687.075000
16725.175000
16763.500000
16801.800000
16840.175000
16878.550000
16916.850000
16955.100000
16993.200000
17031.450000
17069.575000
17107.925000
17146.225000
17184.625000
17222.925000
17261.175000
17299.350000
17337.550000
17375.750000
17413.900000
17452.275000
17490.625000
17529.050000
17567.400000
17605.650000
17643.850000
17682.050000
17720.275000
17758.400000
17796.775000
17835.100000
17873.450000
17911.725000
17950.025000
17988.200000
18026.375000
18064.525000
18102.775000
18141.175000
18179.550000
18217.925000
18256.200001
18294.500001
18332.700001
18370.850001
18409.025001
18447.250001
18485.625001
18523.900001
18562.300001
18600.575001
18638.825001
18676.925001
18715.175001
18753.325001
18791.625001
18830.000001
18868.300001
18906.725001
18944.950001
18983.225001
19021.300001
19059.550001
19097.625001
19135.900001
19174.225001
19212.600001
19250.975001
19289.150001
19327.425001
19365.500001
19403.800001
19441.900001
19480.225001
19518.525001
19556.925001
19595.300001
19633.500001
19671.725001
19709.875001
19748.100001
19786.200001
19824.575001
19862.900001
19901.250001
19939.550001
19977.825001
20016.075001
20054.275001
20092.525001
20130.675001
20169.100001
20207.525001
20245.975001
20284.500001
20323.050001
20361.575001
20400.100001
20438.625001
20477.175001
20515.850001
20554.550001
20593.100001
20631.800001
20670.500001
20709.300001
20748.150001
20787.075001
20826.000001
20864.950001
20903.975001
20942.900001
20981.900001
21020.850001
21059.925001
21099.050001
21138.425001
21177.775001
21217.225001
21256.800001
21296.150001
21335.675001
21375.075001
21414.575001
21454.225001
21493.900001
21533.650001
21573.500001
21613.300001
21653.050001
21692.900001
21732.850001
21773.050001
21813.175001
21853.175001
21893.200001
21933.375001
21973.600001
22013.725001
22054.000001
22094.350001
22134.775001
22175.050001
22215.450001
22256.150001
22296.825001
22337.400001
22378.175001
22419.025001
22459.725001
22500.775001
22541.650001
22582.650001
22623.775001
22664.825001
22706.125001
22747.250001
22788.575001
22830.000001
22871.350001
22912.950001
22954.425001
22996.025001
23037.525001
23079.325001
23120.900001
23162.825001
23204.700001
23246.775001
23288.825001
23330.800001
23373.175001
23415.300001
23457.750001
23500.200001
23542.650001
23585.325001
23628.000001
23670.625001
23713.450001
23756.500001
23799.425001
23842.525001
23885.700001
23929.025001
23972.225001
24015.425001
24058.775001
24102.375001
24146.025001
24189.825001
24233.575001
24277.450001
24321.375001
24365.400001
24409.500001
24453.775001
24498.125001
24542.650001
24587.200001
24631.850001
24676.525001
24721.425001
24766.575001
24811.800001
24857.200001
24902.575001
24948.125001
24993.925001
25039.950001
25085.925001
25132.075001
25178.575001
25225.075001
25271.875001
25318.925001
25366.175001
25413.600001
25461.225001
25509.100001
25557.400001
25605.850001
25654.525001
25703.525001
25752.775001
25802.325001
25852.175001
25902.275001
25952.525001
26002.925001
26053.575001
26104.450001
26155.500001
26206.825001
26258.200001
26309.775001
26361.650001
26413.700001
26465.950001
26518.525001
26571.150001
26624.100001
26677.250001
26730.600001
26784.250001
26838.050001
26892.125001
26946.450001
27001.050001
27055.750001
27110.675001
27165.775001
27221.050001
27276.475001
27332.125001
27387.950001
27444.050001
27500.325001
27556.825001
27613.475001
27670.325001
27727.400001
27784.725001
27842.200001
27899.900001
27957.850001
28016.025001
28074.475001
28133.100001
28191.975001
28251.125001
28310.500001
28370.200001
28430.200001
28490.450001
28551.000001
28611.850001
28673.050001
28734.600001
28796.450001
28858.625001
28921.200001
28984.225001
29047.675001
29111.600001
29176.025001
29241.075001
29306.775001
29373.225001
29440.575001
29508.925001
29578.425001
29649.175001
29721.275001
29794.725001
29869.500001
29945.675001
30023.325001
30102.775001
30183.475001
30265.875001
30350.625001
30438.550001
30530.325001
30626.000001
30724.500001
30824.300001
30924.600001
31025.075001
31125.650001
31226.300001
31327.025001
31427.775001
31528.550001
31629.350001
31730.150001
31830.950001
31931.775001
32032.575001
32133.400001
32234.200001
32335.025001
32435.850001
32536.650001
32637.475001
32738.300001
32839.125001
32939.950001
33040.775001
33141.600001
33242.425001
33343.250001
33444.050001
33544.875001
33645.700001
33746.500001
33847.325001
33948.150001
34048.950001
34149.775001
34250.600001
34351.425001
34452.250001
34553.075001
34653.900001
34754.725001
34855.550001
34956.375001
