30.000000
1.000000
6759.900000
6809.275000
6859.100000
6908.875000
6958.525000
7008.175000
7057.900000
7107.625000
7157.050000
7206.050000
7254.475000
7302.800000
7351.325000
7399.100000
7447.025000
7494.875000
7542.325000
7590.000000
7636.950000
7684.275000
7730.925000
7777.550000
7824.425000
7870.525000
7916.850000
7963.250000
8009.000000
8054.750000
8100.725000
8146.600000
8191.825000
8236.850000
8281.725000
8326.325000
8370.800000
8415.200000
8459.500000
8503.775000
8547.975000
8592.075000
8635.975000
8680.125000
8724.350000
8768.525000
8812.450000
8856.275000
8899.700000
8942.750000
8985.850000
9029.300000
9072.325000
9114.950000
9157.875000
9200.925000
9243.250000
9285.750000
9328.525000
9370.575000
9413.175000
9455.325000
9497.125000
9539.200000
9580.800000
9622.950000
9664.475000
9706.500000
9747.850000
9789.675000
9830.750000
9872.050000
9913.375000
9954.300000
9995.600000
10036.175000
10076.975000
10118.125000
10158.625000
10199.500000
10240.775000
10281.450000
10322.450000
10363.375000
10404.000000
10445.175000
10485.825000
10526.300000
10567.525000
10608.125000
10648.600000
10689.775000
10730.350000
10770.850000
10812.025000
10852.600000
10893.125000
10934.300000
10974.850000
11015.425000
11056.600000
11097.125000
11137.725000
11178.900000
11219.400000
11260.050000
11301.150000
11341.700000
11382.425000
11423.500000
11463.925000
11504.725000
11545.825000
11586.250000
11627.000000
11668.125000
11708.600000
11749.475000
11790.700000
11831.375000
11872.325000
11913.325000
11953.950000
11995.125000
12035.800000
12076.275000
12117.500000
12158.100000
12198.575000
12239.750000
12280.350000
12320.850000
12362.000000
12402.600000
12443.125000
12484.300000
12524.850000
12565.425000
12606.600000
12647.125000
12687.700000
12728.900000
12769.400000
12810.050000
12851.150000
12891.675000
12932.400000
12973.500000
13013.900000
13054.700000
13095.800000
13136.200000
13176.925000
13218.050000
13258.500000
13299.275000
13340.450000
13381.025000
13421.925000
13463.100000
13503.775000
13544.875000
13585.700000
13626.200000
13667.425000
13708.075000
13748.550000
13789.725000
13830.325000
13870.825000
13912.000000
13952.600000
13993.100000
14034.275000
14074.850000
14115.400000
14156.575000
14197.125000
14237.700000
14278.900000
14319.400000
14360.050000
14401.150000
14441.675000
14482.400000
14523.475000
14563.900000
14604.675000
14645.775000
14686.200000
14726.900000
14768.025000
14808.450000
14849.200000
14890.325000
14930.825000
14971.675000
15012.900000
15053.600000
15094.575000
15135.550000
15176.100000
15217.300000
15258.025000
15298.500000
15339.675000
15380.325000
15420.800000
15461.975000
15502.575000
15543.100000
15584.275000
15624.850000
15665.400000
15706.575000
15747.100000
15787.700000
15828.875000
15869.400000
15910.025000
15951.125000
15991.675000
16032.375000
16073.475000
16113.875000
16154.675000
16195.750000
16236.175000
16276.850000
16317.975000
16358.400000
16399.100000
16440.225000
16480.675000
16521.425000
16562.575000
16603.125000
16644.025000
16685.250000
16725.875000
16766.950000
16807.875000
16848.375000
16889.525000
16930.250000
16970.725000
17011.900000
17052.550000
17093.050000
17134.250000
17174.825000
17215.375000
17256.550000
17297.100000
17337.675000
17378.875000
17419.375000
17460.025000
17501.125000
17541.650000
17582.350000
17623.450000
17663.875000
17704.625000
17745.725000
17786.125000
17826.775000
17867.900000
17908.325000
17948.950000
17990.075000
18030.525000
18071.125000
18112.275000
18152.750000
18193.375000
18234.500001
18275.000001
18315.700001
18356.825001
18397.325001
18438.075001
18479.275001
18519.875001
18560.725001
18601.925001
18642.600001
18683.525001
18724.500001
18765.050001
18806.225001
18846.950001
18887.475001
18928.700001
18969.300001
19009.850001
19050.975001
19091.575001
19132.175001
19173.300001
19213.775001
19254.425001
19295.550001
19336.000001
19376.525001
19417.700001
19458.200001
19498.700001
19539.850001
19580.400001
19620.900001
19662.050001
19702.625001
19743.150001
19784.325001
19824.875001
19865.450001
19906.600001
19947.125001
19987.725001
20028.925001
20069.425001
20110.100001
20151.275001
20192.025001
20233.125001
20274.450001
20315.425001
20357.000001
20398.125001
20439.925001
20481.275001
20523.250001
20564.725001
20606.850001
20648.350001
20690.725001
20732.775001
20774.775001
20817.375001
20859.450001
20902.150001
20944.925001
20987.275001
21030.100001
21073.200001
21116.100001
21158.925001
21202.275001
21245.725001
21288.975001
21332.100001
21375.400001
21419.125001
21463.200001
21507.475001
21551.775001
21596.175001
21640.800001
21685.450001
21730.100001
21774.675001
21819.275001
21863.825001
21908.450001
21953.400001
21998.325001
22043.475001
22088.975001
22134.925001
22180.500001
22226.100001
22272.125001
22318.750001
22364.875001
22411.600001
22458.200001
22505.000001
22552.325001
22599.400001
22646.925001
22694.475001
22742.125001
22790.475001
22838.475001
22886.650001
22935.575001
22984.700001
23033.775001
23082.925001
23132.075001
23181.575001
23231.400001
23281.475001
23331.700001
23382.175001
23433.125001
23484.875001
23536.425001
23588.225001
23641.150001
23693.675001
23747.075001
23800.775001
23854.550001
23908.975001
23964.025001
24019.750001
24075.850001
24132.375001
24190.150001
24248.425001
24308.450001
24369.975001
24432.725001
24500.825001
