30.000000
2.000000
8067.500000
8114.175000
8162.100000
8209.350000
8257.550000
8304.925000
8352.525000
8399.600000
8446.975000
8493.725000
8541.175000
8587.475000
8634.475000
8680.675000
8726.550000
8773.125000
8819.275000
8864.875000
8910.575000
8956.725000
9002.450000
9047.650000
9092.725000
9137.550000
9182.425000
9227.325000
9272.200000
9317.350000
9362.425000
9407.500000
9452.300000
9496.850000
9541.325000
9585.700000
9630.100000
9674.450000
9718.800000
9763.050000
9807.200000
9851.100000
9894.675000
9937.700000
9980.675000
10024.350000
10067.875000
10110.850000
10153.675000
10196.875000
10240.275000
10283.275000
10325.975000
10369.125000
10412.525000
10455.550000
10498.225000
10541.400000
10584.775000
10627.800000
10670.475000
10713.550000
10756.975000
10799.950000
10842.700000
10885.775000
10929.250000
10972.250000
11014.950000
11058.000000
11101.350000
11144.350000
11187.075000
11230.225000
11273.575000
11316.625000
11359.325000
11402.450000
11445.800000
11488.750000
11531.500000
11574.650000
11618.050000
11661.000000
11703.775000
11746.900000
11790.300000
11833.250000
11875.950000
11919.125000
11962.500000
12005.525000
12048.200000
12091.375000
12134.775000
12177.750000
12220.450000
12263.550000
12306.975000
12349.950000
12392.675000
12435.775000
12479.250000
12522.250000
12564.925000
12608.000000
12651.350000
12694.350000
12737.050000
12780.225000
12823.575000
12866.625000
12909.325000
12952.450000
12995.800000
13038.750000
13081.500000
13124.650000
13168.050000
13211.000000
13253.775000
13296.900000
13340.300000
13383.250000
13425.950000
13469.125000
13512.500000
13555.525000
13598.200000
13641.375000
13684.775000
13727.750000
13770.450000
13813.550000
13856.975000
13899.950000
13942.675000
13985.775000
14029.250000
14072.250000
14114.925000
14158.000000
14201.350000
14244.350000
14287.050000
14330.225000
14373.575000
14416.625000
14459.325000
14502.450000
14545.800000
14588.750000
14631.500000
14674.650000
14718.050000
14761.000000
14803.775000
14846.900000
14890.300000
14933.250000
14975.950000
15019.125000
15062.500000
15105.525000
15148.200000
15191.375000
15234.775000
15277.750000
15320.450000
15363.550000
15406.975000
15449.950000
15492.675000
15535.775000
15579.250000
15622.250000
15664.925000
15708.000000
15751.350000
15794.350000
15837.050000
15880.225000
15923.575000
15966.625000
16009.325000
16052.450000
16095.800000
16138.750000
16181.500000
16224.650000
16268.050000
16311.000000
16353.775000
16396.900000
16440.300000
16483.250000
16525.950000
16569.125000
16612.500000
16655.525000
16698.200000
16741.375000
16784.775000
16827.750000
16870.450000
16913.550000
16956.975000
16999.950000
17042.675000
17085.775000
17129.250000
17172.250000
17214.925000
17258.000000
17301.350000
17344.350000
17387.050000
17430.225000
17473.575000
17516.625000
17559.325000
17602.450000
17645.800000
17688.750000
17731.500000
17774.650000
17818.050000
17861.000000
17903.775000
17946.900000
17990.300000
18033.250000
18075.950000
18119.125000
18162.500000
18205.525000
18248.200001
18291.375001
18334.775001
18377.750001
18420.450001
18463.550001
18506.975001
18549.950001
18592.675001
18635.775001
18679.250001
18722.250001
18764.925001
18808.000001
18851.350001
18894.350001
18937.050001
18980.225001
19023.575001
19066.625001
19109.325001
19152.450001
19195.800001
19238.750001
19281.500001
19324.650001
19368.050001
19411.000001
19453.775001
19496.900001
19540.300001
19583.250001
19625.950001
19669.125001
19712.500001
19755.525001
19798.200001
19841.375001
19884.775001
19927.750001
19970.450001
20013.550001
20056.975001
20099.950001
20142.725001
20185.850001
20229.675001
20273.400001
20317.075001
20360.525001
20403.900001
20447.325001
20491.350001
20535.600001
20580.025001
20624.500001
20669.025001
20713.500001
20758.000001
20802.525001
20847.075001
20891.650001
20936.150001
20980.775001
21025.600001
21070.475001
21115.375001
21160.675001
21206.625001
21252.450001
21297.950001
21343.650001
21390.100001
21436.025001
21481.900001
21528.725001
21575.075001
21621.525001
21668.925001
21715.525001
21763.225001
21810.225001
21858.000001
21905.550001
21953.125001
22001.500001
22049.275001
22097.450001
22146.550001
22195.600001
22244.275001
22292.950001
22342.150001
22391.750001
22441.650001
22491.700001
22541.925001
22592.300001
22642.725001
22693.225001
22744.200001
22796.300001
22847.975001
22899.775001
22952.675001
23005.250001
23058.600001
23112.575001
23166.250001
23220.600001
23275.825001
23331.600001
23387.575001
23444.400001
23503.400001
23563.250001
23626.175001
