20.000000
0.000000
5513.350000
5570.450000
5624.600000
5676.050000
5725.725000
5773.525000
5820.200000
5865.775000
5910.350000
5953.950000
5996.850000
6039.450000
6081.400000
6122.950000
6164.000000
6204.625000
6245.025000
6284.900000
6324.350000
6363.425000
6402.250000
6440.950000
6479.175000
6517.250000
6554.875000
6592.325000
6629.350000
6666.000000
6702.300000
6738.300000
6774.175000
6809.425000
6844.600000
6879.350000
6913.600000
6947.850000
6981.625000
7015.175000
7048.400000
7081.550000
7114.650000
7147.775000
7180.400000
7213.050000
7245.375000
7277.575000
7309.450000
7341.300000
7373.025000
7404.775000
7436.375000
7467.550000
7498.650000
7529.775000
7560.625000
7591.400000
7622.000000
7652.475000
7682.850000
7713.250000
7743.650000
7773.950000
7803.800000
7833.925000
7863.575000
7893.300000
7922.900000
7952.350000
7981.575000
8010.750000
8039.850000
8068.925000
8097.975000
8127.025000
8156.125000
8185.050000
8213.600000
8242.325000
8270.800000
8299.350000
8328.075000
8356.400000
8384.800000
8413.125000
8441.350000
8469.750000
8497.900000
8525.900000
8553.875000
8581.725000
8609.525000
8637.300000
8665.025000
8692.700000
8720.400000
8748.100000
8775.825000
8803.625000
8831.350000
8859.100000
8886.850000
8914.575000
8942.325000
8970.075000
8997.800000
9025.525000
9053.300000
9081.000000
9108.500000
9135.725000
9163.200000
9190.825000
9218.275000
9245.400000
9272.875000
9300.450000
9327.650000
9354.875000
9382.200000
9409.225000
9436.675000
9463.675000
9490.925000
9517.925000
9545.100000
9572.225000
9599.275000
9626.075000
9653.350000
9680.175000
9707.325000
9734.200000
9761.250000
9788.125000
9814.875000
9841.975000
9868.800000
9895.450000
9922.500000
9949.275000
9975.875000
10002.600000
10029.300000
10056.150000
10082.750000
10109.300000
10135.825000
10162.325000
10189.100000
10215.825000
10242.425000
10269.025000
10295.475000
10322.100000
10348.425000
10375.200000
10401.925000
10428.575000
10455.125000
10481.575000
10508.075000
10534.525000
10561.175000
10587.725000
10614.475000
10641.100000
10667.600000
10694.175000
10720.500000
10747.075000
10773.450000
10800.225000
10826.900000
10853.550000
10880.075000
10906.575000
10933.075000
10959.425000
10985.900000
11012.350000
11039.000000
11065.600000
11092.300000
11118.900000
11145.375000
11171.925000
11198.250000
11224.775000
11251.125000
11277.750000
11304.150000
11330.900000
11357.550000
11384.150000
11410.650000
11437.100000
11463.550000
11489.975000
11516.575000
11542.825000
11569.400000
11595.800000
11622.600000
11649.250000
11675.775000
11702.325000
11728.800000
11755.275000
11781.625000
11808.075000
11834.475000
11860.950000
11887.250000
11913.700000
11940.100000
11966.775000
11993.150000
12019.925000
12046.550000
12073.050000
12099.600000
12125.950000
12152.450000
12178.875000
12205.325000
12231.650000
12258.075000
12284.475000
12310.925000
12337.225000
12363.650000
12390.050000
12416.600000
12442.850000
12469.375000
12495.700000
12522.400000
12548.925000
12575.625000
12602.175000
12628.700000
12655.175000
12681.550000
12707.975000
12734.400000
12760.825000
12787.150000
12813.575000
12839.975000
12866.500000
12892.750000
12919.250000
12945.550000
12972.075000
12998.300000
13024.800000
13051.100000
13077.625000
13103.925000
13130.350000
13156.725000
13183.150000
13209.450000
13235.875000
13262.250000
13288.675000
13314.975000
13341.475000
13367.800000
13394.300000
13420.550000
13447.025000
13473.325000
13499.850000
13526.075000
13552.550000
13578.950000
13605.400000
13631.675000
13658.100000
13684.475000
13710.900000
13737.200000
13763.625000
13790.000000
13816.525000
13842.750000
13869.250000
13895.550000
13922.050000
13948.300000
13974.775000
14001.075000
14027.600000
14053.900000
14080.325000
14106.700000
14133.125000
14159.425000
14185.850000
14212.225000
14238.650000
14264.950000
14291.450000
14317.775000
14344.275000
14370.525000
14397.000000
14423.300000
14449.825000
14476.050000
14502.550000
14528.925000
14555.375000
14581.675000
14608.075000
14634.450000
14660.875000
14687.200000
14713.600000
14739.975000
14766.500000
14792.750000
14819.225000
14845.550000
14872.050000
14898.300000
14924.775000
14951.075000
14977.600000
15003.900000
15030.325000
15056.700000
15083.125000
15109.425000
15135.825000
15162.225000
15188.650000
15214.950000
15241.450000
15267.775000
15294.275000
15320.525000
15347.000000
15373.300000
15399.825000
15426.050000
15452.525000
15478.925000
15505.375000
15531.675000
15558.075000
15584.450000
15610.875000
15637.200000
15663.600000
15689.975000
15716.500000
15742.750000
15769.225000
15795.550000
15822.050000
15848.300000
15874.775000
15901.075000
15927.600000
15953.900000
15980.325000
16006.700000
16033.125000
16059.425000
16085.825000
16112.225000
16138.650000
16164.950000
16191.450000
16217.775000
16244.275000
16270.525000
16297.000000
16323.300000
16349.825000
16376.050000
16402.525000
16428.925000
16455.375000
16481.675000
16508.075000
16534.450000
16560.875000
16587.200000
16613.600000
16639.975000
16666.500000
16692.750000
16719.225000
16745.550000
16772.050000
16798.300000
16824.775000
16851.075000
16877.600000
16903.900000
16930.325000
16956.700000
16983.125000
17009.425000
17035.825000
17062.225000
17088.650000
17114.950000
17141.450000
17167.775000
17194.275000
17220.525000
17247.000000
17273.300000
17299.825000
17326.050000
17352.525000
17378.925000
17405.375000
17431.675000
17458.075000
17484.450000
17510.875000
17537.200000
17563.600000
17589.975000
17616.500000
17642.750000
17669.225000
17695.550000
17722.050000
17748.300000
17774.775000
17801.075000
17827.600000
17853.900000
17880.325000
17906.700000
17933.125000
17959.425000
17985.825000
18012.225000
18038.650000
18064.950000
18091.450000
18117.775000
18144.275000
18170.525000
18197.000000
18223.300000
18249.825001
18276.050001
18302.525001
18328.925001
18355.375001
18381.675001
18408.075001
18434.450001
18460.875001
18487.200001
18513.600001
18539.975001
18566.500001
18592.750001
18619.225001
18645.550001
18672.050001
18698.300001
18724.775001
18751.075001
18777.600001
18803.900001
18830.325001
18856.700001
18883.125001
18909.425001
18935.825001
18962.225001
18988.650001
19014.950001
19041.450001
19067.775001
19094.275001
19120.525001
19147.000001
19173.300001
19199.825001
19226.050001
19252.525001
19278.925001
19305.375001
19331.675001
19358.075001
19384.450001
19410.875001
19437.200001
19463.600001
19489.975001
19516.500001
19542.750001
19569.225001
19595.550001
19622.050001
19648.300001
19674.775001
19701.075001
19727.600001
19753.900001
19780.325001
19806.700001
19833.125001
19859.425001
19885.825001
19912.225001
19938.650001
19964.950001
19991.450001
20017.775001
20044.275001
20070.525001
20097.000001
20123.325001
20149.900001
20176.175001
20202.875001
20229.625001
20256.325001
20282.900001
20309.400001
20336.075001
20362.900001
20389.650001
20416.400001
20442.950001
20469.950001
20496.700001
20523.400001
20550.500001
20577.300001
20604.125001
20631.175001
20657.975001
20685.125001
20712.000001
20739.300001
20766.250001
20793.350001
20820.275001
20847.675001
20874.625001
20901.950001
20929.000001
20956.250001
20983.725001
21010.775001
21038.100001
21065.350001
21092.500001
21120.025001
21147.575001
21174.775001
21202.150001
21229.750001
21257.375001
21284.850001
21312.125001
21339.650001
21367.325001
21395.050001
21422.825001
21450.600001
21478.425001
21506.225001
21534.025001
21561.825001
21589.625001
21617.425001
21645.225001
21673.025001
21700.850001
21728.700001
21756.525001
21784.350001
21812.175001
21840.025001
21867.875001
21895.800001
21923.975001
21952.100001
21980.150001
22008.225001
22036.575001
22064.700001
22092.750001
22121.000001
22149.300001
22177.575001
22206.100001
22234.325001
22262.900001
22291.225001
22319.900001
22348.175001
22376.825001
22405.250001
22433.950001
22462.500001
22491.100001
22519.950001
22548.400001
22577.125001
22606.100001
22634.925001
22663.550001
22692.400001
22721.375001
22750.475001
22779.525001
22808.550001
22837.300001
22866.250001
22895.250001
22924.375001
22953.550001
22982.675001
23011.900001
23041.125001
23070.275001
23099.525001
23128.775001
23158.000001
23187.200001
23216.600001
23246.000001
23275.575001
23305.025001
23334.475001
23364.150001
23393.750001
23423.250001
23453.125001
23482.750001
23512.500001
23542.300001
23572.100001
23602.000001
23631.775001
23661.775001
23691.875001
23721.750001
23751.950001
23781.950001
23811.975001
23842.275001
23872.650001
23902.975001
23933.100001
23963.325001
23993.775001
24024.275001
24054.775001
24085.350001
24115.975001
24146.575001
24177.200001
24207.825001
24238.450001
24269.150001
24299.900001
24330.775001
24361.725001
24392.575001
24423.475001
24454.550001
24485.575001
24516.800001
24547.925001
24579.150001
24610.400001
24641.825001
24673.075001
24704.625001
24736.050001
24767.500001
24799.175001
24831.000001
24862.750001
24894.525001
24926.125001
24957.925001
24989.800001
25021.775001
25053.775001
25085.800001
25117.900001
25150.275001
25182.575001
25214.900001
25247.475001
25279.975001
25312.650001
25345.275001
25378.250001
25411.025001
25443.900001
25477.000001
25510.175001
25543.450001
25576.800001
25610.250001
25643.775001
25677.350001
25711.000001
25744.900001
25778.750001
25812.875001
25846.925001
25881.225001
25915.625001
25950.125001
25984.575001
26019.175001
26053.850001
26088.675001
26123.625001
26158.850001
26194.050001
26229.525001
26264.925001
26300.650001
26336.550001
26372.550001
26408.675001
26444.950001
26481.325001
26517.725001
26554.350001
26591.100001
26628.075001
26664.975001
26702.125001
26739.475001
26776.900001
26814.500001
26852.150001
26889.875001
26927.775001
26965.825001
27003.925001
27042.300001
27080.800001
27119.325001
27157.950001
27196.775001
27235.725001
27274.825001
27314.100001
27353.550001
27393.025001
27432.700001
27472.650001
27512.650001
27552.750001
27592.975001
27633.425001
27674.075001
27714.850001
27755.925001
27797.075001
27838.400001
27880.000001
27921.800001
27963.825001
28006.200001
28048.800001
28091.700001
28134.900001
28178.475001
28222.400001
28266.625001
28311.250001
28356.275001
28401.725001
28447.525001
28493.675001
28540.175001
28587.075001
28634.400001
28682.200001
28730.475001
28779.300001
28828.675001
28878.650001
28929.175001
28980.200001
29031.800001
29084.025001
29136.875001
29190.400001
29244.650001
29299.675001
29355.675001
29412.725001
29470.975001
29530.600001
29591.975001
29655.525001
29721.900001
29792.175001
29869.125001
30090.300001
30155.075001
30228.775001
30431.700001
30496.700001
30571.100001
30791.150001
30856.525001
30935.825001
31299.300001
31364.825001
31682.050001
31747.525001
32061.200001
32126.700001
32439.525001
32505.000001
32817.450001
32882.950001
33195.225001
33260.725001
33572.900001
33638.400001
33950.550001
34016.025001
34328.175001
34393.650001
34705.775001
34771.250001
