100.000000
7.000000
4207.550000
4286.250000
4366.775000
4447.100000
4526.625000
4605.675000
4684.100000
4761.875000
4838.850000
4915.075000
4990.925000
5066.025000
5140.700000
5214.525000
5287.800000
5360.525000
5432.850000
5504.625000
5575.800000
5646.725000
5717.050000
5786.725000
5856.150000
5924.950000
5993.175000
6061.000000
6128.600000
6195.825000
6262.550000
6328.950000
6394.850000
6460.275000
6525.400000
6590.225000
6654.500000
6718.625000
6782.150000
6845.500000
6908.275000
6970.675000
7032.900000
7095.025000
7156.900000
7218.400000
7279.725000
7340.850000
7401.650000
7462.225000
7522.425000
7582.350000
7642.200000
7701.975000
7761.375000
7820.500000
7879.700000
7938.475000
7997.075000
8055.450000
8113.575000
8171.575000
8229.675000
8287.200000
8344.675000
8401.950000
8459.000000
8516.000000
8572.950000
8629.750000
8685.975000
8742.125000
8798.100000
8853.950000
8909.475000
8964.875000
9020.225000
9075.350000
9130.350000
9185.300000
9240.125000
9294.575000
9348.675000
9402.750000
9456.925000
9510.775000
9564.475000
9618.325000
9671.775000
9725.050000
9778.525000
9831.650000
9884.725000
9937.375000
9990.225000
10042.750000
10095.475000
10147.925000
10200.725000
10253.175000
10305.675000
10358.075000
10410.550000
10463.275000
10515.725000
10568.325000
10620.600000
10673.250000
10725.650000
10778.400000
10830.750000
10883.175000
10935.675000
10988.150000
11040.900000
11093.250000
11145.800000
11198.150000
11250.900000
11303.325000
11355.950000
11408.250000
11460.700000
11513.325000
11565.825000
11618.500000
11670.750000
11723.350000
11775.725000
11828.525000
11880.900000
11933.325000
11985.750000
12038.225000
12091.000000
12143.400000
12195.900000
12248.225000
12300.950000
12353.375000
12406.075000
12458.350000
12510.800000
12563.375000
12615.875000
12668.600000
12720.875000
12773.450000
12825.800000
12878.625000
12931.025000
12983.500000
13035.850000
13088.325000
13141.075000
13193.500000
13246.075000
13298.350000
13351.000000
13403.450000
13456.175000
13508.475000
13560.900000
13613.425000
13665.950000
13718.675000
13770.975000
13823.525000
13875.875000
13928.700000
13981.100000
14033.625000
14085.925000
14138.400000
14191.125000
14243.575000
14296.200000
14348.450000
14401.075000
14453.500000
14506.275000
14558.600000
14611.000000
14663.475000
14716.000000
14768.750000
14821.075000
14873.600000
14925.925000
14978.725000
15031.125000
15083.725000
15136.000000
15188.450000
15241.150000
15293.625000
15346.250000
15398.525000
15451.125000
15503.550000
15556.325000
15608.675000
15661.075000
15713.500000
15766.025000
15818.775000
15871.125000
15923.625000
15975.975000
16028.750000
16081.150000
16133.750000
16186.025000
16238.500000
16291.175000
16343.625000
16396.300000
16448.550000
16501.150000
16553.575000
16606.350000
16658.700000
16711.100000
16763.525000
16816.050000
16868.800000
16921.150000
16973.650000
17026.000000
17078.775000
17131.150000
17183.775000
17236.050000
17288.500000
17341.175000
17393.650000
17446.300000
17498.550000
17551.150000
17603.575000
17656.375000
17708.700000
17761.125000
17813.550000
17866.075000
17918.800000
17971.175000
18023.675000
18076.000000
18128.775000
18181.150000
18233.775001
18286.050001
18338.500001
18391.175001
18443.650001
18496.300001
18548.575001
18601.150001
18653.575001
18706.375001
18758.725001
18811.125001
18863.550001
18916.075001
18968.800001
19021.175001
19073.675001
19126.000001
19178.775001
19231.150001
19283.775001
19336.050001
19388.525001
19441.175001
19493.650001
19546.300001
19598.575001
19651.175001
19703.575001
19756.375001
19808.725001
19861.125001
19913.550001
19966.075001
20018.800001
20071.175001
20123.725001
20176.175001
20229.100001
20281.775001
20334.800001
20387.650001
20441.025001
20494.425001
20547.750001
20601.450001
20655.175001
20708.975001
20763.200001
20817.625001
20871.875001
20926.125001
20980.525001
21035.325001
21090.275001
21145.375001
21200.625001
21256.000001
21311.350001
21366.925001
21422.625001
21478.675001
21534.800001
21591.075001
21647.350001
21703.825001
21760.475001
21817.675001
21874.700001
21931.800001
21989.075001
22046.725001
22104.450001
22162.450001
22220.475001
22279.025001
22337.350001
22396.175001
22455.125001
22514.200001
22573.625001
22633.175001
22692.925001
22752.875001
22813.300001
22874.050001
22934.975001
22996.100001
23057.600001
23119.300001
23181.150001
23243.300001
23305.750001
23368.625001
23431.650001
23495.125001
23558.725001
23622.700001
23686.875001
23751.550001
23816.350001
23881.525001
23947.050001
24012.975001
24079.300001
24145.875001
24212.825001
24280.175001
24347.825001
24415.875001
24484.525001
24553.350001
24622.775001
24692.600001
24762.975001
24833.675001
24904.825001
24976.425001
25048.525001
25121.150001
25194.450001
25268.500001
25343.000001
25418.275001
25494.125001
25570.675001
25648.025001
25726.150001
25805.150001
25885.250001
25966.075001
26048.100001
26131.300001
26215.525001
26301.200001
26388.325001
26477.300001
26568.700001
26662.650001
26760.875001
