100.000000
28.000000
5244.600000
5310.075000
5374.650000
5436.800000
5497.375000
5556.725000
5614.750000
5672.050000
5728.850000
5785.025000
5840.825000
5896.300000
5951.450000
6006.400000
6060.975000
6115.250000
6169.450000
6223.625000
6277.500000
6331.250000
6385.075000
6438.550000
6491.900000
6545.325000
6598.350000
6651.450000
6704.200000
6757.050000
6809.525000
6862.175000
6914.400000
6966.725000
7018.950000
7070.800000
7122.800000
7174.650000
7226.200000
7277.700000
7329.275000
7380.500000
7431.650000
7482.750000
7533.950000
7585.025000
7635.825000
7686.375000
7736.950000
7787.425000
7837.725000
7888.000000
7938.300000
7988.550000
8038.625000
8088.600000
8138.525000
8188.350000
8238.125000
8287.725000
8337.225000
8386.625000
8436.025000
8485.525000
8534.950000
8584.300000
8633.350000
8682.250000
8731.150000
8780.225000
8829.225000
8877.875000
8926.325000
8974.875000
9023.525000
9071.925000
9120.275000
9168.850000
9217.375000
9265.400000
9313.575000
9361.750000
9409.625000
9457.725000
9505.625000
9553.275000
9601.225000
9648.600000
9696.350000
9743.900000
9791.500000
9838.825000
9886.000000
9933.275000
9980.425000
10027.575000
10074.675000
10121.725000
10169.000000
10216.125000
10263.400000
10310.475000
10357.800000
10404.950000
10452.225000
10499.250000
10546.575000
10593.600000
10640.950000
10687.900000
10735.150000
10782.025000
10829.300000
10876.150000
10923.400000
10970.325000
11017.750000
11064.625000
11112.025000
11158.950000
11206.350000
11253.350000
11300.700000
11347.675000
11394.875000
11441.825000
11488.850000
11535.850000
11582.925000
11630.150000
11677.175000
11724.475000
11771.500000
11818.850000
11865.925000
11913.250000
11960.275000
12007.600000
12054.650000
12101.850000
12148.675000
12195.875000
12242.800000
12290.075000
12336.950000
12384.350000
12431.275000
12478.750000
12525.675000
12573.075000
12620.075000
12667.525000
12714.425000
12761.700000
12808.600000
12855.700000
12902.650000
12949.700000
12996.825000
13043.900000
13091.225000
13138.275000
13185.575000
13232.650000
13280.025000
13327.000000
13374.325000
13421.275000
13468.550000
13515.450000
13562.650000
13609.500000
13656.800000
13703.750000
13751.050000
13798.000000
13845.400000
13892.425000
13939.800000
13986.725000
14034.100000
14081.075000
14128.400000
14175.325000
14222.425000
14269.375000
14316.500000
14363.550000
14410.600000
14457.875000
14505.000000
14552.275000
14599.300000
14646.625000
14693.675000
14741.025000
14788.050000
14835.350000
14882.325000
14929.650000
14976.450000
15023.625000
15070.525000
15117.850000
15164.725000
15212.125000
15259.025000
15306.450000
15353.450000
15400.850000
15447.825000
15495.225000
15542.275000
15589.575000
15636.475000
15683.600000
15730.500000
15777.575000
15824.650000
15871.700000
15918.975000
15966.075000
16013.375000
16060.425000
16107.750000
16154.900000
16202.200000
16249.200000
16296.500000
16343.500000
16390.775000
16437.650000
16484.850000
16531.750000
16579.050000
16625.925000
16673.275000
16720.225000
16767.675000
16814.575000
16861.950000
16908.875000
16956.225000
17003.200000
17050.375000
17097.275000
17144.350000
17191.450000
17238.450000
17285.675000
17332.750000
17380.075000
17427.100000
17474.400000
17521.400000
17568.750000
17615.775000
17663.050000
17709.950000
17757.175000
17804.100000
17851.275000
17898.200000
17945.525000
17992.525000
18039.875000
18086.800000
18134.175000
18181.150000
18228.575001
18275.550001
18322.875001
18369.850001
18417.100001
18463.925001
18510.975001
18558.025001
18605.150001
18652.325001
18699.375001
18746.675001
18793.750001
18841.125001
18888.150001
18935.475001
18982.525001
19029.900001
19076.850001
19124.075001
19170.925001
19218.150001
19265.025001
19312.300001
19359.175001
19406.600001
19453.575001
19500.950001
19547.925001
19595.325001
19642.375001
19689.725001
19736.675001
19784.000001
19830.950001
19878.100001
19925.000001
19972.050001
20019.150001
20066.250001
20113.450001
20160.625001
20207.950001
20255.275001
20302.550001
20349.900001
20397.175001
20444.725001
20492.200001
20540.075001
20587.500001
20635.425001
20683.250001
20730.950001
20779.150001
20826.950001
20874.975001
20923.325001
20971.325001
21019.550001
21068.050001
21116.450001
21164.800001
21213.500001
21262.300001
21310.900001
21359.500001
21408.250001
21457.300001
21506.425001
21555.500001
21604.500001
21653.675001
21702.875001
21752.325001
21801.900001
21851.475001
21901.175001
21950.950001
22000.875001
22050.875001
22100.975001
22151.100001
22201.250001
22251.425001
22301.675001
22352.075001
22402.525001
22452.875001
22503.425001
22554.100001
22604.850001
22655.750001
22706.825001
22757.900001
22808.925001
22860.125001
22911.450001
22962.975001
23014.325001
23065.925001
23117.875001
23169.550001
23221.325001
23273.500001
23325.475001
23377.700001
23430.150001
23482.525001
23535.250001
23587.775001
23640.700001
23693.450001
23746.600001
23799.725001
23852.875001
23906.400001
23959.775001
24013.475001
24067.400001
24121.150001
24175.100001
24229.400001
24283.600001
24337.875001
24392.475001
24447.175001
24502.125001
24557.300001
24612.500001
24667.900001
24723.425001
24779.125001
24834.950001
24890.975001
24947.100001
25003.300001
25059.650001
25116.250001
25173.175001
25230.225001
25287.275001
25344.550001
25402.125001
25459.725001
25517.750001
25575.725001
25634.100001
25692.575001
25751.325001
25810.025001
25869.175001
25928.500001
25987.925001
26047.600001
26107.675001
26168.000001
26228.450001
26289.100001
26349.975001
26411.100001
26472.575001
26534.450001
26596.600001
26658.975001
26721.675001
26784.825001
26848.125001
26911.900001
26975.925001
27040.400001
27105.150001
27170.300001
27235.900001
27301.875001
27368.350001
27435.200001
27502.500001
27570.225001
27638.425001
27707.275001
27776.450001
27846.350001
27916.725001
27987.700001
28059.400001
28131.800001
28204.950001
28278.975001
28353.825001
28429.725001
28506.625001
28584.675001
28664.075001
28745.025001
28827.850001
28913.250001
29003.525001
29188.475001
29266.150001
29353.600001
29606.900001
29685.550001
30005.325001
30089.050001
30531.875001
30613.050001
31040.150001
31121.325001
31544.850001
31626.150001
32051.675001
32132.850001
32557.725001
32639.000001
33062.475001
33143.775001
33570.250001
33651.425001
34075.750001
34157.025001
34580.675001
34661.950001
