10.000000
19.000000
3987.125000
4074.850000
4159.825000
4240.975000
4318.550000
4392.900000
4464.850000
4535.100000
4603.475000
4670.450000
4736.025000
4800.500000
4863.925000
4926.450000
4988.400000
5049.700000
5110.200000
5170.125000
5229.575000
5288.175000
5346.475000
5404.100000
5461.150000
5517.900000
5574.025000
5629.725000
5684.850000
5739.375000
5793.450000
5847.100000
5900.375000
5953.125000
6005.575000
6057.725000
6109.500000
6160.925000
6212.225000
6263.150000
6313.750000
6363.925000
6413.850000
6463.575000
6513.150000
6562.475000
6611.300000
6659.775000
6708.075000
6756.200000
6803.925000
6851.325000
6898.325000
6945.325000
6991.825000
7038.150000
7084.450000
7130.275000
7175.900000
7221.325000
7266.700000
7311.875000
7356.950000
7401.725000
7446.475000
7491.200000
7535.700000
7580.175000
7624.500000
7668.825000
7713.050000
7757.150000
7801.150000
7845.075000
7888.850000
7932.475000
7976.100000
8019.525000
8063.100000
8106.700000
8149.925000
8193.000000
8236.050000
8279.250000
8322.175000
8365.025000
8407.950000
8450.950000
8493.600000
8536.150000
8578.975000
8621.250000
8663.700000
8706.225000
8748.450000
8790.800000
8833.025000
8874.975000
8917.125000
8959.025000
9001.175000
9042.825000
9084.675000
9126.150000
9167.900000
9209.325000
9251.000000
9292.325000
9333.825000
9374.950000
9416.225000
9457.450000
9498.400000
9539.450000
9580.325000
9620.925000
9661.850000
9702.525000
9742.975000
9783.400000
9823.800000
9863.900000
9904.125000
9944.300000
9984.525000
10024.525000
10064.375000
10104.275000
10144.200000
10184.200000
10224.050000
10263.750000
10303.550000
10343.225000
10383.050000
10422.925000
10462.725000
10502.400000
10542.000000
10581.675000
10621.175000
10660.925000
10700.725000
10740.450000
10780.125000
10819.625000
10859.250000
10898.750000
10938.450000
10978.200000
11017.975000
11057.625000
11097.175000
11136.675000
11176.300000
11215.925000
11255.625000
11295.425000
11335.050000
11374.675000
11414.050000
11453.725000
11493.200000
11532.900000
11572.600000
11612.350000
11651.925000
11691.550000
11730.975000
11770.600000
11810.100000
11849.800000
11889.450000
11929.250000
11968.875000
12008.325000
12047.950000
12087.525000
12127.125000
12166.900000
12206.675000
12246.200000
12285.825000
12325.250000
12364.875000
12404.425000
12444.100000
12483.725000
12523.475000
12563.100000
12602.675000
12642.250000
12681.850000
12721.350000
12761.050000
12800.825000
12840.500000
12880.150000
12919.600000
12959.200000
12998.700000
13038.375000
13078.075000
13117.850000
13157.475000
13197.050000
13236.450000
13276.075000
13315.550000
13355.275000
13394.975000
13434.700000
13474.325000
13513.825000
13553.425000
13593.025000
13632.625000
13672.350000
13712.100000
13751.675000
13791.350000
13830.725000
13870.350000
13909.875000
13949.525000
13989.175000
14028.975000
14068.550000
14108.125000
14147.600000
14187.225000
14226.625000
14266.375000
14306.000000
14345.750000
14385.375000
14424.925000
14464.400000
14504.075000
14543.575000
14583.275000
14623.050000
14662.725000
14702.350000
14741.850000
14781.475000
14820.925000
14860.625000
14900.325000
14940.075000
14979.750000
15019.325000
15058.725000
15098.350000
15137.850000
15177.550000
15217.325000
15257.025000
15296.675000
15336.125000
15375.725000
15415.300000
15455.000000
15494.700000
15534.450000
15574.000000
15613.600000
15653.050000
15692.700000
15732.175000
15771.850000
15811.475000
15851.225000
15890.875000
15930.425000
15969.950000
16009.575000
16049.025000
16088.725000
16128.500000
16168.175000
16207.825000
16247.300000
16286.875000
16326.425000
16366.125000
16405.775000
16445.550000
16485.150000
16524.750000
16564.125000
16603.825000
16643.250000
16682.950000
16722.625000
16762.375000
16801.975000
16841.575000
16881.050000
16920.675000
16960.200000
16999.900000
17039.600000
17079.350000
17118.975000
17158.400000
17198.025000
17237.575000
17277.200000
17317.000000
17356.750000
17396.325000
17435.900000
17475.350000
17514.975000
17554.525000
17594.225000
17633.850000
17673.575000
17713.225000
17752.750000
17792.375000
17831.950000
17871.550000
17911.225000
17951.025000
17990.650000
18030.250000
18069.700000
18109.325000
18148.750000
18188.450000
18228.150001
18267.925001
18307.550001
18347.100001
18386.550001
18426.175001
18465.675001
18505.400001
18545.125001
18584.825001
18624.475001
18663.900001
18703.575001
18743.100001
18782.775001
18822.475001
18862.225001
18901.775001
18941.425001
18980.800001
19020.425001
19059.925001
19099.600001
19139.225001
19179.025001
19218.600001
19258.175001
19297.675001
19337.300001
19376.725001
19416.475001
19456.125001
19495.825001
19535.500001
19575.000001
19614.550001
19654.200001
19693.800001
19733.475001
19773.250001
19812.850001
19852.475001
19891.950001
19931.575001
19971.000001
20010.700001
20050.400001
20090.150001
20129.875001
20169.450001
20209.150001
20248.825001
20288.675001
20328.750001
20368.700001
20408.475001
20448.400001
20488.475001
20528.825001
20568.975001
20609.125001
20649.475001
20690.000001
20730.250001
20770.575001
20810.975001
20851.450001
20891.800001
20932.300001
20973.175001
21013.725001
21054.400001
21095.400001
21136.075001
21176.925001
21218.075001
21258.950001
21300.175001
21341.350001
21382.500001
21423.875001
21465.100001
21506.675001
21548.025001
21589.825001
21631.375001
21673.275001
21714.900001
21756.850001
21798.500001
21840.475001
21882.375001
21924.575001
21966.775001
22008.825001
22051.300001
22093.550001
22135.975001
22178.750001
22221.200001
22263.825001
22306.775001
22349.600001
22392.600001
22435.725001
22479.025001
22522.150001
22565.325001
22608.575001
22652.200001
22695.875001
22739.675001
22783.475001
22827.400001
22871.350001
22915.425001
22959.575001
23003.900001
23048.275001
23092.800001
23137.350001
23181.975001
23226.675001
23271.675001
23316.800001
23362.025001
23407.300001
23452.575001
23497.950001
23543.450001
23589.025001
23634.750001
23680.400001
23726.175001
23772.125001
23818.175001
23864.100001
23910.325001
23956.800001
24003.025001
24049.550001
24096.175001
24142.800001
24189.650001
24236.400001
24283.325001
24330.325001
24377.425001
24424.675001
24471.975001
24519.300001
24566.800001
24614.225001
24662.025001
24709.725001
24757.650001
24805.650001
24853.700001
24901.950001
24950.225001
24998.500001
25046.950001
25095.625001
25144.275001
25192.975001
25241.825001
25290.925001
25340.150001
25389.375001
25438.725001
25488.175001
25537.725001
25587.375001
25637.150001
25687.050001
25737.100001
25787.250001
25837.450001
25887.775001
25938.300001
25988.975001
26039.825001
26090.800001
26141.825001
26192.925001
26244.250001
26295.725001
26347.225001
26398.900001
26450.875001
26502.875001
26555.100001
26607.575001
26660.100001
26712.900001
26765.775001
26818.975001
26872.325001
26925.850001
26979.750001
27033.875001
27088.200001
27142.825001
27197.650001
27252.775001
27308.150001
27363.750001
27419.600001
27475.675001
27532.025001
27588.575001
27645.450001
27702.475001
27759.700001
27817.250001
27874.975001
27932.975001
27991.275001
28049.800001
28108.575001
28167.725001
28227.125001
28286.875001
28346.975001
28407.425001
28468.275001
28529.525001
28591.250001
28653.500001
28716.375001
28779.925001
28844.200001
28909.225001
28975.000001
29041.475001
29108.625001
29176.425001
29245.000001
29314.275001
29384.400001
29455.375001
29527.300001
29600.400001
29674.875001
29751.075001
29829.550001
29910.950001
29995.550001
30083.475001
30173.650001
30265.250001
30357.750001
30450.825001
30544.275001
30638.000001
30731.925001
30826.050001
30920.325001
31014.750001
31109.350001
31204.125001
31299.175001
31394.625001
31490.675001
31587.325001
31684.250001
31781.300001
31878.400001
31975.500001
32072.600001
32169.700001
32266.825001
32363.925001
32461.050001
32558.150001
32655.275001
32752.375001
32849.500001
32946.600001
33043.725001
33140.850001
33237.950001
33335.075001
33432.200001
33529.300001
33626.425001
33723.550001
33820.675001
33917.800001
34014.900001
34112.025001
34209.150001
34306.250001
34403.375001
34500.500001
34597.625001
34694.725001
34791.850001
34888.975001
34986.100001
