200.000000
1.000000
5985.750000
6037.225000
6085.200000
6130.400000
6173.775000
6215.825000
6256.725000
6296.775000
6336.200000
6374.950000
6413.225000
6450.975000
6488.325000
6525.500000
6562.025000
6598.125000
6634.075000
6669.850000
6705.025000
6739.950000
6774.650000
6809.175000
6843.675000
6878.150000
6912.100000
6946.175000
6979.975000
7013.625000
7047.275000
7080.925000
7114.475000
7147.900000
7181.275000
7214.575000
7247.850000
7281.100000
7314.300000
7347.200000
7380.000000
7413.025000
7445.675000
7478.500000
7511.350000
7543.900000
7576.425000
7609.000000
7641.500000
7674.075000
7706.425000
7738.775000
7771.125000
7803.475000
7835.650000
7867.750000
7899.925000
7931.875000
7964.000000
7996.025000
8028.250000
8060.275000
8092.325000
8124.300000
8156.275000
8188.150000
8220.075000
8251.975000
8283.900000
8315.675000
8347.400000
8378.800000
8410.375000
8442.150000
8473.400000
8504.850000
8536.450000
8567.600000
8599.050000
8630.175000
8661.625000
8692.625000
8723.925000
8754.950000
8786.000000
8817.200000
8848.075000
8879.000000
8909.900000
8940.900000
8971.725000
9002.500000
9033.225000
9064.050000
9094.925000
9125.675000
9156.375000
9186.975000
9217.550000
9248.050000
9278.650000
9309.150000
9339.700000
9370.200000
9400.725000
9431.250000
9461.800000
9492.300000
9522.825000
9553.375000
9583.875000
9614.350000
9644.825000
9674.925000
9704.975000
9735.300000
9765.525000
9795.400000
9825.625000
9855.950000
9885.775000
9915.925000
9945.850000
9975.725000
10005.975000
10035.675000
10065.750000
10095.425000
10125.500000
10155.225000
10185.225000
10214.875000
10244.975000
10274.700000
10304.650000
10334.350000
10364.400000
10394.125000
10424.125000
10453.775000
10483.875000
10513.525000
10543.500000
10573.150000
10603.300000
10632.975000
10662.975000
10692.600000
10722.725000
10752.425000
10782.375000
10812.075000
10842.175000
10871.875000
10901.875000
10931.525000
10961.625000
10991.350000
11021.275000
11050.950000
11081.050000
11110.725000
11140.775000
11170.375000
11200.500000
11230.175000
11260.150000
11289.825000
11319.925000
11349.625000
11379.650000
11409.275000
11439.400000
11469.100000
11499.050000
11528.750000
11558.825000
11588.500000
11618.525000
11648.150000
11678.325000
11707.950000
11737.925000
11767.600000
11797.700000
11827.400000
11857.425000
11887.050000
11917.175000
11946.875000
11976.825000
12006.500000
12036.600000
12066.325000
12096.325000
12125.925000
12156.075000
12185.725000
12215.750000
12245.375000
12275.475000
12305.175000
12335.175000
12364.825000
12394.950000
12424.650000
12454.625000
12484.300000
12514.375000
12544.100000
12574.100000
12603.750000
12633.850000
12663.500000
12693.475000
12723.150000
12753.300000
12782.950000
12812.975000
12842.600000
12872.725000
12902.400000
12932.375000
12962.050000
12992.150000
13021.850000
13051.875000
13081.500000
13111.625000
13141.350000
13171.275000
13200.925000
13231.050000
13260.725000
13290.775000
13320.375000
13350.500000
13380.175000
13410.150000
13439.825000
13469.925000
13499.625000
13529.650000
13559.275000
13589.400000
13619.100000
13649.050000
13678.750000
13708.825000
13738.500000
13768.525000
13798.150000
13828.325000
13857.950000
13887.925000
13917.600000
13947.700000
13977.400000
14007.425000
14037.050000
14067.175000
14096.875000
14126.825000
14156.500000
14186.600000
14216.325000
14246.325000
14275.925000
14306.075000
14335.725000
14365.750000
14395.375000
14425.475000
14455.175000
14485.175000
14514.825000
14544.950000
14574.650000
14604.625000
14634.300000
14664.375000
14694.100000
14724.100000
14753.750000
14783.850000
14813.500000
14843.475000
14873.150000
14903.300000
14932.950000
14962.975000
14992.600000
15022.725000
15052.400000
15082.375000
15112.050000
15142.150000
15171.850000
15201.875000
15231.500000
15261.625000
15291.350000
15321.275000
15350.925000
15381.050000
15410.725000
15440.775000
15470.375000
15500.500000
15530.175000
15560.150000
15589.825000
15619.925000
15649.625000
15679.650000
15709.275000
15739.400000
15769.100000
15799.050000
15828.750000
15858.825000
15888.500000
15918.525000
15948.150000
15978.325000
16007.950000
16037.925000
16067.600000
16097.700000
16127.400000
16157.425000
16187.050000
16217.175000
16246.875000
16276.825000
16306.500000
16336.600000
16366.325000
16396.325000
16425.925000
16456.075000
16485.725000
16515.750000
16545.375000
16575.475000
16605.175000
16635.175000
16664.825000
16694.950000
16724.650000
16754.625000
16784.300000
16814.375000
16844.100000
16874.100000
16903.750000
16933.850000
16963.500000
16993.475000
17023.150000
17053.300000
17082.950000
17112.975000
17142.600000
17172.725000
17202.400000
17232.375000
17262.050000
17292.150000
17321.850000
17351.875000
17381.500000
17411.625000
17441.350000
17471.275000
17500.925000
17531.050000
17560.725000
17590.775000
17620.375000
17650.500000
17680.175000
17710.150000
17739.825000
17769.925000
17799.625000
17829.650000
17859.275000
17889.400000
17919.100000
17949.050000
17978.750000
18008.825000
18038.500000
18068.525000
18098.150000
18128.325000
18157.950000
18187.925000
18217.600000
18247.700001
18277.400001
18307.425001
18337.050001
18367.175001
18396.875001
18426.825001
18456.500001
18486.600001
18516.325001
18546.325001
18575.925001
18606.075001
18635.725001
18665.750001
18695.375001
18725.475001
18755.175001
18785.175001
18814.825001
18844.950001
18874.650001
18904.625001
18934.300001
18964.375001
18994.100001
19024.100001
19053.750001
19083.850001
19113.500001
19143.475001
19173.150001
19203.300001
19232.950001
19262.975001
19292.600001
19322.725001
19352.400001
19382.375001
19412.050001
19442.150001
19471.850001
19501.875001
19531.500001
19561.625001
19591.350001
19621.275001
19650.925001
19681.050001
19710.725001
19740.775001
19770.375001
19800.500001
19830.175001
19860.150001
19889.825001
19919.925001
19949.625001
19979.650001
20009.275001
20039.400001
20069.100001
20099.050001
20128.775001
20158.875001
20188.625001
20218.675001
20248.375001
20278.475001
20308.700001
20338.525001
20368.700001
20398.675001
20428.675001
20458.950001
20489.350001
20519.575001
20549.575001
20579.850001
20610.250001
20640.750001
20670.925001
20701.000001
20731.350001
20761.825001
20792.325001
20822.875001
20853.475001
20884.050001
20914.600001
20945.175001
20975.750001
21006.375001
21036.950001
21067.550001
21098.100001
21128.775001
21159.350001
21189.975001
21220.550001
21251.225001
21281.975001
21312.950001
21343.850001
21374.700001
21405.850001
21436.825001
21467.700001
21498.700001
21529.825001
21560.850001
21592.175001
21623.175001
21654.525001
21685.625001
21717.175001
21748.225001
21779.725001
21811.100001
21842.400001
21874.025001
21905.400001
21936.850001
21968.575001
22000.325001
22031.675001
22063.275001
22095.075001
22126.900001
22158.825001
22190.750001
22222.725001
22254.650001
22286.650001
22318.675001
22350.675001
22382.675001
22414.675001
22446.700001
22478.750001
22510.750001
22542.725001
22574.875001
22607.100001
22639.475001
22671.725001
22703.950001
22736.475001
22768.850001
22801.200001
22833.850001
22866.325001
22898.925001
22931.450001
22964.300001
22996.850001
23029.725001
23062.450001
23095.200001
23128.325001
23161.300001
23194.100001
23227.100001
23260.225001
23293.375001
23326.300001
23359.325001
23392.475001
23425.750001
23459.100001
23492.450001
23525.800001
23559.200001
23592.600001
23626.000001
23659.450001
23692.900001
23726.525001
23760.250001
23793.975001
23827.875001
23861.775001
23895.575001
23929.675001
23963.575001
23997.750001
24031.750001
24065.950001
24100.375001
24134.525001
24168.850001
24203.400001
24237.925001
24272.575001
24307.125001
24341.750001
24376.200001
24410.825001
24445.500001
24480.275001
24515.075001
24550.125001
24585.250001
24620.300001
24655.500001
24690.875001
24726.075001
24761.650001
24797.125001
24832.675001
24868.500001
24904.175001
24939.900001
24975.800001
25011.875001
25047.975001
25084.175001
25120.350001
25156.650001
25192.950001
25229.550001
25266.100001
25302.800001
25339.575001
25376.275001
25413.175001
25450.300001
25487.225001
25524.400001
25561.750001
25599.125001
25636.650001
25674.225001
25711.875001
25749.525001
25787.200001
25825.100001
25863.075001
25901.050001
25939.350001
25977.525001
26015.950001
26054.475001
26092.925001
26131.550001
26170.325001
26209.225001
26248.200001
26287.300001
26326.575001
26366.000001
26405.575001
26445.275001
26485.200001
26525.300001
26565.375001
26605.650001
26646.125001
26686.775001
26727.500001
26768.525001
26809.575001
26850.850001
26892.425001
26934.150001
26976.000001
27018.125001
27060.450001
27103.150001
27145.950001
27189.000001
27232.300001
27275.850001
27319.775001
27363.825001
27408.150001
27452.825001
27497.850001
27543.150001
27588.725001
27634.750001
27681.225001
27728.150001
27775.500001
27823.200001
27871.400001
27920.150001
27969.375001
28019.125001
28069.475001
28120.425001
28172.025001
28224.400001
28277.525001
28331.600001
28386.725001
28442.975001
28500.700001
28560.175001
28622.000001
28687.325001
28759.300001
28981.450001
29044.025001
29421.975001
29485.350001
