10.000000
11.000000
3591.550000
3683.600000
3773.200000
3859.700000
3943.550000
4025.025000
4104.225000
4181.700000
4257.950000
4333.100000
4407.450000
4480.950000
4553.700000
4625.775000
4697.200000
4767.975000
4837.775000
4907.025000
4975.175000
5042.450000
5108.675000
5173.850000
5237.900000
5301.275000
5363.675000
5425.225000
5486.000000
5546.125000
5605.450000
5663.950000
5721.875000
5779.175000
5835.575000
5891.275000
5946.075000
6000.050000
6053.525000
6106.750000
6159.250000
6211.425000
6263.200000
6314.575000
6365.700000
6416.600000
6467.375000
6517.975000
6568.225000
6618.300000
6668.175000
6717.925000
6767.500000
6816.825000
6865.800000
6914.725000
6963.500000
7012.175000
7060.475000
7108.600000
7156.775000
7204.550000
7252.375000
7300.025000
7347.375000
7394.875000
7442.125000
7489.425000
7536.375000
7583.300000
7630.150000
7676.775000
7723.475000
7769.800000
7816.275000
7862.575000
7908.475000
7954.475000
8000.475000
8046.350000
8092.025000
8137.500000
8182.975000
8228.500000
8273.750000
8318.925000
8363.825000
8408.600000
8453.475000
8498.275000
8542.900000
8587.350000
8631.775000
8676.125000
8720.450000
8764.725000
8808.925000
8853.025000
8897.025000
8941.100000
8985.100000
9029.050000
9072.775000
9116.500000
9159.825000
9203.175000
9246.700000
9290.150000
9333.225000
9376.200000
9419.200000
9462.275000
9505.100000
9547.850000
9590.750000
9633.300000
9675.750000
9718.325000
9760.700000
9802.850000
9845.300000
9887.325000
9929.525000
9971.450000
10013.525000
10055.450000
10097.100000
10138.875000
10180.500000
10222.300000
10263.850000
10305.650000
10347.225000
10388.975000
10430.550000
10472.325000
10513.850000
10555.625000
10597.200000
10638.900000
10680.475000
10722.250000
10763.775000
10805.550000
10847.125000
10888.825000
10930.425000
10972.175000
11013.725000
11055.500000
11097.100000
11138.800000
11180.400000
11222.150000
11263.725000
11305.475000
11347.075000
11388.775000
11430.400000
11472.150000
11513.700000
11555.475000
11597.075000
11638.775000
11680.400000
11722.125000
11763.700000
11805.475000
11847.075000
11888.775000
11930.400000
11972.125000
12013.700000
12055.475000
12097.075000
12138.775000
12180.400000
12222.125000
12263.700000
12305.475000
12347.075000
12388.775000
12430.400000
12472.125000
12513.700000
12555.475000
12597.075000
12638.775000
12680.400000
12722.125000
12763.700000
12805.475000
12847.075000
12888.775000
12930.400000
12972.125000
13013.700000
13055.475000
13097.075000
13138.775000
13180.400000
13222.125000
13263.700000
13305.475000
13347.075000
13388.775000
13430.400000
13472.125000
13513.700000
13555.475000
13597.075000
13638.775000
13680.400000
13722.125000
13763.700000
13805.475000
13847.075000
13888.775000
13930.400000
13972.125000
14013.700000
14055.475000
14097.075000
14138.775000
14180.400000
14222.125000
14263.700000
14305.475000
14347.075000
14388.775000
14430.400000
14472.125000
14513.700000
14555.475000
14597.075000
14638.775000
14680.400000
14722.125000
14763.700000
14805.475000
14847.075000
14888.775000
14930.400000
14972.125000
15013.700000
15055.475000
15097.075000
15138.775000
15180.400000
15222.125000
15263.700000
15305.475000
15347.075000
15388.775000
15430.400000
15472.125000
15513.700000
15555.475000
15597.075000
15638.775000
15680.400000
15722.125000
15763.700000
15805.475000
15847.075000
15888.775000
15930.400000
15972.125000
16013.700000
16055.475000
16097.075000
16138.775000
16180.400000
16222.125000
16263.700000
16305.475000
16347.075000
16388.775000
16430.400000
16472.125000
16513.700000
16555.475000
16597.075000
16638.775000
16680.400000
16722.125000
16763.700000
16805.475000
16847.075000
16888.775000
16930.400000
16972.125000
17013.700000
17055.475000
17097.075000
17138.775000
17180.400000
17222.125000
17263.700000
17305.475000
17347.075000
17388.775000
17430.400000
17472.125000
17513.700000
17555.475000
17597.075000
17638.775000
17680.400000
17722.125000
17763.700000
17805.475000
17847.075000
17888.775000
17930.400000
17972.125000
18013.700000
18055.475000
18097.075000
18138.775000
18180.400000
18222.125000
18263.700001
18305.475001
18347.075001
18388.775001
18430.400001
18472.125001
18513.700001
18555.475001
18597.075001
18638.775001
18680.400001
18722.125001
18763.700001
18805.475001
18847.075001
18888.775001
18930.400001
18972.125001
19013.700001
19055.475001
19097.075001
19138.775001
19180.400001
19222.125001
19263.700001
19305.475001
19347.075001
19388.775001
19430.400001
19472.125001
19513.700001
19555.475001
19597.075001
19638.775001
19680.400001
19722.125001
19763.700001
19805.475001
19847.075001
19888.775001
19930.400001
19972.125001
20013.700001
20055.475001
20097.075001
20138.825001
20180.500001
20222.400001
20264.075001
20306.375001
20348.350001
20390.525001
20432.700001
20474.900001
20517.450001
20559.675001
20602.175001
20644.750001
20687.175001
20729.950001
20772.750001
20815.325001
20858.075001
20901.075001
20943.950001
20986.925001
21030.125001
21073.375001
21116.500001
21159.550001
21202.700001
21246.075001
21289.600001
21333.125001
21376.450001
21420.050001
21463.725001
21507.625001
21551.525001
21595.525001
21639.575001
21683.700001
21727.800001
21771.975001
21816.275001
21860.650001
21905.175001
21949.700001
21994.275001
22038.825001
22083.475001
22128.425001
22173.425001
22218.375001
22263.450001
22308.450001
22353.700001
22398.900001
22444.325001
22489.900001
22535.525001
22581.175001
22626.925001
22673.000001
22719.025001
22764.975001
22811.050001
22857.275001
22903.575001
22950.025001
22996.550001
23043.100001
23089.925001
23136.625001
23183.625001
23230.550001
23277.675001
23324.850001
23372.200001
23419.575001
23467.375001
23515.100001
23563.075001
23611.100001
23659.225001
23707.675001
23756.325001
23804.950001
23853.725001
23902.525001
23951.450001
24000.550001
24049.750001
24098.875001
24148.250001
24197.725001
24247.325001
24297.025001
24346.900001
24396.925001
24447.000001
24497.175001
24547.450001
24597.950001
24648.550001
24699.275001
24750.275001
24801.300001
24852.450001
24903.775001
24955.250001
25006.900001
25058.450001
25110.300001
25162.425001
25214.475001
25266.850001
25319.225001
25371.800001
25424.575001
25477.475001
25530.475001
25583.650001
25636.950001
25690.550001
25744.225001
25798.025001
25852.150001
25906.500001
25960.875001
26015.350001
26070.125001
26125.100001
26180.325001
26235.800001
26291.550001
26347.500001
26403.825001
26460.475001
26517.575001
26574.800001
26632.225001
26690.000001
26747.950001
26806.300001
26864.725001
26923.475001
26982.325001
27041.475001
27100.925001
27160.575001
27220.475001
27280.600001
27341.050001
27401.775001
27462.750001
27524.000001
27585.550001
27647.400001
27709.500001
27771.950001
27834.775001
27897.900001
27961.425001
28025.250001
28089.525001
28154.150001
28219.200001
28284.675001
28350.550001
28416.925001
28483.700001
28551.025001
28618.875001
28687.200001
28756.150001
28825.700001
28895.925001
28966.800001
29038.400001
29110.825001
29184.200001
29258.500001
29333.700001
29409.725001
29486.625001
29564.400001
29643.125001
29722.850001
29803.675001
29885.725001
29969.200001
30054.400001
30141.250001
30229.375001
30318.700001
30408.950001
30500.000001
30591.525001
30683.375001
30775.425001
30867.650001
30960.025001
31052.550001
31145.250001
31238.100001
31331.100001
31424.300001
31517.725001
31611.425001
31705.450001
31799.950001
31895.150001
31991.550001
32089.725001
32189.475001
32290.625001
32393.750001
32498.625001
32604.275001
32710.225001
32816.250001
32922.300001
33028.400001
33134.475001
33240.600001
33346.725001
33452.875001
33559.025001
33665.175001
33771.325001
33877.500001
33983.675001
34089.850001
34196.000001
34302.200001
34408.350001
34514.550001
34620.725001
34726.900001
34833.100001
34939.275001
