1.000000
27.000000
4913.100000
4989.125000
5061.050000
5129.800000
5196.100000
5260.525000
5324.025000
5386.325000
5448.000000
5509.150000
5569.800000
5630.125000
5690.050000
5749.350000
5808.375000
5867.100000
5925.275000
5983.100000
6040.575000
6097.325000
6153.650000
6209.375000
6264.325000
6318.875000
6372.650000
6425.600000
6478.000000
6529.875000
6580.950000
6631.575000
6681.650000
6731.200000
6780.375000
6829.225000
6877.500000
6925.425000
6973.325000
7020.650000
7067.950000
7114.800000
7161.650000
7208.150000
7254.350000
7300.525000
7346.525000
7392.275000
7437.725000
7483.075000
7528.300000
7573.400000
7618.150000
7662.700000
7707.075000
7751.250000
7795.300000
7838.975000
7882.425000
7925.800000
7969.075000
8012.225000
8055.050000
8097.675000
8140.350000
8182.725000
8224.975000
8267.375000
8309.425000
8351.475000
8393.200000
8435.125000
8476.725000
8518.550000
8560.125000
8601.775000
8643.125000
8684.700000
8725.975000
8767.600000
8808.650000
8849.950000
8891.200000
8932.225000
8973.450000
9014.200000
9055.300000
9096.225000
9137.050000
9177.950000
9218.800000
9259.500000
9300.175000
9340.925000
9381.525000
9422.100000
9462.600000
9502.825000
9543.100000
9583.425000
9623.725000
9663.800000
9704.000000
9744.175000
9784.450000
9824.500000
9864.425000
9904.425000
9944.400000
9984.425000
10024.275000
10063.950000
10103.775000
10143.425000
10183.250000
10223.175000
10262.975000
10302.650000
10342.375000
10382.075000
10421.875000
10461.700000
10501.500000
10541.300000
10580.800000
10620.525000
10660.150000
10699.950000
10739.825000
10779.650000
10819.300000
10858.875000
10898.550000
10938.300000
10978.175000
11018.000000
11057.725000
11097.325000
11137.025000
11176.600000
11216.450000
11256.250000
11296.025000
11335.725000
11375.275000
11414.975000
11454.675000
11494.450000
11534.325000
11574.000000
11613.675000
11653.275000
11692.950000
11732.675000
11772.525000
11812.350000
11852.050000
11891.700000
11931.375000
11970.975000
12010.750000
12050.625000
12090.425000
12130.150000
12169.700000
12209.400000
12248.950000
12288.725000
12328.625000
12368.350000
12408.025000
12447.600000
12487.275000
12526.850000
12566.700000
12606.575000
12646.250000
12685.900000
12725.500000
12765.175000
12804.950000
12844.775000
12884.600000
12924.300000
12963.875000
13003.650000
13043.225000
13083.025000
13122.875000
13162.675000
13202.375000
13241.975000
13281.675000
13321.225000
13361.000000
13400.875000
13440.650000
13480.325000
13519.900000
13559.575000
13599.200000
13638.975000
13678.900000
13718.575000
13758.200000
13797.850000
13837.525000
13877.275000
13917.225000
13957.025000
13996.750000
14036.250000
14075.975000
14115.600000
14155.375000
14195.250000
14235.025000
14274.700000
14314.175000
14353.925000
14393.500000
14433.275000
14473.150000
14512.900000
14552.575000
14592.200000
14631.900000
14671.575000
14711.375000
14751.200000
14790.975000
14830.550000
14870.250000
14909.900000
14949.675000
14989.475000
15029.325000
15069.025000
15108.525000
15148.250000
15187.850000
15227.625000
15267.550000
15307.300000
15346.975000
15386.450000
15426.150000
15465.800000
15505.600000
15545.475000
15585.200000
15624.850000
15664.400000
15704.150000
15743.850000
15783.650000
15823.475000
15863.225000
15902.825000
15942.550000
15982.175000
16021.950000
16061.750000
16101.525000
16141.300000
16180.775000
16220.500000
16260.100000
16299.875000
16339.725000
16379.550000
16419.225000
16458.725000
16498.400000
16538.075000
16577.875000
16617.750000
16657.475000
16697.125000
16736.700000
16776.375000
16816.175000
16855.975000
16895.800000
16935.525000
16975.100000
17014.800000
17054.500000
17094.275000
17134.100000
17173.850000
17213.525000
17253.100000
17292.800000
17332.425000
17372.225000
17412.075000
17451.775000
17491.475000
17531.000000
17570.700000
17610.375000
17650.200000
17690.050000
17729.825000
17769.425000
17809.075000
17848.700000
17888.500000
17928.375000
17968.175000
18007.900000
18047.450000
18087.150000
18126.700000
18166.525000
18206.350000
18246.100001
18285.775001
18325.325001
18365.025001
18404.725001
18444.525001
18484.375001
18524.050001
18563.700001
18603.325001
18643.000001
18682.750001
18722.600001
18762.425001
18802.125001
18841.775001
18881.475001
18921.050001
18960.825001
19000.675001
19040.475001
19080.200001
19119.750001
19159.425001
19198.975001
19238.750001
19278.675001
19318.400001
19358.050001
19397.625001
19437.300001
19476.900001
19516.750001
19556.625001
19596.300001
19635.925001
19675.550001
19715.225001
19755.025001
19794.875001
19834.675001
19874.400001
19913.950001
19953.725001
19993.300001
20033.075001
20072.925001
20112.725001
20152.450001
20192.200001
20231.975001
20271.875001
20311.950001
20351.975001
20391.850001
20431.800001
20471.875001
20512.150001
20552.275001
20592.500001
20632.825001
20673.300001
20713.525001
20753.875001
20794.275001
20834.725001
20874.975001
20915.350001
20955.950001
20996.625001
21037.225001
21077.900001
21118.700001
21159.450001
21200.275001
21241.225001
21282.000001
21323.150001
21363.925001
21405.075001
21446.250001
21487.300001
21528.725001
21569.775001
21611.075001
21652.425001
21693.825001
21735.450001
21776.875001
21818.575001
21860.075001
21901.800001
21943.350001
21985.225001
22027.000001
22069.025001
22110.925001
22152.750001
22194.825001
22236.825001
22279.175001
22321.125001
22363.450001
22405.750001
22448.025001
22490.575001
22533.025001
22575.425001
22618.100001
22660.700001
22703.350001
22746.225001
22788.975001
22831.750001
22874.675001
22917.825001
22960.800001
23003.875001
23047.000001
23090.300001
23133.500001
23176.700001
23220.100001
23263.625001
23307.250001
23350.975001
23394.650001
23438.400001
23482.175001
23526.025001
23569.975001
23613.925001
23658.075001
23702.325001
23746.700001
23791.175001
23835.675001
23880.250001
23924.800001
23969.425001
24014.050001
24058.825001
24103.825001
24148.700001
24193.850001
24239.050001
24284.425001
24329.850001
24375.225001
24420.675001
24466.350001
24512.175001
24557.950001
24603.850001
24649.825001
24695.925001
24742.000001
24788.300001
24834.775001
24881.175001
24927.825001
24974.525001
25021.275001
25068.250001
25115.175001
25162.375001
25209.525001
25256.950001
25304.325001
25351.975001
25399.750001
25447.550001
25495.650001
25543.750001
25592.075001
25640.575001
25689.150001
25737.825001
25786.750001
25835.900001
25885.275001
25934.875001
25984.625001
26034.625001
26084.850001
26135.350001
26186.100001
26237.175001
26288.625001
26340.500001
26392.700001
26445.500001
26498.550001
26552.250001
26606.525001
26661.150001
26716.300001
26771.950001
26828.075001
26884.700001
26941.675001
26998.975001
27056.875001
27115.000001
27173.650001
27232.575001
27292.000001
27351.775001
27412.000001
27472.525001
27533.325001
27594.500001
27656.000001
27717.875001
27780.025001
27842.425001
27905.175001
27968.225001
28031.525001
28095.225001
28159.200001
28223.550001
28288.175001
28353.175001
28418.600001
28484.425001
28550.575001
28617.150001
28684.150001
28751.600001
28819.475001
28887.775001
28956.650001
29026.000001
29095.925001
29166.375001
29237.450001
29309.175001
29381.625001
29454.775001
29528.750001
29603.575001
29679.375001
29756.275001
29834.475001
29914.175001
29995.575001
30078.875001
30163.375001
30248.925001
30335.750001
30424.225001
30515.050001
30609.275001
30708.000001
30815.550001
30993.300001
31083.825001
31183.075001
31383.725001
31474.900001
31719.800001
31813.225001
32106.100001
32198.400001
32473.850001
32566.600001
32859.275001
32951.425001
33224.650001
33317.475001
33609.975001
33702.125001
33975.375001
34068.200001
34360.700001
34452.850001
34726.100001
34818.925001
