10.000000
12.000000
3646.675000
3738.250000
3827.450000
3913.875000
3997.725000
4079.625000
4159.650000
4238.375000
4316.125000
4392.875000
4468.675000
4543.275000
4616.700000
4688.800000
4759.725000
4829.800000
4898.525000
4966.050000
5032.550000
5097.950000
5162.375000
5225.525000
5287.800000
5349.300000
5410.225000
5470.500000
5530.275000
5589.375000
5647.825000
5705.550000
5762.475000
5818.675000
5874.200000
5929.025000
5982.950000
6036.325000
6089.400000
6142.000000
6194.200000
6245.950000
6297.225000
6348.300000
6399.150000
6449.925000
6500.425000
6550.875000
6601.075000
6651.025000
6700.775000
6750.150000
6799.175000
6848.125000
6896.875000
6945.500000
6993.800000
7041.975000
7090.125000
7137.850000
7185.700000
7233.325000
7280.675000
7328.100000
7375.225000
7422.375000
7469.300000
7516.250000
7563.150000
7609.750000
7656.475000
7702.775000
7748.950000
7795.350000
7841.425000
7887.250000
7933.050000
7978.900000
8024.425000
8069.825000
8115.100000
8160.250000
8205.425000
8250.450000
8295.550000
8340.325000
8385.025000
8429.750000
8474.375000
8518.950000
8563.325000
8607.675000
8651.825000
8695.825000
8739.775000
8783.475000
8827.025000
8870.575000
8913.850000
8957.300000
9000.750000
9044.025000
9087.125000
9130.225000
9173.350000
9216.250000
9259.050000
9302.000000
9344.850000
9387.375000
9430.050000
9472.700000
9515.075000
9557.575000
9599.925000
9642.050000
9684.450000
9726.325000
9768.500000
9810.575000
9852.550000
9894.450000
9936.050000
9977.825000
10019.375000
10061.025000
10102.525000
10144.200000
10185.775000
10227.425000
10269.075000
10310.700000
10352.375000
10394.025000
10435.675000
10477.325000
10519.025000
10560.650000
10602.325000
10644.000000
10685.650000
10727.275000
10769.000000
10810.625000
10852.325000
10893.975000
10935.650000
10977.250000
11019.000000
11060.600000
11102.300000
11143.950000
11185.625000
11227.250000
11269.000000
11310.600000
11352.300000
11393.950000
11435.625000
11477.250000
11518.975000
11560.600000
11602.300000
11643.950000
11685.625000
11727.250000
11768.975000
11810.600000
11852.300000
11893.950000
11935.625000
11977.250000
12018.975000
12060.600000
12102.300000
12143.950000
12185.625000
12227.250000
12268.975000
12310.600000
12352.300000
12393.950000
12435.625000
12477.250000
12518.975000
12560.600000
12602.300000
12643.950000
12685.625000
12727.225000
12768.975000
12810.600000
12852.300000
12893.950000
12935.625000
12977.225000
13018.975000
13060.600000
13102.300000
13143.950000
13185.625000
13227.225000
13268.975000
13310.600000
13352.300000
13393.950000
13435.625000
13477.225000
13518.975000
13560.600000
13602.300000
13643.950000
13685.625000
13727.225000
13768.975000
13810.600000
13852.300000
13893.950000
13935.625000
13977.225000
14018.975000
14060.600000
14102.300000
14143.950000
14185.625000
14227.225000
14268.975000
14310.600000
14352.300000
14393.950000
14435.625000
14477.225000
14518.975000
14560.600000
14602.300000
14643.950000
14685.625000
14727.225000
14768.975000
14810.600000
14852.300000
14893.950000
14935.625000
14977.225000
15018.975000
15060.600000
15102.300000
15143.950000
15185.625000
15227.225000
15268.975000
15310.600000
15352.300000
15393.950000
15435.625000
15477.225000
15518.975000
15560.600000
15602.300000
15643.950000
15685.625000
15727.225000
15768.975000
15810.600000
15852.300000
15893.950000
15935.625000
15977.225000
16018.975000
16060.600000
16102.300000
16143.950000
16185.625000
16227.225000
16268.975000
16310.600000
16352.300000
16393.950000
16435.625000
16477.225000
16518.975000
16560.600000
16602.300000
16643.950000
16685.625000
16727.225000
16768.975000
16810.600000
16852.300000
16893.950000
16935.625000
16977.225000
17018.975000
17060.600000
17102.300000
17143.950000
17185.625000
17227.225000
17268.975000
17310.600000
17352.300000
17393.950000
17435.625000
17477.225000
17518.975000
17560.600000
17602.300000
17643.950000
17685.625000
17727.225000
17768.975000
17810.600000
17852.300000
17893.950000
17935.625000
17977.225000
18018.975000
18060.600000
18102.300000
18143.950000
18185.625000
18227.225001
18268.975001
18310.600001
18352.300001
18393.950001
18435.625001
18477.225001
18518.975001
18560.600001
18602.300001
18643.950001
18685.625001
18727.225001
18768.975001
18810.600001
18852.300001
18893.950001
18935.625001
18977.225001
19018.975001
19060.600001
19102.300001
19143.950001
19185.625001
19227.225001
19268.975001
19310.600001
19352.300001
19393.950001
19435.625001
19477.225001
19518.975001
19560.600001
19602.300001
19643.950001
19685.625001
19727.225001
19768.975001
19810.600001
19852.300001
19893.950001
19935.625001
19977.225001
20018.975001
20060.600001
20102.300001
20144.025001
20185.725001
20227.500001
20269.225001
20311.000001
20352.700001
20394.650001
20436.350001
20478.700001
20520.650001
20562.850001
20605.125001
20647.250001
20689.775001
20732.025001
20774.525001
20817.250001
20859.700001
20902.375001
20945.300001
20987.975001
21030.675001
21073.600001
21116.525001
21159.400001
21202.475001
21245.700001
21288.775001
21331.875001
21375.025001
21418.500001
21462.150001
21505.600001
21549.000001
21592.725001
21636.250001
21680.150001
21724.075001
21768.100001
21812.200001
21856.400001
21900.700001
21945.125001
21989.575001
22034.150001
22078.825001
22123.375001
22168.000001
22212.625001
22257.400001
22302.275001
22347.125001
22392.025001
22437.050001
22482.100001
22527.325001
22572.750001
22618.175001
22663.550001
22709.050001
22754.775001
22800.675001
22846.550001
22892.500001
22938.500001
22984.625001
23030.550001
23076.600001
23123.050001
23169.375001
23215.775001
23262.450001
23309.000001
23355.850001
23402.600001
23449.550001
23496.675001
23543.875001
23591.250001
23638.600001
23685.950001
23733.450001
23781.000001
23828.975001
23876.625001
23924.650001
23972.850001
24020.950001
24069.250001
24117.775001
24166.325001
24214.925001
24263.650001
24312.575001
24361.525001
24410.675001
24459.850001
24509.175001
24558.600001
24608.150001
24657.925001
24707.850001
24757.925001
24808.075001
24858.275001
24908.600001
24959.175001
25009.900001
25060.825001
25112.050001
25163.400001
25214.925001
25266.725001
25318.750001
25370.900001
25423.375001
25475.950001
25528.950001
25581.850001
25635.100001
25688.450001
25742.025001
25795.800001
25849.675001
25903.750001
25958.050001
26012.525001
26067.200001
26122.025001
26176.975001
26232.175001
26287.475001
26343.025001
26398.750001
26454.825001
26511.150001
26567.775001
26624.600001
26681.700001
26739.075001
26796.800001
26854.925001
26913.425001
26972.200001
27031.275001
27090.775001
27150.500001
27210.475001
27270.700001
27331.200001
27392.000001
27453.000001
27514.300001
27575.925001
27637.850001
27700.100001
27762.675001
27825.550001
27888.800001
27952.400001
28016.375001
28080.700001
28145.450001
28210.600001
28276.150001
28342.125001
28408.525001
28475.400001
28542.775001
28610.675001
28679.150001
28748.150001
28817.850001
28888.100001
28959.100001
29030.850001
29103.400001
29176.850001
29251.250001
29326.475001
29402.525001
29479.425001
29557.150001
29635.775001
29715.350001
29795.950001
29877.650001
29960.575001
30044.875001
30130.350001
30216.225001
30302.600001
30389.575001
30477.125001
30565.100001
30653.325001
30741.725001
30830.250001
30918.925001
31007.700001
31096.575001
31185.575001
31274.725001
31363.975001
31453.400001
31543.000001
31632.850001
31723.000001
31813.650001
31905.150001
31997.675001
32090.875001
32184.325001
32277.900001
32371.525001
32465.250001
32559.025001
32652.900001
32746.875001
32840.975001
32935.250001
33029.800001
33124.700001
33220.275001
33316.925001
33414.850001
33513.525001
33612.500001
33711.600001
33810.725001
33909.850001
34008.975001
34108.125001
34207.250001
34306.375001
34405.500001
34504.625001
34603.750001
34702.850001
34801.975001
34901.075001
