10.000000
24.000000
4438.850000
4523.000000
4603.825000
4679.800000
4751.600000
4820.525000
4887.500000
4953.025000
5017.425000
5080.475000
5142.250000
5202.975000
5262.925000
5322.025000
5380.500000
5438.500000
5496.150000
5553.175000
5609.775000
5666.000000
5721.800000
5777.000000
5831.825000
5886.075000
5940.200000
5993.850000
6047.200000
6100.225000
6152.800000
6205.200000
6257.250000
6308.550000
6359.450000
6409.725000
6459.550000
6508.950000
6558.075000
6606.875000
6655.175000
6703.025000
6750.750000
6798.000000
6845.125000
6891.675000
6937.875000
6984.100000
7030.050000
7075.650000
7121.000000
7166.325000
7211.375000
7256.475000
7301.300000
7345.925000
7390.425000
7434.775000
7479.075000
7523.200000
7567.200000
7610.950000
7654.450000
7697.900000
7741.400000
7784.675000
7827.675000
7870.525000
7913.425000
7956.325000
7998.750000
8041.325000
8083.650000
8125.850000
8168.100000
8209.900000
8251.850000
8293.575000
8335.400000
8376.875000
8418.375000
8459.525000
8500.800000
8541.700000
8582.525000
8623.425000
8663.800000
8704.200000
8744.525000
8784.775000
8824.775000
8864.750000
8904.750000
8944.700000
8984.550000
9024.200000
9063.750000
9103.175000
9142.725000
9182.000000
9221.250000
9260.675000
9299.950000
9339.075000
9378.325000
9417.675000
9456.825000
9495.800000
9534.750000
9573.650000
9612.525000
9651.350000
9690.200000
9729.050000
9767.825000
9806.600000
9845.350000
9884.050000
9922.700000
9961.175000
9999.625000
10037.950000
10076.275000
10114.525000
10152.850000
10191.325000
10229.775000
10268.175000
10306.675000
10345.025000
10383.325000
10421.575000
10459.825000
10498.125000
10536.250000
10574.650000
10613.025000
10651.400000
10689.850000
10728.150000
10766.500000
10804.675000
10842.925000
10881.075000
10919.375000
10957.775000
10996.100000
11034.525000
11072.850000
11111.125000
11149.325000
11187.550000
11225.800000
11263.950000
11302.350000
11340.725000
11379.175000
11417.575000
11455.825000
11494.125000
11532.225000
11570.475000
11608.550000
11646.925000
11685.275000
11723.625000
11762.050000
11800.300000
11838.575000
11876.625000
11914.900000
11953.025000
11991.400000
12029.800000
12068.150000
12106.575000
12144.850000
12183.125000
12221.175000
12259.475000
12297.575000
12335.875000
12374.200000
12412.600000
12451.025000
12489.225000
12527.525000
12565.625000
12603.925000
12642.075000
12680.350000
12718.725000
12757.125000
12795.525000
12833.750000
12872.075000
12910.175000
12948.425000
12986.500000
13024.825000
13063.200000
13101.525000
13139.950000
13178.250000
13216.600000
13254.800000
13293.025000
13331.200000
13369.475000
13407.850000
13446.175000
13484.600000
13522.925000
13561.175000
13599.425000
13637.625000
13675.875000
13714.000000
13752.375000
13790.775000
13829.200000
13867.625000
13905.850000
13944.150000
13982.250000
14020.525000
14058.575000
14096.925000
14135.275000
14173.650000
14212.050000
14250.300000
14288.600000
14326.650000
14364.925000
14403.050000
14441.425000
14479.800000
14518.150000
14556.600000
14594.850000
14633.125000
14671.200000
14709.475000
14747.575000
14785.875000
14824.225000
14862.600000
14901.025000
14939.225000
14977.525000
15015.625000
15053.950000
15092.075000
15130.375000
15168.750000
15207.125000
15245.525000
15283.750000
15322.075000
15360.200000
15398.450000
15436.525000
15474.825000
15513.200000
15551.550000
15589.975000
15628.250000
15666.600000
15704.825000
15743.025000
15781.250000
15819.500000
15857.875000
15896.200000
15934.600000
15972.975000
16011.200000
16049.450000
16087.650000
16125.900000
16164.000000
16202.400000
16240.775000
16279.200000
16317.625000
16355.850000
16394.175000
16432.275000
16470.525000
16508.575000
16546.925000
16585.300000
16623.650000
16662.075000
16700.325000
16738.600000
16776.650000
16814.925000
16853.050000
16891.425000
16929.800000
16968.150000
17006.600000
17044.850000
17083.125000
17121.200000
17159.475000
17197.575000
17235.875000
17274.225000
17312.625000
17351.025000
17389.225000
17427.525000
17465.650000
17503.950000
17542.075000
17580.375000
17618.750000
17657.125000
17695.550000
17733.750000
17772.075000
17810.200000
17848.450000
17886.525000
17924.850000
17963.225000
18001.550000
18039.975000
18078.275000
18116.625000
18154.850000
18193.050000
18231.275001
18269.500001
18307.875001
18346.200001
18384.625001
18422.975001
18461.225001
18499.475001
18537.650001
18575.925001
18614.025001
18652.400001
18690.775001
18729.225001
18767.650001
18805.850001
18844.175001
18882.275001
18920.525001
18958.575001
18996.950001
19035.300001
19073.650001
19112.075001
19150.325001
19188.600001
19226.650001
19264.925001
19303.050001
19341.425001
19379.800001
19418.150001
19456.600001
19494.850001
19533.150001
19571.200001
19609.475001
19647.575001
19685.875001
19724.225001
19762.625001
19801.025001
19839.225001
19877.525001
19915.650001
19953.950001
19992.100001
20030.375001
20068.750001
20107.150001
20145.575001
20183.950001
20222.400001
20260.800001
20299.125001
20337.575001
20376.050001
20414.525001
20453.075001
20491.675001
20530.325001
20569.075001
20607.900001
20646.775001
20685.675001
20724.600001
20763.525001
20802.500001
20841.475001
20880.400001
20919.375001
20958.325001
20997.325001
21036.350001
21075.550001
21114.900001
21154.175001
21193.400001
21232.900001
21272.375001
21312.000001
21351.525001
21391.200001
21430.650001
21470.350001
21510.000001
21549.800001
21589.725001
21629.725001
21669.500001
21709.425001
21749.425001
21789.700001
21829.925001
21870.050001
21910.325001
21950.825001
21991.225001
22031.550001
22072.000001
22112.475001
22152.775001
22193.200001
22233.950001
22274.675001
22315.250001
22356.150001
22397.000001
22437.750001
22478.925001
22519.700001
22560.825001
22601.975001
22643.100001
22684.500001
22725.675001
22767.325001
22808.600001
22850.150001
22891.625001
22933.225001
22974.825001
23016.625001
23058.275001
23100.150001
23142.000001
23184.175001
23226.175001
23268.375001
23310.600001
23352.825001
23395.350001
23437.650001
23480.225001
23522.925001
23565.475001
23608.150001
23651.075001
23693.950001
23736.900001
23780.075001
23823.325001
23866.500001
23909.650001
23952.900001
23996.400001
24040.075001
24083.625001
24127.325001
24171.025001
24214.900001
24258.800001
24302.850001
24347.000001
24391.325001
24435.725001
24480.250001
24524.800001
24569.425001
24614.100001
24659.000001
24704.100001
24749.225001
24794.625001
24840.125001
24885.700001
24931.450001
24977.425001
25023.550001
25069.675001
25116.150001
25162.850001
25209.625001
25256.750001
25303.975001
25351.475001
25399.175001
25447.175001
25495.525001
25544.000001
25592.725001
25641.650001
25690.850001
25740.275001
25789.875001
25839.700001
25889.725001
25939.925001
25990.250001
26040.775001
26091.450001
26142.275001
26193.275001
26244.450001
26295.800001
26347.200001
26398.750001
26450.600001
26502.525001
26554.575001
26606.850001
26659.150001
26711.700001
26764.300001
26817.125001
26870.050001
26923.200001
26976.350001
27029.775001
27083.275001
27136.925001
27190.825001
27244.875001
27298.950001
27353.275001
27407.825001
27462.550001
27517.450001
27572.475001
27627.675001
27683.075001
27738.675001
27794.500001
27850.550001
27906.900001
27963.450001
28020.250001
28077.375001
28134.825001
28192.575001
28250.675001
28309.025001
28367.775001
28426.675001
28485.925001
28545.550001
28605.450001
28665.700001
28726.325001
28787.375001
28848.875001
28910.925001
28973.575001
29036.825001
29100.875001
29165.550001
29231.000001
29297.200001
29364.150001
29431.925001
29500.525001
29570.000001
29640.300001
29711.475001
29783.600001
29856.775001
29931.175001
30007.150001
30085.000001
30164.300001
30244.675001
30325.950001
30407.925001
30490.275001
30572.825001
30655.500001
30738.250001
30821.050001
30903.875001
30986.750001
31069.675001
31152.600001
31235.575001
31318.550001
31401.575001
31484.600001
31567.650001
31650.750001
31733.850001
31816.975001
31900.100001
31983.275001
32066.450001
32149.650001
32232.850001
32316.100001
32399.350001
32482.600001
32565.900001
32649.200001
32732.525001
32815.850001
32899.225001
32982.600001
33066.000001
33149.425001
33232.850001
33316.325001
33399.825001
33483.325001
33566.875001
33650.450001
33734.050001
33817.650001
33901.325001
33985.025001
34068.750001
34152.525001
34236.350001
34320.225001
34404.175001
34488.175001
34572.250001
34656.400001
34740.650001
34825.000001
34909.475001
34994.075001
