10.000000
8.000000
3501.475000
3597.725000
3690.975000
3779.275000
3864.450000
3947.750000
4029.525000
4109.625000
4188.400000
4265.950000
4342.375000
4417.725000
4491.700000
4564.450000
4636.225000
4707.150000
4777.125000
4846.700000
4915.400000
4983.550000
5051.200000
5118.300000
5184.725000
5250.425000
5315.250000
5379.375000
5442.400000
5504.550000
5565.750000
5626.250000
5686.050000
5745.450000
5804.000000
5861.950000
5919.150000
5975.575000
6031.500000
6086.700000
6141.375000
6195.375000
6248.425000
6301.025000
6352.850000
6404.275000
6455.450000
6506.475000
6557.250000
6607.775000
6658.125000
6708.200000
6758.125000
6808.000000
6857.800000
6907.475000
6956.925000
7006.150000
7055.250000
7104.025000
7152.600000
7201.200000
7249.550000
7297.775000
7345.975000
7393.900000
7441.675000
7489.350000
7536.900000
7584.525000
7631.700000
7679.050000
7726.000000
7773.200000
7820.075000
7867.050000
7913.675000
7960.225000
8006.900000
8053.125000
8099.475000
8145.800000
8191.750000
8237.600000
8283.475000
8329.350000
8374.900000
8420.475000
8466.100000
8511.725000
8557.200000
8602.425000
8647.475000
8692.575000
8737.475000
8782.250000
8827.000000
8871.825000
8916.500000
8960.900000
9005.300000
9049.600000
9093.875000
9138.025000
9182.025000
9225.950000
9269.800000
9313.600000
9357.475000
9401.250000
9444.875000
9488.425000
9531.850000
9575.025000
9618.425000
9661.825000
9705.150000
9748.225000
9791.375000
9834.500000
9877.325000
9920.225000
9963.225000
10006.175000
10048.650000
10091.350000
10134.075000
10176.475000
10219.100000
10261.800000
10304.300000
10346.850000
10389.525000
10431.975000
10474.550000
10517.325000
10559.700000
10602.275000
10644.975000
10687.375000
10730.025000
10772.600000
10815.000000
10857.625000
10900.150000
10942.600000
10985.225000
11027.700000
11070.050000
11112.675000
11155.150000
11197.425000
11240.075000
11282.325000
11324.775000
11367.450000
11409.725000
11452.250000
11494.825000
11537.175000
11579.775000
11622.250000
11664.500000
11707.125000
11749.500000
11791.850000
11834.450000
11876.550000
11919.075000
11961.500000
12003.925000
12046.375000
12088.825000
12131.075000
12173.625000
12216.000000
12258.300000
12300.925000
12343.150000
12385.625000
12428.125000
12470.475000
12513.000000
12555.450000
12597.650000
12640.225000
12682.500000
12724.875000
12767.525000
12809.750000
12852.225000
12894.725000
12937.025000
12979.650000
13022.050000
13064.150000
13106.775000
13148.850000
13191.350000
13233.750000
13276.100000
13318.600000
13361.000000
13403.250000
13445.800000
13488.050000
13530.450000
13573.050000
13615.275000
13657.775000
13700.225000
13742.600000
13785.100000
13827.500000
13869.725000
13912.275000
13954.500000
13996.900000
14039.325000
14081.700000
14124.125000
14166.625000
14208.750000
14251.325000
14293.550000
14335.925000
14378.525000
14420.775000
14463.275000
14505.700000
14548.025000
14590.575000
14632.950000
14675.175000
14717.775000
14759.900000
14802.375000
14844.875000
14887.200000
14929.750000
14972.175000
15014.325000
15056.925000
15099.100000
15141.550000
15184.075000
15226.325000
15268.850000
15311.225000
15353.600000
15396.075000
15438.450000
15480.675000
15523.275000
15565.425000
15607.900000
15650.375000
15692.725000
15735.225000
15777.625000
15819.850000
15862.400000
15904.700000
15947.075000
15989.600000
16031.925000
16074.375000
16116.900000
16159.175000
16201.650000
16244.075000
16286.225000
16328.875000
16370.950000
16413.425000
16455.875000
16498.225000
16540.750000
16583.150000
16625.350000
16667.925000
16710.100000
16752.500000
16795.050000
16837.375000
16879.900000
16922.325000
16964.575000
17007.175000
17049.500000
17091.825000
17134.400000
17176.500000
17219.000000
17261.375000
17303.775000
17346.200000
17388.600000
17430.775000
17473.350000
17515.500000
17557.950000
17600.425000
17642.775000
17685.275000
17727.700000
17769.925000
17812.500000
17854.825000
17897.175000
17939.750000
17982.000000
18024.475000
18067.000000
18109.300000
18151.775000
18194.200000
18236.300001
18278.950001
18321.000001
18363.475001
18405.925001
18448.275001
18490.800001
18533.200001
18575.400001
18617.975001
18660.175001
18702.575001
18745.175001
18787.450001
18829.975001
18872.400001
18914.675001
18957.250001
18999.625001
19041.900001
19084.475001
19126.550001
19169.050001
19211.425001
19253.825001
19296.250001
19338.650001
19380.800001
19423.375001
19465.525001
19507.950001
19550.450001
19592.800001
19635.300001
19677.725001
19719.975001
19762.525001
19804.900001
19847.225001
19889.800001
19932.025001
19974.500001
20017.025001
20059.350001
20101.800001
20144.300001
20186.600001
20229.400001
20271.975001
20314.525001
20357.525001
20400.475001
20443.200001
20485.975001
20529.125001
20572.075001
20615.050001
20658.150001
20701.425001
20744.725001
20788.025001
20831.575001
20874.975001
20918.700001
20962.500001
21006.400001
21050.250001
21094.150001
21138.075001
21182.125001
21226.150001
21270.375001
21314.700001
21359.175001
21403.750001
21448.275001
21492.850001
21537.425001
21582.100001
21626.875001
21671.925001
21717.050001
21762.275001
21807.525001
21852.725001
21898.100001
21943.575001
21989.150001
22034.775001
22080.375001
22126.075001
22171.975001
22217.975001
22263.800001
22309.800001
22356.100001
22402.450001
22448.675001
22495.325001
22541.800001
22588.450001
22635.325001
22682.125001
22729.150001
22776.025001
22823.300001
22870.450001
22917.900001
22965.125001
23012.650001
23060.125001
23107.925001
23155.725001
23203.600001
23251.675001
23299.750001
23347.925001
23396.375001
23444.925001
23493.350001
23541.925001
23590.725001
23639.725001
23688.675001
23737.600001
23786.700001
23835.975001
23885.450001
23935.075001
23984.725001
24034.525001
24084.450001
24134.475001
24184.600001
24234.825001
24285.175001
24335.700001
24386.200001
24436.950001
24487.825001
24538.825001
24590.050001
24641.400001
24692.850001
24744.500001
24796.375001
24848.400001
24900.725001
24953.100001
25005.700001
25058.325001
25111.200001
25164.150001
25217.550001
25270.900001
25324.525001
25378.450001
25432.425001
25486.500001
25540.925001
25595.550001
25650.150001
25705.000001
25760.000001
25815.100001
25870.450001
25925.975001
25981.700001
26037.525001
26093.575001
26149.900001
26206.450001
26263.200001
26320.125001
26377.225001
26434.625001
26492.075001
26549.775001
26607.775001
26665.975001
26724.450001
26783.100001
26841.925001
26901.100001
26960.450001
27020.125001
27080.100001
27140.325001
27200.800001
27261.600001
27322.700001
27384.150001
27445.875001
27507.900001
27570.300001
27633.075001
27696.200001
27759.675001
27823.600001
27887.900001
27952.675001
28017.950001
28083.650001
28149.875001
28216.675001
28284.100001
28352.200001
28420.875001
28490.175001
28560.025001
28630.500001
28701.625001
28773.450001
28845.975001
28919.275001
28993.475001
29068.775001
29145.200001
29222.600001
29301.025001
29380.450001
29460.975001
29542.675001
29625.725001
29710.250001
29796.575001
29885.050001
29976.425001
30072.125001
30172.075001
30275.825001
30383.125001
30492.750001
30603.625001
30715.450001
30828.400001
30943.250001
31063.725001
31948.525001
32059.375001
32800.750001
32911.975001
33657.400001
33768.600001
34514.350001
34625.550001
