1.000000
21.000000
4251.850000
4332.350000
4408.450000
4480.600000
4549.900000
4617.325000
4682.925000
4746.975000
4809.550000
4870.975000
4931.675000
4991.700000
5051.250000
5110.150000
5168.900000
5227.175000
5285.250000
5342.850000
5400.075000
5457.050000
5513.575000
5569.650000
5625.200000
5680.325000
5734.975000
5789.000000
5842.650000
5896.000000
5948.675000
6001.225000
6053.250000
6105.150000
6156.775000
6207.925000
6258.650000
6309.150000
6359.325000
6409.100000
6458.450000
6507.600000
6556.500000
6604.925000
6653.000000
6701.025000
6748.575000
6796.200000
6843.525000
6891.000000
6938.200000
6985.425000
7032.375000
7079.325000
7125.950000
7172.700000
7219.225000
7265.500000
7311.975000
7358.125000
7404.150000
7450.125000
7496.000000
7541.675000
7587.250000
7632.850000
7678.550000
7723.950000
7769.200000
7814.150000
7859.200000
7904.150000
7948.800000
7993.475000
8038.150000
8082.825000
8127.350000
8171.750000
8216.100000
8260.275000
8304.300000
8348.200000
8392.000000
8435.775000
8479.550000
8523.200000
8566.625000
8609.725000
8652.775000
8695.875000
8738.750000
8781.525000
8824.350000
8867.100000
8909.475000
8951.875000
8994.175000
9036.100000
9078.275000
9120.200000
9162.300000
9203.975000
9245.725000
9287.200000
9328.975000
9370.325000
9412.000000
9453.250000
9494.650000
9535.800000
9576.900000
9618.175000
9659.150000
9700.300000
9741.300000
9782.075000
9823.150000
9863.775000
9904.500000
9945.450000
9985.950000
10026.375000
10067.125000
10107.750000
10148.275000
10188.800000
10229.375000
10269.650000
10310.050000
10350.800000
10391.375000
10431.750000
10472.225000
10512.700000
10552.950000
10593.300000
10633.900000
10674.525000
10714.950000
10755.450000
10795.900000
10836.100000
10876.425000
10917.000000
10957.550000
10998.025000
11038.600000
11079.175000
11119.400000
11159.725000
11200.175000
11240.675000
11280.975000
11321.450000
11362.200000
11402.525000
11442.900000
11483.300000
11523.725000
11563.925000
11604.300000
11644.825000
11685.375000
11725.850000
11766.450000
11806.925000
11847.175000
11887.475000
11927.925000
11968.375000
12008.600000
12048.925000
12089.600000
12130.150000
12170.550000
12211.000000
12251.425000
12291.700000
12332.000000
12372.500000
12413.000000
12453.450000
12494.050000
12534.625000
12574.875000
12615.200000
12655.625000
12696.050000
12736.225000
12776.525000
12817.150000
12857.725000
12898.200000
12938.700000
12979.225000
13019.450000
13059.750000
13100.200000
13140.700000
13181.025000
13221.575000
13262.275000
13302.575000
13342.925000
13383.325000
13423.750000
13463.925000
13504.325000
13544.850000
13585.400000
13625.875000
13666.475000
13706.950000
13747.175000
13787.500000
13827.950000
13868.400000
13908.600000
13948.950000
13989.625000
14030.175000
14070.550000
14111.000000
14151.425000
14191.700000
14232.025000
14272.500000
14313.000000
14353.450000
14394.075000
14434.625000
14474.875000
14515.200000
14555.625000
14596.050000
14636.225000
14676.525000
14717.175000
14757.750000
14798.200000
14838.700000
14879.225000
14919.450000
14959.750000
15000.225000
15040.725000
15081.025000
15121.575000
15162.300000
15202.575000
15242.925000
15283.325000
15323.750000
15363.925000
15404.325000
15444.850000
15485.400000
15525.875000
15566.475000
15606.950000
15647.175000
15687.500000
15727.950000
15768.400000
15808.600000
15848.975000
15889.650000
15930.200000
15970.575000
16011.000000
16051.425000
16091.700000
16132.025000
16172.500000
16213.025000
16253.475000
16294.075000
16334.625000
16374.875000
16415.200000
16455.625000
16496.050000
16536.225000
16576.525000
16617.175000
16657.750000
16698.200000
16738.700000
16779.225000
16819.450000
16859.750000
16900.225000
16940.725000
16981.050000
17021.600000
17062.300000
17102.575000
17142.925000
17183.325000
17223.750000
17263.925000
17304.325000
17344.850000
17385.400000
17425.875000
17466.475000
17506.950000
17547.175000
17587.500000
17627.950000
17668.400000
17708.625000
17748.975000
17789.675000
17830.200000
17870.575000
17911.000000
17951.425000
17991.725000
18032.025000
18072.500000
18113.025000
18153.475000
18194.075000
18234.650001
18274.900001
18315.200001
18355.650001
18396.050001
18436.225001
18476.525001
18517.175001
18557.750001
18598.200001
18638.700001
18679.225001
18719.450001
18759.750001
18800.225001
18840.725001
18881.050001
18921.600001
18962.300001
19002.600001
19042.925001
19083.325001
19123.750001
19163.925001
19204.325001
19244.850001
19285.425001
19325.875001
19366.475001
19406.950001
19447.175001
19487.500001
19527.950001
19568.400001
19608.625001
19649.000001
19689.700001
19730.200001
19770.575001
19811.000001
19851.425001
19891.725001
19932.025001
19972.500001
20013.025001
20053.500001
20094.100001
20134.675001
20174.975001
20215.400001
20256.175001
20296.875001
20337.450001
20378.300001
20419.125001
20459.800001
20500.875001
20541.675001
20582.650001
20623.750001
20664.725001
20706.000001
20747.075001
20788.300001
20829.775001
20870.925001
20912.400001
20953.725001
20995.425001
21036.800001
21078.700001
21120.250001
21162.175001
21203.800001
21245.675001
21287.325001
21329.300001
21370.950001
21413.075001
21455.200001
21497.175001
21539.400001
21581.600001
21623.900001
21666.275001
21708.450001
21751.100001
21793.425001
21835.950001
21878.800001
21921.350001
21964.000001
22006.950001
22049.775001
22092.675001
22135.750001
22179.025001
22222.075001
22265.150001
22308.300001
22351.700001
22395.275001
22438.775001
22482.200001
22525.825001
22569.500001
22613.350001
22657.350001
22701.300001
22745.425001
22789.600001
22833.875001
22878.200001
22922.550001
22966.975001
23011.375001
23055.975001
23100.750001
23145.600001
23190.375001
23235.300001
23280.300001
23325.225001
23370.375001
23415.550001
23460.900001
23506.450001
23552.025001
23597.600001
23643.250001
23689.025001
23734.975001
23780.875001
23827.000001
23873.425001
23919.650001
23966.200001
24012.925001
24059.600001
24106.625001
24153.625001
24201.000001
24248.275001
24295.825001
24343.375001
24391.300001
24439.350001
24487.475001
24535.875001
24584.550001
24633.275001
24682.175001
24731.350001
24780.675001
24830.250001
24880.050001
24930.050001
24980.175001
25030.375001
25080.625001
25131.100001
25181.775001
25232.550001
25283.575001
25334.725001
25385.925001
25437.275001
25488.800001
25540.525001
25592.350001
25644.400001
25696.575001
25748.800001
25801.275001
25853.825001
25906.650001
25959.450001
26012.525001
26065.600001
26118.975001
26172.475001
26226.050001
26279.950001
26333.950001
26388.050001
26442.325001
26496.800001
26551.400001
26606.125001
26661.000001
26716.000001
26771.175001
26826.450001
26881.925001
26937.550001
26993.350001
27049.400001
27105.650001
27162.100001
27218.750001
27275.525001
27332.525001
27389.775001
27447.125001
27504.700001
27562.525001
27620.500001
27678.800001
27737.200001
27795.900001
27854.800001
27913.950001
27973.375001
28033.025001
28092.950001
28153.125001
28213.625001
28274.450001
28335.600001
28397.075001
28458.850001
28521.025001
28583.600001
28646.675001
28710.200001
28774.325001
28839.050001
28904.425001
28970.500001
29037.250001
29104.700001
29172.775001
29241.475001
29310.750001
29380.675001
29451.275001
29522.550001
29594.600001
29667.500001
29741.350001
29816.300001
29892.675001
29970.800001
30051.150001
30133.525001
30216.975001
30301.225001
30386.100001
30471.575001
30557.650001
30644.425001
30732.025001
30820.725001
30910.925001
31003.000001
31096.925001
31192.750001
31290.000001
31387.900001
31486.200001
31584.800001
31683.825001
31783.350001
31883.600001
31984.750001
32086.900001
32189.800001
32293.150001
32396.650001
32500.175001
32603.725001
32707.250001
32810.750001
32914.250001
33017.725001
33121.200001
33224.675001
33328.150001
33431.625001
33535.075001
33638.550001
33742.025001
33845.475001
33948.950001
34052.425001
34155.875001
34259.325001
34362.800001
34466.275001
34569.725001
34673.200001
34776.650001
34880.125001
34983.575001
