200.000000
4.000000
6534.125000
6584.250000
6630.250000
6673.400000
6714.750000
6754.725000
6793.450000
6831.250000
6867.975000
6903.925000
6939.550000
6974.475000
7009.050000
7042.900000
7076.450000
7109.600000
7142.525000
7175.525000
7207.975000
7240.350000
7272.700000
7304.775000
7336.800000
7368.700000
7400.550000
7432.100000
7463.425000
7495.000000
7526.100000
7557.450000
7588.475000
7619.700000
7650.675000
7681.525000
7712.275000
7742.875000
7773.500000
7804.025000
7834.525000
7864.950000
7895.375000
7925.825000
7956.350000
7986.850000
8017.350000
8047.850000
8078.375000
8108.850000
8139.300000
8169.475000
8199.525000
8229.800000
8259.975000
8289.900000
8320.075000
8350.325000
8380.150000
8410.250000
8440.075000
8470.075000
8500.025000
8529.875000
8559.575000
8589.525000
8619.225000
8649.075000
8678.725000
8708.600000
8738.225000
8767.750000
8797.600000
8827.150000
8856.650000
8886.275000
8915.875000
8945.300000
8974.725000
9004.025000
9033.600000
9063.075000
9092.450000
9121.775000
9150.975000
9180.200000
9209.325000
9238.500000
9267.625000
9296.800000
9325.875000
9355.025000
9384.200000
9413.300000
9442.450000
9471.600000
9500.725000
9529.875000
9559.025000
9588.125000
9617.300000
9646.425000
9675.550000
9704.600000
9733.725000
9762.450000
9791.200000
9820.125000
9849.075000
9878.125000
9906.650000
9935.425000
9964.425000
9992.875000
10021.575000
10050.525000
10079.025000
10107.650000
10136.550000
10164.925000
10193.675000
10222.575000
10250.950000
10279.750000
10308.425000
10336.900000
10365.700000
10394.250000
10422.900000
10451.575000
10480.025000
10508.900000
10537.300000
10566.000000
10594.900000
10623.275000
10652.025000
10680.825000
10709.225000
10738.000000
10766.675000
10795.200000
10824.025000
10852.500000
10881.225000
10909.725000
10938.250000
10967.175000
10995.575000
11024.275000
11053.200000
11081.550000
11110.300000
11139.050000
11167.500000
11196.325000
11224.875000
11253.500000
11282.150000
11310.600000
11339.475000
11367.925000
11396.575000
11425.450000
11453.825000
11482.550000
11511.375000
11539.800000
11568.625000
11597.300000
11625.750000
11654.550000
11683.000000
11711.750000
11740.425000
11768.925000
11797.775000
11826.100000
11854.825000
11883.700000
11912.125000
11940.900000
11969.700000
11998.075000
12026.875000
12055.425000
12084.050000
12112.850000
12141.325000
12170.050000
12198.450000
12227.100000
12256.025000
12284.450000
12313.150000
12342.000000
12370.350000
12399.150000
12427.925000
12456.400000
12485.200000
12513.675000
12542.350000
12570.825000
12599.400000
12628.325000
12656.775000
12685.400000
12714.275000
12742.625000
12771.400000
12800.225000
12828.675000
12857.475000
12886.025000
12914.600000
12943.225000
12971.725000
13000.575000
13029.100000
13057.675000
13086.575000
13114.925000
13143.675000
13172.550000
13200.925000
13229.750000
13258.350000
13286.875000
13315.650000
13344.150000
13372.850000
13401.450000
13429.950000
13458.850000
13487.225000
13515.950000
13544.850000
13573.225000
13602.000000
13630.725000
13659.175000
13687.950000
13716.550000
13745.150000
13773.900000
13802.350000
13831.175000
13859.600000
13888.200000
13917.150000
13945.525000
13974.250000
14003.150000
14031.525000
14060.275000
14088.950000
14117.450000
14146.275000
14174.775000
14203.475000
14232.025000
14260.525000
14289.425000
14317.850000
14346.525000
14375.400000
14403.800000
14432.525000
14461.275000
14489.750000
14518.575000
14547.175000
14575.700000
14604.425000
14632.875000
14661.725000
14690.275000
14718.825000
14747.700000
14776.050000
14804.775000
14833.625000
14862.050000
14890.875000
14919.600000
14948.025000
14976.800000
15005.275000
15034.000000
15062.700000
15091.200000
15120.000000
15148.350000
15177.050000
15205.975000
15234.375000
15263.100000
15291.950000
15320.300000
15349.100000
15377.750000
15406.325000
15435.125000
15463.550000
15492.300000
15520.700000
15549.350000
15578.300000
15606.725000
15635.375000
15664.225000
15692.575000
15721.375000
15750.125000
15778.625000
15807.450000
15835.925000
15864.575000
15893.075000
15921.650000
15950.525000
15979.000000
16007.625000
16036.500000
16064.875000
16093.650000
16122.500000
16150.875000
16179.725000
16208.250000
16236.850000
16265.550000
16294.050000
16322.825000
16351.300000
16379.900000
16408.800000
16437.175000
16465.925000
16494.800000
16523.175000
16551.975000
16580.650000
16609.125000
16637.900000
16666.425000
16695.100000
16723.750000
16752.250000
16781.125000
16809.500000
16838.150000
16867.100000
16895.450000
16924.225000
16953.075000
16981.475000
17010.250000
17038.825000
17067.400000
17096.200000
17124.675000
17153.425000
17181.925000
17210.475000
17239.400000
17267.775000
17296.500000
17325.375000
17353.750000
17382.500000
17411.200000
17439.700000
17468.550000
17497.075000
17525.675000
17554.300000
17582.775000
17611.675000
17640.150000
17668.800000
17697.675000
17726.000000
17754.750000
17783.550000
17812.000000
17840.850000
17869.500000
17897.975000
17926.675000
17955.125000
17983.950000
18012.525000
18041.100000
18069.950000
18098.300000
18127.025000
18155.900000
18184.325000
18213.075000
18241.850001
18270.250001
18299.025001
18327.575001
18356.250001
18385.000001
18413.425001
18442.250001
18470.625001
18499.300001
18528.250001
18556.675001
18585.350001
18614.175001
18642.550001
18671.350001
18700.000001
18728.550001
18757.375001
18785.800001
18814.550001
18842.975001
18871.600001
18900.500001
18928.950001
18957.600001
18986.450001
19014.825001
19043.625001
19072.400001
19100.825001
19129.675001
19158.175001
19186.800001
19215.425001
19243.950001
19272.775001
19301.225001
19329.875001
19358.750001
19387.125001
19415.900001
19444.750001
19473.125001
19501.950001
19530.550001
19559.100001
19587.825001
19616.325001
19645.075001
19673.600001
19702.175001
19731.075001
19759.425001
19788.125001
19817.050001
19845.425001
19874.225001
19903.000001
19931.425001
19960.200001
19988.725001
20017.375001
20046.100001
20074.575001
20103.400001
20131.875001
20160.475001
20189.425001
20217.975001
20246.625001
20275.575001
20304.300001
20332.875001
20361.800001
20390.825001
20419.900001
20448.475001
20477.275001
20506.275001
20535.325001
20564.475001
20593.550001
20622.750001
20651.900001
20681.125001
20710.250001
20739.500001
20768.725001
20797.900001
20827.100001
20856.325001
20885.500001
20914.700001
20943.925001
20973.075001
21002.325001
21031.500001
21060.725001
21089.925001
21119.200001
21148.325001
21177.750001
21207.175001
21236.725001
21266.175001
21295.500001
21325.075001
21354.650001
21384.175001
21413.675001
21443.250001
21472.925001
21502.500001
21532.225001
21561.900001
21591.675001
21621.450001
21651.075001
21681.100001
21710.800001
21740.825001
21770.500001
21800.600001
21830.450001
21860.400001
21890.525001
21920.350001
21950.575001
21980.750001
22010.675001
22040.950001
22071.150001
22101.150001
22131.325001
22161.750001
22192.200001
22222.675001
22253.175001
22283.625001
22313.925001
22344.175001
22374.525001
22404.950001
22435.475001
22466.050001
22496.625001
22527.200001
22557.775001
22588.375001
22619.000001
22649.625001
22680.225001
22710.875001
22741.625001
22772.575001
22803.475001
22834.275001
22865.025001
22895.950001
22926.950001
22957.875001
22988.950001
23020.050001
23051.000001
23082.175001
23113.275001
23144.575001
23175.725001
23207.000001
23238.225001
23269.725001
23300.925001
23332.425001
23363.775001
23395.200001
23426.800001
23458.250001
23489.750001
23521.450001
23553.300001
23585.050001
23616.800001
23648.300001
23680.025001
23711.900001
23743.800001
23775.725001
23807.700001
23839.700001
23871.700001
23903.700001
23935.700001
23967.725001
23999.850001
24031.925001
24064.275001
24096.575001
24128.850001
24161.275001
24193.675001
24226.000001
24258.625001
24291.125001
24323.675001
24356.300001
24389.050001
24421.675001
24454.525001
24487.175001
24520.075001
24553.150001
24585.975001
24618.900001
24652.025001
24685.225001
24718.475001
24751.750001
24785.025001
24818.350001
24851.750001
24885.225001
24918.725001
24952.225001
24985.725001
25019.275001
25053.050001
25086.800001
25120.475001
25154.325001
25188.200001
25222.200001
25256.275001
25290.425001
25324.525001
25358.900001
25393.200001
25427.500001
25461.950001
25496.550001
25531.275001
25566.025001
25600.800001
25635.625001
25670.475001
25705.475001
25740.650001
25775.800001
25811.025001
25846.425001
25881.775001
25917.350001
25953.050001
25988.600001
26024.375001
26060.275001
26096.300001
26132.375001
26168.575001
26204.825001
26241.150001
26277.525001
26314.075001
26350.700001
26387.375001
26424.275001
26461.325001
26498.275001
26535.525001
26572.950001
26610.450001
26648.100001
26685.850001
26723.800001
26761.925001
26800.275001
26838.625001
26877.225001
26916.050001
26955.025001
26994.200001
27033.650001
27073.175001
27113.025001
27153.100001
27193.250001
27233.675001
27274.300001
27315.025001
27356.075001
27397.275001
27438.575001
27480.175001
27521.975001
27564.050001
27606.400001
27649.025001
27691.975001
27735.175001
27778.700001
27822.600001
27866.825001
27911.450001
27956.475001
28002.025001
28048.025001
28094.475001
28141.425001
28188.850001
28236.925001
28285.575001
28334.850001
28384.800001
28435.550001
28487.200001
28539.875001
28593.825001
28649.350001
28706.900001
28767.225001
28831.675001
28904.825001
29064.375001
29125.750001
29313.650001
29375.975001
29698.000001
29761.675001
30718.875001
30782.175001
31446.150001
31509.425001
32178.500001
32241.450001
32882.550001
32945.875001
33590.725001
33654.050001
34308.400001
34371.475001
