1.000000
12.000000
3819.025000
3906.675000
3990.400000
4070.000000
4146.650000
4220.700000
4292.725000
4363.050000
4431.725000
4498.875000
4564.900000
4630.100000
4694.350000
4757.875000
4820.600000
4882.775000
4944.500000
5005.600000
5066.275000
5126.375000
5186.050000
5245.525000
5304.475000
5363.225000
5421.625000
5479.875000
5537.525000
5594.925000
5651.900000
5708.250000
5763.975000
5819.400000
5874.550000
5929.550000
5984.250000
6038.600000
6092.700000
6146.675000
6200.325000
6253.625000
6306.775000
6359.325000
6411.775000
6463.775000
6515.475000
6567.200000
6618.750000
6670.000000
6721.000000
6771.925000
6822.775000
6873.475000
6923.900000
6974.250000
7024.525000
7074.600000
7124.525000
7174.350000
7224.000000
7273.475000
7322.800000
7371.975000
7420.775000
7469.475000
7518.150000
7566.625000
7614.850000
7663.175000
7711.250000
7759.100000
7807.050000
7854.625000
7902.275000
7949.750000
7997.000000
8044.175000
8091.275000
8138.175000
8185.125000
8231.700000
8278.275000
8324.675000
8370.775000
8417.000000
8463.075000
8508.975000
8554.975000
8600.950000
8646.650000
8692.250000
8737.650000
8783.025000
8828.525000
8873.750000
8918.950000
8963.850000
9008.700000
9053.675000
9098.425000
9143.050000
9187.550000
9232.025000
9276.375000
9320.725000
9365.025000
9409.325000
9453.650000
9497.850000
9541.975000
9585.925000
9630.050000
9674.050000
9718.025000
9761.900000
9805.625000
9849.100000
9892.750000
9936.075000
9979.725000
10023.300000
10066.600000
10109.650000
10152.775000
10196.075000
10239.350000
10282.675000
10325.975000
10369.250000
10412.525000
10455.675000
10498.650000
10541.775000
10585.100000
10628.525000
10671.800000
10715.000000
10758.125000
10801.400000
10844.550000
10887.550000
10930.600000
10973.850000
11017.200000
11060.475000
11103.800000
11146.975000
11190.275000
11233.350000
11276.350000
11319.450000
11362.700000
11405.925000
11448.950000
11492.200000
11535.600000
11579.050000
11622.150000
11665.175000
11708.225000
11751.475000
11794.650000
11837.650000
11880.675000
11923.950000
11967.375000
12010.650000
12053.925000
12097.025000
12140.300000
12183.400000
12226.375000
12269.450000
12312.725000
12355.950000
12399.050000
12442.375000
12485.700000
12529.100000
12572.200000
12615.225000
12658.250000
12701.500000
12744.700000
12787.700000
12830.725000
12874.025000
12917.525000
12960.750000
13003.950000
13047.050000
13090.325000
13133.425000
13176.400000
13219.475000
13262.750000
13306.000000
13349.150000
13392.500000
13435.775000
13479.150000
13522.250000
13565.250000
13608.275000
13651.525000
13694.750000
13737.775000
13780.825000
13824.150000
13867.675000
13910.850000
13954.000000
13997.075000
14040.350000
14083.450000
14126.400000
14169.500000
14212.775000
14256.050000
14299.250000
14342.600000
14385.825000
14429.175000
14472.275000
14515.275000
14558.300000
14601.550000
14644.775000
14687.850000
14730.950000
14774.350000
14817.825000
14860.925000
14904.050000
14947.125000
14990.375000
15033.475000
15076.450000
15119.525000
15162.825000
15206.150000
15249.425000
15292.725000
15335.875000
15379.225000
15422.325000
15465.325000
15508.325000
15551.575000
15594.825000
15637.950000
15681.175000
15724.575000
15767.925000
15811.025000
15854.125000
15897.175000
15940.425000
15983.550000
16026.525000
16069.600000
16112.925000
16156.375000
16199.625000
16242.800000
16285.900000
16329.250000
16372.350000
16415.350000
16458.375000
16501.625000
16544.900000
16588.100000
16631.400000
16674.700000
16718.000000
16761.075000
16804.175000
16847.200000
16890.475000
16933.625000
16976.625000
17019.750000
17063.125000
17106.600000
17149.750000
17192.850000
17235.950000
17279.275000
17322.400000
17365.400000
17408.400000
17451.650000
17494.975000
17538.225000
17581.550000
17624.750000
17668.050000
17711.125000
17754.200000
17797.225000
17840.500000
17883.700000
17926.750000
17969.950000
18013.350000
18056.775000
18099.875000
18142.925000
18185.975000
18229.325001
18272.475001
18315.475001
18358.475001
18401.775001
18445.200001
18488.475001
18531.675001
18574.800001
18618.075001
18661.150001
18704.225001
18747.275001
18790.550001
18833.775001
18876.950001
18920.275001
18963.575001
19006.900001
19050.000001
19093.025001
19136.050001
19179.400001
19222.600001
19265.725001
19308.900001
19352.325001
19395.700001
19438.775001
19481.850001
19524.925001
19568.175001
19611.275001
19654.350001
19697.400001
19740.750001
19784.175001
19827.425001
19870.575001
19913.675001
19957.000001
20000.100001
20043.100001
20086.125001
20129.550001
20173.025001
20216.500001
20259.700001
20303.025001
20346.700001
20390.400001
20434.225001
20477.950001
20521.700001
20565.500001
20609.375001
20653.325001
20697.300001
20741.450001
20785.675001
20830.075001
20874.500001
20919.025001
20963.525001
21008.050001
21052.575001
21097.125001
21141.750001
21186.375001
21231.250001
21276.200001
21321.050001
21366.225001
21411.425001
21456.800001
21502.100001
21547.425001
21592.850001
21638.400001
21684.250001
21730.050001
21775.850001
21821.800001
21867.900001
21913.725001
21959.700001
22005.900001
22052.225001
22098.500001
22145.050001
22191.550001
22238.100001
22284.925001
22331.625001
22378.675001
22425.550001
22472.800001
22519.875001
22567.300001
22614.550001
22662.200001
22709.550001
22757.175001
22804.825001
22852.600001
22900.550001
22948.425001
22996.575001
23044.825001
23092.975001
23141.350001
23189.925001
23238.450001
23287.100001
23335.850001
23384.750001
23433.650001
23482.725001
23531.875001
23581.075001
23630.475001
23680.050001
23729.825001
23779.725001
23829.725001
23879.850001
23930.075001
23980.300001
24030.550001
24080.925001
24131.550001
24182.225001
24233.100001
24284.200001
24335.450001
24386.725001
24438.200001
24489.950001
24541.600001
24593.325001
24645.425001
24697.450001
24749.725001
24802.175001
24854.825001
24907.700001
24960.625001
25013.650001
25066.875001
25120.200001
25173.800001
25227.450001
25281.350001
25335.525001
25389.925001
25444.400001
25498.975001
25553.900001
25609.050001
25664.500001
25720.300001
25776.300001
25832.650001
25889.375001
25946.425001
26003.675001
26061.150001
26118.925001
26176.900001
26235.200001
26293.675001
26352.450001
26411.400001
26470.575001
26530.100001
26589.900001
26649.875001
26710.075001
26770.600001
26831.450001
26892.650001
26954.150001
27016.000001
27078.350001
27141.125001
27204.225001
27267.875001
27331.900001
27396.575001
27461.800001
27527.425001
27593.475001
27659.925001
27726.750001
27794.075001
27861.875001
27930.150001
27998.750001
28067.925001
28137.475001
28207.650001
28278.375001
28349.625001
28421.450001
28493.925001
28567.050001
28640.875001
28715.350001
28790.600001
28866.650001
28943.550001
29021.375001
29100.225001
29180.150001
29261.250001
29343.700001
29427.625001
29513.275001
29600.925001
29691.075001
29783.975001
29879.725001
29978.625001
30081.550001
30185.525001
30289.775001
30394.250001
30498.850001
30603.600001
30708.425001
30813.325001
30918.300001
31023.350001
31128.475001
31233.625001
31338.850001
31444.125001
31549.450001
31654.825001
31760.250001
31865.775001
31971.325001
32076.975001
32182.725001
32288.600001
32394.625001
32500.850001
32607.450001
32714.675001
32823.225001
32933.700001
33045.200001
33156.800001
33268.325001
33379.725001
33491.075001
33602.375001
33713.625001
33824.825001
33936.050001
34047.225001
34158.400001
34269.575001
34380.750001
34491.925001
34603.075001
34714.250001
34825.375001
34936.525001
