1.000000
11.000000
3775.175000
3863.750000
3949.325000
4031.575000
4110.500000
4186.650000
4260.375000
4332.300000
4402.725000
4471.875000
4539.925000
4606.725000
4672.050000
4736.175000
4799.425000
4862.100000
4924.075000
4985.600000
5046.700000
5107.400000
5167.675000
5227.300000
5286.500000
5345.475000
5403.925000
5462.125000
5519.875000
5577.350000
5634.550000
5691.225000
5747.250000
5802.775000
5858.025000
5913.050000
5967.875000
6022.250000
6076.325000
6130.325000
6184.225000
6237.650000
6291.025000
6344.125000
6396.875000
6449.375000
6501.725000
6553.725000
6605.500000
6657.075000
6708.250000
6759.375000
6810.400000
6861.300000
6912.125000
6962.700000
7013.175000
7063.500000
7113.625000
7163.575000
7213.450000
7263.275000
7312.950000
7362.425000
7411.750000
7460.900000
7509.750000
7558.450000
7607.250000
7655.800000
7704.125000
7752.425000
7800.750000
7848.625000
7896.625000
7944.450000
7991.950000
8039.650000
8087.100000
8134.575000
8181.700000
8229.000000
8275.925000
8323.125000
8369.925000
8416.775000
8463.425000
8509.925000
8556.575000
8602.775000
8648.900000
8695.300000
8741.425000
8787.275000
8833.125000
8879.025000
8924.625000
8970.175000
9015.600000
9060.925000
9106.325000
9151.475000
9196.575000
9241.525000
9286.150000
9330.750000
9375.275000
9419.750000
9464.075000
9508.325000
9552.625000
9596.900000
9641.225000
9685.500000
9729.775000
9773.825000
9817.850000
9861.750000
9905.575000
9949.150000
9992.850000
10036.175000
10079.900000
10123.525000
10167.050000
10210.550000
10254.050000
10297.300000
10340.950000
10384.600000
10427.950000
10471.200000
10514.650000
10558.125000
10601.575000
10645.200000
10688.675000
10731.950000
10775.200000
10818.800000
10862.425000
10905.775000
10949.025000
10992.575000
11035.950000
11079.525000
11123.125000
11166.625000
11209.800000
11253.125000
11296.700000
11340.275000
11383.625000
11426.975000
11470.475000
11513.775000
11557.350000
11600.950000
11644.400000
11687.600000
11730.875000
11774.450000
11818.025000
11861.375000
11904.825000
11948.300000
11991.650000
12035.175000
12078.875000
12122.200000
12165.425000
12208.675000
12252.275000
12295.825000
12339.175000
12382.600000
12426.075000
12469.400000
12512.925000
12556.600000
12599.950000
12643.150000
12686.400000
12730.050000
12773.575000
12817.050000
12860.500000
12904.000000
12947.225000
12990.825000
13034.475000
13077.800000
13120.975000
13164.275000
13207.850000
13251.375000
13294.850000
13338.300000
13381.750000
13425.000000
13468.550000
13512.225000
13555.550000
13598.725000
13642.150000
13685.700000
13729.275000
13772.775000
13816.350000
13859.625000
13902.875000
13946.425000
13990.075000
14033.375000
14076.575000
14119.975000
14163.525000
14207.050000
14250.550000
14294.100000
14337.400000
14380.625000
14424.175000
14467.850000
14511.150000
14554.475000
14597.850000
14641.425000
14684.900000
14728.475000
14771.975000
14815.225000
14858.425000
14902.000000
14945.650000
14988.950000
15032.225000
15075.625000
15119.175000
15162.650000
15206.175000
15249.700000
15292.975000
15336.175000
15379.850000
15423.425000
15466.850000
15510.125000
15553.625000
15597.050000
15640.550000
15684.125000
15727.600000
15770.800000
15814.025000
15857.650000
15901.250000
15944.625000
15987.900000
16031.375000
16074.825000
16118.300000
16161.875000
16205.375000
16248.575000
16291.925000
16335.475000
16379.125000
16422.475000
16465.875000
16509.375000
16552.700000
16596.175000
16639.800000
16683.225000
16726.400000
16769.725000
16813.300000
16856.900000
16900.275000
16943.650000
16987.150000
17030.475000
17073.950000
17117.625000
17161.000000
17204.275000
17247.575000
17291.200000
17334.725000
17378.150000
17421.575000
17465.050000
17508.300000
17551.800000
17595.450000
17638.800000
17682.050000
17725.350000
17768.950000
17812.500000
17855.900000
17899.325000
17942.825000
17986.050000
18029.675000
18073.300000
18116.725000
18159.925000
18203.325000
18246.875001
18290.375001
18333.825001
18377.325001
18420.700001
18463.900001
18507.525001
18551.150001
18594.500001
18637.725001
18681.100001
18724.675001
18768.150001
18811.600001
18855.175001
18898.475001
18941.775001
18985.350001
19029.025001
19072.350001
19115.625001
19159.025001
19202.550001
19246.000001
19289.525001
19333.050001
19376.300001
19419.575001
19463.150001
19506.800001
19550.125001
19593.375001
19636.800001
19680.325001
19723.750001
19767.400001
19810.850001
19854.175001
19897.425001
19941.050001
19984.650001
20028.000001
20071.275001
20114.775001
20158.225001
20201.900001
20245.700001
20289.400001
20333.175001
20376.825001
20420.675001
20464.525001
20508.450001
20552.525001
20596.750001
20641.125001
20685.550001
20730.075001
20774.550001
20819.100001
20863.600001
20908.125001
20952.700001
20997.275001
21042.025001
21086.900001
21131.850001
21176.700001
21221.850001
21267.200001
21312.525001
21357.850001
21403.200001
21448.575001
21494.150001
21539.925001
21585.650001
21631.475001
21677.400001
21723.450001
21769.325001
21815.275001
21861.475001
21907.825001
21954.150001
22000.725001
22047.175001
22093.825001
22140.700001
22187.375001
22234.400001
22281.300001
22328.675001
22375.800001
22423.275001
22470.525001
22518.050001
22565.375001
22613.100001
22660.875001
22708.525001
22756.625001
22804.575001
22852.625001
22901.000001
22949.300001
22997.800001
23046.500001
23095.400001
23144.175001
23192.950001
23241.875001
23291.100001
23340.425001
23389.875001
23439.400001
23489.000001
23538.700001
23588.550001
23638.575001
23688.700001
23738.925001
23789.375001
23840.075001
23890.875001
23941.775001
23992.800001
24044.075001
24095.600001
24147.075001
24198.700001
24250.725001
24302.750001
24355.025001
24407.575001
24460.100001
24512.850001
24565.600001
24618.700001
24671.900001
24725.125001
24778.725001
24832.275001
24886.000001
24940.025001
24994.125001
25048.350001
25102.725001
25157.425001
25212.300001
25267.375001
25322.575001
25377.875001
25433.325001
25488.950001
25544.850001
25601.000001
25657.325001
25713.725001
25770.350001
25827.225001
25884.425001
25941.625001
25998.975001
26056.750001
26114.550001
26172.775001
26231.125001
26289.825001
26348.575001
26407.700001
26467.150001
26526.675001
26586.550001
26646.850001
26707.550001
26768.650001
26830.175001
26892.050001
26954.300001
27017.050001
27080.200001
27143.650001
27207.575001
27271.750001
27336.225001
27401.100001
27466.300001
27531.825001
27597.725001
27664.000001
27730.650001
27797.725001
27865.225001
27933.175001
28001.575001
28070.425001
28139.850001
28209.700001
28280.125001
28351.125001
28422.700001
28494.875001
28567.725001
28641.250001
28715.400001
28790.350001
28866.075001
28942.675001
29020.150001
29098.600001
29178.075001
29258.750001
29340.700001
29424.125001
29509.175001
29596.125001
29685.375001
29777.350001
29872.150001
29969.950001
30071.400001
30174.275001
30277.500001
30380.950001
30484.625001
30588.475001
30692.450001
30796.575001
30900.825001
31005.225001
31109.725001
31214.350001
31319.100001
31424.000001
31529.025001
31634.225001
31739.600001
31845.175001
31951.000001
32057.100001
32163.550001
32270.475001
32378.050001
32486.525001
32596.525001
32709.625001
33021.925001
33120.750001
33225.650001
33333.375001
33442.825001
33553.475001
33665.125001
33777.750001
33891.325001
34005.825001
34121.150001
34237.025001
34353.275001
34469.725001
34586.250001
34702.850001
34819.475001
34936.100001
