10.000000
9.000000
3526.375000
3619.650000
3709.250000
3795.975000
3880.425000
3963.100000
4044.150000
4123.625000
4201.675000
4278.475000
4354.000000
4428.175000
4501.325000
4573.475000
4644.825000
4715.350000
4785.400000
4854.850000
4923.700000
4991.700000
5059.000000
5125.600000
5191.375000
5256.075000
5319.675000
5382.275000
5444.175000
5505.325000
5565.600000
5625.200000
5684.325000
5742.725000
5800.625000
5857.950000
5914.525000
5970.550000
6025.925000
6080.625000
6134.725000
6187.950000
6240.800000
6292.900000
6344.525000
6395.800000
6446.800000
6497.450000
6547.975000
6598.350000
6648.450000
6698.375000
6748.200000
6797.900000
6847.350000
6896.725000
6945.900000
6994.825000
7043.450000
7091.950000
7140.325000
7188.450000
7236.350000
7284.400000
7332.000000
7379.775000
7427.375000
7474.800000
7522.100000
7569.250000
7616.400000
7663.425000
7710.375000
7757.375000
7804.050000
7850.775000
7897.200000
7943.500000
7990.000000
8036.000000
8081.975000
8127.950000
8173.800000
8219.450000
8265.050000
8310.675000
8356.400000
8401.875000
8447.100000
8492.300000
8537.375000
8582.225000
8627.125000
8672.025000
8716.675000
8761.150000
8805.575000
8849.925000
8894.225000
8938.450000
8982.700000
9026.700000
9070.650000
9114.500000
9158.325000
9202.225000
9246.025000
9289.825000
9333.350000
9376.650000
9420.100000
9463.550000
9506.950000
9550.075000
9593.050000
9636.000000
9679.150000
9722.025000
9764.825000
9807.825000
9850.800000
9893.350000
9935.900000
9978.700000
10020.925000
10063.425000
10105.800000
10148.075000
10190.525000
10232.825000
10275.000000
10317.550000
10359.650000
10401.950000
10444.300000
10486.200000
10528.725000
10570.725000
10613.000000
10655.300000
10697.250000
10739.600000
10781.750000
10823.875000
10866.075000
10908.175000
10950.400000
10992.575000
11034.825000
11076.700000
11119.000000
11161.100000
11203.000000
11245.400000
11287.375000
11329.625000
11371.800000
11413.775000
11456.000000
11498.125000
11540.375000
11582.325000
11624.575000
11666.750000
11708.575000
11750.950000
11792.925000
11835.125000
11877.250000
11919.350000
11961.475000
12003.650000
12045.850000
12087.750000
12130.050000
12172.175000
12214.000000
12256.400000
12298.400000
12340.575000
12382.700000
12424.825000
12467.050000
12509.100000
12551.375000
12593.225000
12635.500000
12677.675000
12719.550000
12761.875000
12804.000000
12846.075000
12888.150000
12930.350000
12972.450000
13014.400000
13056.800000
13098.600000
13140.875000
13183.075000
13225.000000
13267.350000
13309.425000
13351.550000
13393.525000
13435.750000
13477.875000
13519.800000
13562.175000
13604.125000
13646.275000
13688.450000
13730.475000
13772.700000
13814.800000
13857.075000
13898.925000
13941.250000
13983.325000
14025.200000
14067.625000
14109.575000
14151.700000
14193.800000
14235.925000
14278.075000
14320.150000
14362.450000
14404.375000
14446.600000
14488.750000
14530.625000
14572.975000
14615.050000
14657.225000
14699.250000
14741.500000
14783.525000
14825.525000
14867.900000
14909.750000
14951.975000
14994.200000
15036.075000
15078.375000
15120.500000
15162.675000
15204.750000
15246.950000
15288.975000
15330.900000
15373.275000
15415.200000
15457.400000
15499.575000
15541.625000
15583.800000
15625.925000
15668.150000
15710.100000
15752.325000
15794.475000
15836.300000
15878.750000
15920.675000
15962.850000
16005.050000
16047.100000
16089.200000
16131.300000
16173.575000
16215.450000
16257.725000
16299.875000
16341.800000
16384.125000
16426.150000
16468.325000
16510.400000
16552.575000
16594.700000
16636.675000
16679.075000
16720.875000
16763.150000
16805.375000
16847.250000
16889.500000
16931.650000
16973.750000
17015.775000
17058.000000
17100.100000
17142.100000
17184.450000
17226.300000
17268.525000
17310.700000
17352.700000
17394.975000
17437.075000
17479.350000
17521.225000
17563.475000
17605.600000
17647.500000
17689.875000
17731.850000
17773.975000
17816.175000
17858.200000
17900.400000
17942.525000
17984.775000
18026.625000
18068.900000
18111.025000
18152.900000
18195.275000
18237.300001
18279.525001
18321.625001
18363.725001
18405.875001
18447.925001
18490.250001
18532.125001
18574.375001
18616.600001
18658.400001
18700.775001
18742.850001
18785.000001
18827.025001
18869.250001
18911.275001
18953.275001
18995.650001
19037.500001
19079.800001
19121.975001
19163.850001
19206.150001
19248.250001
19290.450001
19332.450001
19374.675001
19416.825001
19458.700001
19501.075001
19542.975001
19585.200001
19627.375001
19669.400001
19711.550001
19753.750001
19795.900001
19837.825001
19880.100001
19922.225001
19964.050001
20006.450001
20048.425001
20090.600001
20132.800001
20174.950001
20217.500001
20259.675001
20302.175001
20344.725001
20387.150001
20429.900001
20472.650001
20515.200001
20557.975001
20601.000001
20643.850001
20686.825001
20730.075001
20773.325001
20816.450001
20859.500001
20902.650001
20945.975001
20989.375001
21032.925001
21076.325001
21119.800001
21163.525001
21207.400001
21251.275001
21295.300001
21339.300001
21383.300001
21427.400001
21471.625001
21516.025001
21560.475001
21605.075001
21649.650001
21694.250001
21738.825001
21783.525001
21828.525001
21873.525001
21918.575001
21963.675001
22008.750001
22054.075001
22099.425001
22145.175001
22190.925001
22236.525001
22282.275001
22328.250001
22374.325001
22420.450001
22466.650001
22512.925001
22559.250001
22605.725001
22652.275001
22698.800001
22745.650001
22792.400001
22839.475001
22886.375001
22933.450001
22980.500001
23027.750001
23074.975001
23122.425001
23169.900001
23217.750001
23265.350001
23313.275001
23361.250001
23409.250001
23457.575001
23505.925001
23554.200001
23602.600001
23651.250001
23699.875001
23748.525001
23797.300001
23846.400001
23895.650001
23944.950001
23994.350001
24043.800001
24093.400001
24143.050001
24192.850001
24242.775001
24292.825001
24342.950001
24393.175001
24443.625001
24494.275001
24545.075001
24596.000001
24646.950001
24698.050001
24749.375001
24800.950001
24852.475001
24904.125001
24956.000001
25008.025001
25060.125001
25112.525001
25164.950001
25217.775001
25270.600001
25323.700001
25376.950001
25430.500001
25484.350001
25538.325001
25592.600001
25647.000001
25701.575001
25756.450001
25811.375001
25866.525001
25921.800001
25977.300001
26033.025001
26088.825001
26144.900001
26201.175001
26257.625001
26314.200001
26370.925001
26427.900001
26485.125001
26542.575001
26600.225001
26658.050001
26716.125001
26774.500001
26833.050001
26891.775001
26950.825001
27010.050001
27069.500001
27129.300001
27189.300001
27249.600001
27310.150001
27370.975001
27432.100001
27493.525001
27555.350001
27617.525001
27680.050001
27742.850001
27806.025001
27869.575001
27933.475001
27997.800001
28062.600001
28127.775001
28193.375001
28259.500001
28326.125001
28393.250001
28460.975001
28529.375001
28598.375001
28668.050001
28738.300001
28809.175001
28880.625001
28952.650001
29025.275001
29098.550001
29172.550001
29247.275001
29322.775001
29399.150001
29476.450001
29554.750001
29634.125001
29714.625001
29796.375001
29879.475001
29964.125001
30050.675001
30139.150001
30229.300001
30321.425001
30415.600001
30511.675001
30609.050001
30707.375001
30806.825001
30907.950001
31011.025001
31115.075001
31219.425001
31323.950001
31428.575001
31533.325001
31638.175001
31743.150001
31848.225001
31953.475001
32058.850001
32164.375001
32270.100001
32376.050001
32482.250001
32588.775001
32695.675001
32803.025001
32910.975001
33019.700001
33129.400001
33240.325001
33352.875001
33467.850001
33588.175001
34109.550001
34217.525001
34664.850001
34772.100001
34890.425001
