3.000000
1.000000
9503.175000
9552.475000
9602.275000
9652.125000
9701.825000
9751.175000
9799.750000
9848.050000
9896.850000
9945.500000
9993.100000
10041.325000
10088.975000
10136.275000
10184.350000
10231.650000
10279.950000
10327.500000
10374.950000
10422.950000
10470.375000
10518.725000
10566.350000
10613.775000
10661.625000
10709.075000
10757.425000
10805.025000
10852.625000
10900.500000
10947.950000
10996.225000
11043.700000
11091.475000
11139.200000
11186.550000
11234.700000
11281.900000
11330.050000
11377.625000
11425.025000
11473.050000
11520.425000
11568.750000
11616.400000
11663.800000
11711.675000
11759.100000
11807.475000
11855.100000
11902.650000
11950.550000
11998.000000
12046.300000
12093.825000
12141.525000
12189.325000
12236.725000
12284.975000
12332.325000
12380.225000
12427.850000
12475.225000
12523.275000
12570.550000
12618.825000
12666.475000
12713.825000
12761.775000
12809.175000
12857.550000
12905.175000
12952.675000
13000.625000
13048.050000
13096.350000
13143.900000
13191.575000
13239.425000
13286.825000
13335.150000
13382.650000
13430.350000
13478.150000
13525.600000
13573.750000
13620.875000
13669.000000
13716.700000
13763.975000
13812.000000
13859.325000
13907.650000
13955.275000
14002.725000
14050.725000
14098.125000
14146.425000
14194.000000
14241.600000
14289.500000
14336.900000
14385.250000
14432.800000
14480.400000
14528.275000
14575.725000
14623.975000
14671.325000
14719.175000
14767.100000
14814.475000
14862.675000
14909.900000
14957.900000
15005.575000
15052.950000
15101.000000
15148.275000
15196.550000
15244.125000
15291.675000
15339.650000
15387.000000
15435.350000
15482.900000
15530.450000
15578.400000
15625.825000
15674.100000
15721.575000
15769.275000
15817.300000
15864.700000
15913.025000
15960.525000
16008.150000
16056.050000
16103.550000
16151.800000
16199.175000
16246.975000
16294.775000
16342.325000
16390.575000
16437.875000
16485.750000
16533.375000
16580.700000
16628.850000
16676.075000
16724.325000
16771.875000
16819.400000
16867.500000
16914.850000
16963.150000
17010.700000
17058.200000
17106.175000
17153.675000
17201.950000
17249.425000
17297.075000
17345.025000
17392.525000
17440.875000
17488.400000
17535.950000
17583.775000
17631.225000
17679.625000
17727.050000
17774.775000
17822.550000
17870.025000
17918.275000
17965.525000
18013.475000
18061.025000
18108.350000
18156.450000
18203.850000
18252.100001
18299.625001
18347.150001
18395.175001
18442.600001
18490.950001
18538.500001
18585.975001
18633.850001
18681.325001
18729.725001
18777.225001
18824.850001
18872.725001
18920.200001
18968.550001
19016.125001
19063.675001
19111.425001
19158.800001
19207.000001
19254.300001
19302.325001
19349.900001
19397.300001
19445.375001
19492.725001
19541.050001
19588.575001
19636.000001
19683.925001
19731.375001
19779.800001
19827.300001
19874.875001
19922.800001
19970.250001
20018.625001
20066.200001
20113.750001
20161.975001
20209.575001
20258.000001
20306.900001
20355.400001
20403.875001
20452.725001
20502.350001
20552.275001
20602.350001
20652.475001
20702.625001
20752.825001
20803.250001
20853.875001
20904.800001
20956.725001
21008.350001
21059.825001
21112.725001
21164.975001
21218.875001
21272.000001
21325.700001
21380.425001
21435.775001
21491.575001
21547.550001
21603.825001
21660.325001
21719.100001
21777.100001
21837.050001
21898.400001
21961.075001
