10.000000
4.000000
3255.825000
3357.900000
3461.075000
3562.175000
3660.650000
3756.875000
3850.650000
3942.600000
4032.675000
4121.050000
4208.050000
4293.575000
4377.825000
4460.875000
4542.850000
4623.850000
4703.775000
4782.825000
4860.975000
4938.125000
5014.600000
5090.350000
5165.075000
5239.075000
5312.450000
5385.125000
5457.150000
5528.300000
5598.600000
5668.275000
5736.850000
5804.475000
5870.625000
5935.400000
5998.375000
6059.700000
6119.800000
6179.000000
6236.950000
6294.150000
6350.550000
6406.450000
6461.625000
6516.250000
6570.300000
6623.925000
6676.850000
6729.575000
6781.650000
6833.275000
6884.625000
6935.575000
6986.100000
7036.300000
7086.250000
7136.050000
7185.775000
7235.475000
7285.025000
7334.425000
7383.475000
7432.400000
7481.275000
7530.150000
7578.900000
7627.250000
7675.575000
7723.825000
7771.850000
7819.650000
7867.650000
7915.175000
7962.800000
8010.150000
8057.675000
8105.075000
8152.325000
8199.425000
8246.550000
8293.325000
8340.150000
8386.575000
8433.150000
8479.625000
8525.900000
8572.150000
8618.200000
8663.925000
8709.725000
8755.500000
8801.250000
8846.850000
8892.475000
8937.950000
8983.350000
9028.825000
9074.025000
9119.200000
9164.000000
9208.950000
9253.950000
9298.550000
9343.125000
9387.600000
9432.025000
9476.325000
9520.625000
9564.875000
9609.125000
9653.300000
9697.300000
9741.350000
9785.325000
9829.300000
9873.150000
9916.825000
9960.275000
10003.875000
10047.125000
10090.525000
10133.925000
10177.350000
10220.625000
10263.750000
10307.150000
10350.475000
10393.875000
10437.200000
10480.400000
10523.675000
10567.025000
10610.225000
10653.650000
10696.975000
10740.300000
10783.450000
10826.475000
10869.625000
10913.025000
10956.575000
10999.800000
11042.925000
11086.025000
11129.425000
11172.750000
11216.175000
11259.450000
11302.625000
11345.900000
11389.075000
11432.200000
11475.350000
11518.825000
11562.300000
11605.500000
11648.525000
11691.700000
11735.025000
11778.500000
11821.850000
11865.050000
11908.200000
11951.475000
11994.750000
12037.900000
12081.200000
12124.650000
12168.025000
12211.150000
12254.275000
12297.350000
12340.775000
12384.300000
12427.550000
12470.675000
12513.775000
12557.125000
12600.425000
12643.725000
12687.100000
12730.350000
12773.650000
12816.925000
12860.025000
12903.250000
12946.725000
12990.150000
13033.300000
13076.350000
13119.475000
13162.825000
13206.275000
13249.625000
13292.850000
13335.975000
13379.350000
13422.625000
13465.950000
13509.300000
13552.575000
13595.875000
13639.025000
13682.125000
13725.225000
13768.650000
13812.200000
13855.400000
13898.475000
13941.650000
13984.975000
14028.375000
14071.725000
14115.000000
14158.175000
14201.450000
14244.725000
14287.825000
14331.050000
14374.525000
14417.950000
14461.100000
14504.225000
14547.300000
14590.675000
14634.175000
14677.500000
14720.650000
14763.750000
14807.125000
14850.375000
14893.650000
14937.000000
14980.325000
15023.625000
15066.900000
15109.975000
15153.125000
15196.575000
15240.075000
15283.225000
15326.300000
15369.425000
15412.750000
15456.150000
15499.525000
15542.800000
15585.950000
15629.325000
15672.575000
15715.825000
15759.200000
15802.525000
15845.850000
15888.975000
15932.075000
15975.175000
16018.575000
16062.125000
16105.375000
16148.450000
16191.650000
16234.950000
16278.325000
16321.675000
16364.975000
16408.150000
16451.450000
16494.700000
16537.800000
16581.000000
16624.450000
16667.925000
16711.050000
16754.200000
16797.275000
16840.650000
16884.100000
16927.450000
16970.625000
17013.750000
17057.100000
17100.350000
17143.600000
17186.950000
17230.300000
17273.600000
17316.875000
17359.925000
17403.050000
17446.475000
17490.025000
17533.200000
17576.275000
17619.425000
17662.725000
17706.100000
17749.450000
17792.775000
17835.925000
17879.325000
17922.550000
17965.775000
18009.100000
18052.475000
18095.825000
18138.950000
18182.050000
18225.150000
18268.525001
18312.050001
18355.350001
18398.450001
18441.625001
18484.925001
18528.275001
18571.625001
18614.950001
18658.150001
18701.425001
18744.700001
18787.775001
18830.950001
18874.400001
18917.900001
18961.025001
19004.175001
19047.250001
19090.625001
19134.050001
19177.400001
19220.600001
19263.750001
19307.100001
19350.350001
19393.550001
19436.900001
19480.275001
19523.575001
19566.850001
19609.900001
19653.025001
19696.425001
19739.975001
19783.175001
19826.250001
19869.400001
19912.725001
19956.050001
19999.375001
20042.750001
20085.925001
20129.375001
20172.850001
20216.450001
20259.750001
20303.225001
20346.950001
20390.750001
20434.675001
20478.675001
20522.675001
20566.700001
20610.700001
20654.925001
20699.125001
20743.350001
20787.550001
20831.850001
20876.175001
20920.625001
20965.125001
21009.675001
21054.325001
21099.000001
21144.050001
21188.975001
21234.175001
21279.450001
21324.625001
21369.850001
21415.150001
21460.625001
21506.425001
21552.125001
21597.875001
21643.800001
21689.925001
21735.800001
21781.800001
21827.850001
21874.075001
21920.400001
21966.900001
22013.375001
22059.875001
22106.700001
22153.375001
22200.375001
22247.225001
22294.300001
22341.425001
22388.650001
22435.900001
22483.325001
22530.725001
22578.600001
22626.275001
22674.250001
22722.300001
22770.375001
22818.775001
22867.375001
22915.850001
22964.450001
23013.325001
23062.300001
23111.125001
23160.100001
23209.325001
23258.525001
23308.000001
23357.700001
23407.550001
23457.525001
23507.625001
23557.825001
23608.025001
23658.225001
23708.500001
23759.025001
23809.675001
23860.450001
23911.450001
23962.525001
24013.600001
24064.875001
24116.375001
24167.975001
24219.525001
24271.250001
24323.350001
24375.325001
24427.575001
24480.025001
24532.600001
24585.450001
24638.325001
24691.400001
24744.500001
24797.700001
24851.250001
24904.825001
24958.550001
25012.525001
25066.600001
25120.750001
25175.100001
25229.825001
25284.725001
25339.775001
25395.075001
25450.550001
25506.275001
25562.175001
25618.175001
25674.375001
25730.775001
25787.325001
25844.200001
25901.300001
25958.500001
26016.100001
26074.025001
26132.100001
26190.500001
26249.125001
26308.175001
26367.625001
26427.375001
26487.425001
26547.875001
26608.700001
26669.900001
26731.500001
26793.425001
26855.700001
26918.350001
26981.300001
27044.625001
27108.200001
27172.175001
27236.425001
27301.200001
27366.300001
27431.775001
27497.650001
27563.975001
27630.725001
27698.000001
27765.850001
27834.325001
27903.350001
27973.175001
28043.750001
28115.125001
28187.325001
28260.425001
28334.550001
28409.575001
28485.600001
28562.575001
28640.450001
28719.275001
28799.025001
28879.925001
28961.900001
29045.075001
29129.550001
29215.350001
29302.800001
29392.050001
29483.475001
29577.650001
29675.650001
29779.050001
29889.800001
30516.925001
30629.850001
30760.675001
31325.550001
31438.475001
31569.075001
32133.950001
32246.875001
32377.475001
32942.375001
33055.300001
33185.900001
33750.825001
33863.750001
33994.350001
34559.250001
34672.175001
34802.775001
