1.000000
20.000000
3651.675000
3732.375000
3808.225000
3880.050000
3948.725000
4015.250000
4080.275000
4143.700000
4205.825000
4266.650000
4326.325000
4385.500000
4444.025000
4502.075000
4559.550000
4616.675000
4673.475000
4730.000000
4786.050000
4841.775000
4897.150000
4952.250000
5007.000000
5061.025000
5114.475000
5167.675000
5220.025000
5271.975000
5323.400000
5374.325000
5424.825000
5474.825000
5524.600000
5574.125000
5623.400000
5672.175000
5720.625000
5768.975000
5817.100000
5864.825000
5912.475000
5959.650000
6006.875000
6053.800000
6100.775000
6147.350000
6193.950000
6240.475000
6286.625000
6332.925000
6379.150000
6424.925000
6470.675000
6516.450000
6562.150000
6607.725000
6653.025000
6698.250000
6743.300000
6788.375000
6833.325000
6878.175000
6923.050000
6967.825000
7012.350000
7056.775000
7101.100000
7145.400000
7189.550000
7233.500000
7277.350000
7320.950000
7364.550000
7408.150000
7451.600000
7495.025000
7538.325000
7581.500000
7624.600000
7667.725000
7710.475000
7753.125000
7795.800000
7838.200000
7880.525000
7923.000000
7965.075000
8007.225000
8049.000000
8091.100000
8132.950000
8174.675000
8216.375000
8257.925000
8299.400000
8341.025000
8382.250000
8423.550000
8464.550000
8505.775000
8546.800000
8587.600000
8628.775000
8669.400000
8710.025000
8750.975000
8791.525000
8831.950000
8872.500000
8913.025000
8953.450000
8993.975000
9034.500000
9074.650000
9114.800000
9155.100000
9195.450000
9235.525000
9275.450000
9315.300000
9355.275000
9395.300000
9435.175000
9474.825000
9514.325000
9554.025000
9593.450000
9633.100000
9672.625000
9712.275000
9751.575000
9791.050000
9830.350000
9869.450000
9908.425000
9947.450000
9986.400000
10025.400000
10064.325000
10103.375000
10142.525000
10181.575000
10220.525000
10259.450000
10298.350000
10337.250000
10376.125000
10415.025000
10453.975000
10492.850000
10531.725000
10570.600000
10609.500000
10648.350000
10687.250000
10726.125000
10765.025000
10803.975000
10842.825000
10881.725000
10920.575000
10959.475000
10998.350000
11037.250000
11076.125000
11115.025000
11153.950000
11192.825000
11231.725000
11270.575000
11309.475000
11348.350000
11387.250000
11426.125000
11465.025000
11503.950000
11542.825000
11581.725000
11620.575000
11659.475000
11698.350000
11737.250000
11776.125000
11815.025000
11853.950000
11892.825000
11931.725000
11970.575000
12009.475000
12048.350000
12087.250000
12126.125000
12165.025000
12203.950000
12242.825000
12281.725000
12320.575000
12359.475000
12398.350000
12437.250000
12476.125000
12515.025000
12553.950000
12592.825000
12631.725000
12670.575000
12709.475000
12748.350000
12787.250000
12826.125000
12865.025000
12903.950000
12942.825000
12981.725000
13020.575000
13059.475000
13098.350000
13137.250000
13176.125000
13215.025000
13253.950000
13292.825000
13331.725000
13370.575000
13409.475000
13448.350000
13487.250000
13526.125000
13565.025000
13603.950000
13642.825000
13681.725000
13720.575000
13759.475000
13798.350000
13837.250000
13876.125000
13915.025000
13953.950000
13992.825000
14031.725000
14070.575000
14109.475000
14148.350000
14187.250000
14226.125000
14265.025000
14303.950000
14342.825000
14381.725000
14420.575000
14459.475000
14498.350000
14537.250000
14576.125000
14615.025000
14653.950000
14692.825000
14731.725000
14770.575000
14809.475000
14848.350000
14887.250000
14926.125000
14965.025000
15003.950000
15042.825000
15081.725000
15120.575000
15159.475000
15198.350000
15237.250000
15276.125000
15315.025000
15353.950000
15392.825000
15431.725000
15470.575000
15509.475000
15548.350000
15587.250000
15626.125000
15665.025000
15703.950000
15742.825000
15781.725000
15820.575000
15859.475000
15898.350000
15937.250000
15976.125000
16015.025000
16053.950000
16092.825000
16131.725000
16170.575000
16209.475000
16248.350000
16287.250000
16326.125000
16365.025000
16403.950000
16442.825000
16481.725000
16520.575000
16559.475000
16598.350000
16637.250000
16676.125000
16715.025000
16753.950000
16792.825000
16831.725000
16870.575000
16909.475000
16948.350000
16987.250000
17026.125000
17065.025000
17103.950000
17142.825000
17181.725000
17220.575000
17259.475000
17298.350000
17337.250000
17376.125000
17415.025000
17453.950000
17492.825000
17531.725000
17570.575000
17609.475000
17648.350000
17687.250000
17726.125000
17765.025000
17803.950000
17842.825000
17881.725000
17920.575000
17959.475000
17998.350000
18037.250000
18076.125000
18115.025000
18153.950000
18192.825000
18231.725001
18270.575001
18309.475001
18348.350001
18387.250001
18426.125001
18465.025001
18503.950001
18542.825001
18581.725001
18620.575001
18659.475001
18698.350001
18737.250001
18776.125001
18815.025001
18853.950001
18892.825001
18931.725001
18970.575001
19009.475001
19048.350001
19087.250001
19126.125001
19165.025001
19203.950001
19242.825001
19281.725001
19320.575001
19359.475001
19398.350001
19437.250001
19476.125001
19515.025001
19553.950001
19592.825001
19631.725001
19670.575001
19709.475001
19748.350001
19787.250001
19826.125001
19865.025001
19903.950001
19942.825001
19981.725001
20020.575001
20059.475001
20098.350001
20137.275001
20176.200001
20215.175001
20254.200001
20293.150001
20332.300001
20371.575001
20411.000001
20450.325001
20489.925001
20529.400001
20568.925001
20608.300001
20647.800001
20687.400001
20727.000001
20766.900001
20806.775001
20846.575001
20886.225001
20926.100001
20966.125001
21006.425001
21046.550001
21086.525001
21126.550001
21166.850001
21207.075001
21247.175001
21287.400001
21327.775001
21368.225001
21408.425001
21448.850001
21489.675001
21530.325001
21570.850001
21611.775001
21652.575001
21693.300001
21734.450001
21775.175001
21816.350001
21857.525001
21898.550001
21939.975001
21981.075001
22022.575001
22063.800001
22105.325001
22146.850001
22188.475001
22230.200001
22271.950001
22313.625001
22355.475001
22397.200001
22439.150001
22481.075001
22523.400001
22565.325001
22607.700001
22650.025001
22692.350001
22734.925001
22777.400001
22819.925001
22862.700001
22905.375001
22948.100001
22991.175001
23034.300001
23077.300001
23120.425001
23163.600001
23206.950001
23250.225001
23293.525001
23337.050001
23380.550001
23424.300001
23468.175001
23512.125001
23556.100001
23600.150001
23644.250001
23688.450001
23732.825001
23777.275001
23821.850001
23866.500001
23911.125001
23955.950001
24001.000001
24046.000001
24091.200001
24136.300001
24181.650001
24227.100001
24272.900001
24318.725001
24364.525001
24410.575001
24456.800001
24502.825001
24549.050001
24595.650001
24642.125001
24688.825001
24735.675001
24782.700001
24830.000001
24877.325001
24924.775001
24972.325001
25020.000001
25068.050001
25116.125001
25164.325001
25212.850001
25261.425001
25310.100001
25359.025001
25408.150001
25457.500001
25507.000001
25556.675001
25606.500001
25656.525001
25706.700001
25756.975001
25807.400001
25857.975001
25908.625001
25959.500001
26010.575001
26061.950001
26113.400001
26164.950001
26216.700001
26268.625001
26320.650001
26372.950001
26425.300001
26477.825001
26530.475001
26583.325001
26636.275001
26689.550001
26742.925001
26796.550001
26850.325001
26904.175001
26958.200001
27012.500001
27066.950001
27121.525001
27176.325001
27231.325001
27286.525001
27341.950001
27397.525001
27453.325001
27509.400001
27565.625001
27622.100001
27678.900001
27735.850001
27793.050001
27850.575001
27908.325001
27966.400001
28024.750001
28083.425001
28142.500001
28201.975001
28261.875001
28322.150001
28382.800001
28443.925001
28505.475001
28567.475001
28629.950001
28692.850001
28756.300001
28820.225001
28884.725001
28949.675001
29015.175001
29081.275001
29147.925001
29215.175001
29283.050001
29351.625001
29420.925001
29491.075001
29562.175001
29634.400001
29708.025001
29783.225001
29860.075001
29938.500001
30018.425001
30099.925001
30181.900001
30264.375001
30347.325001
30430.775001
30514.775001
30599.325001
30684.550001
30770.500001
30857.350001
30945.025001
31033.225001
31121.725001
31210.425001
31299.275001
31388.300001
31477.500001
31566.875001
31656.450001
31746.275001
31836.350001
31926.725001
32017.450001
32108.600001
32200.325001
32292.725001
32385.875001
32479.800001
32574.500001
32669.950001
32766.250001
32863.375001
32961.275001
33059.725001
33158.575001
33257.600001
33356.775001
33455.975001
33555.225001
33654.475001
33753.700001
33852.950001
33952.200001
34051.450001
34150.675001
34249.925001
34349.175001
34448.400001
34547.625001
34646.850001
34746.100001
34845.325001
34944.575001
