1.000000
28.000000
3935.550000
4010.450000
4080.625000
4146.950000
4210.675000
4272.725000
4333.250000
4392.625000
4451.125000
4508.375000
4564.825000
4620.525000
4675.425000
4729.900000
4783.600000
4836.500000
4888.925000
4940.875000
4992.100000
5042.800000
5092.900000
5142.600000
5191.775000
5240.525000
5288.725000
5336.350000
5383.925000
5430.975000
5477.800000
5524.350000
5570.550000
5616.525000
5662.275000
5707.725000
5752.800000
5797.600000
5842.275000
5886.675000
5930.800000
5974.775000
6018.550000
6062.200000
6105.400000
6148.325000
6191.250000
6233.975000
6276.300000
6318.650000
6360.775000
6402.650000
6444.450000
6485.975000
6527.550000
6569.050000
6610.375000
6651.775000
6692.875000
6734.125000
6775.025000
6816.025000
6857.050000
6897.675000
6938.525000
6979.325000
7019.700000
7060.200000
7100.975000
7141.400000
7181.675000
7222.000000
7262.350000
7302.450000
7342.575000
7382.700000
7422.975000
7463.025000
7502.775000
7542.625000
7582.325000
7622.100000
7661.850000
7701.500000
7741.150000
7780.525000
7819.825000
7859.250000
7898.500000
7937.625000
7976.725000
8015.975000
8055.275000
8094.350000
8133.300000
8172.250000
8211.125000
8249.975000
8288.750000
8327.550000
8366.350000
8405.100000
8443.775000
8482.425000
8520.875000
8559.375000
8597.775000
8636.125000
8674.625000
8713.100000
8751.500000
8789.950000
8828.175000
8866.450000
8904.400000
8942.500000
8980.500000
9018.675000
9056.875000
9094.750000
9132.625000
9170.525000
9208.225000
9246.050000
9283.825000
9321.550000
9359.300000
9396.975000
9434.675000
9472.150000
9509.500000
9546.975000
9584.575000
9621.900000
9659.150000
9696.725000
9734.325000
9771.375000
9808.450000
9845.800000
9882.925000
9919.900000
9957.175000
9994.225000
10030.925000
10068.100000
10105.050000
10141.875000
10179.100000
10215.850000
10252.750000
10289.975000
10326.550000
10363.575000
10400.750000
10437.525000
10474.575000
10511.625000
10548.450000
10585.550000
10622.625000
10659.475000
10696.525000
10733.525000
10770.375000
10807.550000
10844.550000
10881.375000
10918.525000
10955.525000
10992.375000
11029.600000
11066.600000
11103.325000
11140.500000
11177.400000
11214.050000
11251.250000
11287.950000
11324.875000
11362.075000
11398.700000
11435.750000
11472.900000
11509.700000
11546.775000
11583.800000
11620.650000
11657.750000
11694.825000
11731.675000
11768.750000
11805.775000
11842.650000
11879.850000
11916.900000
11953.775000
11990.925000
12027.900000
12064.700000
12101.850000
12138.800000
12175.550000
12212.725000
12249.650000
12286.275000
12323.475000
12360.150000
12397.100000
12434.300000
12470.925000
12507.975000
12545.150000
12581.950000
12619.025000
12656.100000
12692.950000
12730.050000
12767.225000
12804.100000
12841.200000
12878.275000
12915.125000
12952.175000
12989.175000
13026.025000
13063.150000
13100.175000
13136.975000
13174.100000
13211.075000
13247.850000
13285.050000
13321.975000
13358.550000
13395.750000
13432.500000
13469.425000
13506.650000
13543.225000
13580.275000
13617.500000
13654.275000
13691.350000
13728.475000
13765.250000
13802.325000
13839.375000
13876.200000
13913.300000
13950.350000
13987.200000
14024.250000
14061.225000
14098.100000
14135.275000
14172.250000
14209.000000
14246.150000
14283.125000
14319.800000
14356.950000
14393.775000
14430.600000
14467.850000
14504.550000
14541.525000
14578.775000
14615.400000
14652.425000
14689.525000
14726.325000
14763.400000
14800.500000
14837.350000
14874.425000
14911.400000
14948.250000
14985.400000
15022.400000
15059.200000
15096.350000
15133.325000
15170.125000
15207.325000
15244.300000
15280.900000
15318.075000
15354.975000
15391.825000
15429.050000
15465.725000
15502.650000
15539.875000
15576.475000
15613.525000
15650.700000
15687.475000
15724.550000
15761.575000
15798.425000
15835.525000
15872.575000
15909.400000
15946.475000
15983.450000
16020.325000
16057.500000
16094.500000
16131.275000
16168.450000
16205.450000
16242.225000
16279.450000
16316.425000
16353.050000
16390.225000
16426.875000
16463.775000
16501.025000
16537.650000
16574.675000
16611.775000
16648.550000
16685.650000
16722.750000
16759.600000
16796.675000
16833.650000
16870.525000
16907.650000
16944.675000
16981.525000
17018.650000
17055.650000
17092.525000
17129.750000
17166.800000
17203.650000
17240.825000
17277.800000
17314.525000
17351.675000
17388.625000
17425.300000
17462.450000
17499.150000
17536.050000
17573.275000
17609.900000
17646.925000
17684.025000
17720.800000
17757.875000
17795.025000
17831.875000
17868.950000
17906.000000
17942.875000
17980.000000
18017.125000
18054.000000
18091.125000
18128.150000
18165.000000
18202.075000
18239.050001
18275.900001
18313.075001
18350.075001
18386.825001
18423.975001
18460.925001
18497.600001
18534.775001
18571.575001
18608.375001
18645.625001
18682.250001
18719.250001
18756.425001
18793.125001
18830.200001
18867.425001
18904.225001
18941.300001
18978.425001
19015.225001
19052.300001
19089.325001
19126.175001
19163.275001
19200.300001
19237.150001
19274.225001
19311.200001
19348.050001
19385.225001
19422.200001
19458.900001
19496.050001
19533.000001
19569.700001
19606.900001
19643.600001
19680.500001
19717.775001
19754.425001
19791.450001
19828.650001
19865.350001
19902.400001
19939.475001
19976.275001
20013.375001
20050.450001
20087.300001
20124.400001
20161.500001
20198.425001
20235.625001
20273.000001
20309.950001
20347.075001
20384.525001
20421.600001
20458.775001
20496.300001
20533.725001
20570.900001
20608.225001
20645.800001
20683.225001
20720.600001
20758.100001
20795.800001
20833.350001
20870.800001
20908.325001
20946.150001
20984.175001
21022.050001
21059.700001
21097.400001
21135.550001
21173.625001
21211.750001
21249.900001
21287.775001
21325.925001
21363.950001
21402.325001
21440.750001
21479.225001
21517.750001
21556.200001
21594.725001
21633.175001
21671.650001
21710.250001
21748.725001
21787.325001
21825.975001
21864.700001
21903.600001
21942.500001
21981.425001
22020.400001
22059.375001
22098.325001
22137.300001
22176.250001
22215.275001
22254.350001
22293.500001
22332.900001
22372.275001
22411.725001
22451.300001
22490.825001
22530.350001
22569.775001
22609.400001
22648.900001
22688.700001
22728.700001
22768.575001
22808.325001
22848.225001
22888.275001
22928.650001
22968.825001
23008.900001
23049.150001
23089.675001
23130.100001
23170.450001
23210.925001
23251.425001
23291.800001
23332.300001
23373.200001
23413.775001
23454.500001
23495.525001
23536.175001
23577.175001
23618.325001
23659.350001
23700.700001
23741.825001
23783.150001
23824.525001
23866.000001
23907.675001
23949.225001
23991.075001
24032.825001
24074.675001
24116.550001
24158.275001
24200.300001
24242.325001
24284.650001
24326.600001
24369.000001
24411.350001
24453.750001
24496.325001
24538.900001
24581.525001
24624.375001
24667.400001
24710.275001
24753.225001
24796.400001
24839.725001
24882.975001
24926.200001
24969.500001
25013.050001
25056.775001
25100.400001
25144.175001
25187.925001
25231.825001
25275.800001
25319.950001
25364.075001
25408.325001
25452.700001
25497.175001
25541.750001
25586.375001
25631.225001
25676.200001
25721.175001
25766.475001
25811.850001
25857.375001
25902.825001
25948.425001
25994.250001
26040.200001
26086.100001
26132.225001
26178.700001
26225.050001
26271.650001
26318.500001
26365.300001
26412.400001
26459.500001
26506.900001
26554.325001
26602.025001
26649.900001
26697.875001
26746.175001
26794.575001
26843.100001
26891.875001
26941.000001
26990.350001
27039.950001
27089.825001
27140.000001
27190.425001
27241.200001
27292.325001
27343.875001
27395.900001
27448.250001
27501.225001
27554.600001
27608.525001
27663.125001
27718.350001
27774.125001
27830.500001
27887.425001
27945.075001
28003.300001
28062.250001
28121.700001
28181.800001
28242.525001
28303.850001
28365.700001
28428.150001
28491.175001
28554.625001
28618.650001
28683.100001
28748.025001
28813.500001
28879.500001
28946.000001
29013.050001
29080.650001
29148.825001
29217.700001
29287.175001
29357.450001
29428.425001
29500.200001
29572.850001
29646.475001
29721.075001
29796.825001
29873.825001
29952.225001
30032.250001
30114.025001
30196.525001
30279.975001
30364.550001
30450.475001
30538.050001
30627.450001
30719.225001
30814.250001
30914.900001
31134.675001
31224.325001
31325.825001
31527.750001
31617.550001
31716.775001
31917.450001
32006.400001
32103.875001
32261.900001
32354.200001
32454.500001
32630.725001
32721.250001
32819.850001
32995.975001
33086.350001
33184.700001
33343.700001
33435.750001
33535.600001
33711.325001
33801.825001
33900.300001
34078.150001
34168.325001
34266.475001
34376.175001
34481.200001
34657.150001
34747.675001
34846.300001
