10.000000
1.000000
3004.500000
3107.125000
3209.600000
3309.600000
3407.150000
3502.300000
3595.500000
3686.650000
3776.100000
3863.950000
3950.400000
4035.675000
4119.675000
4202.475000
4284.375000
4365.050000
4444.925000
4523.950000
4602.050000
4679.500000
4756.000000
4831.700000
4906.800000
4981.025000
5054.650000
5127.600000
5199.825000
5271.475000
5342.675000
5413.300000
5483.275000
5552.550000
5621.250000
5689.600000
5757.475000
5824.600000
5891.150000
5957.000000
6021.800000
6085.750000
6148.425000
6209.800000
6269.975000
6329.175000
6387.125000
6444.325000
6500.750000
6556.650000
6611.800000
6666.525000
6720.575000
6774.400000
6827.775000
6880.550000
6933.100000
6985.375000
7037.200000
7088.650000
7139.900000
7190.875000
7241.550000
7291.875000
7342.075000
7392.125000
7441.950000
7491.550000
7541.075000
7590.400000
7639.450000
7688.400000
7737.100000
7785.675000
7834.275000
7882.475000
7930.525000
7978.725000
8026.375000
8074.200000
8121.925000
8169.350000
8216.775000
8263.825000
8311.000000
8358.050000
8405.150000
8452.175000
8498.900000
8545.750000
8592.325000
8638.925000
8685.450000
8731.800000
8778.100000
8824.375000
8870.525000
8916.600000
8962.525000
9008.175000
9053.950000
9099.625000
9145.450000
9191.100000
9236.425000
9281.775000
9326.975000
9372.300000
9417.625000
9462.675000
9507.725000
9552.600000
9597.250000
9641.900000
9686.325000
9730.800000
9775.150000
9819.450000
9863.700000
9907.975000
9952.275000
9996.575000
10040.825000
10084.900000
10128.975000
10173.000000
10217.125000
10261.000000
10304.925000
10348.700000
10392.625000
10436.300000
10480.250000
10524.200000
10568.175000
10612.175000
10656.075000
10699.975000
10743.750000
10787.550000
10831.400000
10875.125000
10919.050000
10963.000000
11006.975000
11050.925000
11094.850000
11138.675000
11182.400000
11226.175000
11269.925000
11313.725000
11357.675000
11401.575000
11445.525000
11489.325000
11533.150000
11576.775000
11620.575000
11664.150000
11708.025000
11751.900000
11795.825000
11839.750000
11883.550000
11927.350000
11971.000000
12014.800000
12058.450000
12102.350000
12146.250000
12190.175000
12234.075000
12277.900000
12321.650000
12365.375000
12409.150000
12452.875000
12496.750000
12540.675000
12584.600000
12628.525000
12672.350000
12716.150000
12759.850000
12803.675000
12847.325000
12891.250000
12935.125000
12979.100000
13022.975000
13066.850000
13110.600000
13154.375000
13198.125000
13241.875000
13285.700000
13329.675000
13373.550000
13417.525000
13461.250000
13505.100000
13548.700000
13592.550000
13636.150000
13680.100000
13723.925000
13767.875000
13811.625000
13855.475000
13899.075000
13942.900000
13986.450000
14030.300000
14074.150000
14118.075000
14161.975000
14205.750000
14249.525000
14293.200000
14336.950000
14380.625000
14424.500000
14468.400000
14512.300000
14556.150000
14599.950000
14643.650000
14687.400000
14731.075000
14774.875000
14818.775000
14862.675000
14906.600000
14950.375000
14994.200000
15037.775000
15081.575000
15125.175000
15169.050000
15212.925000
15256.850000
15300.725000
15344.550000
15388.275000
15432.025000
15475.775000
15519.500000
15563.375000
15607.300000
15651.175000
15695.050000
15738.825000
15782.550000
15826.275000
15870.000000
15913.750000
15957.675000
16001.500000
16045.450000
16089.150000
16132.950000
16176.525000
16220.325000
16263.950000
16307.850000
16351.675000
16395.600000
16439.350000
16483.150000
16526.700000
16570.475000
16614.050000
16657.925000
16701.750000
16745.650000
16789.450000
16833.250000
16876.850000
16920.625000
16964.175000
17008.000000
17051.850000
17095.750000
17139.600000
17183.400000
17227.100000
17270.825000
17314.500000
17358.250000
17402.150000
17446.025000
17489.925000
17533.675000
17577.475000
17621.050000
17664.825000
17708.450000
17752.325000
17796.175000
17840.100000
17883.900000
17927.725000
17971.350000
18015.125000
18058.725000
18102.525000
18146.400000
18190.300000
18234.225001
18278.000001
18321.775001
18365.425001
18409.175001
18452.875001
18496.750001
18540.650001
18584.550001
18628.425001
18672.225001
18715.975001
18759.700001
18803.450001
18847.200001
18891.125001
18935.000001
18978.950001
19022.750001
19066.625001
19110.250001
19154.075001
19197.725001
19241.550001
19285.425001
19329.375001
19373.275001
19417.150001
19460.925001
19504.650001
19548.400001
19592.100001
19635.875001
19679.825001
19723.675001
19767.650001
19811.350001
19855.175001
19898.750001
19942.575001
19986.175001
20030.100001
20073.925001
20117.875001
20161.850001
20205.900001
20249.900001
20293.975001
20338.200001
20382.550001
20426.825001
20471.100001
20515.400001
20559.775001
20604.250001
20648.700001
20693.325001
20738.200001
20783.200001
20828.225001
20873.425001
20918.600001
20963.775001
21009.050001
21054.525001
21100.000001
21145.650001
21191.300001
21237.025001
21282.975001
21329.050001
21374.875001
21420.800001
21467.125001
21513.450001
21559.725001
21606.375001
21652.800001
21699.450001
21746.325001
21793.050001
21840.075001
21886.975001
21934.350001
21981.500001
22029.000001
22076.175001
22123.675001
22171.025001
22218.850001
22266.700001
22314.425001
22362.575001
22410.625001
22458.800001
22507.275001
22555.675001
22604.100001
22652.650001
22701.425001
22750.275001
22799.250001
22848.400001
22897.525001
22946.900001
22996.475001
23046.175001
23095.925001
23145.750001
23195.725001
23245.775001
23295.925001
23346.250001
23396.775001
23447.250001
23497.925001
23548.675001
23599.625001
23650.875001
23702.175001
23753.600001
23805.200001
23856.900001
23908.475001
23960.375001
24012.550001
24064.650001
24117.200001
24169.625001
24222.250001
24274.925001
24327.825001
24380.800001
24434.200001
24487.525001
24541.200001
24595.100001
24648.975001
24702.975001
24757.300001
24811.825001
24866.525001
24921.175001
24976.100001
25031.275001
25086.625001
25142.250001
25198.025001
25253.975001
25310.025001
25366.375001
25423.025001
25479.925001
25536.925001
25594.200001
25651.600001
25709.225001
25767.275001
25825.425001
25883.925001
25942.650001
26001.625001
26060.850001
26120.400001
26180.350001
26240.650001
26301.300001
26362.325001
26423.650001
26485.425001
26547.550001
26610.050001
26673.125001
26736.600001
26800.750001
26865.250001
26930.300001
26995.875001
27061.900001
27128.425001
27195.450001
27262.825001
27330.625001
27398.825001
27467.675001
27536.975001
27606.875001
27677.225001
27748.225001
27819.800001
27892.050001
27964.950001
28038.650001
28113.225001
28188.775001
28265.400001
28343.400001
28422.800001
28503.525001
28585.600001
28669.150001
28754.200001
28841.100001
28930.200001
29021.975001
29117.050001
29215.625001
29318.225001
29425.850001
29541.675001
