1.000000
19.000000
3605.300000
3687.075000
3764.000000
3836.425000
3905.850000
3973.125000
4038.625000
4102.725000
4165.500000
4227.200000
4287.850000
4347.600000
4406.775000
4465.125000
4523.200000
4580.675000
4637.700000
4694.500000
4751.050000
4807.275000
4863.175000
4918.850000
4974.075000
5029.000000
5083.250000
5137.075000
5190.700000
5243.775000
5296.575000
5348.675000
5400.500000
5451.850000
5502.600000
5552.875000
5602.775000
5652.425000
5701.825000
5750.950000
5799.625000
5848.000000
5896.200000
5944.075000
5991.650000
6039.000000
6086.075000
6133.150000
6180.125000
6226.825000
6273.575000
6320.025000
6366.575000
6412.900000
6459.025000
6505.275000
6551.300000
6597.050000
6642.775000
6688.475000
6734.225000
6779.850000
6825.100000
6870.350000
6915.425000
6960.500000
7005.525000
7050.400000
7095.350000
7140.125000
7184.700000
7229.225000
7273.550000
7317.900000
7362.175000
7406.400000
7450.475000
7494.400000
7538.100000
7581.800000
7625.250000
7668.900000
7712.450000
7755.675000
7798.650000
7841.700000
7884.775000
7927.625000
7970.375000
8013.275000
8056.025000
8098.425000
8141.000000
8183.300000
8225.325000
8267.700000
8309.550000
8351.475000
8393.075000
8434.875000
8476.300000
8517.975000
8559.325000
8600.975000
8642.200000
8683.500000
8724.675000
8765.650000
8806.875000
8847.600000
8888.575000
8929.525000
8970.225000
9011.025000
9051.625000
9092.125000
9132.775000
9173.450000
9213.675000
9254.025000
9294.325000
9334.650000
9374.725000
9414.825000
9455.100000
9495.400000
9535.500000
9575.325000
9615.150000
9655.075000
9695.125000
9734.950000
9774.625000
9814.025000
9853.700000
9893.100000
9932.650000
9972.200000
10011.650000
10051.200000
10090.475000
10129.925000
10169.225000
10208.300000
10247.425000
10286.575000
10325.950000
10365.150000
10404.300000
10443.450000
10482.850000
10522.175000
10561.375000
10600.875000
10640.225000
10679.550000
10718.900000
10758.125000
10797.225000
10836.250000
10875.450000
10914.775000
10954.075000
10993.100000
11032.275000
11071.575000
11110.950000
11150.175000
11189.525000
11229.075000
11268.225000
11307.600000
11346.925000
11386.000000
11425.100000
11464.150000
11503.450000
11542.800000
11581.900000
11620.950000
11660.150000
11699.525000
11738.825000
11778.075000
11817.625000
11856.925000
11896.125000
11935.500000
11974.775000
12013.825000
12052.925000
12092.175000
12131.500000
12170.675000
12209.775000
12248.850000
12288.150000
12327.550000
12366.825000
12406.200000
12445.675000
12484.900000
12524.175000
12563.525000
12602.675000
12641.800000
12680.875000
12720.200000
12759.500000
12798.550000
12837.675000
12876.800000
12916.250000
12955.525000
12994.800000
13034.300000
13073.575000
13112.825000
13152.175000
13191.500000
13230.550000
13269.650000
13308.750000
13348.100000
13387.350000
13426.400000
13465.525000
13504.875000
13544.275000
13583.425000
13622.850000
13662.325000
13701.475000
13740.850000
13780.225000
13819.350000
13858.375000
13897.525000
13936.725000
13976.075000
14015.200000
14054.350000
14093.500000
14132.925000
14172.225000
14211.425000
14250.925000
14290.250000
14329.575000
14368.950000
14408.150000
14447.225000
14486.250000
14525.450000
14564.775000
14604.075000
14643.100000
14682.275000
14721.575000
14760.950000
14800.175000
14839.550000
14879.075000
14918.225000
14957.600000
14996.925000
15036.000000
15075.100000
15114.150000
15153.450000
15192.800000
15231.900000
15270.950000
15310.150000
15349.525000
15388.825000
15428.075000
15467.625000
15506.925000
15546.125000
15585.500000
15624.775000
15663.825000
15702.925000
15742.175000
15781.500000
15820.675000
15859.775000
15898.850000
15938.150000
15977.550000
16016.825000
16056.200000
16095.675000
16134.900000
16174.175000
16213.525000
16252.675000
16291.800000
16330.875000
16370.200000
16409.500000
16448.550000
16487.675000
16526.800000
16566.250000
16605.525000
16644.800000
16684.300000
16723.575000
16762.825000
16802.175000
16841.500000
16880.550000
16919.650000
16958.750000
16998.100000
17037.350000
17076.400000
17115.525000
17154.875000
17194.275000
17233.425000
17272.850000
17312.325000
17351.475000
17390.850000
17430.225000
17469.350000
17508.375000
17547.525000
17586.725000
17626.075000
17665.200000
17704.350000
17743.500000
17782.925000
17822.225000
17861.400000
17900.925000
17940.250000
17979.575000
18018.950000
18058.150000
18097.225000
18136.250000
18175.450000
18214.775000
18254.075001
18293.100001
18332.275001
18371.575001
18410.950001
18450.175001
18489.550001
18529.075001
18568.225001
18607.600001
18646.925001
18686.000001
18725.100001
18764.150001
18803.450001
18842.800001
18881.900001
18920.950001
18960.150001
18999.525001
19038.825001
19078.075001
19117.625001
19156.925001
19196.125001
19235.500001
19274.775001
19313.825001
19352.925001
19392.175001
19431.500001
19470.675001
19509.775001
19548.850001
19588.150001
19627.550001
19666.825001
19706.200001
19745.675001
19784.900001
19824.175001
19863.525001
19902.675001
19941.800001
19980.875001
20020.200001
20059.500001
20098.550001
20137.725001
20177.100001
20216.675001
20256.200001
20295.800001
20335.400001
20374.900001
20414.350001
20454.050001
20493.700001
20533.550001
20573.450001
20613.325001
20653.125001
20693.000001
20733.025001
20773.250001
20813.375001
20853.575001
20893.900001
20934.425001
20974.650001
21014.950001
21055.400001
21095.825001
21136.075001
21176.450001
21217.325001
21258.000001
21298.550001
21339.425001
21380.300001
21420.975001
21462.150001
21502.875001
21544.025001
21585.275001
21626.300001
21667.750001
21708.800001
21750.300001
21791.600001
21833.075001
21874.625001
21916.300001
21957.975001
21999.725001
22041.475001
22083.275001
22124.975001
22167.100001
22209.075001
22251.350001
22293.300001
22335.650001
22378.000001
22420.325001
22462.950001
22505.475001
22547.975001
22590.875001
22633.650001
22676.300001
22719.200001
22762.275001
22805.275001
22848.300001
22891.500001
22934.800001
22978.125001
23021.525001
23065.050001
23108.475001
23152.250001
23196.100001
23240.050001
23284.075001
23328.225001
23372.350001
23416.575001
23460.850001
23505.275001
23549.775001
23594.375001
23639.000001
23683.875001
23729.025001
23774.025001
23819.200001
23864.350001
23909.700001
23955.250001
24001.025001
24046.800001
24092.700001
24138.725001
24184.900001
24231.100001
24277.600001
24324.200001
24370.850001
24417.850001
24464.775001
24512.150001
24559.400001
24606.975001
24654.500001
24702.325001
24750.300001
24798.300001
24846.600001
24895.150001
24943.650001
24992.375001
25041.275001
25090.250001
25139.250001
25188.425001
25237.675001
25287.100001
25336.650001
25386.325001
25436.075001
25486.000001
25536.050001
25586.200001
25636.500001
25687.050001
25737.675001
25788.475001
25839.525001
25890.725001
25941.925001
25993.225001
26044.800001
26096.525001
26148.350001
26200.375001
26252.525001
26304.875001
26357.475001
26410.075001
26462.975001
26516.000001
26569.225001
26622.575001
26676.050001
26729.850001
26783.775001
26837.775001
26891.975001
26946.475001
27001.175001
27056.000001
27111.000001
27166.225001
27221.675001
27277.350001
27333.225001
27389.325001
27445.700001
27502.275001
27559.125001
27616.275001
27673.675001
27731.325001
27789.350001
27847.650001
27906.400001
27965.400001
28024.850001
28084.800001
28145.200001
28206.100001
28267.475001
28329.300001
28391.475001
28454.075001
28517.150001
28580.625001
28644.525001
28708.850001
28773.700001
28839.000001
28904.825001
28971.175001
29038.125001
29105.700001
29173.975001
29242.950001
29312.800001
29383.600001
29455.550001
29528.900001
29603.850001
29680.575001
29759.075001
29839.325001
29921.450001
30005.700001
30092.425001
30180.400001
30269.650001
30360.375001
30452.875001
30547.750001
30646.175001
30752.600001
31269.450001
31370.075001
31867.025001
31961.975001
32071.450001
32403.875001
32499.050001
32606.825001
32941.150001
33036.225001
33143.825001
33475.850001
33571.050001
33678.900001
34010.750001
34105.975001
34213.900001
34545.350001
34640.600001
34748.600001
