300.000000
0.000000
3763.800000
3812.375000
3859.125000
3906.725000
3952.475000
3997.250000
4041.600000
4085.725000
4130.025000
4174.325000
4218.100000
4260.550000
4302.450000
4344.725000
4385.750000
4426.300000
4467.825000
4507.925000
4547.925000
4587.525000
4627.225000
4667.550000
4707.550000
4746.675000
4785.525000
4824.400000
4863.200000
4902.000000
4940.675000
4978.925000
5016.450000
5053.225000
5090.975000
5128.650000
5164.875000
5202.050000
5238.500000
5274.475000
5310.675000
5346.625000
5382.000000
5417.925000
5452.500000
5487.300000
5523.075000
5557.775000
5592.450000
5627.375000
5662.350000
5696.650000
5730.250000
5763.625000
5796.975000
5830.200000
5863.450000
5896.775000
5930.050000
5963.325000
5996.650000
6029.950000
6063.225000
6096.575000
6129.850000
6163.150000
6196.450000
6229.750000
6262.950000
6295.600000
6328.575000
6360.825000
6392.525000
6424.425000
6456.850000
6488.600000
6519.500000
6551.800000
6584.000000
6614.975000
6646.550000
6678.650000
6709.350000
6740.950000
6772.550000
6802.550000
6834.175000
6864.550000
6895.700000
6925.825000
6956.925000
6986.900000
7017.775000
7047.075000
7077.575000
7107.650000
7137.400000
7167.775000
7196.850000
7226.300000
7256.600000
7285.600000
7314.975000
7345.275000
7374.450000
7403.725000
7433.925000
7463.225000
7492.350000
7521.900000
7551.225000
7579.950000
7608.100000
7636.825000
7666.175000
7695.425000
7724.300000
7752.350000
7780.225000
7808.000000
7835.750000
7863.475000
7891.300000
7919.050000
7946.775000
7974.525000
8002.300000
8030.025000
8057.775000
8085.525000
8113.300000
8141.100000
8168.850000
8196.625000
8224.375000
8252.150000
8279.875000
8307.650000
8335.400000
8363.175000
8390.975000
8418.725000
8446.500000
8474.250000
8502.025000
8529.775000
8557.525000
8585.275000
8613.025000
8640.775000
8667.950000
8695.300000
8722.950000
8750.050000
8776.050000
8802.250000
8829.750000
8856.725000
8883.550000
8909.425000
8935.500000
8962.825000
8989.750000
9016.325000
9041.500000
9068.600000
9095.350000
9121.650000
9146.850000
9173.375000
9199.500000
9224.575000
9251.050000
9276.250000
9302.100000
9328.725000
9353.925000
9379.825000
9406.400000
9431.550000
9457.575000
9484.075000
9509.125000
9535.300000
9560.975000
9585.550000
9611.950000
9636.000000
9662.075000
9685.975000
9712.025000
9735.875000
9761.975000
9785.800000
9811.925000
9835.750000
9861.875000
9885.700000
9911.650000
9935.625000
9960.950000
9985.425000
10010.650000
10035.400000
10060.500000
10085.375000
10109.675000
10134.900000
10158.100000
10183.150000
10207.625000
10232.675000
10257.600000
10281.900000
10307.200000
10330.425000
10355.825000
10379.925000
10405.125000
10429.825000
10454.850000
10479.825000
10504.325000
10529.700000
10553.875000
10578.975000
10602.400000
10627.550000
10652.100000
10676.300000
10701.250000
10724.675000
10749.800000
10774.325000
10798.525000
10823.475000
10846.900000
10872.025000
10896.550000
10920.750000
10945.700000
10969.125000
10994.250000
11018.775000
11043.050000
11068.075000
11091.425000
11116.750000
11141.025000
11166.225000
11190.975000
11215.600000
11240.900000
11265.025000
11290.100000
11313.475000
11338.600000
11363.175000
11387.875000
11413.100000
11437.250000
11462.300000
11485.700000
11510.825000
11535.400000
11560.125000
11585.325000
11609.500000
11634.550000
11657.925000
11683.050000
11707.625000
11732.525000
11757.575000
11781.825000
11806.875000
11830.200000
11855.325000
11879.850000
11904.950000
11929.825000
11954.675000
11979.800000
12004.075000
12029.350000
12052.625000
12078.200000
12102.225000
12127.400000
12152.075000
12176.250000
12201.200000
12224.650000
12249.775000
12274.300000
12298.500000
12323.450000
12346.875000
12372.025000
12396.550000
12420.750000
12445.700000
12469.125000
12494.250000
12518.775000
12543.050000
12568.075000
12591.425000
12616.750000
12641.025000
12666.225000
12690.975000
12715.575000
12740.900000
12765.025000
12790.100000
12813.475000
12838.600000
12863.175000
12887.875000
12913.100000
12937.250000
12962.300000
12985.700000
13010.825000
13035.400000
13060.125000
13085.325000
13109.500000
13134.550000
13157.925000
13183.050000
13207.625000
13232.525000
13257.575000
13281.825000
13306.875000
13330.200000
13355.325000
13379.850000
13404.950000
13429.825000
13454.675000
13479.800000
13504.075000
13529.350000
13552.625000
13578.200000
13602.225000
13627.400000
13652.075000
13676.250000
13701.200000
13724.650000
13749.775000
13774.300000
13798.500000
13823.450000
13846.875000
13872.025000
13896.550000
13920.750000
13945.700000
13969.125000
13994.250000
14018.775000
14043.050000
14068.075000
14091.425000
14116.750000
14141.025000
14166.225000
14190.975000
14215.575000
14240.900000
14265.025000
14290.100000
14313.475000
14338.600000
14363.175000
14387.875000
14413.100000
14437.250000
14462.300000
14485.700000
14510.825000
14535.400000
14560.125000
14585.325000
14609.500000
14634.550000
14657.925000
14683.050000
14707.625000
14732.525000
14757.575000
14781.825000
14806.875000
14830.200000
14855.325000
14879.850000
14904.950000
14929.825000
14954.675000
14979.800000
15004.075000
15029.350000
15052.625000
15078.200000
15102.225000
15127.400000
15152.075000
15176.250000
15201.200000
15224.650000
15249.775000
15274.300000
15298.500000
15323.450000
15346.875000
15372.025000
15396.550000
15420.750000
15445.700000
15469.125000
15494.250000
15518.775000
15543.050000
15568.075000
15591.425000
15616.750000
15641.025000
15666.225000
15690.975000
15715.575000
15740.900000
15765.025000
15790.100000
15813.475000
15838.600000
15863.175000
15887.875000
15913.100000
15937.250000
15962.300000
15985.700000
16010.825000
16035.400000
16060.125000
16085.325000
16109.500000
16134.550000
16157.925000
16183.050000
16207.625000
16232.525000
16257.575000
16281.825000
16306.875000
16330.200000
16355.325000
16379.850000
16404.950000
16429.825000
16454.675000
16479.800000
16504.075000
16529.350000
16552.625000
16578.200000
16602.225000
16627.400000
16652.075000
16676.250000
16701.200000
16724.650000
16749.775000
16774.300000
16798.500000
16823.450000
16846.875000
16872.025000
16896.550000
16920.750000
16945.700000
16969.125000
16994.250000
17018.775000
17043.050000
17068.075000
17091.425000
17116.750000
17141.025000
17166.225000
17190.975000
17215.575000
17240.900000
17265.025000
17290.100000
17313.475000
17338.600000
17363.175000
17387.875000
17413.100000
17437.250000
17462.300000
17485.700000
17510.825000
17535.400000
17560.125000
17585.325000
17609.500000
17634.550000
17657.925000
17683.050000
17707.625000
17732.525000
17757.575000
17781.825000
17806.875000
17830.200000
17855.325000
17879.850000
17904.950000
17929.825000
17954.675000
17979.800000
18004.075000
18029.350000
18052.625000
18078.200000
18102.225000
18127.400000
18152.075000
18176.250000
18201.200000
18224.650000
18249.775001
18274.300001
18298.500001
18323.450001
18346.875001
18372.025001
18396.550001
18420.750001
18445.700001
18469.125001
18494.250001
18518.775001
18543.050001
18568.075001
18591.425001
18616.750001
18641.025001
18666.225001
18690.975001
18715.575001
18740.900001
18765.025001
18790.100001
18813.475001
18838.600001
18863.175001
18887.875001
18913.100001
18937.250001
18962.300001
18985.700001
19010.825001
19035.400001
19060.125001
19085.325001
19109.500001
19134.550001
19157.925001
19183.050001
19207.625001
19232.525001
19257.575001
19281.825001
19306.875001
19330.200001
19355.325001
19379.850001
19404.950001
19429.825001
19454.675001
19479.800001
19504.075001
19529.350001
19552.625001
19578.200001
19602.225001
19627.400001
19652.075001
19676.250001
19701.200001
19724.650001
19749.775001
19774.300001
19798.500001
19823.450001
19846.875001
19872.025001
19896.550001
19920.750001
19945.700001
19969.125001
19994.250001
20018.775001
20043.050001
20068.075001
20091.425001
20117.075001
20141.125001
20166.450001
20191.025001
20216.350001
20241.025001
20266.400001
20291.025001
20316.500001
20341.075001
20367.075001
20391.225001
20417.450001
20441.475001
20467.525001
20491.825001
20517.675001
20542.500001
20568.650001
20594.350001
20618.925001
20645.300001
20670.325001
20696.475001
20722.975001
20748.100001
20774.275001
20800.800001
20825.975001
20852.075001
20878.700001
20904.025001
20929.875001
20956.550001
20982.550001
21007.850001
21034.575001
21060.725001
21085.750001
21112.950001
21139.800001
21166.350001
21191.600001
21218.675001
21245.500001
21272.150001
21298.100001
21324.425001
21351.925001
21379.025001
21406.375001
21433.300001
21459.450001
21485.600001
21513.125001
21540.875001
21568.600001
21596.350001
21624.125001
21651.950001
21679.750001
21707.550001
21735.325001
21763.125001
21790.950001
21818.750001
21846.525001
21874.325001
21902.100001
21929.875001
21957.675001
21985.450001
22013.250001
22041.075001
22068.875001
22096.675001
22124.450001
22152.250001
22180.025001
22207.825001
22235.625001
22263.400001
22291.275001
22319.075001
22346.900001
22374.700001
22402.550001
22430.350001
22458.225001
22486.800001
22516.175001
22545.475001
22574.375001
22602.650001
22631.525001
22660.925001
22690.850001
22719.275001
22748.250001
22778.625001
22807.750001
22837.125001
22867.525001
22896.725001
22926.150001
22956.575001
22985.675001
23016.175001
23046.525001
23076.250001
23107.100001
23136.950001
23167.825001
23197.925001
23229.125001
23259.275001
23290.850001
23321.850001
23352.275001
23384.150001
23414.825001
23446.500001
23478.600001
23509.450001
23541.050001
23573.150001
23604.975001
23635.825001
23668.300001
23700.775001
23732.925001
23764.700001
23796.700001
23829.750001
23862.875001
23895.625001
23928.775001
23962.025001
23995.375001
24028.850001
24062.225001
24095.625001
24129.600001
24163.200001
24196.650001
24230.025001
24263.400001
24296.825001
24330.200001
24363.575001
24397.125001
24431.250001
24466.075001
24501.150001
24535.575001
24570.275001
24606.150001
24641.200001
24676.100001
24712.200001
24747.050001
24783.025001
24818.925001
24855.325001
24891.250001
24928.650001
24964.900001
25002.150001
25039.900001
25077.200001
25113.950001
25152.100001
25190.900001
25229.800001
25268.775001
25307.700001
25346.675001
25385.625001
25424.625001
25463.575001
25502.775001
25542.550001
25583.125001
25624.375001
25664.950001
25707.275001
25748.350001
25791.075001
25834.350001
25876.950001
25919.975001
25963.500001
26007.875001
26052.450001
26097.175001
26142.625001
26190.000001
26236.675001
26285.600001
26335.575001
26385.775001
26436.350001
26488.550001
26542.700001
26598.725001
