1.000000
12.000000
3340.625000
3427.625000
3510.575000
3589.275000
3664.625000
3737.450000
3808.125000
3876.725000
3943.650000
4009.225000
4073.750000
4137.225000
4199.925000
4262.000000
4323.450000
4384.300000
4444.525000
4504.125000
4563.350000
4622.125000
4680.400000
4738.300000
4795.950000
4852.925000
4909.500000
4965.475000
5020.900000
5075.975000
5130.650000
5185.125000
5239.250000
5293.000000
5346.625000
5399.900000
5452.675000
5505.275000
5557.575000
5609.450000
5661.000000
5712.400000
5763.500000
5814.375000
5865.075000
5915.525000
5965.900000
6016.250000
6066.350000
6116.250000
6165.975000
6215.425000
6264.725000
6313.850000
6362.925000
6411.900000
6460.600000
6509.125000
6557.625000
6605.775000
6653.725000
6701.550000
6749.050000
6796.675000
6844.125000
6891.375000
6938.425000
6985.500000
7032.225000
7079.025000
7125.250000
7171.600000
7217.975000
7263.775000
7309.600000
7355.400000
7401.150000
7446.750000
7492.250000
7537.525000
7582.850000
7628.100000
7673.325000
7718.300000
7763.250000
7808.075000
7852.700000
7897.200000
7941.675000
7986.000000
8030.350000
8074.675000
8119.000000
8163.300000
8207.575000
8251.625000
8295.625000
8339.525000
8383.300000
8426.800000
8470.450000
8513.825000
8557.425000
8601.000000
8644.300000
8687.350000
8730.400000
8773.550000
8816.550000
8859.375000
8902.325000
8945.400000
8988.050000
9030.625000
9073.375000
9115.750000
9158.175000
9200.775000
9242.975000
9285.375000
9327.625000
9369.500000
9411.700000
9453.775000
9495.775000
9537.400000
9579.300000
9620.750000
9662.500000
9703.975000
9745.625000
9786.950000
9828.775000
9869.925000
9911.250000
9952.425000
9993.500000
10034.750000
10075.650000
10116.850000
10157.850000
10198.675000
10239.900000
10280.600000
10321.625000
10362.750000
10403.675000
10444.775000
10485.725000
10526.450000
10567.700000
10608.325000
10649.275000
10690.400000
10731.175000
10772.250000
10813.250000
10854.150000
10895.325000
10936.025000
10976.875000
11018.025000
11058.600000
11099.650000
11140.650000
11181.550000
11222.575000
11263.500000
11304.350000
11345.500000
11386.100000
11427.000000
11468.125000
11508.800000
11549.875000
11590.875000
11631.775000
11672.875000
11713.700000
11754.600000
11795.700000
11836.250000
11877.250000
11918.300000
11959.150000
12000.200000
12041.200000
12081.975000
12123.150000
12163.825000
12204.850000
12245.900000
12286.575000
12327.650000
12368.625000
12409.500000
12450.575000
12491.525000
12532.275000
12573.400000
12613.950000
12655.025000
12696.025000
12736.825000
12777.900000
12818.900000
12859.700000
12900.875000
12941.675000
12982.575000
13023.650000
13064.300000
13105.375000
13146.300000
13187.200000
13228.250000
13269.200000
13309.925000
13351.075000
13391.750000
13432.750000
13473.775000
13514.525000
13555.600000
13596.575000
13637.425000
13678.625000
13719.400000
13760.275000
13801.350000
13842.125000
13883.150000
13924.075000
13964.975000
14006.025000
14046.950000
14087.675000
14128.900000
14169.500000
14210.475000
14251.500000
14292.400000
14333.375000
14374.375000
14415.225000
14456.400000
14497.150000
14538.025000
14579.200000
14619.900000
14660.900000
14701.850000
14742.750000
14783.725000
14824.675000
14865.400000
14906.600000
14947.250000
14988.200000
15029.350000
15070.150000
15111.150000
15152.150000
15192.975000
15234.125000
15274.925000
15315.800000
15356.950000
15397.600000
15438.625000
15479.700000
15520.550000
15561.525000
15602.475000
15643.200000
15684.400000
15725.025000
15766.025000
15807.125000
15847.925000
15888.925000
15929.975000
15970.775000
16011.925000
16052.700000
16093.550000
16134.675000
16175.325000
16216.425000
16257.375000
16298.250000
16339.200000
16380.175000
16420.900000
16462.075000
16502.775000
16543.700000
16584.800000
16625.550000
16666.650000
16707.650000
16748.475000
16789.575000
16830.425000
16871.175000
16912.325000
16952.925000
16993.950000
17035.000000
17075.825000
17116.975000
17157.900000
17198.625000
17239.825000
17280.525000
17321.400000
17362.525000
17403.250000
17444.325000
17485.300000
17526.150000
17567.350000
17608.150000
17648.900000
17690.050000
17730.625000
17771.625000
17812.700000
17853.575000
17894.625000
17935.575000
17976.350000
18017.600000
18058.275000
18099.100000
18140.250000
18180.875000
18221.900000
18262.900001
18303.825001
18344.825001
18385.750001
18426.450001
18467.700001
18508.300001
18549.200001
18590.325001
18631.000001
18672.075001
18713.050001
18753.975001
18795.075001
18835.900001
18876.625001
18917.800001
18958.375001
18999.325001
19040.425001
19081.225001
19122.275001
19163.275001
19204.150001
19245.325001
19286.025001
19326.850001
19367.975001
19408.550001
19449.575001
19490.600001
19531.475001
19572.500001
19613.450001
19654.300001
19695.450001
19736.075001
19776.975001
19818.075001
19858.725001
19899.775001
19940.775001
19981.675001
20022.700001
20063.600001
20104.450001
20145.625001
20186.300001
20227.475001
20268.750001
20309.850001
20351.225001
20392.475001
20434.175001
20475.500001
20517.350001
20558.700001
20600.550001
20642.200001
20684.275001
20725.975001
20768.000001
20809.675001
20851.650001
20893.575001
20935.800001
20977.975001
21020.150001
21062.625001
21105.000001
21147.325001
21190.025001
21232.500001
21275.075001
21317.925001
21360.675001
21403.600001
21446.725001
21489.975001
21533.025001
21576.075001
21619.275001
21662.625001
21706.050001
21749.575001
21793.000001
21836.425001
21880.225001
21924.050001
21968.025001
22012.075001
22056.250001
22100.500001
22144.750001
22188.900001
22233.200001
22277.575001
22322.050001
22366.625001
22411.175001
22455.975001
22501.000001
22545.925001
22591.025001
22636.025001
22681.175001
22726.375001
22771.775001
22817.500001
22863.150001
22908.700001
22954.400001
23000.200001
23046.075001
23091.975001
23138.000001
23184.425001
23230.525001
23276.800001
23323.425001
23369.850001
23416.600001
23463.375001
23510.300001
23557.475001
23604.525001
23651.775001
23698.950001
23746.475001
23794.075001
23841.650001
23889.425001
23937.250001
23985.300001
24033.375001
24081.525001
24129.975001
24178.625001
24227.150001
24275.875001
24324.700001
24373.625001
24422.650001
24471.800001
24520.975001
24570.350001
24619.875001
24669.500001
24719.250001
24769.175001
24819.225001
24869.375001
24919.625001
24970.125001
25020.775001
25071.575001
25122.675001
25173.850001
25225.025001
25276.350001
25327.950001
25379.825001
25431.775001
25483.975001
25536.200001
25588.650001
25641.350001
25694.175001
25747.125001
25800.325001
25853.700001
25907.400001
25961.150001
26015.075001
26069.275001
26123.725001
26178.475001
26233.425001
26288.575001
26344.100001
26399.900001
26456.100001
26512.675001
26569.450001
26626.575001
26684.225001
26742.125001
26800.325001
26858.750001
26917.675001
26976.675001
27036.025001
27095.775001
27155.750001
27216.075001
27276.725001
27337.675001
27399.000001
27460.775001
27523.050001
27585.750001
27648.825001
27712.525001
27776.675001
27841.525001
27907.025001
27973.150001
28039.825001
28107.050001
28174.725001
28242.900001
28311.675001
28381.000001
28450.950001
28521.450001
28592.650001
28664.500001
28737.075001
28810.400001
28884.600001
28959.575001
29035.525001
29112.475001
29190.450001
29269.575001
29349.950001
29431.775001
29515.200001
29600.475001
29687.900001
29777.900001
29871.325001
29968.875001
30071.400001
30175.925001
30280.850001
30386.025001
30491.375001
30596.875001
30702.500001
30808.200001
30914.000001
31019.850001
31125.775001
31231.775001
31337.825001
31443.950001
31550.125001
31656.350001
31762.650001
31869.000001
31975.450001
32081.975001
32188.625001
32295.400001
32402.375001
32509.600001
32617.300001
32725.825001
32836.125001
32948.675001
33062.025001
33175.275001
33288.325001
33401.250001
33514.125001
33626.925001
33739.675001
33852.400001
33965.125001
34077.825001
34190.500001
34303.175001
34415.850001
34528.525001
34641.200001
34753.850001
34866.525001
34979.175001
