1.000000
10.000000
3275.125000
3364.150000
3450.175000
3532.475000
3611.475000
3687.500000
3761.025000
3832.450000
3902.325000
3970.750000
4037.850000
4103.875000
4168.750000
4232.300000
4294.800000
4356.525000
4417.600000
4477.925000
4537.650000
4597.075000
4656.225000
4714.850000
4773.175000
4830.825000
4888.025000
4944.950000
5001.300000
5057.050000
5112.325000
5167.250000
5221.775000
5275.975000
5330.025000
5383.775000
5437.150000
5490.375000
5543.100000
5595.750000
5648.025000
5700.100000
5751.850000
5803.325000
5854.600000
5905.600000
5956.550000
6007.250000
6057.775000
6108.100000
6158.175000
6208.125000
6258.000000
6307.800000
6357.525000
6407.050000
6456.400000
6505.500000
6554.325000
6602.950000
6651.600000
6700.025000
6748.275000
6796.600000
6844.750000
6892.625000
6940.450000
6987.900000
7035.475000
7082.875000
7130.175000
7177.250000
7224.350000
7271.050000
7317.900000
7364.250000
7410.775000
7457.225000
7503.400000
7549.675000
7595.750000
7641.575000
7687.275000
7733.000000
7778.800000
7824.300000
7869.600000
7914.800000
7959.850000
8004.925000
8049.900000
8094.675000
8139.425000
8184.275000
8228.950000
8273.400000
8317.825000
8362.150000
8406.475000
8450.725000
8494.825000
8538.675000
8582.425000
8626.150000
8669.675000
8713.375000
8757.025000
8800.525000
8843.975000
8887.250000
8930.375000
8973.575000
9016.650000
9059.500000
9102.450000
9145.525000
9188.275000
9231.000000
9273.750000
9316.400000
9358.675000
9401.300000
9443.525000
9485.875000
9528.275000
9570.475000
9612.700000
9654.700000
9696.850000
9738.775000
9780.450000
9822.275000
9863.775000
9905.500000
9947.000000
9988.575000
10030.175000
10071.650000
10113.300000
10154.825000
10196.425000
10237.725000
10279.275000
10320.500000
10362.125000
10403.400000
10445.125000
10486.250000
10527.675000
10569.075000
10610.450000
10652.050000
10693.300000
10734.775000
10776.000000
10817.700000
10858.800000
10900.350000
10941.575000
10982.975000
11024.450000
11065.825000
11107.425000
11148.575000
11190.100000
11231.325000
11273.050000
11314.150000
11355.575000
11396.875000
11438.250000
11479.925000
11521.125000
11562.575000
11603.850000
11645.450000
11686.550000
11728.075000
11769.300000
11810.675000
11852.200000
11893.525000
11935.025000
11976.200000
12017.775000
12058.900000
12100.575000
12141.825000
12183.175000
12224.550000
12265.975000
12307.600000
12348.775000
12390.250000
12431.500000
12473.150000
12514.250000
12555.700000
12596.950000
12638.350000
12679.975000
12721.200000
12762.675000
12803.925000
12845.475000
12886.600000
12928.175000
12969.375000
13010.750000
13052.225000
13093.575000
13135.125000
13176.275000
13217.850000
13259.000000
13300.725000
13342.000000
13383.325000
13424.650000
13466.075000
13507.675000
13548.875000
13590.350000
13631.600000
13673.200000
13714.300000
13755.775000
13797.000000
13838.400000
13880.000000
13921.225000
13962.725000
14003.975000
14045.500000
14086.625000
14128.250000
14169.450000
14210.825000
14252.250000
14293.625000
14335.225000
14376.375000
14417.900000
14459.100000
14500.825000
14542.100000
14583.500000
14624.750000
14666.200000
14707.725000
14748.975000
14790.450000
14831.675000
14873.250000
14914.350000
14955.850000
14997.075000
15038.450000
15080.025000
15121.275000
15162.800000
15204.050000
15245.550000
15286.675000
15328.400000
15369.600000
15410.950000
15452.325000
15493.725000
15535.350000
15576.525000
15618.000000
15659.225000
15700.925000
15742.200000
15783.675000
15824.875000
15866.350000
15907.775000
15949.050000
15990.575000
16031.775000
16073.325000
16114.450000
16156.075000
16197.275000
16238.650000
16280.100000
16321.400000
16363.000000
16404.250000
16445.700000
16486.900000
16528.700000
16569.875000
16611.250000
16652.525000
16693.925000
16735.500000
16776.725000
16818.175000
16859.400000
16901.000000
16942.275000
16983.850000
17025.050000
17066.500000
17107.850000
17149.175000
17190.825000
17232.025000
17273.500000
17314.700000
17356.450000
17397.625000
17439.000000
17480.300000
17521.650000
17563.250000
17604.650000
17646.075000
17687.300000
17728.900000
17770.075000
17811.700000
17852.900000
17894.300000
17935.650000
17977.000000
18018.600000
18059.825000
18101.275000
18142.550000
18184.225000
18225.425000
18266.950001
18308.125001
18349.525001
18391.125001
18432.450001
18473.900001
18515.125001
18556.700001
18597.875001
18639.500001
18680.675001
18722.075001
18763.425001
18804.900001
18846.475001
18887.725001
18929.225001
18970.450001
19012.075001
19053.300001
19094.875001
19136.025001
19177.425001
19218.925001
19260.275001
19301.775001
19342.975001
19384.500001
19425.700001
19467.500001
19508.575001
19549.975001
19591.350001
19632.725001
19674.300001
19715.575001
19757.025001
19798.250001
19839.875001
19881.050001
19922.600001
19963.750001
20005.225001
20046.675001
20088.025001
20129.700001
20170.975001
20212.575001
20254.000001
20295.700001
20337.225001
20379.125001
20420.675001
20462.575001
20504.300001
20546.375001
20588.500001
20630.475001
20672.850001
20715.025001
20757.475001
20799.875001
20842.200001
20884.850001
20927.375001
20970.000001
21012.900001
21055.625001
21098.325001
21141.350001
21184.475001
21227.475001
21270.525001
21313.650001
21357.025001
21400.325001
21443.700001
21487.225001
21530.600001
21574.375001
21618.200001
21662.150001
21706.075001
21750.050001
21794.075001
21838.200001
21882.450001
21926.575001
21970.775001
22015.100001
22059.525001
22104.025001
22148.525001
22193.100001
22237.825001
22282.825001
22327.875001
22373.100001
22418.325001
22463.525001
22508.775001
22554.200001
22599.700001
22645.475001
22691.250001
22737.000001
22782.975001
22829.100001
22874.950001
22920.925001
22967.400001
23013.675001
23060.000001
23106.725001
23153.200001
23199.950001
23246.800001
23293.775001
23341.050001
23388.275001
23435.650001
23483.075001
23530.450001
23578.025001
23625.650001
23673.575001
23721.400001
23769.425001
23817.725001
23866.000001
23914.375001
23963.050001
24011.850001
24060.700001
24109.550001
24158.425001
24207.700001
24257.125001
24306.675001
24356.375001
24406.275001
24456.375001
24506.600001
24556.850001
24607.225001
24657.800001
24708.400001
24759.275001
24810.400001
24861.850001
24913.400001
24965.050001
25016.975001
25069.050001
25121.250001
25173.775001
25226.275001
25279.200001
25332.075001
25385.350001
25438.775001
25492.350001
25546.250001
25600.225001
25654.300001
25708.550001
25763.175001
25818.050001
25873.100001
25928.400001
25983.900001
26039.625001
26095.575001
26151.625001
26207.900001
26264.400001
26321.100001
26378.125001
26435.425001
26492.975001
26550.850001
26608.975001
26667.600001
26726.300001
26785.475001
26845.100001
26905.075001
26965.350001
27026.000001
27087.100001
27148.500001
27210.250001
27272.400001
27334.900001
27397.650001
27460.825001
27524.400001
27588.350001
27652.650001
27717.425001
27782.550001
27848.100001
27914.050001
27980.475001
28047.325001
28114.700001
28182.650001
28251.175001
28320.175001
28389.850001
28460.075001
28530.950001
28602.525001
28674.825001
28747.900001
28821.825001
28896.675001
28972.425001
29049.200001
29127.150001
29206.375001
29286.950001
29369.125001
29453.150001
29539.225001
29627.425001
29717.825001
29810.700001
29906.500001
30006.075001
30110.850001
30216.200001
30322.675001
30430.100001
30538.250001
30646.950001
30756.075001
30865.550001
30975.300001
31085.350001
31195.650001
31306.250001
31417.175001
31528.450001
31640.225001
31752.850001
31867.325001
31989.775001
32308.550001
32408.925001
32516.350001
32627.725001
32741.850001
32857.950001
32975.300001
33093.350001
33211.700001
33330.250001
33448.900001
33567.650001
33686.425001
33805.250001
33924.075001
34042.950001
34161.825001
34280.725001
34399.600001
34518.500001
34637.400001
34756.325001
34875.200001
34994.150001
