10.000000
35.000000
4857.100000
4933.425000
5006.725000
5075.350000
5140.825000
5203.050000
5263.225000
5321.100000
5377.525000
5432.625000
5486.675000
5540.125000
5592.525000
5644.425000
5695.775000
5746.625000
5797.025000
5846.950000
5896.550000
5945.800000
5994.375000
6042.575000
6090.600000
6137.825000
6185.000000
6231.550000
6277.775000
6323.625000
6369.025000
6413.800000
6458.200000
6502.300000
6546.000000
6589.100000
6631.800000
6674.350000
6716.650000
6758.300000
6799.950000
6841.400000
6882.550000
6923.750000
6964.400000
7005.350000
7045.950000
7086.125000
7126.350000
7166.650000
7206.850000
7246.800000
7286.450000
7326.225000
7365.850000
7405.550000
7445.225000
7484.775000
7524.050000
7563.425000
7602.575000
7641.600000
7680.475000
7719.350000
7758.150000
7796.975000
7835.750000
7874.525000
7913.300000
7952.025000
7990.700000
8029.300000
8067.825000
8106.175000
8144.500000
8182.600000
8220.725000
8258.550000
8296.800000
8334.875000
8372.975000
8410.900000
8448.500000
8486.075000
8523.875000
8561.575000
8599.050000
8636.475000
8674.250000
8712.075000
8749.375000
8786.700000
8824.325000
8861.900000
8898.875000
8936.000000
8973.400000
9010.200000
9047.200000
9084.475000
9121.000000
9158.025000
9195.075000
9231.800000
9268.700000
9305.525000
9341.925000
9378.975000
9415.200000
9451.825000
9488.400000
9524.850000
9561.225000
9597.325000
9633.850000
9670.100000
9706.800000
9742.800000
9779.200000
9815.075000
9851.325000
9887.175000
9923.450000
9959.175000
9995.575000
10031.100000
10067.550000
10103.050000
10138.975000
10174.775000
10210.600000
10246.675000
10282.400000
10318.450000
10354.175000
10390.200000
10425.775000
10462.075000
10497.550000
10533.450000
10569.250000
10605.125000
10641.200000
10676.750000
10712.775000
10748.400000
10784.525000
10820.000000
10856.200000
10891.850000
10927.775000
10963.550000
10999.250000
11035.450000
11071.025000
11107.075000
11142.750000
11178.950000
11214.225000
11250.250000
11285.925000
11321.775000
11357.825000
11393.450000
11429.600000
11465.225000
11501.275000
11536.700000
11573.075000
11608.500000
11644.500000
11680.275000
11716.125000
11752.175000
11787.875000
11823.850000
11859.525000
11895.625000
11931.000000
11967.250000
12002.850000
12038.775000
12074.625000
12110.350000
12146.450000
12182.125000
12218.125000
12253.850000
12289.975000
12325.400000
12361.350000
12397.075000
12432.950000
12468.950000
12504.750000
12540.900000
12576.500000
12612.550000
12648.175000
12684.400000
12719.825000
12755.800000
12791.550000
12827.375000
12863.375000
12899.000000
12935.050000
12970.675000
13006.800000
13042.350000
13078.725000
13114.075000
13150.050000
13185.825000
13221.525000
13257.725000
13293.350000
13329.425000
13365.050000
13401.150000
13436.500000
13472.550000
13508.200000
13544.100000
13580.100000
13615.825000
13651.850000
13687.525000
13723.550000
13759.075000
13795.425000
13830.825000
13866.875000
13902.575000
13938.425000
13974.450000
14010.150000
14046.125000
14081.800000
14117.900000
14153.425000
14189.675000
14225.225000
14261.150000
14296.950000
14332.725000
14368.850000
14404.650000
14440.725000
14476.325000
14512.400000
14547.950000
14584.250000
14619.750000
14655.700000
14691.500000
14727.250000
14763.350000
14798.950000
14834.975000
14870.625000
14906.750000
14942.275000
14978.625000
15014.050000
15050.000000
15085.800000
15121.500000
15157.700000
15193.300000
15229.400000
15265.000000
15301.125000
15336.450000
15372.500000
15408.175000
15444.050000
15480.075000
15515.800000
15551.825000
15587.475000
15623.525000
15659.000000
15695.375000
15730.800000
15766.825000
15802.550000
15838.375000
15874.425000
15910.125000
15946.100000
15981.775000
16017.875000
16053.400000
16089.625000
16125.200000
16161.125000
16196.925000
16232.700000
16268.825000
16304.625000
16340.675000
16376.300000
16412.375000
16447.900000
16484.200000
16519.725000
16555.650000
16591.475000
16627.200000
16663.325000
16698.925000
16734.950000
16770.600000
16806.725000
16842.250000
16878.575000
16914.025000
16950.000000
16985.775000
17021.475000
17057.675000
17093.300000
17129.375000
17165.000000
17201.125000
17236.450000
17272.475000
17308.150000
17344.025000
17380.075000
17415.775000
17451.800000
17487.475000
17523.500000
17558.975000
17595.350000
17630.775000
17666.825000
17702.550000
17738.375000
17774.425000
17810.125000
17846.100000
17881.775000
17917.875000
17953.375000
17989.625000
18025.200000
18061.100000
18096.925000
18132.700000
18168.825000
18204.600000
18240.650001
18276.275001
18312.375001
18347.875001
18384.150001
18419.700001
18455.625001
18491.450001
18527.150001
18563.300001
18598.900001
18634.925001
18670.575001
18706.725001
18742.250001
18778.525001
18814.000001
18849.975001
18885.775001
18921.450001
18957.650001
18993.275001
19029.350001
19064.975001
19101.125001
19136.450001
19172.450001
19208.150001
19244.000001
19280.075001
19315.775001
19351.800001
19387.450001
19423.500001
19458.950001
19495.325001
19530.775001
19566.800001
19602.550001
19638.350001
19674.425001
19710.125001
19746.075001
19781.775001
19817.875001
19853.375001
19889.600001
19925.175001
19961.100001
19996.900001
20032.675001
20068.825001
20104.600001
20140.700001
20176.375001
20212.525001
20248.275001
20284.575001
20320.375001
20356.825001
20392.725001
20429.150001
20465.050001
20501.400001
20537.400001
20573.750001
20609.825001
20646.325001
20682.850001
20719.325001
20755.825001
20792.225001
20829.175001
20865.450001
20902.300001
20939.000001
20975.575001
21012.625001
21049.300001
21086.100001
21123.350001
21159.975001
21197.025001
21234.325001
21271.075001
21308.175001
21345.625001
21382.700001
21419.925001
21457.550001
21495.225001
21532.600001
21570.100001
21607.875001
21645.675001
21683.175001
21720.625001
21758.200001
21796.000001
21833.825001
21871.725001
21909.575001
21947.300001
21985.500001
22023.650001
22061.900001
22100.075001
22138.175001
22176.350001
22214.550001
22252.875001
22291.425001
22330.000001
22368.675001
22407.450001
22446.150001
22484.925001
22523.675001
22562.525001
22601.400001
22640.350001
22679.375001
22718.400001
22757.650001
22796.900001
22835.975001
22875.100001
22914.275001
22953.800001
22993.100001
23032.675001
23072.425001
23112.275001
23152.000001
23191.750001
23231.600001
23271.525001
23311.825001
23352.075001
23392.250001
23432.550001
23473.200001
23513.575001
23554.000001
23594.525001
23635.200001
23675.850001
23716.775001
23757.700001
23798.550001
23839.775001
23880.675001
23921.950001
23963.300001
24004.675001
24046.250001
24087.650001
24129.450001
24170.925001
24212.850001
24254.700001
24296.850001
24338.925001
24380.950001
24423.475001
24465.700001
24508.200001
24551.025001
24593.650001
24636.450001
24679.625001
24722.825001
24766.125001
24809.475001
24852.825001
24896.550001
24940.425001
24984.425001
25028.600001
25072.925001
25117.500001
25162.150001
25206.875001
25251.625001
25296.650001
25341.775001
25387.000001
25432.500001
25478.275001
25524.175001
25570.150001
25616.450001
25662.775001
25709.175001
25755.950001
25802.725001
25849.775001
25896.975001
25944.375001
25991.900001
26039.850001
26087.775001
26135.975001
26184.575001
26233.200001
26282.000001
26331.125001
26380.575001
26430.300001
26480.300001
26530.500001
26580.950001
26631.800001
26683.025001
26734.675001
26786.500001
26838.875001
26891.675001
26945.125001
26998.975001
27053.575001
27108.875001
27165.025001
27222.150001
27280.450001
27340.125001
27401.225001
27463.825001
27528.300001
27594.775001
27663.450001
27734.425001
27807.875001
27883.825001
27962.850001
28045.300001
28132.075001
28225.000001
28411.025001
28504.700001
