100.000000
35.000000
3018.250000
3080.200000
3139.875000
3197.175000
3252.900000
3307.900000
3362.125000
3415.250000
3468.350000
3520.575000
3572.750000
3624.625000
3675.900000
3726.900000
3777.775000
3828.625000
3879.250000
3929.575000
3979.675000
4029.600000
4079.225000
4128.625000
4177.600000
4226.175000
4274.825000
4323.475000
4371.475000
4419.525000
4467.825000
4515.200000
4563.050000
4610.350000
4657.900000
4705.050000
4752.250000
4798.750000
4845.700000
4891.925000
4938.175000
4984.750000
5030.525000
5076.225000
5121.975000
5167.925000
5213.475000
5258.500000
5303.775000
5348.600000
5393.400000
5438.275000
5483.175000
5527.750000
5572.200000
5616.625000
5660.825000
5705.050000
5748.825000
5792.750000
5836.225000
5880.225000
5923.975000
5967.875000
6011.075000
6054.150000
6097.175000
6140.525000
6183.400000
6226.100000
6269.100000
6312.150000
6354.475000
6397.025000
6439.775000
6481.850000
6524.400000
6566.725000
6608.325000
6650.775000
6692.625000
6734.775000
6776.150000
6818.075000
6859.300000
6901.225000
6942.350000
6984.250000
7025.075000
7066.450000
7107.725000
7148.475000
7189.850000
7230.425000
7270.825000
7311.950000
7352.550000
7392.875000
7433.325000
7473.775000
7513.750000
7553.950000
7594.125000
7634.575000
7674.600000
7714.025000
7753.975000
7793.450000
7833.325000
7873.375000
7913.150000
7952.625000
7991.800000
8030.825000
8070.175000
8109.475000
8148.450000
8187.375000
8226.225000
8265.050000
8303.950000
8342.725000
8381.375000
8420.225000
8458.675000
8497.200000
8535.850000
8574.600000
8613.375000
8652.125000
8691.025000
8729.825000
8768.275000
8806.825000
8845.075000
8883.200000
8920.750000
8958.300000
8996.650000
9034.825000
9072.800000
9110.550000
9148.225000
9185.875000
9223.650000
9261.050000
9298.250000
9335.800000
9373.500000
9410.600000
9447.575000
9485.325000
9523.000000
9559.725000
9596.950000
9634.425000
9670.725000
9707.925000
9745.275000
9781.775000
9818.900000
9855.700000
9891.850000
9929.125000
9965.125000
10001.925000
10038.475000
10074.825000
10111.200000
10147.175000
10184.100000
10220.350000
10257.250000
10293.075000
10330.050000
10366.600000
10402.650000
10439.100000
10475.000000
10512.075000
10548.125000
10585.000000
10620.800000
10657.725000
10694.225000
10730.375000
10767.300000
10803.475000
10840.450000
10876.300000
10913.200000
10949.650000
10985.900000
11022.400000
11058.250000
11095.350000
11131.325000
11168.250000
11204.225000
11241.175000
11277.550000
11313.675000
11350.225000
11386.050000
11423.175000
11459.025000
11495.950000
11531.900000
11568.725000
11605.350000
11641.525000
11678.075000
11713.850000
11751.000000
11786.800000
11823.725000
11859.650000
11896.400000
11932.925000
11969.275000
12005.725000
12041.700000
12078.900000
12114.575000
12151.500000
12187.425000
12224.200000
12260.700000
12297.050000
12333.425000
12369.400000
12406.450000
12442.650000
12479.575000
12515.425000
12552.275000
12588.750000
12624.850000
12661.300000
12697.200000
12734.250000
12770.350000
12807.250000
12843.075000
12880.050000
12916.600000
12952.650000
12989.100000
13025.000000
13062.075000
13098.125000
13135.000000
13170.800000
13207.725000
13244.225000
13280.375000
13317.300000
13353.475000
13390.450000
13426.300000
13463.200000
13499.650000
13535.900000
13572.400000
13608.250000
13645.350000
13681.325000
13718.250000
13754.225000
13791.175000
13827.550000
13863.675000
13900.225000
13936.050000
13973.175000
14009.025000
14045.950000
14081.900000
14118.725000
14155.350000
14191.525000
14228.075000
14263.850000
14301.000000
14336.800000
14373.725000
14409.650000
14446.400000
14482.925000
14519.275000
14555.725000
14591.700000
14628.900000
14664.575000
14701.500000
14737.425000
14774.200000
14810.700000
14847.050000
14883.425000
14919.400000
14956.450000
14992.650000
15029.575000
15065.425000
15102.275000
15138.750000
15174.850000
15211.300000
15247.200000
15284.250000
15320.350000
15357.250000
15393.075000
15430.050000
15466.600000
15502.650000
15539.100000
15575.000000
15612.075000
15648.125000
15685.000000
15720.800000
15757.725000
15794.225000
15830.375000
15867.300000
15903.475000
15940.450000
15976.300000
16013.200000
16049.650000
16085.900000
16122.400000
16158.250000
16195.350000
16231.325000
16268.250000
16304.225000
16341.175000
16377.550000
16413.675000
16450.225000
16486.050000
16523.175000
16559.025000
16595.950000
16631.900000
16668.725000
16705.350000
16741.525000
16778.075000
16813.850000
16851.000000
16886.800000
16923.725000
16959.650000
16996.400000
17032.925000
17069.275000
17105.725000
17141.700000
17178.900000
17214.575000
17251.500000
17287.425000
17324.200000
17360.700000
17397.050000
17433.425000
17469.400000
17506.450000
17542.650000
17579.575000
17615.425000
17652.275000
17688.750000
17724.850000
17761.300000
17797.200000
17834.250000
17870.350000
17907.250000
17943.075000
17980.050000
18016.600000
18052.650000
18089.100000
18125.000000
18162.075000
18198.125000
18235.000001
18270.800001
18307.725001
18344.225001
18380.375001
18417.300001
18453.475001
18490.450001
18526.300001
18563.200001
18599.650001
18635.900001
18672.400001
18708.250001
18745.350001
18781.325001
18818.250001
18854.225001
18891.175001
18927.550001
18963.675001
19000.225001
19036.050001
19073.175001
19109.025001
19145.950001
19181.900001
19218.725001
19255.350001
19291.525001
19328.075001
19363.850001
19401.000001
19436.800001
19473.725001
19509.650001
19546.400001
19582.925001
19619.275001
19655.725001
19691.700001
19728.900001
19764.575001
19801.500001
19837.425001
19874.200001
19910.700001
19947.050001
19983.425001
20019.400001
20056.450001
20092.650001
20129.675001
20166.200001
20202.650001
20239.750001
20276.125001
20313.275001
20350.100001
20386.175001
20423.550001
20459.850001
20496.950001
20534.450001
20570.800001
20608.025001
20645.650001
20682.200001
20719.350001
20757.000001
20794.225001
20831.150001
20869.100001
20906.925001
20944.350001
20981.650001
21019.275001
21057.250001
21095.475001
21133.150001
21170.650001
21208.250001
21246.650001
21285.050001
21323.450001
21361.625001
21399.925001
21437.750001
21476.025001
21513.950001
21552.575001
21591.350001
21630.125001
21669.025001
21707.925001
21746.850001
21785.750001
21824.725001
21863.600001
21902.575001
21941.550001
21980.425001
22019.400001
22058.300001
22097.375001
22136.375001
22175.900001
22215.275001
22255.025001
22295.275001
22335.350001
22374.950001
22414.625001
22454.850001
22495.525001
22535.675001
22575.625001
22616.150001
22656.925001
22697.050001
22737.275001
22777.875001
22818.725001
22859.275001
22900.275001
22941.325001
22981.875001
23023.350001
23063.875001
23105.250001
23146.700001
23187.750001
23229.650001
23270.750001
23312.625001
23354.050001
23395.950001
23437.425001
23479.800001
23521.775001
23563.750001
23606.375001
23648.425001
23691.200001
23733.775001
23776.150001
23819.050001
23862.175001
23904.950001
23947.900001
23991.375001
24034.725001
24077.875001
24120.850001
24164.025001
24207.900001
24251.800001
24295.800001
24339.975001
24384.200001
24428.800001
24473.300001
24517.925001
24562.500001
24607.225001
24652.125001
24697.025001
24741.825001
24786.700001
24831.900001
24877.200001
24923.200001
24969.000001
25014.575001
25060.650001
25107.025001
25152.900001
25199.000001
25245.800001
25292.275001
25339.175001
25385.975001
25433.075001
25480.350001
25527.700001
25575.050001
25623.125001
25670.775001
25719.075001
25767.725001
25816.050001
25864.650001
25913.650001
25962.875001
26012.300001
26061.800001
26111.525001
26161.350001
26211.350001
26261.750001
26312.525001
26363.375001
26414.150001
26465.200001
26516.725001
26568.675001
26620.550001
26673.025001
26725.500001
26778.650001
26831.675001
26885.350001
26939.075001
26993.000001
27047.325001
27102.275001
27157.700001
27213.425001
27269.375001
27325.575001
27382.175001
27439.400001
27497.100001
27555.225001
27613.850001
27673.150001
27732.850001
27793.150001
27854.100001
27915.575001
27977.950001
28041.425001
28105.475001
28170.525001
28236.650001
28304.000001
28372.525001
28442.850001
28514.875001
28588.900001
28666.075001
28749.125001
28962.275001
