2.000000
7.000000
5841.275000
5895.325000
5947.900000
5998.275000
6047.500000
6095.275000
6142.100000
6187.225000
6231.550000
6275.275000
6317.850000
6359.550000
6400.850000
6441.450000
6481.375000
6520.425000
6559.150000
6597.200000
6634.475000
6671.450000
6707.850000
6743.875000
6779.675000
6814.750000
6849.500000
6884.075000
6918.025000
6951.925000
6985.450000
7018.800000
7051.875000
7084.375000
7117.000000
7149.125000
7181.200000
7213.025000
7244.500000
7275.675000
7306.550000
7337.125000
7367.600000
7398.000000
7428.500000
7458.825000
7488.625000
7518.575000
7548.075000
7577.550000
7606.725000
7635.800000
7664.800000
7693.875000
7722.950000
7751.975000
7780.975000
7809.375000
7838.050000
7866.550000
7895.075000
7923.200000
7951.275000
7979.600000
8007.700000
8035.650000
8063.475000
8091.300000
8119.025000
8146.750000
8174.450000
8202.175000
8229.875000
8257.600000
8285.300000
8312.925000
8340.150000
8367.450000
8395.025000
8422.450000
8449.500000
8476.625000
8503.625000
8530.925000
8557.800000
8584.725000
8611.800000
8638.550000
8665.175000
8692.225000
8718.950000
8745.475000
8772.325000
8798.900000
8825.675000
8852.250000
8878.750000
8905.200000
8931.500000
8957.900000
8984.275000
9010.625000
9036.975000
9063.325000
9089.700000
9116.125000
9142.425000
9168.800000
9195.175000
9221.525000
9247.875000
9274.225000
9300.625000
9326.825000
9353.225000
9379.125000
9405.025000
9431.225000
9457.400000
9483.425000
9509.175000
9535.300000
9561.475000
9587.075000
9613.100000
9639.100000
9664.725000
9690.775000
9716.450000
9742.300000
9767.725000
9793.550000
9819.100000
9845.000000
9870.350000
9895.900000
9921.525000
9946.950000
9972.750000
9998.050000
10023.325000
10048.475000
10074.100000
10099.500000
10124.775000
10150.475000
10175.775000
10200.975000
10226.075000
10251.275000
10276.425000
10301.975000
10327.325000
10352.600000
10378.325000
10403.600000
10428.825000
10453.950000
10479.375000
10504.825000
10530.075000
10555.425000
10581.000000
10606.350000
10631.525000
10656.725000
10681.825000
10707.350000
10732.725000
10757.950000
10783.375000
10808.925000
10834.200000
10859.350000
10884.550000
10909.675000
10935.225000
10960.550000
10985.775000
11011.300000
11036.775000
11062.025000
11087.150000
11112.350000
11137.525000
11163.050000
11188.375000
11213.575000
11239.150000
11264.575000
11289.825000
11314.950000
11340.200000
11365.525000
11391.025000
11416.350000
11441.675000
11467.250000
11492.475000
11517.675000
11542.750000
11567.950000
11593.075000
11618.650000
11643.975000
11669.225000
11694.900000
11720.200000
11745.400000
11770.500000
11795.650000
11820.725000
11846.250000
11871.675000
11896.900000
11922.550000
11947.925000
11973.125000
11998.250000
12023.400000
12048.450000
12073.925000
12099.375000
12124.625000
12150.150000
12175.625000
12200.850000
12225.975000
12251.150000
12276.200000
12301.550000
12327.025000
12352.325000
12377.750000
12403.350000
12428.650000
12453.800000
12479.025000
12504.225000
12529.775000
12555.075000
12580.275000
12605.950000
12631.300000
12656.525000
12681.650000
12706.875000
12732.200000
12757.650000
12782.925000
12808.125000
12833.800000
12859.125000
12884.350000
12909.450000
12934.700000
12960.075000
12985.475000
13010.775000
13035.975000
13061.625000
13086.925000
13112.125000
13137.225000
13162.500000
13187.925000
13213.300000
13238.575000
13263.800000
13289.450000
13314.700000
13339.925000
13365.025000
13390.375000
13415.900000
13441.200000
13466.625000
13492.200000
13517.475000
13542.625000
13567.800000
13592.850000
13618.175000
13643.675000
13668.975000
13694.350000
13719.925000
13745.225000
13770.375000
13795.550000
13820.600000
13845.850000
13871.300000
13896.675000
13922.025000
13947.500000
13972.925000
13998.100000
14023.275000
14048.325000
14073.525000
14098.725000
14124.275000
14149.575000
14174.825000
14200.500000
14225.775000
14250.975000
14276.050000
14301.225000
14326.275000
14351.825000
14377.225000
14402.475000
14428.200000
14453.550000
14478.775000
14503.900000
14529.225000
14554.700000
14580.000000
14605.325000
14630.650000
14656.200000
14681.425000
14706.625000
14731.725000
14757.075000
14782.525000
14807.825000
14833.125000
14858.525000
14884.025000
14909.225000
14934.425000
14959.525000
14984.900000
15010.350000
15035.625000
15060.950000
15086.425000
15111.850000
15137.050000
15162.250000
15187.325000
15212.800000
15238.225000
15263.450000
15288.800000
15314.375000
15339.700000
15364.875000
15390.075000
15415.200000
15440.800000
15466.175000
15491.450000
15517.125000
15542.425000
15567.625000
15592.725000
15617.900000
15642.975000
15668.550000
15693.925000
15719.175000
15744.850000
15770.175000
15795.375000
15820.475000
15845.650000
15870.700000
15896.225000
15921.625000
15946.900000
15972.500000
15997.900000
16023.125000
16048.225000
16073.400000
16098.450000
16123.875000
16149.325000
16174.600000
16200.075000
16225.575000
16250.825000
16275.975000
16301.125000
16326.175000
16351.475000
16376.950000
16402.275000
16427.675000
16453.300000
16478.625000
16503.800000
16529.000000
16554.175000
16579.725000
16605.050000
16630.275000
16655.900000
16681.300000
16706.525000
16731.650000
16756.850000
16782.150000
16807.625000
16832.900000
16858.100000
16883.775000
16909.100000
16934.325000
16959.425000
16984.675000
17010.050000
17035.450000
17060.750000
17085.925000
17111.600000
17136.900000
17162.125000
17187.225000
17212.475000
17237.900000
17263.275000
17288.550000
17313.775000
17339.425000
17364.700000
17389.925000
17415.025000
17440.350000
17465.875000
17491.200000
17516.625000
17542.175000
17567.475000
17592.625000
17617.800000
17642.850000
17668.150000
17693.650000
17718.975000
17744.350000
17769.900000
17795.225000
17820.375000
17845.550000
17870.600000
17895.850000
17921.275000
17946.675000
17972.000000
17997.475000
18022.900000
18048.100000
18073.275000
18098.325000
18123.525000
18148.700000
18174.250000
18199.575000
18224.800000
18250.475001
18275.750001
18300.950001
18326.050001
18351.225001
18376.275001
18401.800001
18427.200001
18452.475001
18478.175001
18503.550001
18528.775001
18553.900001
18579.200001
18604.675001
18630.000001
18655.300001
18680.625001
18706.200001
18731.425001
18756.625001
18781.725001
18807.050001
18832.525001
18857.825001
18883.125001
18908.500001
18934.000001
18959.225001
18984.425001
19009.500001
19034.875001
19060.325001
19085.600001
19110.925001
19136.375001
19161.825001
19187.025001
19212.225001
19237.325001
19262.750001
19288.175001
19313.425001
19338.775001
19364.325001
19389.675001
19414.850001
19440.075001
19465.175001
19490.775001
19516.175001
19541.425001
19567.125001
19592.425001
19617.625001
19642.725001
19667.900001
19692.975001
19718.550001
19743.925001
19769.175001
19794.825001
19820.175001
19845.375001
19870.475001
19895.650001
19920.700001
19946.200001
19971.625001
19996.875001
20022.475001
20047.900001
20073.125001
20098.225001
20123.425001
20148.550001
20174.175001
20199.575001
20224.975001
20250.625001
20275.900001
20301.250001
20326.900001
20352.375001
20378.350001
20403.725001
20429.575001
20455.100001
20481.075001
20506.550001
20532.400001
20557.975001
20583.975001
20609.475001
20635.375001
20661.550001
20687.125001
20713.150001
20739.400001
20765.000001
20791.050001
20817.275001
20843.000001
20868.950001
20895.125001
20921.325001
20947.700001
20973.700001
20999.675001
21025.750001
21052.100001
21078.500001
21104.825001
21131.250001
21157.625001
21184.075001
21210.450001
21236.875001
21263.275001
21289.700001
21316.175001
21342.500001
21368.975001
21395.350001
21421.850001
21448.150001
21474.675001
21501.025001
21527.675001
21554.050001
21580.950001
21607.675001
21634.325001
21661.100001
21687.950001
21714.725001
21741.575001
21768.600001
21795.375001
21822.675001
21849.550001
21876.325001
21903.500001
21930.450001
21957.600001
21984.625001
22011.850001
22039.350001
22066.525001
22093.800001
22121.050001
22148.150001
22175.650001
22203.350001
22230.975001
22258.350001
22285.650001
22313.225001
22340.975001
22368.725001
22396.525001
22424.325001
22452.125001
22479.925001
22507.725001
22535.550001
22563.350001
22591.250001
22619.075001
22646.925001
22674.800001
22702.825001
22731.075001
22759.150001
22787.150001
22815.150001
22843.475001
22871.750001
22900.325001
22928.650001
22957.125001
22985.525001
23014.300001
23042.625001
23071.400001
23100.275001
23128.800001
23157.625001
23186.675001
23215.600001
23244.675001
23273.350001
23302.300001
23331.375001
23360.500001
23389.725001
23418.950001
23448.125001
23477.450001
23506.700001
23536.125001
23565.775001
23595.325001
23625.025001
23654.800001
23684.500001
23714.525001
23744.600001
23774.500001
23804.750001
23835.075001
23865.100001
23895.325001
23925.775001
23956.350001
23986.925001
24017.550001
24048.175001
24078.925001
24109.700001
24140.875001
24171.925001
24203.350001
24234.525001
24266.000001
24297.725001
24329.425001
24361.025001
24392.625001
24424.525001
24456.500001
24488.550001
24520.550001
24553.125001
24585.550001
24618.125001
24650.800001
24683.900001
24717.125001
24750.450001
24783.875001
24817.375001
24850.850001
24884.425001
24918.150001
24952.125001
24986.325001
25020.400001
25054.875001
25089.625001
25124.425001
25159.300001
25194.425001
25229.825001
25265.225001
25300.900001
25336.925001
25373.100001
25409.400001
25446.150001
25482.975001
25520.225001
25557.750001
25595.475001
25633.725001
25672.050001
25710.650001
25749.675001
25789.275001
25829.125001
25869.325001
25909.975001
25951.075001
25992.675001
26035.075001
26078.150001
26121.650001
26165.975001
26210.850001
26256.650001
26303.525001
26351.075001
26399.575001
26449.300001
26500.425001
26552.875001
26606.875001
26662.900001
26721.400001
26783.500001
26852.575001
27052.100001
27111.900001
