20.000000
1.000000
5041.300000
5095.400000
5145.500000
5192.800000
5238.250000
5282.275000
5324.950000
5366.575000
5407.450000
5447.625000
5486.975000
5525.775000
5564.175000
5602.000000
5639.475000
5676.150000
5712.450000
5748.250000
5783.925000
5819.025000
5853.725000
5888.100000
5922.050000
5955.750000
5989.175000
6022.225000
6055.000000
6087.650000
6120.125000
6152.350000
6184.350000
6216.200000
6247.950000
6279.650000
6310.975000
6342.275000
6373.250000
6404.075000
6434.825000
6465.350000
6495.675000
6525.875000
6556.200000
6586.325000
6616.175000
6646.000000
6675.700000
6705.225000
6734.675000
6764.225000
6793.625000
6822.950000
6852.200000
6881.400000
6910.500000
6939.650000
6968.775000
6997.850000
7026.900000
7056.000000
7084.850000
7113.525000
7142.375000
7171.225000
7199.950000
7228.600000
7257.400000
7285.975000
7314.600000
7343.175000
7371.675000
7400.400000
7428.800000
7457.425000
7485.775000
7514.375000
7542.650000
7571.100000
7599.450000
7627.875000
7656.250000
7684.450000
7712.825000
7741.075000
7769.275000
7797.625000
7825.775000
7853.850000
7881.900000
7910.075000
7938.200000
7966.275000
7994.275000
8022.375000
8050.500000
8078.550000
8106.475000
8134.350000
8162.175000
8189.975000
8217.725000
8245.475000
8273.200000
8300.925000
8328.700000
8356.450000
8384.175000
8411.925000
8439.675000
8467.400000
8495.150000
8522.875000
8550.625000
8578.375000
8606.125000
8633.825000
8661.525000
8689.100000
8716.425000
8743.850000
8771.400000
8798.775000
8825.975000
8853.475000
8881.000000
8908.200000
8935.475000
8962.925000
8990.075000
9017.375000
9044.825000
9071.925000
9099.200000
9126.200000
9153.475000
9180.625000
9207.700000
9234.850000
9261.900000
9289.150000
9316.150000
9343.125000
9370.150000
9397.125000
9424.200000
9451.025000
9478.250000
9505.075000
9531.925000
9558.950000
9585.700000
9612.625000
9639.550000
9666.350000
9693.000000
9719.975000
9746.700000
9773.350000
9800.300000
9827.075000
9853.725000
9880.350000
9907.025000
9933.875000
9960.500000
9987.050000
10013.600000
10040.075000
10066.775000
10093.350000
10120.050000
10146.650000
10173.125000
10199.675000
10226.025000
10252.550000
10279.000000
10305.575000
10332.050000
10358.800000
10385.400000
10411.975000
10438.475000
10464.900000
10491.425000
10517.800000
10544.375000
10570.700000
10597.350000
10623.975000
10650.650000
10677.225000
10703.725000
10730.200000
10756.650000
10783.125000
10809.500000
10835.975000
10862.425000
10889.075000
10915.725000
10942.350000
10968.925000
10995.400000
11021.925000
11048.275000
11074.775000
11101.150000
11127.750000
11154.150000
11180.850000
11207.500000
11234.125000
11260.625000
11287.075000
11313.550000
11340.000000
11366.550000
11392.875000
11419.450000
11445.950000
11472.700000
11499.325000
11525.825000
11552.350000
11578.850000
11605.325000
11631.700000
11658.150000
11684.600000
11711.175000
11737.700000
11764.425000
11791.050000
11817.550000
11844.100000
11870.450000
11896.975000
11923.350000
11949.900000
11976.225000
12002.825000
12029.450000
12056.175000
12082.725000
12109.225000
12135.725000
12162.175000
12188.650000
12215.025000
12241.550000
12267.950000
12294.675000
12321.300000
12347.925000
12374.475000
12400.950000
12427.475000
12453.875000
12480.350000
12506.775000
12533.300000
12559.725000
12586.425000
12613.075000
12639.675000
12666.225000
12692.625000
12719.150000
12745.550000
12772.075000
12798.400000
12824.950000
12851.400000
12878.200000
12904.800000
12931.375000
12957.875000
12984.350000
13010.825000
13037.200000
13063.675000
13090.100000
13116.750000
13143.175000
13169.925000
13196.550000
13223.075000
13249.625000
13276.000000
13302.500000
13328.950000
13355.450000
13381.825000
13408.400000
13435.025000
13461.725000
13488.275000
13514.775000
13541.325000
13567.725000
13594.275000
13620.575000
13647.100000
13673.500000
13700.200000
13726.825000
13753.500000
13780.025000
13806.525000
13833.000000
13859.400000
13885.850000
13912.300000
13938.800000
13965.175000
13991.875000
14018.525000
14045.150000
14071.725000
14098.150000
14124.675000
14151.075000
14177.600000
14203.975000
14230.475000
14256.950000
14283.700000
14310.325000
14336.900000
14363.400000
14389.900000
14416.450000
14442.775000
14469.300000
14495.675000
14522.300000
14548.775000
14575.525000
14602.125000
14628.675000
14655.175000
14681.600000
14708.050000
14734.475000
14760.975000
14787.350000
14813.875000
14840.425000
14867.175000
14893.775000
14920.275000
14946.825000
14973.250000
14999.775000
15026.100000
15052.625000
15079.075000
15105.700000
15132.300000
15158.975000
15185.525000
15212.050000
15238.525000
15264.925000
15291.475000
15317.850000
15344.425000
15370.775000
15397.500000
15424.150000
15450.750000
15477.300000
15503.775000
15530.250000
15556.675000
15583.150000
15609.525000
15636.025000
15662.475000
15689.225000
15715.875000
15742.450000
15769.000000
15795.425000
15821.950000
15848.300000
15874.800000
15901.175000
15927.800000
15954.250000
15981.000000
16007.600000
16034.175000
16060.675000
16087.125000
16113.575000
16140.025000
16166.575000
16192.900000
16219.525000
16246.100000
16272.825000
16299.400000
16325.875000
16352.400000
16378.875000
16405.350000
16431.725000
16458.200000
16484.625000
16511.275000
16537.900000
16564.550000
16591.150000
16617.600000
16644.150000
16670.500000
16697.000000
16723.375000
16749.950000
16776.275000
16802.975000
16829.650000
16856.300000
16882.825000
16909.275000
16935.750000
16962.200000
16988.675000
17015.050000
17041.600000
17068.025000
17094.800000
17121.425000
17147.975000
17174.525000
17200.975000
17227.500000
17253.900000
17280.375000
17306.800000
17333.375000
17359.825000
17386.575000
17413.175000
17439.750000
17466.300000
17492.675000
17519.200000
17545.575000
17572.125000
17598.450000
17625.025000
17651.575000
17678.350000
17704.900000
17731.425000
17757.925000
17784.375000
17810.850000
17837.225000
17863.700000
17890.125000
17916.800000
17943.350000
17970.050000
17996.625000
18023.125000
18049.650000
18076.025000
18102.525000
18128.975000
18155.500000
18181.875000
18208.525000
18235.200001
18261.850001
18288.350001
18314.825001
18341.375001
18367.750001
18394.300001
18420.625001
18447.175001
18473.600001
18500.350001
18527.000001
18553.575001
18580.100001
18606.575001
18633.050001
18659.425001
18685.900001
18712.325001
18738.850001
18765.250001
18792.000001
18818.675001
18845.225001
18871.775001
18898.175001
18924.700001
18951.100001
18977.625001
19004.000001
19030.525001
19057.075001
19083.825001
19110.400001
19136.950001
19163.450001
19189.925001
19216.475001
19242.800001
19269.325001
19295.700001
19322.375001
19348.950001
19375.625001
19402.200001
19428.725001
19455.225001
19481.625001
19508.075001
19534.500001
19561.025001
19587.400001
19613.975001
19640.625001
19667.300001
19693.900001
19720.350001
19746.875001
19773.275001
19799.800001
19826.125001
19852.650001
19879.125001
19905.825001
19932.450001
19959.075001
19985.600001
20012.100001
20038.575001
20064.950001
20091.500001
20117.875001
20144.575001
20171.200001
20197.900001
20224.500001
20251.025001
20277.700001
20304.300001
20331.150001
20357.775001
20384.425001
20411.225001
20438.025001
20464.750001
20491.525001
20518.400001
20545.200001
20572.000001
20598.825001
20625.700001
20652.500001
20679.550001
20706.400001
20733.400001
20760.350001
20787.175001
20814.350001
20841.250001
20868.400001
20895.300001
20922.600001
20949.550001
20976.700001
21003.675001
21031.025001
21058.000001
21085.275001
21112.300001
21139.575001
21166.950001
21194.025001
21221.375001
21248.450001
21275.700001
21303.225001
21330.400001
21357.675001
21385.175001
21412.450001
21439.725001
21467.275001
21494.875001
21522.350001
21549.625001
21577.100001
21604.700001
21632.250001
21659.600001
21687.000001
21714.600001
21742.275001
21770.000001
21797.750001
21825.500001
21853.300001
21881.100001
21908.900001
21936.700001
21964.500001
21992.325001
22020.125001
22047.925001
22075.725001
22103.550001
22131.375001
22159.175001
22186.975001
22214.775001
22242.575001
22270.375001
22298.200001
22326.000001
22353.875001
22381.700001
22409.575001
22437.475001
22465.550001
22493.675001
22521.725001
22549.775001
22577.975001
22606.200001
22634.275001
22662.375001
22690.700001
22718.900001
22747.100001
22775.475001
22803.675001
22831.900001
22860.275001
22888.525001
22917.075001
22945.350001
22973.850001
23002.225001
23030.825001
23059.200001
23087.725001
23116.200001
23144.900001
23173.300001
23202.000001
23230.625001
23259.150001
23287.900001
23316.550001
23345.200001
23374.075001
23402.800001
23431.450001
23460.300001
23489.300001
23518.050001
23546.800001
23575.700001
23604.700001
23633.800001
23662.825001
23691.875001
23720.675001
23749.625001
23778.650001
23807.725001
23836.850001
23866.025001
23895.200001
23924.375001
23953.600001
23982.775001
24012.000001
24041.250001
24070.425001
24099.700001
24128.950001
24158.225001
24187.525001
24217.075001
24246.550001
24275.925001
24305.375001
24334.900001
24364.500001
24394.025001
24423.550001
24453.300001
24482.875001
24512.550001
24542.300001
24571.975001
24601.825001
24631.525001
24661.475001
24691.275001
24721.200001
24751.000001
24781.075001
24810.950001
24841.000001
24871.025001
24900.975001
24931.175001
24961.375001
24991.450001
25021.600001
25051.925001
25082.200001
25112.400001
25142.625001
25173.000001
25203.475001
25233.975001
25264.525001
25295.075001
25325.675001
25356.300001
25386.925001
25417.550001
25448.200001
25478.900001
25509.600001
25540.475001
25571.375001
25602.275001
25633.225001
25664.300001
25695.300001
25726.325001
25757.500001
25788.625001
25819.925001
25851.075001
25882.400001
25913.675001
25945.075001
25976.450001
26007.825001
26039.400001
26070.875001
26102.350001
26134.000001
26165.700001
26197.425001
26229.075001
26260.725001
26292.500001
26324.350001
26356.275001
26388.200001
26420.175001
26452.175001
26484.200001
26516.250001
26548.300001
26580.425001
26612.600001
26644.925001
26677.200001
26709.475001
26741.925001
26774.350001
26806.775001
26839.375001
26871.900001
26904.550001
26937.175001
26969.950001
27002.700001
27035.500001
27068.475001
27101.350001
27134.300001
27167.375001
27200.550001
27233.800001
27267.100001
27300.450001
27333.850001
27367.300001
27400.775001
27434.300001
27467.850001
27501.525001
27535.275001
27569.050001
27602.975001
27636.875001
27670.850001
27704.925001
27739.125001
27773.275001
27807.600001
27842.050001
27876.475001
27910.975001
27945.550001
27980.225001
28015.000001
28049.875001
28084.875001
28120.000001
28155.175001
28190.500001
28225.850001
28261.400001
28296.950001
28332.650001
28368.500001
28404.425001
28440.450001
28476.575001
28512.875001
28549.250001
28585.750001
28622.375001
28659.125001
28696.000001
28732.950001
28770.100001
28807.375001
28844.775001
28882.275001
28919.950001
28957.750001
28995.650001
29033.750001
29071.975001
29110.350001
29148.925001
29187.625001
29226.500001
29265.600001
29304.875001
29344.350001
29384.075001
29424.025001
29464.250001
29504.750001
29545.550001
29586.700001
29628.200001
29670.050001
29712.300001
29754.925001
29797.950001
29841.375001
29885.125001
29929.250001
29973.675001
30018.425001
30063.450001
30108.750001
30154.200001
30199.775001
30245.475001
30291.250001
30337.150001
30383.175001
30429.275001
30475.475001
30521.775001
30568.175001
30614.625001
30661.125001
30707.700001
30754.325001
30801.000001
30847.725001
30894.525001
30941.375001
30988.275001
31035.250001
31082.300001
31129.425001
31176.600001
31223.825001
31271.100001
31318.400001
31365.775001
31413.175001
31460.650001
31508.200001
31555.775001
31603.400001
31651.050001
31698.725001
31746.450001
31794.200001
31842.000001
31889.875001
31937.800001
31985.800001
32033.850001
32081.975001
32130.125001
32178.300001
32226.500001
32274.725001
32322.925001
32371.150001
32419.350001
32467.575001
32515.800001
32564.025001
32612.275001
32660.500001
32708.725001
32756.950001
32805.200001
32853.425001
32901.650001
32949.900001
32998.125001
33046.375001
33094.600001
33142.850001
33191.075001
33239.300001
33287.550001
33335.800001
33384.025001
33432.275001
33480.500001
33528.750001
33577.000001
33625.225001
33673.475001
33721.725001
33769.950001
33818.200001
33866.425001
33914.675001
33962.925001
34011.150001
34059.400001
34107.650001
34155.875001
34204.125001
34252.375001
34300.600001
34348.850001
34397.100001
34445.350001
34493.575001
34541.825001
34590.075001
34638.300001
34686.550001
34734.800001
34783.025001
34831.275001
34879.525001
34927.750001
34976.000001
