1.000000
6.000000
3662.725000
3754.150000
3843.025000
3929.125000
4012.625000
4093.725000
4172.900000
4250.325000
4326.325000
4401.400000
4475.475000
4548.650000
4620.875000
4692.225000
4762.550000
4831.675000
4899.975000
4967.700000
5034.700000
5101.025000
5166.675000
5231.600000
5296.050000
5359.700000
5423.075000
5485.875000
5548.125000
5609.825000
5670.875000
5731.450000
5791.500000
5850.975000
5909.625000
5967.775000
6024.900000
6081.300000
6137.000000
6192.075000
6246.775000
6301.150000
6355.175000
6408.925000
6462.600000
6515.950000
6569.250000
6622.225000
6674.950000
6727.575000
6780.100000
6832.375000
6884.575000
6936.225000
6987.850000
7039.500000
7091.025000
7142.300000
7193.325000
7244.250000
7295.125000
7345.825000
7396.275000
7446.675000
7496.875000
7546.900000
7596.800000
7646.650000
7696.400000
7745.950000
7795.425000
7844.700000
7893.850000
7942.900000
7991.700000
8040.550000
8089.225000
8137.650000
8186.000000
8234.525000
8282.750000
8330.850000
8379.050000
8426.750000
8474.625000
8522.300000
8569.725000
8617.425000
8664.775000
8712.250000
8759.275000
8806.550000
8853.375000
8900.300000
8946.950000
8993.425000
9040.075000
9086.175000
9132.500000
9178.975000
9224.875000
9270.775000
9316.750000
9362.600000
9408.200000
9453.925000
9499.550000
9545.375000
9591.025000
9636.250000
9681.600000
9726.700000
9771.950000
9817.200000
9862.375000
9907.350000
9952.300000
9997.075000
10041.700000
10086.150000
10130.650000
10175.150000
10219.700000
10264.150000
10308.650000
10353.300000
10398.050000
10442.750000
10487.300000
10531.825000
10576.275000
10620.750000
10665.250000
10709.725000
10754.250000
10798.650000
10843.150000
10887.625000
10932.125000
10976.525000
11021.000000
11065.500000
11110.025000
11154.675000
11199.375000
11244.175000
11288.725000
11333.275000
11377.850000
11422.425000
11467.200000
11512.050000
11556.825000
11601.375000
11645.950000
11690.600000
11735.325000
11780.125000
11824.750000
11869.300000
11913.750000
11958.250000
12002.725000
12047.200000
12091.725000
12136.125000
12180.600000
12225.075000
12269.550000
12313.950000
12358.400000
12402.875000
12447.350000
12491.875000
12536.275000
12580.775000
12625.250000
12669.800000
12714.300000
12758.925000
12803.725000
12848.325000
12892.875000
12937.375000
12981.875000
13026.300000
13070.775000
13115.250000
13159.725000
13204.250000
13248.650000
13293.125000
13337.575000
13382.075000
13426.475000
13470.925000
13515.425000
13559.900000
13604.450000
13648.900000
13693.475000
13738.175000
13782.950000
13827.600000
13872.175000
13916.775000
13961.300000
14005.950000
14050.800000
14095.600000
14140.250000
14184.850000
14229.525000
14274.225000
14319.025000
14363.600000
14408.150000
14452.675000
14497.150000
14541.675000
14586.075000
14630.575000
14675.025000
14719.525000
14763.925000
14808.375000
14852.850000
14897.325000
14941.850000
14986.225000
15030.700000
15075.175000
15119.675000
15164.100000
15208.550000
15253.075000
15297.625000
15342.325000
15387.025000
15431.675000
15476.175000
15520.675000
15565.175000
15609.650000
15654.175000
15698.575000
15743.075000
15787.525000
15832.025000
15876.425000
15920.875000
15965.350000
16009.825000
16054.350000
16098.750000
16143.250000
16187.750000
16232.300000
16276.825000
16321.525000
16366.350000
16410.925000
16455.525000
16500.050000
16544.650000
16589.250000
16634.025000
16678.950000
16723.525000
16768.125000
16812.750000
16857.450000
16902.200000
16946.900000
16991.500000
17035.975000
17080.475000
17124.950000
17169.450000
17213.875000
17258.325000
17302.800000
17347.275000
17391.800000
17436.175000
17480.650000
17525.125000
17569.600000
17614.000000
17658.450000
17702.925000
17747.400000
17791.950000
17836.375000
17880.925000
17925.550000
17970.300000
18014.950000
18059.525000
18104.075000
18148.500000
18193.000000
18237.450001
18281.950001
18326.375001
18370.825001
18415.300001
18459.775001
18504.300001
18548.700001
18593.175001
18637.650001
18682.150001
18726.550001
18771.025001
18815.525001
18860.050001
18904.725001
18949.450001
18994.200001
19038.750001
19083.300001
19127.850001
19172.450001
19217.200001
19262.050001
19306.825001
19351.375001
19395.950001
19440.600001
19485.325001
19530.125001
19574.750001
19619.300001
19663.750001
19708.225001
19752.725001
19797.200001
19841.725001
19886.125001
19930.600001
19975.075001
20019.550001
20063.950001
20108.400001
20153.000001
20197.725001
20242.675001
20287.475001
20332.425001
20377.550001
20422.800001
20468.100001
20513.375001
20558.600001
20604.000001
20649.500001
20695.350001
20741.150001
20786.875001
20832.825001
20878.975001
20924.775001
20970.675001
21016.825001
21063.050001
21109.325001
21155.700001
21202.175001
21248.600001
21295.400001
21342.000001
21388.725001
21435.625001
21482.650001
21529.925001
21577.050001
21624.450001
21671.825001
21719.200001
21766.675001
21813.975001
21861.750001
21909.475001
21957.400001
22005.375001
22053.275001
22101.475001
22149.650001
22197.950001
22246.550001
22295.300001
22343.975001
22392.725001
22441.525001
22490.425001
22539.500001
22588.650001
22637.725001
22687.050001
22736.375001
22785.900001
22835.625001
22885.525001
22935.575001
22985.675001
23035.800001
23085.950001
23136.150001
23186.525001
23237.150001
23287.775001
23338.600001
23389.675001
23440.925001
23492.200001
23543.575001
23595.275001
23646.925001
23698.525001
23750.475001
23802.500001
23854.675001
23907.100001
23959.450001
24012.175001
24064.875001
24117.925001
24170.825001
24224.150001
24277.600001
24331.150001
24385.100001
24439.025001
24493.100001
24547.375001
24602.050001
24657.000001
24712.100001
24767.500001
24823.100001
24878.900001
24934.750001
24990.800001
25047.025001
25103.400001
25159.975001
25216.750001
25273.675001
25330.725001
25388.050001
25445.725001
25503.425001
25561.450001
25619.575001
25677.925001
25736.400001
25795.350001
25854.375001
25913.625001
25973.225001
26032.975001
26092.950001
26153.125001
26213.600001
26274.425001
26335.550001
26396.900001
26458.425001
26520.275001
26582.475001
26645.050001
26707.900001
26770.950001
26834.450001
26898.175001
26962.375001
27026.775001
27091.675001
27156.975001
27222.650001
27288.750001
27355.300001
27422.300001
27489.850001
27557.925001
27626.425001
27695.575001
27765.200001
27835.575001
27906.700001
27978.550001
28051.300001
28124.925001
28199.525001
28275.250001
28352.100001
28430.050001
28508.950001
28588.825001
28669.750001
28751.775001
28835.000001
28919.450001
29005.275001
29092.625001
29181.675001
29272.675001
29365.950001
29462.100001
29562.075001
29668.400001
