20.000000
5.000000
5052.025000
5108.425000
5163.475000
5217.500000
5270.275000
5321.850000
5372.825000
5422.925000
5471.900000
5520.250000
5567.675000
5614.475000
5660.375000
5705.400000
5749.625000
5793.075000
5835.875000
5878.375000
5920.125000
5960.800000
6000.850000
6040.125000
6078.750000
6116.900000
6154.050000
6190.975000
6227.225000
6263.150000
6298.275000
6333.025000
6367.475000
6401.350000
6434.850000
6467.725000
6500.575000
6532.750000
6564.625000
6596.125000
6627.125000
6657.750000
6688.125000
6718.000000
6747.775000
6777.150000
6806.325000
6835.275000
6863.750000
6892.250000
6920.275000
6948.125000
6975.825000
7003.525000
7031.150000
7058.425000
7085.500000
7112.425000
7139.475000
7166.175000
7192.625000
7219.100000
7245.375000
7271.700000
7297.950000
7324.250000
7350.550000
7376.350000
7402.225000
7428.375000
7453.950000
7479.800000
7505.450000
7531.200000
7556.650000
7582.225000
7607.725000
7633.150000
7658.775000
7684.175000
7709.375000
7734.625000
7759.900000
7785.325000
7810.575000
7835.725000
7860.850000
7885.900000
7910.975000
7935.975000
7961.025000
7985.975000
8010.925000
8035.825000
8060.750000
8085.675000
8110.650000
8135.600000
8160.575000
8185.525000
8210.500000
8235.475000
8260.450000
8285.450000
8310.400000
8335.400000
8360.350000
8385.325000
8410.275000
8435.250000
8460.100000
8484.825000
8509.325000
8534.100000
8558.975000
8583.900000
8608.750000
8633.325000
8657.800000
8682.550000
8707.275000
8731.625000
8756.300000
8781.075000
8805.525000
8829.950000
8854.575000
8878.900000
8903.475000
8928.200000
8952.450000
8976.975000
9001.150000
9025.650000
9050.050000
9074.375000
9098.425000
9122.900000
9147.075000
9171.425000
9195.475000
9219.975000
9244.100000
9268.350000
9292.475000
9316.825000
9341.025000
9364.925000
9389.375000
9413.350000
9437.250000
9461.625000
9485.575000
9509.425000
9533.725000
9557.725000
9581.550000
9605.550000
9629.650000
9653.600000
9677.475000
9701.125000
9725.050000
9748.800000
9772.875000
9796.700000
9820.350000
9844.175000
9867.725000
9891.450000
9914.950000
9938.625000
9962.175000
9985.750000
10009.300000
10032.925000
10056.525000
10080.100000
10103.700000
10127.350000
10150.875000
10174.525000
10198.075000
10221.775000
10245.325000
10268.975000
10292.525000
10316.225000
10339.800000
10363.400000
10386.975000
10410.625000
10434.225000
10457.825000
10481.425000
10505.075000
10528.700000
10552.300000
10575.850000
10599.525000
10623.100000
10646.750000
10670.300000
10693.975000
10717.550000
10741.200000
10764.775000
10788.400000
10812.000000
10835.600000
10859.200000
10882.825000
10906.450000
10930.050000
10953.675000
10977.325000
11000.875000
11024.525000
11048.075000
11071.750000
11095.300000
11118.975000
11142.525000
11166.225000
11189.800000
11213.375000
11236.975000
11260.625000
11284.225000
11307.825000
11331.425000
11355.075000
11378.700000
11402.300000
11425.850000
11449.525000
11473.100000
11496.750000
11520.300000
11543.975000
11567.550000
11591.200000
11614.775000
11638.400000
11662.000000
11685.600000
11709.200000
11732.825000
11756.450000
11780.050000
11803.675000
11827.325000
11850.875000
11874.525000
11898.075000
11921.750000
11945.300000
11968.975000
11992.525000
12016.225000
12039.800000
12063.375000
12086.975000
12110.625000
12134.225000
12157.825000
12181.425000
12205.075000
12228.700000
12252.300000
12275.850000
12299.525000
12323.100000
12346.750000
12370.300000
12393.975000
12417.550000
12441.200000
12464.775000
12488.400000
12512.000000
12535.600000
12559.200000
12582.825000
12606.450000
12630.050000
12653.675000
12677.325000
12700.875000
12724.525000
12748.075000
12771.750000
12795.300000
12818.975000
12842.525000
12866.225000
12889.800000
12913.375000
12936.975000
12960.625000
12984.225000
13007.825000
13031.425000
13055.075000
13078.700000
13102.300000
13125.850000
13149.525000
13173.100000
13196.750000
13220.300000
13243.975000
13267.550000
13291.200000
13314.775000
13338.400000
13362.000000
13385.600000
13409.200000
13432.825000
13456.450000
13480.050000
13503.675000
13527.325000
13550.875000
13574.525000
13598.075000
13621.750000
13645.300000
13668.975000
13692.525000
13716.225000
13739.800000
13763.375000
13786.975000
13810.625000
13834.225000
13857.825000
13881.425000
13905.075000
13928.700000
13952.300000
13975.850000
13999.525000
14023.100000
14046.750000
14070.300000
14093.975000
14117.550000
14141.200000
14164.775000
14188.400000
14212.000000
14235.600000
14259.200000
14282.825000
14306.450000
14330.050000
14353.675000
14377.325000
14400.875000
14424.525000
14448.075000
14471.750000
14495.300000
14518.975000
14542.525000
14566.225000
14589.800000
14613.375000
14636.975000
14660.625000
14684.225000
14707.825000
14731.425000
14755.075000
14778.700000
14802.300000
14825.850000
14849.525000
14873.100000
14896.750000
14920.300000
14943.975000
14967.550000
14991.200000
15014.775000
15038.400000
15062.000000
15085.600000
15109.200000
15132.825000
15156.450000
15180.050000
15203.675000
15227.325000
15250.875000
15274.525000
15298.075000
15321.750000
15345.300000
15368.975000
15392.525000
15416.225000
15439.800000
15463.375000
15486.975000
15510.625000
15534.225000
15557.825000
15581.425000
15605.075000
15628.700000
15652.300000
15675.850000
15699.525000
15723.100000
15746.750000
15770.300000
15793.975000
15817.550000
15841.200000
15864.775000
15888.400000
15912.000000
15935.600000
15959.200000
15982.825000
16006.450000
16030.050000
16053.675000
16077.325000
16100.875000
16124.525000
16148.075000
16171.750000
16195.300000
16218.975000
16242.525000
16266.225000
16289.800000
16313.375000
16336.975000
16360.625000
16384.225000
16407.825000
16431.425000
16455.075000
16478.700000
16502.300000
16525.850000
16549.525000
16573.100000
16596.750000
16620.300000
16643.975000
16667.550000
16691.200000
16714.775000
16738.400000
16762.000000
16785.600000
16809.200000
16832.825000
16856.450000
16880.050000
16903.675000
16927.325000
16950.875000
16974.525000
16998.075000
17021.750000
17045.300000
17068.975000
17092.525000
17116.225000
17139.800000
17163.375000
17186.975000
17210.625000
17234.225000
17257.825000
17281.425000
17305.075000
17328.700000
17352.300000
17375.850000
17399.525000
17423.100000
17446.750000
17470.300000
17493.975000
17517.550000
17541.200000
17564.775000
17588.400000
17612.000000
17635.600000
17659.200000
17682.825000
17706.450000
17730.050000
17753.675000
17777.325000
17800.875000
17824.525000
17848.075000
17871.750000
17895.300000
17918.975000
17942.525000
17966.225000
17989.800000
18013.375000
18036.975000
18060.625000
18084.225000
18107.825000
18131.425000
18155.075000
18178.700000
18202.300000
18225.850000
18249.525001
18273.100001
18296.750001
18320.300001
18343.975001
18367.550001
18391.200001
18414.775001
18438.400001
18462.000001
18485.600001
18509.200001
18532.825001
18556.450001
18580.050001
18603.675001
18627.325001
18650.875001
18674.525001
18698.075001
18721.750001
18745.300001
18768.975001
18792.525001
18816.225001
18839.800001
18863.375001
18886.975001
18910.625001
18934.225001
18957.825001
18981.425001
19005.075001
19028.700001
19052.300001
19075.850001
19099.525001
19123.100001
19146.750001
19170.300001
19193.975001
19217.550001
19241.200001
19264.775001
19288.400001
19312.000001
19335.600001
19359.200001
19382.825001
19406.450001
19430.050001
19453.675001
19477.325001
19500.875001
19524.525001
19548.075001
19571.750001
19595.300001
19618.975001
19642.525001
19666.225001
19689.800001
19713.375001
19736.975001
19760.625001
19784.225001
19807.825001
19831.425001
19855.075001
19878.700001
19902.300001
19925.850001
19949.525001
19973.100001
19996.750001
20020.300001
20043.975001
20067.550001
20091.200001
20114.775001
20138.425001
20162.025001
20185.650001
20209.250001
20232.925001
20256.550001
20280.175001
20303.775001
20327.525001
20351.050001
20374.775001
20398.300001
20422.175001
20445.800001
20469.925001
20493.850001
20517.600001
20541.475001
20565.150001
20589.375001
20613.300001
20637.125001
20661.150001
20685.275001
20709.200001
20733.200001
20757.375001
20781.400001
20805.425001
20829.675001
20853.700001
20878.125001
20902.225001
20926.150001
20950.575001
20974.650001
20998.775001
21023.000001
21047.275001
21071.550001
21095.625001
21120.075001
21144.350001
21168.750001
21192.825001
21217.350001
21241.800001
21266.125001
21290.750001
21314.950001
21339.575001
21364.150001
21388.450001
21413.100001
21437.450001
21461.950001
21486.700001
21511.475001
21535.850001
21560.450001
21585.250001
21609.775001
21634.275001
21659.050001
21683.950001
21708.850001
21733.825001
21758.675001
21783.450001
21808.000001
21832.750001
21857.650001
21882.575001
21907.575001
21932.550001
21957.575001
21982.575001
22007.600001
22032.625001
22057.650001
22082.675001
22107.700001
22132.725001
22157.750001
22182.775001
22207.800001
22232.850001
22257.850001
22282.900001
22307.925001
22332.975001
22358.000001
22383.075001
22408.125001
22433.275001
22458.550001
22483.950001
22509.175001
22534.375001
22559.500001
22584.800001
22610.225001
22635.575001
22660.900001
22686.475001
22711.900001
22737.200001
22762.775001
22788.250001
22813.675001
22839.425001
22864.850001
22890.575001
22916.150001
22941.925001
22967.500001
22993.050001
23018.800001
23044.675001
23070.275001
23096.175001
23121.875001
23147.825001
23173.475001
23199.350001
23225.450001
23251.150001
23277.100001
23303.300001
23329.175001
23355.075001
23381.225001
23407.400001
23433.600001
23459.450001
23485.525001
23511.800001
23538.050001
23564.425001
23590.800001
23617.225001
23643.575001
23670.000001
23696.425001
23722.875001
23749.300001
23775.725001
23802.175001
23828.625001
23855.025001
23881.450001
23907.875001
23934.325001
23960.800001
23987.200001
24013.700001
24040.250001
24067.100001
24093.800001
24120.375001
24147.100001
24173.900001
24200.725001
24227.500001
24254.325001
24281.250001
24308.050001
24335.100001
24362.025001
24389.175001
24416.150001
24443.150001
24470.200001
24497.450001
24524.525001
24551.825001
24578.950001
24606.275001
24633.725001
24660.925001
24688.250001
24715.750001
24743.025001
24770.350001
24797.900001
24825.550001
24853.275001
24881.000001
24908.750001
24936.525001
24964.350001
24992.200001
25020.050001
25047.900001
25075.750001
25103.625001
25131.475001
25159.325001
25187.175001
25215.075001
25243.000001
25271.125001
25299.325001
25327.450001
25355.775001
25384.075001
25412.325001
25440.800001
25469.150001
25497.725001
25526.075001
25554.725001
25583.325001
25611.950001
25640.800001
25669.650001
25698.275001
25727.175001
25756.225001
25785.300001
25814.475001
25843.650001
25872.925001
25902.175001
25931.450001
25960.750001
25990.125001
26019.725001
26049.325001
26078.950001
26108.825001
26138.575001
26168.600001
26198.500001
26228.625001
26258.950001
26289.425001
26319.950001
26350.600001
26381.300001
26412.025001
26442.800001
26473.850001
26504.950001
26536.250001
26567.575001
26599.150001
26630.900001
26662.700001
26694.650001
26726.650001
26758.950001
26791.250001
26823.750001
26856.400001
26889.325001
26922.350001
26955.450001
26988.700001
27022.200001
27056.050001
27089.925001
27124.150001
27158.575001
27193.025001
27227.825001
27262.875001
27298.100001
27333.675001
27369.375001
27405.250001
27441.425001
27477.875001
27514.600001
27551.575001
27588.700001
27626.075001
27663.800001
27701.925001
27740.325001
27779.000001
27818.075001
27857.600001
27897.650001
27938.050001
27978.950001
28020.350001
28062.300001
28104.900001
28148.125001
28192.200001
28236.975001
28282.575001
28329.100001
28376.575001
28425.300001
28475.375001
28527.000001
28580.675001
28637.075001
28697.975001
28773.300001
