10.000000
15.000000
3743.350000
3833.625000
3921.900000
4007.300000
4090.050000
4170.600000
4249.025000
4325.775000
4401.150000
4474.975000
4547.375000
4618.450000
4688.025000
4756.650000
4823.950000
4890.150000
4955.275000
5019.550000
5083.150000
5146.200000
5208.475000
5270.225000
5331.325000
5391.600000
5451.000000
5509.375000
5566.925000
5623.575000
5679.450000
5734.550000
5788.900000
5842.800000
5896.350000
5949.450000
6002.175000
6054.275000
6106.125000
6157.725000
6208.900000
6259.850000
6310.625000
6361.175000
6411.500000
6461.675000
6511.675000
6561.300000
6610.650000
6659.700000
6708.400000
6757.075000
6805.425000
6853.650000
6901.800000
6949.725000
6997.350000
7045.100000
7092.600000
7140.050000
7187.100000
7234.250000
7280.950000
7327.600000
7374.025000
7420.300000
7466.450000
7512.325000
7557.900000
7603.300000
7648.500000
7693.475000
7738.475000
7783.275000
7827.875000
7872.350000
7916.775000
7961.025000
8005.275000
8049.375000
8093.400000
8137.300000
8181.075000
8224.850000
8268.625000
8312.400000
8355.825000
8399.200000
8442.675000
8485.900000
8529.225000
8572.250000
8615.150000
8658.100000
8701.150000
8744.000000
8786.750000
8829.750000
8872.450000
8914.950000
8957.650000
9000.175000
9042.550000
9085.025000
9127.325000
9169.475000
9211.800000
9253.950000
9296.000000
9337.825000
9379.975000
9421.925000
9463.650000
9505.450000
9547.050000
9588.675000
9630.250000
9671.825000
9713.400000
9754.950000
9796.475000
9837.700000
9879.125000
9920.200000
9961.475000
10002.550000
10043.450000
10084.625000
10125.300000
10166.400000
10207.375000
10248.250000
10289.175000
10330.150000
10370.875000
10412.000000
10452.725000
10493.525000
10534.625000
10575.200000
10616.175000
10657.125000
10697.875000
10738.800000
10779.750000
10820.550000
10861.375000
10902.275000
10943.000000
10983.950000
11024.775000
11065.425000
11106.475000
11147.125000
11187.800000
11228.900000
11269.450000
11310.175000
11351.175000
11391.750000
11432.550000
11473.525000
11514.000000
11554.900000
11595.825000
11636.325000
11677.175000
11718.125000
11758.625000
11799.500000
11840.400000
11880.975000
11921.900000
11962.700000
12003.400000
12044.325000
12085.125000
12125.875000
12166.800000
12207.625000
12248.375000
12289.125000
12330.025000
12370.700000
12411.525000
12452.400000
12493.050000
12533.975000
12574.775000
12615.375000
12656.375000
12697.075000
12737.700000
12778.750000
12819.375000
12860.000000
12901.025000
12941.650000
12982.325000
13023.325000
13063.825000
13104.600000
13145.600000
13186.100000
13226.750000
13267.800000
13308.300000
13348.925000
13389.950000
13430.500000
13471.150000
13512.175000
13552.725000
13593.375000
13634.400000
13674.950000
13715.625000
13756.675000
13797.200000
13837.875000
13878.950000
13919.450000
13960.175000
14001.175000
14041.725000
14082.475000
14123.475000
14163.925000
14204.775000
14245.750000
14286.200000
14326.975000
14367.975000
14408.425000
14449.200000
14490.200000
14530.700000
14571.475000
14612.475000
14652.975000
14693.825000
14734.775000
14775.325000
14816.250000
14857.100000
14897.700000
14938.600000
14979.475000
15020.175000
15061.050000
15101.800000
15142.625000
15183.400000
15224.225000
15265.025000
15305.800000
15346.650000
15387.375000
15428.250000
15469.100000
15509.725000
15550.675000
15591.500000
15632.100000
15673.100000
15713.725000
15754.450000
15795.450000
15836.000000
15876.625000
15917.675000
15958.225000
15998.850000
16039.875000
16080.475000
16121.075000
16162.100000
16202.700000
16243.325000
16284.375000
16324.925000
16365.600000
16406.650000
16447.175000
16487.850000
16528.925000
16569.425000
16610.125000
16651.125000
16691.700000
16732.425000
16773.425000
16813.900000
16854.725000
16895.700000
16936.175000
16976.875000
17017.925000
17058.375000
17099.075000
17140.125000
17180.600000
17221.325000
17262.350000
17302.850000
17343.600000
17384.600000
17425.100000
17465.925000
17506.925000
17547.425000
17588.250000
17629.250000
17669.800000
17710.675000
17751.500000
17792.200000
17833.100000
17873.825000
17914.475000
17955.425000
17996.150000
18036.875000
18077.750000
18118.575000
18159.375000
18200.150000
18241.050001
18281.800001
18322.625001
18363.450001
18404.175001
18445.125001
18485.875001
18526.450001
18567.525001
18608.175001
18648.750001
18689.775001
18730.450001
18771.025001
18812.050001
18852.675001
18893.300001
18934.325001
18974.925001
19015.575001
19056.625001
19097.175001
19137.825001
19178.900001
19219.425001
19260.100001
19301.100001
19341.700001
19382.400001
19423.400001
19463.875001
19504.700001
19545.675001
19586.150001
19626.850001
19667.875001
19708.350001
19749.050001
19790.075001
19830.575001
19871.250001
19912.300001
19952.800001
19993.500001
20034.525001
20075.025001
20115.825001
20156.900001
20197.550001
20238.575001
20279.725001
20320.675001
20361.950001
20402.925001
20444.200001
20485.525001
20526.700001
20568.175001
20609.450001
20651.100001
20692.575001
20734.400001
20775.950001
20817.875001
20859.475001
20901.350001
20943.025001
20985.025001
21026.900001
21069.100001
21111.175001
21153.250001
21195.675001
21237.775001
21280.225001
21322.800001
21365.225001
21407.875001
21450.700001
21493.300001
21535.975001
21579.000001
21621.825001
21664.800001
21707.950001
21751.175001
21794.325001
21837.400001
21880.575001
21924.025001
21967.700001
22011.125001
22054.700001
22098.375001
22142.050001
22185.850001
22229.900001
22273.900001
22318.000001
22362.175001
22406.475001
22450.875001
22495.375001
22539.900001
22584.475001
22629.075001
22673.600001
22718.275001
22763.075001
22807.950001
22852.750001
22897.650001
22942.725001
22987.750001
23032.975001
23078.400001
23123.800001
23169.200001
23214.650001
23260.300001
23306.150001
23352.025001
23397.875001
23443.900001
23490.050001
23535.975001
23582.050001
23628.425001
23674.775001
23721.050001
23767.725001
23814.125001
23860.850001
23907.700001
23954.600001
24001.600001
24048.500001
24095.725001
24142.875001
24190.275001
24237.575001
24285.200001
24332.925001
24380.625001
24428.675001
24476.550001
24524.675001
24573.050001
24621.400001
24669.925001
24718.675001
24767.625001
24816.525001
24865.400001
24914.500001
24963.775001
25013.250001
25062.900001
25112.625001
25162.450001
25212.425001
25262.525001
25312.750001
25363.150001
25413.675001
25464.275001
25515.050001
25566.050001
25617.375001
25668.750001
25720.225001
25771.900001
25823.675001
25875.500001
25927.600001
25979.900001
26032.275001
26084.850001
26137.450001
26190.325001
26243.250001
26296.500001
26349.875001
26403.375001
26457.175001
26511.025001
26565.050001
26619.325001
26673.800001
26728.575001
26783.475001
26838.575001
26893.950001
26949.550001
27005.400001
27061.450001
27117.850001
27174.450001
27231.375001
27288.575001
27346.075001
27403.875001
27462.125001
27520.675001
27579.800001
27639.400001
27699.550001
27760.400001
27821.925001
27884.150001
27947.000001
28010.450001
28074.550001
28139.100001
28204.100001
28269.575001
28335.525001
28401.975001
28468.900001
28536.250001
28604.100001
28672.475001
28741.450001
28810.950001
28881.100001
28951.900001
29023.400001
29095.625001
29168.625001
29242.450001
29317.200001
29392.950001
29469.825001
29547.900001
29627.100001
29707.425001
29788.775001
29871.300001
29955.050001
30040.125001
30126.325001
30212.775001
30299.475001
30386.525001
30473.975001
30561.850001
30650.000001
30738.300001
30826.675001
30915.125001
31003.625001
31092.175001
31180.750001
31269.350001
31358.000001
31446.675001
31535.375001
31624.100001
31712.875001
31801.650001
31890.475001
31979.300001
32068.175001
32157.075001
32246.025001
32335.000001
32424.050001
32513.125001
32602.300001
32691.575001
32781.025001
32870.775001
32961.100001
33052.350001
33144.400001
33236.850001
33329.425001
33422.075001
33514.725001
33607.400001
33700.100001
33792.775001
33885.475001
33978.150001
34070.850001
34163.550001
34256.250001
34348.925001
34441.625001
34534.325001
34627.000001
34719.700001
34812.400001
34905.075001
34997.775001
