10.000000
26.000000
3630.575000
3711.850000
3788.775000
3860.425000
3928.450000
3993.450000
4056.550000
4117.925000
4177.675000
4236.300000
4294.250000
4351.550000
4408.200000
4464.375000
4520.325000
4575.875000
4631.050000
4685.900000
4740.400000
4794.375000
4847.900000
4901.250000
4953.925000
5006.375000
5058.200000
5109.525000
5160.400000
5210.875000
5260.650000
5309.700000
5358.125000
5405.975000
5453.050000
5499.750000
5545.950000
5591.625000
5636.975000
5682.000000
5726.575000
5770.950000
5815.125000
5859.075000
5902.850000
5946.525000
5990.075000
6033.150000
6076.025000
6118.925000
6161.550000
6203.925000
6246.100000
6288.025000
6330.050000
6371.725000
6413.350000
6454.625000
6495.825000
6536.525000
6577.400000
6618.050000
6658.250000
6698.400000
6738.525000
6778.700000
6818.550000
6858.175000
6897.650000
6937.150000
6976.400000
7015.600000
7054.925000
7094.175000
7133.200000
7172.175000
7211.050000
7249.875000
7288.650000
7327.400000
7366.175000
7404.875000
7443.375000
7481.850000
7520.275000
7558.550000
7596.975000
7635.350000
7673.675000
7712.050000
7750.125000
7788.150000
7826.200000
7863.950000
7902.025000
7940.150000
7977.875000
8015.450000
8053.025000
8090.925000
8128.900000
8166.450000
8203.925000
8241.450000
8279.075000
8316.450000
8353.750000
8391.250000
8428.800000
8465.900000
8503.000000
8540.325000
8577.375000
8614.225000
8651.400000
8688.350000
8725.150000
8762.300000
8798.800000
8835.750000
8872.575000
8909.250000
8946.025000
8982.650000
9019.325000
9055.925000
9092.475000
9129.225000
9165.400000
9201.925000
9238.425000
9274.775000
9311.050000
9347.150000
9383.375000
9419.400000
9455.575000
9491.575000
9527.700000
9563.625000
9599.700000
9635.725000
9671.700000
9707.825000
9743.675000
9779.875000
9815.525000
9851.425000
9887.025000
9923.100000
9958.450000
9994.275000
10029.975000
10065.400000
10101.200000
10136.300000
10172.025000
10207.650000
10243.075000
10278.975000
10314.025000
10349.725000
10385.350000
10420.775000
10456.650000
10491.850000
10527.525000
10563.150000
10598.550000
10634.400000
10669.575000
10705.300000
10740.950000
10776.350000
10812.200000
10847.350000
10883.050000
10918.650000
10954.175000
10989.975000
11025.150000
11060.825000
11096.425000
11131.900000
11167.750000
11202.900000
11238.575000
11274.175000
11309.650000
11345.475000
11380.650000
11416.400000
11451.925000
11487.400000
11523.225000
11558.400000
11594.100000
11629.800000
11665.250000
11701.050000
11736.200000
11771.900000
11807.550000
11843.000000
11878.875000
11913.950000
11949.650000
11985.300000
12020.750000
12056.600000
12091.825000
12127.475000
12163.125000
12198.550000
12234.400000
12269.575000
12305.300000
12340.950000
12376.350000
12412.175000
12447.350000
12483.025000
12518.650000
12554.175000
12589.975000
12625.150000
12660.825000
12696.400000
12731.900000
12767.750000
12802.900000
12838.575000
12874.175000
12909.650000
12945.475000
12980.650000
13016.400000
13051.925000
13087.400000
13123.225000
13158.400000
13194.100000
13229.800000
13265.250000
13301.050000
13336.200000
13371.900000
13407.550000
13443.000000
13478.875000
13513.950000
13549.650000
13585.300000
13620.750000
13656.600000
13691.825000
13727.475000
13763.125000
13798.550000
13834.400000
13869.575000
13905.300000
13940.950000
13976.350000
14012.175000
14047.350000
14083.025000
14118.650000
14154.175000
14189.975000
14225.150000
14260.825000
14296.400000
14331.900000
14367.750000
14402.900000
14438.575000
14474.175000
14509.650000
14545.475000
14580.650000
14616.400000
14651.925000
14687.400000
14723.225000
14758.400000
14794.100000
14829.800000
14865.250000
14901.050000
14936.200000
14971.900000
15007.550000
15043.000000
15078.875000
15113.950000
15149.650000
15185.300000
15220.750000
15256.600000
15291.825000
15327.475000
15363.125000
15398.550000
15434.400000
15469.575000
15505.300000
15540.950000
15576.350000
15612.175000
15647.350000
15683.025000
15718.650000
15754.175000
15789.975000
15825.150000
15860.825000
15896.400000
15931.900000
15967.750000
16002.900000
16038.575000
16074.175000
16109.650000
16145.475000
16180.650000
16216.400000
16251.925000
16287.400000
16323.225000
16358.400000
16394.100000
16429.800000
16465.250000
16501.050000
16536.200000
16571.900000
16607.550000
16643.000000
16678.875000
16713.950000
16749.650000
16785.300000
16820.750000
16856.600000
16891.825000
16927.475000
16963.125000
16998.550000
17034.400000
17069.575000
17105.300000
17140.950000
17176.350000
17212.175000
17247.350000
17283.025000
17318.650000
17354.175000
17389.975000
17425.150000
17460.825000
17496.400000
17531.900000
17567.750000
17602.900000
17638.575000
17674.175000
17709.650000
17745.475000
17780.650000
17816.400000
17851.925000
17887.400000
17923.225000
17958.400000
17994.100000
18029.800000
18065.250000
18101.050000
18136.200000
18171.900000
18207.550000
18243.000001
18278.875001
18313.950001
18349.650001
18385.300001
18420.750001
18456.600001
18491.825001
18527.475001
18563.125001
18598.550001
18634.400001
18669.575001
18705.300001
18740.950001
18776.350001
18812.175001
18847.350001
18883.025001
18918.650001
18954.175001
18989.975001
19025.150001
19060.825001
19096.400001
19131.900001
19167.750001
19202.900001
19238.575001
19274.175001
19309.650001
19345.475001
19380.650001
19416.400001
19451.925001
19487.400001
19523.225001
19558.400001
19594.100001
19629.800001
19665.250001
19701.050001
19736.200001
19771.900001
19807.550001
19843.000001
19878.875001
19913.950001
19949.650001
19985.300001
20020.750001
20056.600001
20091.825001
20127.525001
20163.225001
20198.675001
20234.600001
20270.050001
20306.100001
20341.750001
20377.625001
20413.475001
20449.275001
20485.500001
20521.325001
20557.600001
20593.525001
20629.875001
20666.000001
20702.325001
20738.550001
20774.725001
20810.925001
20847.050001
20883.325001
20919.425001
20955.825001
20992.050001
21028.850001
21065.075001
21101.600001
21138.000001
21174.700001
21211.250001
21247.750001
21284.700001
21321.100001
21358.000001
21394.900001
21431.700001
21468.675001
21505.650001
21542.575001
21579.800001
21616.975001
21653.975001
21691.200001
21728.625001
21765.675001
21802.825001
21840.250001
21877.525001
21914.800001
21952.375001
21990.025001
22027.450001
22064.925001
22102.525001
22140.250001
22177.825001
22215.325001
22252.925001
22290.925001
22329.025001
22366.825001
22404.700001
22442.750001
22480.600001
22518.850001
22557.075001
22595.425001
22633.575001
22671.875001
22710.075001
22748.400001
22786.700001
22825.150001
22863.650001
22902.325001
22941.125001
22979.975001
23018.850001
23057.800001
23096.750001
23135.725001
23174.700001
23213.650001
23252.650001
23291.675001
23330.675001
23369.825001
23409.150001
23448.475001
23487.750001
23527.275001
23566.925001
23606.650001
23646.250001
23685.925001
23725.625001
23765.425001
23805.375001
23845.450001
23885.525001
23925.550001
23965.725001
24006.100001
24046.500001
24086.825001
24127.350001
24167.975001
24208.300001
24248.775001
24289.600001
24330.350001
24371.000001
24412.100001
24452.875001
24493.975001
24535.175001
24576.275001
24617.725001
24658.900001
24700.500001
24741.950001
24783.500001
24825.025001
24866.825001
24908.475001
24950.500001
24992.525001
25034.750001
25076.775001
25119.150001
25161.550001
25204.025001
25246.675001
25289.450001
25332.200001
25375.000001
25418.075001
25461.100001
25504.225001
25547.425001
25590.975001
25634.650001
25678.325001
25722.125001
25766.025001
25810.000001
25854.125001
25898.325001
25942.725001
25987.225001
26031.850001
26076.550001
26121.525001
26166.750001
26212.125001
26257.650001
26303.275001
26349.075001
26395.275001
26441.500001
26487.850001
26534.625001
26581.450001
26628.775001
26676.125001
26723.850001
26771.825001
26820.150001
26868.925001
26918.025001
26967.450001
27017.250001
27067.450001
27117.925001
27168.675001
27219.675001
27270.925001
27322.550001
27374.475001
27426.575001
27479.125001
27531.775001
27584.825001
27638.100001
27691.750001
27745.750001
27799.975001
27854.550001
27909.475001
27964.700001
28020.325001
28076.175001
28132.275001
28188.700001
28245.450001
28302.450001
28359.675001
28417.300001
28475.125001
28533.275001
28591.725001
28650.525001
28709.650001
28769.125001
28829.000001
28889.175001
28949.750001
29010.750001
29072.150001
29134.050001
29196.425001
29259.250001
29322.650001
29386.600001
29451.200001
29516.475001
29582.525001
29649.500001
29717.575001
29786.950001
29857.875001
29930.600001
30005.250001
30081.925001
30159.975001
30239.200001
30319.625001
30401.575001
30485.550001
30572.500001
30663.575001
30759.375001
30858.975001
30960.375001
31062.350001
31164.500001
31266.750001
31369.050001
31471.350001
31573.700001
31676.075001
31778.450001
31880.825001
31983.225001
32085.600001
32188.000001
32290.400001
32392.800001
32495.200001
32597.600001
32700.000001
32802.400001
32904.800001
33007.200001
33109.575001
33211.975001
33314.375001
33416.800001
33519.200001
33621.575001
33723.975001
33826.375001
33928.800001
34031.175001
34133.575001
34235.975001
34338.375001
34440.775001
34543.175001
34645.575001
34747.950001
34850.375001
34952.775001
