100.000000
5.000000
3085.100000
3162.950000
3241.525000
3319.125000
3395.650000
3470.925000
3545.550000
3619.250000
3692.050000
3763.975000
3835.400000
3906.150000
3976.050000
4045.500000
4114.050000
4182.000000
4249.425000
4316.500000
4382.925000
4448.725000
4514.000000
4579.100000
4643.400000
4707.575000
4771.000000
4834.250000
4896.950000
4959.100000
5020.800000
5081.975000
5142.825000
5203.225000
5263.425000
5323.350000
5382.725000
5441.825000
5500.675000
5559.150000
5617.650000
5675.450000
5733.100000
5790.525000
5847.425000
5904.175000
5960.725000
6017.375000
6073.625000
6129.675000
6185.500000
6241.175000
6296.600000
6351.775000
6406.750000
6461.225000
6515.425000
6569.500000
6623.575000
6677.325000
6730.950000
6784.550000
6837.575000
6890.825000
6943.800000
6996.775000
7049.350000
7102.025000
7154.200000
7206.500000
7258.250000
7309.800000
7361.375000
7412.875000
7463.875000
7514.925000
7565.975000
7617.100000
7667.900000
7718.500000
7769.025000
7819.250000
7869.275000
7919.225000
7969.100000
8018.975000
8068.800000
8118.450000
8167.900000
8217.250000
8266.425000
8315.125000
8363.725000
8412.525000
8460.950000
8509.300000
8557.825000
8606.375000
8654.400000
8702.375000
8750.375000
8798.025000
8845.850000
8893.075000
8940.600000
8987.625000
9034.900000
9081.775000
9129.000000
9175.725000
9222.900000
9269.450000
9316.125000
9362.825000
9409.050000
9455.500000
9501.650000
9547.475000
9593.275000
9639.250000
9685.175000
9730.625000
9776.150000
9821.750000
9867.650000
9913.175000
9958.275000
10003.525000
10048.525000
10093.375000
10138.475000
10183.575000
10228.900000
10273.825000
10318.975000
10363.800000
10408.575000
10453.675000
10498.525000
10543.425000
10588.525000
10633.575000
10678.900000
10723.825000
10768.975000
10813.800000
10858.575000
10903.675000
10948.525000
10993.425000
11038.525000
11083.575000
11128.900000
11173.825000
11218.975000
11263.800000
11308.550000
11353.675000
11398.525000
11443.425000
11488.525000
11533.575000
11578.900000
11623.825000
11668.975000
11713.800000
11758.550000
11803.675000
11848.525000
11893.425000
11938.525000
11983.575000
12028.900000
12073.825000
12118.975000
12163.800000
12208.550000
12253.675000
12298.525000
12343.425000
12388.525000
12433.575000
12478.900000
12523.825000
12568.975000
12613.800000
12658.550000
12703.675000
12748.525000
12793.425000
12838.525000
12883.575000
12928.900000
12973.825000
13018.975000
13063.800000
13108.550000
13153.675000
13198.525000
13243.425000
13288.525000
13333.575000
13378.900000
13423.825000
13468.975000
13513.800000
13558.550000
13603.675000
13648.525000
13693.425000
13738.525000
13783.575000
13828.900000
13873.825000
13918.975000
13963.800000
14008.550000
14053.675000
14098.525000
14143.425000
14188.525000
14233.575000
14278.900000
14323.825000
14368.975000
14413.800000
14458.550000
14503.675000
14548.525000
14593.425000
14638.525000
14683.575000
14728.900000
14773.825000
14818.975000
14863.800000
14908.550000
14953.675000
14998.525000
15043.425000
15088.525000
15133.575000
15178.900000
15223.825000
15268.975000
15313.800000
15358.550000
15403.675000
15448.525000
15493.425000
15538.525000
15583.575000
15628.900000
15673.825000
15718.975000
15763.800000
15808.550000
15853.675000
15898.525000
15943.425000
15988.525000
16033.575000
16078.900000
16123.825000
16168.975000
16213.800000
16258.550000
16303.675000
16348.525000
16393.425000
16438.525000
16483.575000
16528.900000
16573.825000
16618.975000
16663.800000
16708.550000
16753.675000
16798.525000
16843.425000
16888.525000
16933.575000
16978.900000
17023.825000
17068.975000
17113.800000
17158.550000
17203.675000
17248.525000
17293.425000
17338.525000
17383.575000
17428.900000
17473.825000
17518.975000
17563.800000
17608.550000
17653.675000
17698.525000
17743.425000
17788.525000
17833.575000
17878.900000
17923.825000
17968.975000
18013.800000
18058.550000
18103.675000
18148.525000
18193.425000
18238.525001
18283.575001
18328.900001
18373.825001
18418.975001
18463.800001
18508.550001
18553.675001
18598.525001
18643.425001
18688.525001
18733.575001
18778.900001
18823.825001
18868.975001
18913.800001
18958.550001
19003.675001
19048.525001
19093.425001
19138.525001
19183.575001
19228.900001
19273.825001
19318.975001
19363.800001
19408.550001
19453.675001
19498.525001
19543.425001
19588.525001
19633.575001
19678.900001
19723.825001
19768.975001
19813.800001
19858.550001
19903.675001
19948.525001
19993.425001
20038.525001
20083.575001
20128.925001
20174.125001
20219.325001
20264.575001
20310.025001
20355.550001
20401.225001
20446.875001
20492.675001
20538.600001
20584.700001
20630.475001
20676.375001
20722.925001
20769.250001
20815.500001
20862.250001
20908.525001
20955.350001
21002.275001
21049.225001
21096.600001
21143.900001
21191.350001
21238.675001
21285.925001
21333.500001
21380.975001
21429.075001
21476.600001
21524.650001
21573.075001
21621.200001
21669.425001
21718.025001
21766.600001
21815.100001
21863.750001
21912.850001
21962.125001
22011.275001
22060.600001
22110.050001
22159.525001
22209.225001
22259.175001
22309.275001
22359.425001
22409.575001
22459.825001
22510.425001
22561.225001
22612.250001
22663.350001
22714.550001
22766.100001
22817.900001
22869.400001
22921.000001
22973.225001
23025.225001
23077.550001
23130.175001
23182.925001
23235.825001
23288.825001
23341.950001
23395.550001
23448.950001
23502.675001
23556.850001
23610.925001
23665.175001
23719.650001
23774.550001
23829.875001
23885.375001
23941.100001
23996.900001
24052.725001
24108.775001
24165.100001
24221.725001
24278.925001
24335.925001
24393.175001
24451.000001
24508.850001
24567.350001
24625.850001
24684.800001
24743.825001
24803.200001
24863.000001
24923.175001
24983.475001
25044.075001
25105.125001
25166.525001
25228.200001
25290.325001
25352.650001
25415.300001
25478.700001
25542.425001
25606.775001
25671.125001
25736.050001
25801.575001
25867.725001
25934.375001
26001.475001
26069.150001
26137.275001
26206.250001
26275.775001
26346.150001
26417.100001
26488.675001
26561.075001
26634.500001
26708.700001
26783.975001
26860.275001
26937.675001
27016.350001
27096.650001
27178.400001
27261.950001
27347.650001
27435.925001
27527.375001
27624.550001
