3.000000
3.000000
6060.675000
6107.975000
6152.600000
6197.025000
6241.450000
6285.775000
6330.200000
6374.650000
6419.075000
6463.450000
6507.875000
6552.325000
6594.450000
6635.800000
6676.300000
6719.000000
6758.350000
6798.300000
6841.175000
6880.350000
6919.350000
6958.150000
6997.050000
7035.850000
7074.725000
7113.550000
7152.450000
7191.350000
7230.150000
7269.050000
7307.875000
7346.775000
7385.625000
7424.525000
7463.375000
7502.275000
7541.175000
7580.000000
7618.875000
7657.725000
7696.575000
7735.425000
7774.025000
7812.350000
7847.300000
7885.475000
7923.250000
7958.100000
7995.775000
8030.325000
8067.925000
8102.525000
8138.050000
8174.500000
8208.350000
8243.900000
8280.000000
8313.725000
8347.975000
8384.675000
8419.050000
8452.600000
8485.925000
8519.300000
8552.600000
8585.850000
8619.200000
8652.500000
8685.775000
8719.125000
8752.450000
8785.725000
8819.075000
8852.400000
8885.675000
8919.025000
8952.350000
8985.625000
9019.000000
9052.300000
9085.600000
9118.950000
9152.275000
9185.575000
9218.925000
9252.250000
9285.550000
9318.900000
9352.225000
9385.525000
9418.875000
9452.175000
9485.500000
9518.850000
9552.150000
9585.450000
9618.800000
9652.100000
9685.400000
9718.650000
9751.475000
9784.500000
9815.125000
9846.725000
9879.825000
9912.450000
9942.950000
9974.475000
10006.950000
10036.450000
10068.850000
10101.175000
10130.400000
10163.075000
10195.575000
10224.875000
10257.525000
10290.075000
10319.350000
10351.675000
10383.150000
10413.450000
10445.700000
10475.000000
10507.600000
10540.100000
10569.350000
10601.750000
10634.375000
10663.675000
10695.825000
10725.850000
10757.725000
10790.150000
10819.425000
10851.975000
10884.500000
10913.700000
10945.875000
10976.025000
11007.750000
11040.150000
11069.425000
11101.975000
11134.500000
11163.700000
11195.875000
11226.050000
11257.750000
11290.150000
11319.425000
11351.975000
11384.500000
11413.700000
11445.875000
11476.050000
11507.750000
11540.150000
11569.425000
11601.975000
11634.500000
11663.700000
11695.875000
11726.050000
11757.750000
11790.150000
11819.425000
11851.975000
11884.500000
11913.700000
11945.875000
11976.050000
12007.750000
12040.150000
12069.425000
12101.975000
12134.500000
12163.700000
12195.875000
12226.050000
12257.750000
12290.150000
12319.425000
12351.975000
12384.500000
12413.700000
12445.875000
12476.050000
12507.750000
12540.150000
12569.425000
12601.975000
12634.500000
12663.700000
12695.875000
12726.050000
12757.750000
12790.150000
12819.425000
12851.975000
12884.500000
12913.700000
12945.875000
12976.050000
13007.750000
13040.150000
13069.425000
13101.975000
13134.500000
13163.700000
13195.875000
13226.050000
13257.750000
13290.150000
13319.425000
13351.975000
13384.500000
13413.700000
13445.875000
13476.050000
13507.750000
13540.150000
13569.425000
13601.975000
13634.500000
13663.700000
13695.875000
13726.050000
13757.750000
13790.150000
13819.425000
13851.975000
13884.500000
13913.700000
13945.875000
13976.050000
14007.750000
14040.150000
14069.425000
14101.975000
14134.500000
14163.700000
14195.875000
14226.050000
14257.750000
14290.150000
14319.425000
14351.975000
14384.500000
14413.700000
14445.875000
14476.050000
14507.750000
14540.150000
14569.425000
14601.975000
14634.500000
14663.700000
14695.875000
14726.050000
14757.750000
14790.150000
14819.425000
14851.975000
14884.500000
14913.700000
14945.875000
14976.050000
15007.750000
15040.150000
15069.425000
15101.975000
15134.500000
15163.700000
15195.875000
15226.050000
15257.750000
15290.150000
15319.425000
15351.975000
15384.500000
15413.700000
15445.875000
15476.050000
15507.750000
15540.150000
15569.425000
15601.975000
15634.500000
15663.700000
15695.875000
15726.050000
15757.750000
15790.150000
15819.425000
15851.975000
15884.500000
15913.700000
15945.875000
15976.050000
16007.750000
16040.150000
16069.425000
16101.975000
16134.500000
16163.700000
16195.875000
16226.050000
16257.750000
16290.150000
16319.425000
16351.975000
16384.500000
16413.700000
16445.875000
16476.050000
16507.750000
16540.150000
16569.425000
16601.975000
16634.500000
16663.700000
16695.875000
16726.050000
16757.750000
16790.150000
16819.425000
16851.975000
16884.500000
16913.700000
16945.875000
16976.050000
17007.750000
17040.150000
17069.425000
17101.975000
17134.500000
17163.700000
17195.875000
17226.050000
17257.750000
17290.150000
17319.425000
17351.975000
17384.500000
17413.700000
17445.875000
17476.050000
17507.750000
17540.150000
17569.425000
17601.975000
17634.500000
17663.700000
17695.875000
17726.050000
17757.750000
17790.150000
17819.425000
17851.975000
17884.500000
17913.700000
17945.875000
17976.050000
18007.750000
18040.150000
18069.425000
18101.975000
18134.500000
18163.700000
18195.875000
18226.050001
18257.750001
18290.150001
18319.425001
18351.975001
18384.500001
18413.700001
18445.875001
18476.050001
18507.750001
18540.150001
18569.425001
18601.975001
18634.500001
18663.700001
18695.875001
18726.050001
18757.750001
18790.150001
18819.425001
18851.975001
18884.500001
18913.700001
18945.875001
18976.050001
19007.750001
19040.150001
19069.425001
19101.975001
19134.500001
19163.700001
19195.875001
19226.050001
19257.750001
19290.150001
19319.425001
19351.975001
19384.500001
19413.700001
19445.875001
19476.050001
19507.750001
19540.150001
19569.425001
19601.975001
19634.500001
19663.700001
19695.875001
19726.050001
19757.750001
19790.150001
19819.425001
19851.975001
19884.500001
19913.700001
19945.875001
19976.050001
20007.750001
20040.150001
20069.425001
20101.975001
20134.525001
20163.800001
20196.525001
20229.150001
20259.575001
20291.175001
20323.925001
20356.800001
20388.250001
20419.125001
20452.150001
20485.400001
20518.725001
20552.075001
20585.450001
20618.800001
20652.150001
20685.475001
20718.850001
20752.175001
20785.500001
20818.875001
20852.225001
20885.525001
20918.900001
20952.250001
20985.575001
21018.950001
21052.275001
21085.600001
21118.975001
21152.300001
21185.625001
21219.000001
21252.350001
21285.650001
21319.050001
21352.375001
21385.700001
21419.100001
21452.425001
21485.750001
21519.150001
21552.500001
21585.800001
21619.225001
21652.600001
21685.900001
21719.325001
21752.775001
21786.175001
21820.550001
21857.500001
21891.500001
21926.100001
21963.225001
21997.250001
22034.575001
22069.175001
22106.625001
22141.450001
22179.325001
22213.800001
22251.975001
22288.825001
22324.675001
22363.225001
22401.725001
22440.275001
22476.350001
22513.450001
22552.225001
22591.150001
22630.000001
22668.925001
22707.800001
22746.750001
22785.625001
22824.550001
22863.425001
22902.375001
22941.300001
22980.175001
23019.125001
23057.975001
23096.950001
23135.825001
23174.800001
23213.675001
23252.700001
23291.900001
23331.650001
23374.500001
23413.875001
23457.750001
23498.250001
23541.300001
23585.625001
23630.100001
23674.575001
23719.050001
23763.475001
23807.950001
23852.475001
23896.975001
23941.475001
23985.900001
24030.400001
24075.025001
24120.150001
24169.250001
24214.925001
24263.675001
24313.725001
24363.775001
24413.850001
24464.000001
24514.750001
24571.600001
