20.000000
9.000000
6856.850000
6910.975000
6967.500000
7024.250000
7081.400000
7137.275000
7192.725000
7247.375000
7301.025000
7354.050000
7406.550000
7458.100000
7509.250000
7559.475000
7609.325000
7658.975000
7707.900000
7756.500000
7804.375000
7851.825000
7898.450000
7945.275000
7991.850000
8037.325000
8082.775000
8128.450000
8173.200000
8217.650000
8261.975000
8306.250000
8349.700000
8392.650000
8435.600000
8478.600000
8520.525000
8562.350000
8603.875000
8645.325000
8686.825000
8728.125000
8768.900000
8809.250000
8849.425000
8889.625000
8929.200000
8968.600000
9007.775000
9046.700000
9085.425000
9123.425000
9161.775000
9199.550000
9237.000000
9274.400000
9311.800000
9348.200000
9384.475000
9420.375000
9456.425000
9492.400000
9528.400000
9563.475000
9598.150000
9632.850000
9667.475000
9701.925000
9735.800000
9769.900000
9803.575000
9836.925000
9870.175000
9903.425000
9935.800000
9967.800000
9999.875000
10031.475000
10063.275000
10095.100000
10126.000000
10157.225000
10188.250000
10219.025000
10249.600000
10280.050000
10310.500000
10341.025000
10370.900000
10400.825000
10431.150000
10460.800000
10490.575000
10520.225000
10549.725000
10578.900000
10608.075000
10637.100000
10666.350000
10695.325000
10724.500000
10753.625000
10782.725000
10811.900000
10841.050000
10870.150000
10899.200000
10928.475000
10957.500000
10986.675000
11015.125000
11043.900000
11072.875000
11101.350000
11130.000000
11158.975000
11187.275000
11216.025000
11245.025000
11273.300000
11302.075000
11330.675000
11359.150000
11387.375000
11416.025000
11444.925000
11473.175000
11501.825000
11530.175000
11558.950000
11587.125000
11615.500000
11643.950000
11672.775000
11700.950000
11729.600000
11757.900000
11786.625000
11814.825000
11842.850000
11871.250000
11899.625000
11928.400000
11956.550000
11984.875000
12013.250000
12041.625000
12070.100000
12098.150000
12126.150000
12154.550000
12182.850000
12211.450000
12239.750000
12267.775000
12296.075000
12324.450000
12352.725000
12381.225000
12409.300000
12437.275000
12465.425000
12493.825000
12522.100000
12550.625000
12578.750000
12606.825000
12635.275000
12663.450000
12692.050000
12720.250000
12748.200000
12776.125000
12804.225000
12832.600000
12860.775000
12889.375000
12917.525000
12945.525000
12973.525000
13001.975000
13030.150000
13058.325000
13086.775000
13114.825000
13142.725000
13170.625000
13198.500000
13226.625000
13254.975000
13283.125000
13311.675000
13339.800000
13367.775000
13395.775000
13424.200000
13452.400000
13480.575000
13509.000000
13537.050000
13564.975000
13592.850000
13620.700000
13648.675000
13677.050000
13705.200000
13733.725000
13761.950000
13789.975000
13817.925000
13846.275000
13874.525000
13902.725000
13931.175000
13959.250000
13987.200000
14015.100000
14042.950000
14070.950000
14099.300000
14127.500000
14156.025000
14184.200000
14212.225000
14240.300000
14268.700000
14296.850000
14325.150000
14353.500000
14381.500000
14409.425000
14437.325000
14465.325000
14493.675000
14521.875000
14550.400000
14578.625000
14606.650000
14634.650000
14663.050000
14691.250000
14719.450000
14747.850000
14775.875000
14803.875000
14831.750000
14859.675000
14887.950000
14916.250000
14944.625000
14972.925000
15000.950000
15029.000000
15057.300000
15085.550000
15113.600000
15142.150000
15170.275000
15198.200000
15226.075000
15254.050000
15282.125000
15310.450000
15338.575000
15367.175000
15395.300000
15423.275000
15451.200000
15479.625000
15507.825000
15535.900000
15564.375000
15592.500000
15620.425000
15648.300000
15676.150000
15704.200000
15732.525000
15760.700000
15789.000000
15817.375000
15845.375000
15873.350000
15901.300000
15929.750000
15957.875000
15985.975000
16014.450000
16042.525000
16070.450000
16098.325000
16126.175000
16154.225000
16182.575000
16210.725000
16239.100000
16267.400000
16295.400000
16323.375000
16351.350000
16379.775000
16407.900000
16436.000000
16464.475000
16492.525000
16520.450000
16548.325000
16576.175000
16604.250000
16632.575000
16660.725000
16689.125000
16717.425000
16745.425000
16773.375000
16801.375000
16829.800000
16857.900000
16886.000000
16914.475000
16942.525000
16970.450000
16998.325000
17026.175000
17054.250000
17082.575000
17110.725000
17139.125000
17167.425000
17195.425000
17223.375000
17251.375000
17279.800000
17307.900000
17336.000000
17364.475000
17392.525000
17420.450000
17448.325000
17476.175000
17504.250000
17532.575000
17560.725000
17589.125000
17617.425000
17645.425000
17673.375000
17701.375000
17729.800000
17757.900000
17786.000000
17814.475000
17842.525000
17870.450000
17898.325000
17926.175000
17954.250000
17982.575000
18010.725000
18039.125000
18067.425000
18095.425000
18123.375000
18151.375000
18179.800000
18207.900000
18236.000001
18264.475001
18292.525001
18320.450001
18348.325001
18376.175001
18404.250001
18432.600001
18460.725001
18489.125001
18517.425001
18545.425001
18573.375001
18601.375001
18629.800001
18657.900001
18686.000001
18714.475001
18742.525001
18770.450001
18798.325001
18826.175001
18854.250001
18882.600001
18910.725001
18939.125001
18967.425001
18995.425001
19023.375001
19051.375001
19079.800001
19107.900001
19136.025001
19164.475001
19192.525001
19220.450001
19248.325001
19276.175001
19304.250001
19332.600001
19360.725001
19389.125001
19417.425001
19445.425001
19473.375001
19501.375001
19529.800001
19557.900001
19586.025001
19614.475001
19642.525001
19670.450001
19698.325001
19726.175001
19754.250001
19782.600001
19810.725001
19839.125001
19867.425001
19895.425001
19923.375001
19951.375001
19979.800001
20007.900001
20036.025001
20064.475001
20092.525001
20120.475001
20148.400001
20176.450001
20204.900001
20233.225001
20261.825001
20290.050001
20318.750001
20347.650001
20375.950001
20404.825001
20433.950001
20462.900001
20492.150001
20520.675001
20549.575001
20578.650001
20607.775001
20636.950001
20666.250001
20695.375001
20724.700001
20753.875001
20783.725001
20813.350001
20842.750001
20872.875001
20902.850001
20932.775001
20963.100001
20993.050001
21023.150001
21053.600001
21084.175001
21114.725001
21145.350001
21175.925001
21206.700001
21237.425001
21268.750001
21300.350001
21331.525001
21363.200001
21395.125001
21427.050001
21459.100001
21491.200001
21523.175001
21555.400001
21587.650001
21620.225001
21653.400001
21686.575001
21719.975001
21753.475001
21786.925001
21820.325001
21853.850001
21887.425001
21921.525001
21956.175001
21990.900001
22025.725001
22060.550001
22095.425001
22130.975001
22166.450001
22202.200001
22238.250001
22274.525001
22310.875001
22347.875001
22385.175001
22422.900001
22460.625001
22498.375001
22536.950001
22575.850001
22615.000001
22654.925001
22695.325001
22736.475001
22778.400001
22820.400001
22863.325001
22906.750001
22950.950001
22995.825001
23042.200001
23089.250001
23137.100001
23185.925001
23235.875001
23287.175001
23340.000001
23394.850001
23451.300001
23510.625001
23574.550001
