2.000000
13.000000
6076.250000
6126.000000
6176.000000
6225.925000
6275.800000
6323.725000
6370.500000
6417.650000
6464.600000
6510.000000
6555.475000
6599.825000
6642.775000
6686.850000
6730.125000
6773.075000
6814.900000
6856.575000
6898.050000
6939.725000
6980.375000
7020.325000
7060.525000
7100.800000
7139.950000
7178.850000
7217.550000
7256.425000
7295.225000
7334.100000
7372.850000
7410.600000
7448.025000
7485.425000
7522.975000
7559.300000
7595.350000
7631.450000
7667.500000
7703.625000
7739.675000
7775.700000
7811.825000
7846.900000
7881.450000
7917.275000
7951.125000
7985.550000
8020.175000
8053.825000
8087.125000
8120.350000
8153.725000
8186.975000
8220.250000
8253.600000
8286.875000
8320.150000
8353.525000
8385.875000
8417.600000
8450.675000
8482.975000
8514.725000
8546.750000
8578.625000
8610.525000
8642.400000
8673.225000
8704.025000
8734.575000
8764.925000
8795.350000
8825.850000
8856.450000
8886.950000
8917.450000
8947.975000
8978.575000
9009.075000
9039.625000
9070.125000
9100.675000
9130.225000
9159.300000
9189.575000
9219.025000
9248.050000
9278.425000
9307.725000
9336.900000
9366.275000
9395.175000
9423.375000
9452.175000
9481.275000
9509.325000
9537.200000
9564.950000
9592.600000
9620.350000
9648.100000
9675.850000
9703.675000
9731.400000
9759.175000
9786.925000
9814.675000
9842.425000
9870.175000
9897.925000
9925.700000
9953.500000
9981.225000
10008.175000
10034.500000
10061.825000
10089.550000
10117.300000
10145.050000
10172.800000
10200.550000
10228.225000
10255.150000
10281.450000
10308.000000
10334.275000
10361.775000
10388.700000
10414.800000
10442.275000
10469.025000
10495.300000
10522.875000
10550.600000
10577.825000
10603.800000
10630.250000
10656.475000
10684.000000
10710.875000
10737.025000
10763.550000
10789.825000
10817.325000
10845.050000
10872.150000
10898.100000
10925.500000
10952.300000
10978.700000
11006.225000
11033.100000
11059.250000
11085.775000
11112.050000
11139.550000
11167.275000
11194.475000
11220.350000
11247.800000
11274.550000
11300.850000
11328.475000
11355.375000
11381.475000
11408.000000
11434.275000
11461.775000
11488.650000
11514.800000
11542.250000
11569.025000
11595.300000
11622.875000
11650.600000
11677.725000
11703.750000
11730.225000
11756.475000
11784.000000
11810.875000
11837.025000
11863.550000
11889.825000
11917.325000
11945.050000
11972.150000
11998.100000
12025.475000
12052.300000
12078.700000
12106.225000
12133.100000
12159.250000
12185.775000
12212.050000
12239.550000
12267.275000
12294.475000
12320.350000
12347.800000
12374.550000
12400.850000
12428.475000
12455.375000
12481.475000
12508.000000
12534.275000
12561.775000
12588.650000
12614.800000
12642.250000
12669.025000
12695.300000
12722.875000
12750.600000
12777.725000
12803.750000
12830.225000
12856.475000
12884.000000
12910.875000
12937.025000
12963.550000
12989.825000
13017.325000
13045.050000
13072.150000
13098.100000
13125.475000
13152.300000
13178.700000
13206.225000
13233.100000
13259.250000
13285.775000
13312.050000
13339.550000
13367.275000
13394.475000
13420.350000
13447.800000
13474.550000
13500.850000
13528.475000
13555.375000
13581.475000
13608.000000
13634.275000
13661.775000
13688.650000
13714.800000
13742.250000
13769.025000
13795.300000
13822.875000
13850.600000
13877.725000
13903.750000
13930.225000
13956.475000
13984.000000
14010.875000
14037.025000
14063.550000
14089.825000
14117.325000
14145.050000
14172.150000
14198.100000
14225.475000
14252.300000
14278.700000
14306.225000
14333.100000
14359.250000
14385.775000
14412.050000
14439.550000
14467.275000
14494.475000
14520.350000
14547.800000
14574.550000
14600.850000
14628.475000
14655.375000
14681.475000
14708.000000
14734.275000
14761.775000
14788.650000
14814.800000
14842.250000
14869.025000
14895.300000
14922.875000
14950.600000
14977.725000
15003.750000
15030.225000
15056.475000
15084.000000
15110.875000
15137.025000
15163.550000
15189.825000
15217.325000
15245.050000
15272.150000
15298.100000
15325.475000
15352.300000
15378.700000
15406.225000
15433.100000
15459.250000
15485.775000
15512.050000
15539.550000
15567.275000
15594.475000
15620.350000
15647.800000
15674.550000
15700.850000
15728.475000
15755.375000
15781.475000
15808.000000
15834.275000
15861.775000
15888.650000
15914.800000
15942.250000
15969.025000
15995.300000
16022.875000
16050.600000
16077.725000
16103.750000
16130.225000
16156.475000
16184.000000
16210.875000
16237.025000
16263.550000
16289.825000
16317.325000
16345.050000
16372.150000
16398.100000
16425.475000
16452.300000
16478.700000
16506.225000
16533.100000
16559.250000
16585.775000
16612.050000
16639.550000
16667.275000
16694.475000
16720.350000
16747.800000
16774.550000
16800.850000
16828.475000
16855.375000
16881.475000
16908.000000
16934.275000
16961.775000
16988.650000
17014.800000
17042.250000
17069.025000
17095.300000
17122.875000
17150.600000
17177.725000
17203.750000
17230.225000
17256.475000
17284.000000
17310.875000
17337.025000
17363.550000
17389.825000
17417.325000
17445.050000
17472.150000
17498.100000
17525.475000
17552.300000
17578.700000
17606.225000
17633.100000
17659.250000
17685.775000
17712.050000
17739.550000
17767.275000
17794.475000
17820.350000
17847.800000
17874.550000
17900.850000
17928.475000
17955.375000
17981.475000
18008.000000
18034.275000
18061.775000
18088.650000
18114.800000
18142.250000
18169.025000
18195.300000
18222.875000
18250.600001
18277.725001
18303.750001
18330.225001
18356.475001
18384.000001
18410.875001
18437.025001
18463.550001
18489.825001
18517.325001
18545.050001
18572.150001
18598.100001
18625.475001
18652.300001
18678.700001
18706.225001
18733.100001
18759.250001
18785.775001
18812.050001
18839.550001
18867.275001
18894.475001
18920.350001
18947.800001
18974.550001
19000.850001
19028.475001
19055.375001
19081.475001
19108.000001
19134.275001
19161.775001
19188.650001
19214.800001
19242.250001
19269.025001
19295.300001
19322.875001
19350.600001
19377.725001
19403.750001
19430.225001
19456.475001
19484.000001
19510.875001
19537.025001
19563.550001
19589.825001
19617.325001
19645.050001
19672.150001
19698.100001
19725.475001
19752.300001
19778.700001
19806.225001
19833.100001
19859.250001
19885.775001
19912.050001
19939.550001
19967.275001
19994.475001
20020.350001
20047.800001
20074.550001
20100.850001
20128.475001
20156.200001
20183.950001
20211.750001
20239.550001
20267.325001
20295.100001
20322.900001
20350.675001
20378.525001
20406.300001
20434.100001
20461.900001
20489.675001
20517.450001
20545.250001
20573.050001
20600.825001
20628.725001
20656.525001
20684.325001
20712.150001
20740.000001
20767.750001
20795.625001
20824.375001
20853.525001
20882.650001
20911.875001
20941.150001
20970.225001
20999.825001
21028.675001
21057.900001
21087.025001
21117.350001
21147.025001
21175.950001
21206.300001
21236.825001
21267.375001
21297.950001
21328.575001
21359.125001
21389.725001
21420.250001
21450.850001
21481.475001
21512.100001
21542.600001
21573.250001
21604.900001
21636.850001
21667.825001
21699.700001
21731.375001
21763.375001
21795.300001
21828.500001
21861.775001
21895.125001
21928.525001
21961.875001
21995.200001
22028.625001
22061.950001
22095.275001
22128.750001
22162.125001
22195.425001
22229.875001
22264.625001
22298.325001
22333.000001
22367.525001
22402.550001
22437.100001
22472.950001
22509.050001
22545.200001
22581.375001
22617.525001
22653.750001
22689.950001
22726.000001
22763.300001
22800.825001
22838.550001
22875.875001
22914.575001
22953.575001
22992.475001
23031.450001
23070.350001
23109.400001
23148.325001
23188.575001
23228.850001
23270.200001
23311.975001
23353.725001
23395.425001
23437.325001
23480.250001
23523.225001
23567.550001
23612.150001
23657.625001
23703.775001
23750.850001
23798.150001
23845.675001
23895.325001
23945.500001
23997.000001
24048.825001
24104.875001
24164.850001
