100.000000
25.000000
3219.425000
3285.850000
3350.475000
3412.950000
3473.550000
3532.550000
3590.625000
3647.425000
3703.475000
3758.825000
3813.650000
3868.075000
3921.850000
3975.275000
4028.625000
4081.500000
4134.300000
4186.550000
4238.725000
4290.775000
4342.525000
4394.150000
4445.650000
4496.825000
4547.775000
4598.500000
4649.025000
4699.550000
4749.900000
4800.000000
4849.950000
4899.775000
4949.400000
4998.850000
5048.225000
5097.400000
5146.650000
5195.800000
5244.625000
5293.150000
5341.700000
5390.300000
5438.575000
5486.700000
5535.025000
5583.000000
5630.725000
5678.800000
5726.250000
5773.875000
5821.100000
5868.625000
5915.875000
5963.250000
6010.300000
6057.475000
6104.225000
6151.150000
6197.600000
6244.225000
6290.825000
6337.125000
6383.400000
6429.800000
6475.875000
6521.975000
6568.025000
6613.700000
6659.375000
6705.150000
6751.000000
6796.600000
6841.975000
6887.225000
6932.400000
6977.625000
7022.875000
7068.075000
7113.125000
7158.025000
7202.700000
7247.225000
7291.775000
7336.100000
7380.500000
7424.850000
7469.200000
7513.500000
7557.850000
7602.175000
7646.475000
7690.675000
7734.700000
7778.800000
7822.575000
7866.350000
7909.750000
7953.200000
7996.850000
8040.425000
8083.850000
8127.200000
8170.475000
8213.650000
8256.950000
8299.900000
8342.775000
8385.750000
8428.975000
8471.600000
8514.175000
8557.075000
8599.650000
8642.100000
8684.800000
8727.075000
8769.425000
8812.075000
8854.150000
8896.525000
8938.725000
8980.525000
9022.850000
9064.775000
9106.975000
9148.500000
9190.475000
9231.925000
9273.725000
9315.125000
9356.925000
9398.225000
9440.050000
9481.200000
9523.100000
9564.025000
9605.450000
9646.725000
9687.700000
9729.125000
9769.825000
9810.925000
9852.000000
9892.825000
9933.825000
9974.700000
10015.200000
10056.200000
10096.925000
10137.375000
10178.250000
10219.050000
10259.550000
10300.300000
10341.150000
10381.725000
10422.425000
10463.250000
10503.925000
10544.625000
10585.450000
10626.050000
10666.900000
10707.700000
10748.300000
10788.950000
10829.875000
10870.475000
10911.150000
10951.950000
10992.625000
11033.325000
11074.075000
11114.600000
11155.500000
11196.175000
11236.500000
11277.300000
11318.175000
11358.400000
11398.875000
11439.950000
11480.375000
11520.775000
11561.675000
11602.425000
11642.925000
11683.625000
11724.450000
11765.025000
11805.725000
11846.525000
11887.150000
11927.875000
11968.700000
12009.325000
12050.075000
12090.950000
12131.575000
12172.300000
12213.125000
12253.825000
12294.525000
12335.350000
12375.975000
12416.825000
12457.650000
12498.250000
12538.925000
12579.850000
12620.475000
12661.150000
12701.925000
12742.600000
12783.325000
12824.050000
12864.575000
12905.475000
12946.150000
12986.425000
13027.150000
13068.100000
13108.350000
13148.775000
13189.850000
13230.375000
13270.775000
13311.625000
13352.400000
13392.900000
13433.600000
13474.425000
13515.000000
13555.725000
13596.525000
13637.150000
13677.875000
13718.700000
13759.300000
13800.050000
13840.950000
13881.575000
13922.300000
13963.125000
14003.825000
14044.525000
14085.350000
14125.975000
14166.825000
14207.650000
14248.250000
14288.925000
14329.850000
14370.475000
14411.150000
14451.925000
14492.600000
14533.325000
14574.050000
14614.575000
14655.475000
14696.150000
14736.425000
14777.150000
14818.100000
14858.350000
14898.775000
14939.850000
14980.375000
15020.775000
15061.625000
15102.400000
15142.900000
15183.600000
15224.425000
15265.000000
15305.725000
15346.525000
15387.150000
15427.875000
15468.700000
15509.300000
15550.050000
15590.950000
15631.575000
15672.300000
15713.125000
15753.825000
15794.525000
15835.350000
15875.975000
15916.825000
15957.650000
15998.250000
16038.925000
16079.850000
16120.475000
16161.150000
16201.925000
16242.600000
16283.325000
16324.050000
16364.575000
16405.475000
16446.150000
16486.425000
16527.150000
16568.100000
16608.350000
16648.775000
16689.850000
16730.375000
16770.775000
16811.625000
16852.400000
16892.900000
16933.600000
16974.425000
17015.000000
17055.725000
17096.525000
17137.150000
17177.875000
17218.700000
17259.300000
17300.050000
17340.950000
17381.575000
17422.300000
17463.125000
17503.825000
17544.525000
17585.350000
17625.975000
17666.825000
17707.650000
17748.250000
17788.925000
17829.850000
17870.475000
17911.150000
17951.925000
17992.600000
18033.325000
18074.050000
18114.575000
18155.475000
18196.150000
18236.425001
18277.150001
18318.100001
18358.350001
18398.775001
18439.850001
18480.375001
18520.775001
18561.625001
18602.400001
18642.900001
18683.600001
18724.425001
18765.000001
18805.725001
18846.525001
18887.150001
18927.875001
18968.700001
19009.300001
19050.050001
19090.950001
19131.575001
19172.300001
19213.125001
19253.825001
19294.525001
19335.350001
19375.975001
19416.825001
19457.650001
19498.250001
19538.925001
19579.850001
19620.475001
19661.150001
19701.925001
19742.600001
19783.325001
19824.050001
19864.575001
19905.475001
19946.150001
19986.425001
20027.150001
20068.100001
20108.350001
20148.900001
20190.075001
20230.525001
20271.250001
20312.450001
20353.100001
20394.250001
20435.500001
20476.400001
20517.900001
20558.725001
20600.200001
20641.475001
20682.900001
20724.550001
20766.175001
20807.925001
20849.575001
20891.400001
20933.100001
20974.775001
21016.700001
21058.250001
21100.375001
21142.300001
21184.675001
21226.400001
21268.825001
21311.100001
21353.150001
21395.750001
21437.900001
21480.375001
21523.200001
21565.550001
21608.125001
21651.125001
21693.775001
21736.475001
21779.725001
21822.975001
21866.075001
21909.175001
21952.475001
21995.825001
22039.000001
22082.100001
22125.375001
22169.050001
22212.725001
22256.575001
22300.225001
22343.950001
22387.650001
22431.500001
22475.375001
22519.350001
22563.500001
22607.850001
22652.275001
22696.775001
22741.325001
22785.800001
22830.325001
22874.850001
22919.425001
22963.950001
23008.625001
23053.625001
23098.525001
23143.525001
23188.750001
23234.225001
23279.800001
23325.075001
23370.500001
23416.200001
23462.150001
23507.925001
23553.800001
23599.750001
23645.850001
23691.775001
23737.850001
23784.400001
23830.575001
23876.975001
23923.700001
23970.275001
24017.425001
24064.075001
24111.025001
24158.050001
24205.275001
24252.525001
24299.875001
24347.175001
24394.850001
24442.525001
24490.500001
24538.325001
24586.225001
24634.550001
24682.700001
24731.050001
24779.800001
24828.625001
24877.325001
24926.100001
24974.975001
25024.150001
25073.500001
25122.950001
25172.450001
25222.000001
25271.675001
25321.600001
25371.675001
25421.900001
25472.175001
25522.650001
25573.375001
25624.150001
25675.000001
25725.975001
25777.200001
25828.875001
25880.375001
25931.975001
25983.975001
26036.025001
26088.250001
26140.925001
26193.525001
26246.525001
26299.575001
26352.800001
26406.425001
26460.000001
26513.825001
26568.075001
26622.375001
26676.825001
26731.650001
26786.650001
26842.050001
26897.575001
26953.450001
27009.550001
27065.950001
27122.800001
27180.000001
27237.275001
27295.000001
27352.925001
27411.200001
27469.825001
27529.000001
27588.375001
27648.225001
27708.475001
27769.275001
27830.475001
27892.150001
27954.275001
28017.000001
28080.300001
28144.100001
28208.475001
28273.550001
28339.175001
28405.575001
28472.725001
28540.775001
28609.600001
28679.525001
28750.350001
28822.375001
28895.825001
28970.750001
29047.525001
29126.425001
29208.425001
29294.900001
29536.350001
29615.700001
29967.875001
30054.375001
30553.175001
30634.675001
31085.875001
31166.925001
31605.475001
31686.500001
32119.075001
32200.225001
32638.325001
32719.350001
33153.100001
33234.200001
33672.075001
33753.100001
34185.675001
34266.825001
34704.925001
34785.950001
