1.000000
32.000000
4617.000000
4689.750000
4757.600000
4820.875000
4881.450000
4940.250000
4997.325000
5053.475000
5108.850000
5163.625000
5217.900000
5271.125000
5324.150000
5376.325000
5428.000000
5479.250000
5529.875000
5580.075000
5629.750000
5678.975000
5727.400000
5775.425000
5823.300000
5870.450000
5917.550000
5963.825000
6009.750000
6055.425000
6100.825000
6145.825000
6190.400000
6234.675000
6278.775000
6322.350000
6365.575000
6408.550000
6451.575000
6494.325000
6536.750000
6579.425000
6621.650000
6663.775000
6705.850000
6747.625000
6789.675000
6831.375000
6873.275000
6914.650000
6956.400000
6997.575000
7038.850000
7080.100000
7120.975000
7162.200000
7202.850000
7243.675000
7284.650000
7325.075000
7365.575000
7406.350000
7446.875000
7487.200000
7527.575000
7567.950000
7608.075000
7648.175000
7688.350000
7728.750000
7768.800000
7808.550000
7848.400000
7888.225000
7928.200000
7968.050000
8007.775000
8047.275000
8086.775000
8126.300000
8165.675000
8205.250000
8244.625000
8284.100000
8323.525000
8362.750000
8402.000000
8441.325000
8480.350000
8519.325000
8558.200000
8597.100000
8635.925000
8674.775000
8713.575000
8752.425000
8791.300000
8830.100000
8868.900000
8907.700000
8946.400000
8985.075000
9023.625000
9062.225000
9100.700000
9139.050000
9177.375000
9215.475000
9253.750000
9291.800000
9330.125000
9368.300000
9406.600000
9444.525000
9482.325000
9520.275000
9558.175000
9596.100000
9634.125000
9671.975000
9709.550000
9747.125000
9784.900000
9822.525000
9859.875000
9897.275000
9934.950000
9972.375000
10009.625000
10047.025000
10084.600000
10121.850000
10159.125000
10196.750000
10234.400000
10271.600000
10308.900000
10346.575000
10384.275000
10421.475000
10458.750000
10496.325000
10533.800000
10570.925000
10608.200000
10645.725000
10683.025000
10720.300000
10757.875000
10795.525000
10832.775000
10870.150000
10907.800000
10945.475000
10982.725000
11020.100000
11057.775000
11095.450000
11132.725000
11170.075000
11207.750000
11245.425000
11282.700000
11320.075000
11357.750000
11395.425000
11432.700000
11470.050000
11507.725000
11545.425000
11582.700000
11620.050000
11657.725000
11695.425000
11732.700000
11770.050000
11807.725000
11845.425000
11882.700000
11920.050000
11957.725000
11995.425000
12032.700000
12070.050000
12107.725000
12145.425000
12182.700000
12220.050000
12257.725000
12295.425000
12332.700000
12370.050000
12407.725000
12445.425000
12482.700000
12520.050000
12557.725000
12595.425000
12632.700000
12670.050000
12707.725000
12745.425000
12782.700000
12820.050000
12857.725000
12895.425000
12932.700000
12970.050000
13007.725000
13045.400000
13082.700000
13120.050000
13157.725000
13195.400000
13232.700000
13270.050000
13307.725000
13345.400000
13382.700000
13420.050000
13457.725000
13495.400000
13532.700000
13570.050000
13607.725000
13645.400000
13682.700000
13720.050000
13757.725000
13795.400000
13832.700000
13870.050000
13907.725000
13945.400000
13982.700000
14020.050000
14057.725000
14095.400000
14132.700000
14170.050000
14207.725000
14245.400000
14282.700000
14320.050000
14357.725000
14395.400000
14432.700000
14470.050000
14507.725000
14545.400000
14582.700000
14620.050000
14657.725000
14695.400000
14732.700000
14770.050000
14807.725000
14845.400000
14882.700000
14920.050000
14957.725000
14995.400000
15032.700000
15070.050000
15107.725000
15145.400000
15182.700000
15220.050000
15257.725000
15295.400000
15332.700000
15370.050000
15407.725000
15445.400000
15482.700000
15520.050000
15557.725000
15595.400000
15632.700000
15670.050000
15707.725000
15745.400000
15782.700000
15820.050000
15857.725000
15895.400000
15932.700000
15970.050000
16007.725000
16045.400000
16082.700000
16120.050000
16157.725000
16195.400000
16232.700000
16270.050000
16307.725000
16345.400000
16382.700000
16420.050000
16457.725000
16495.400000
16532.700000
16570.050000
16607.725000
16645.400000
16682.700000
16720.050000
16757.725000
16795.400000
16832.700000
16870.050000
16907.725000
16945.400000
16982.700000
17020.050000
17057.725000
17095.400000
17132.700000
17170.050000
17207.725000
17245.400000
17282.700000
17320.050000
17357.725000
17395.400000
17432.700000
17470.050000
17507.725000
17545.400000
17582.700000
17620.050000
17657.725000
17695.400000
17732.700000
17770.050000
17807.725000
17845.400000
17882.700000
17920.050000
17957.725000
17995.400000
18032.700000
18070.050000
18107.725000
18145.400000
18182.700000
18220.050000
18257.725001
18295.400001
18332.700001
18370.050001
18407.725001
18445.400001
18482.700001
18520.050001
18557.725001
18595.400001
18632.700001
18670.050001
18707.725001
18745.400001
18782.700001
18820.050001
18857.725001
18895.400001
18932.700001
18970.050001
19007.725001
19045.400001
19082.700001
19120.050001
19157.725001
19195.400001
19232.700001
19270.050001
19307.725001
19345.400001
19382.700001
19420.050001
19457.725001
19495.400001
19532.700001
19570.050001
19607.725001
19645.400001
19682.700001
19720.050001
19757.725001
19795.400001
19832.700001
19870.050001
19907.725001
19945.400001
19982.700001
20020.050001
20057.725001
20095.400001
20132.750001
20170.225001
20207.900001
20245.625001
20283.075001
20320.500001
20358.100001
20395.825001
20433.375001
20470.825001
20508.350001
20546.250001
20584.350001
20622.150001
20659.775001
20697.525001
20735.675001
20773.750001
20811.975001
20850.050001
20888.050001
20926.200001
20964.150001
21002.500001
21040.950001
21079.475001
21117.950001
21156.525001
21195.125001
21233.650001
21272.200001
21310.750001
21349.325001
21388.050001
21426.675001
21465.325001
21504.075001
21542.825001
21581.650001
21620.500001
21659.425001
21698.350001
21737.325001
21776.275001
21815.275001
21854.375001
21893.525001
21932.950001
21972.300001
22011.800001
22051.375001
22090.950001
22130.425001
22169.850001
22209.475001
22249.000001
22288.800001
22328.800001
22368.650001
22408.350001
22448.275001
22488.275001
22528.675001
22568.825001
22608.875001
22649.050001
22689.475001
22729.975001
22770.300001
22810.825001
22851.350001
22891.700001
22932.125001
22972.950001
23013.625001
23054.250001
23095.250001
23136.000001
23176.775001
23217.950001
23258.700001
23299.875001
23341.125001
23382.225001
23423.600001
23464.825001
23506.500001
23547.850001
23589.625001
23631.150001
23673.125001
23714.775001
23756.800001
23798.450001
23840.450001
23882.300001
23924.475001
23966.700001
24008.675001
24051.175001
24093.300001
24135.775001
24178.450001
24220.900001
24263.575001
24306.525001
24349.250001
24392.200001
24435.350001
24478.675001
24521.825001
24565.000001
24608.250001
24651.700001
24695.350001
24738.900001
24782.550001
24826.300001
24870.150001
24914.050001
24958.125001
25002.350001
25046.725001
25091.250001
25135.775001
25180.375001
25224.975001
25269.725001
25314.650001
25359.700001
25404.925001
25450.325001
25495.825001
25541.400001
25587.025001
25632.925001
25679.050001
25724.975001
25771.075001
25817.625001
25863.975001
25910.650001
25957.550001
26004.450001
26051.575001
26098.650001
26146.100001
26193.600001
26241.450001
26289.350001
26337.375001
26385.675001
26434.275001
26482.925001
26531.750001
26580.725001
26630.100001
26679.700001
26729.550001
26779.600001
26829.925001
26880.425001
26931.150001
26982.150001
27033.425001
27085.050001
27136.875001
27189.100001
27241.625001
27294.475001
27347.650001
27401.375001
27455.475001
27509.975001
27565.050001
27620.725001
27677.075001
27734.325001
27792.225001
27851.075001
27910.725001
27971.375001
28033.150001
28096.100001
28160.100001
28225.375001
28292.000001
28359.950001
28429.575001
28500.750001
28573.750001
28648.550001
28725.400001
28804.275001
28885.175001
28968.150001
29053.300001
29141.225001
29232.775001
29330.950001
29559.100001
29650.650001
30444.625001
31994.325001
33543.875001
