1.000000
3.000000
3627.875000
3722.125000
3813.575000
3901.725000
3987.125000
4070.450000
4152.100000
4232.325000
4311.250000
4389.075000
4465.875000
4541.875000
4616.800000
4690.925000
4764.000000
4836.100000
4907.450000
4977.675000
5047.025000
5115.475000
5183.300000
5250.500000
5317.000000
5382.575000
5447.375000
5511.525000
5575.025000
5637.925000
5700.450000
5762.375000
5823.550000
5884.200000
5944.200000
6003.600000
6062.600000
6120.825000
6178.875000
6236.125000
6293.000000
6349.500000
6405.600000
6461.100000
6516.200000
6570.775000
6624.875000
6678.875000
6732.250000
6785.600000
6838.675000
6891.500000
6944.175000
6996.725000
7049.000000
7101.275000
7153.125000
7205.050000
7256.875000
7308.200000
7359.475000
7410.650000
7461.875000
7512.850000
7563.550000
7613.975000
7664.300000
7714.650000
7764.900000
7814.950000
7864.850000
7914.675000
7964.325000
8013.775000
8063.250000
8112.625000
8161.850000
8210.900000
8259.650000
8308.275000
8357.025000
8405.525000
8453.925000
8502.325000
8550.850000
8598.900000
8646.975000
8695.150000
8742.975000
8790.875000
8838.625000
8886.050000
8933.550000
8980.750000
9028.150000
9075.225000
9122.350000
9169.300000
9216.300000
9263.275000
9310.000000
9356.800000
9403.200000
9449.775000
9496.175000
9542.500000
9588.750000
9634.875000
9680.675000
9726.425000
9772.250000
9818.025000
9863.600000
9909.175000
9954.825000
10000.425000
10045.825000
10091.150000
10136.200000
10181.475000
10226.550000
10271.850000
10317.300000
10362.600000
10407.825000
10452.900000
10498.100000
10543.225000
10588.475000
10633.775000
10679.125000
10724.325000
10769.475000
10814.600000
10859.775000
10905.050000
10950.375000
10995.650000
11040.925000
11086.025000
11131.175000
11176.300000
11221.475000
11266.850000
11312.150000
11357.400000
11402.550000
11447.650000
11492.825000
11537.925000
11583.150000
11628.550000
11673.750000
11719.000000
11763.975000
11809.200000
11854.375000
11899.575000
11944.950000
11990.250000
12035.475000
12080.575000
12125.750000
12170.875000
12216.150000
12261.375000
12306.725000
12351.900000
12397.050000
12442.225000
12487.375000
12532.575000
12577.850000
12623.175000
12668.425000
12713.575000
12758.575000
12803.825000
12848.825000
12894.100000
12939.325000
12984.650000
13029.925000
13075.000000
13120.200000
13165.325000
13210.550000
13255.900000
13301.175000
13346.375000
13391.575000
13436.625000
13481.825000
13526.900000
13572.200000
13617.575000
13662.825000
13708.000000
13753.050000
13798.225000
13843.300000
13888.525000
13933.825000
13979.200000
14024.375000
14069.500000
14114.650000
14159.800000
14205.075000
14250.400000
14295.700000
14340.975000
14386.025000
14431.200000
14476.325000
14521.525000
14566.900000
14612.200000
14657.450000
14702.600000
14747.700000
14792.875000
14837.975000
14883.225000
14928.625000
14973.825000
15019.050000
15064.025000
15109.225000
15154.400000
15199.625000
15244.975000
15290.275000
15335.500000
15380.600000
15425.775000
15470.875000
15516.175000
15561.400000
15606.750000
15651.925000
15697.075000
15742.250000
15787.400000
15832.600000
15877.875000
15923.225000
15968.450000
16013.600000
16058.625000
16103.850000
16148.825000
16194.125000
16239.350000
16284.650000
16329.950000
16375.025000
16420.225000
16465.350000
16510.575000
16555.900000
16601.200000
16646.400000
16691.600000
16736.650000
16781.875000
16826.950000
16872.250000
16917.625000
16962.875000
17008.025000
17053.100000
17098.250000
17143.350000
17188.575000
17233.850000
17279.225000
17324.425000
17369.525000
17414.675000
17459.825000
17505.100000
17550.425000
17595.700000
17641.000000
17686.050000
17731.225000
17776.350000
17821.550000
17866.950000
17912.225000
17957.475000
18002.625000
18047.725000
18092.925000
18138.050000
18183.300000
18228.700001
18273.875001
18319.100001
18364.050001
18409.250001
18454.450001
18499.650001
18545.000001
18590.300001
18635.525001
18680.600001
18725.800001
18770.900001
18816.175001
18861.425001
18906.775001
18951.925001
18997.100001
19042.275001
19087.425001
19132.625001
19177.925001
19223.250001
19268.475001
19313.625001
19358.650001
19403.875001
19448.850001
19494.125001
19539.375001
19584.675001
19629.950001
19675.025001
19720.225001
19765.350001
19810.600001
19855.925001
19901.200001
19946.425001
19991.625001
20036.675001
20081.900001
20127.075001
20172.625001
20218.075001
20263.475001
20309.000001
20354.800001
20400.750001
20446.650001
20492.575001
20538.550001
20584.625001
20630.475001
20676.425001
20722.775001
20769.125001
20815.350001
20861.975001
20908.350001
20955.075001
21001.875001
21048.550001
21095.550001
21142.500001
21189.800001
21236.900001
21284.400001
21331.625001
21379.150001
21426.350001
21473.950001
21521.650001
21569.400001
21617.475001
21665.300001
21713.400001
21761.700001
21809.850001
21858.125001
21906.725001
21955.250001
22003.875001
22052.550001
22101.425001
22150.375001
22199.475001
22248.575001
22297.825001
22347.200001
22396.775001
22446.575001
22496.500001
22546.550001
22596.725001
22646.925001
22697.125001
22747.400001
22797.925001
22848.575001
22899.400001
22950.575001
23001.775001
23052.900001
23104.200001
23155.675001
23207.400001
23259.175001
23311.125001
23363.225001
23415.350001
23467.800001
23520.225001
23573.050001
23625.800001
23678.900001
23731.800001
23784.975001
23838.225001
23891.700001
23945.400001
23999.075001
24052.900001
24107.000001
24161.100001
24215.300001
24269.725001
24324.450001
24379.425001
24434.475001
24489.725001
24545.250001
24600.900001
24656.725001
24712.600001
24768.700001
24824.925001
24881.325001
24937.975001
24994.900001
25051.975001
25109.225001
25166.725001
25224.375001
25282.225001
25340.300001
25398.475001
25457.050001
25515.700001
25574.725001
25634.050001
25693.550001
25753.325001
25813.400001
25873.750001
25934.350001
25995.300001
26056.575001
26118.050001
26179.850001
26241.925001
26304.250001
26367.025001
26430.150001
26493.650001
26557.675001
26622.025001
26686.750001
26752.150001
26818.125001
26884.625001
26951.750001
27019.425001
27087.550001
27156.375001
27225.650001
27295.525001
27365.775001
27436.625001
27508.100001
27580.150001
27652.800001
27726.075001
27800.100001
27874.875001
27950.525001
28027.050001
28104.650001
28183.400001
28263.525001
28345.400001
28429.075001
28514.525001
28601.900001
28691.100001
28782.175001
28875.375001
28971.000001
29069.525001
29171.600001
29278.550001
29393.900001
