1.000000
4.000000
3652.550000
3745.575000
3835.550000
3922.450000
4007.000000
4089.475000
4170.375000
4249.700000
4327.575000
4404.150000
4479.625000
4553.800000
4626.800000
4698.850000
4770.275000
4841.125000
4911.125000
4980.375000
5048.700000
5116.275000
5183.025000
5248.950000
5314.275000
5379.275000
5443.500000
5507.425000
5570.600000
5633.175000
5695.250000
5756.725000
5817.500000
5877.550000
5936.975000
5996.000000
6054.275000
6112.250000
6169.575000
6226.375000
6282.900000
6338.850000
6394.325000
6449.325000
6504.000000
6558.150000
6612.175000
6665.700000
6719.150000
6772.300000
6825.125000
6877.925000
6930.475000
6982.975000
7035.400000
7087.500000
7139.575000
7191.450000
7242.950000
7294.400000
7345.725000
7396.850000
7447.825000
7498.600000
7549.275000
7599.950000
7650.375000
7700.850000
7751.150000
7801.225000
7851.175000
7901.050000
7950.850000
8000.500000
8049.900000
8099.000000
8148.150000
8197.125000
8246.025000
8294.825000
8343.400000
8391.900000
8440.375000
8488.675000
8536.875000
8585.250000
8633.300000
8681.175000
8729.250000
8776.800000
8824.550000
8872.150000
8919.425000
8966.825000
9013.850000
9060.975000
9108.000000
9155.075000
9202.075000
9248.725000
9295.550000
9341.975000
9388.450000
9434.900000
9481.000000
9527.250000
9573.475000
9619.325000
9665.075000
9710.875000
9756.725000
9802.325000
9847.925000
9893.400000
9938.775000
9984.275000
10029.675000
10074.800000
10119.800000
10164.925000
10209.950000
10255.175000
10300.375000
10345.625000
10390.800000
10435.900000
10480.850000
10525.975000
10570.950000
10616.175000
10661.300000
10706.600000
10751.675000
10796.800000
10841.850000
10886.925000
10932.000000
10977.075000
11022.325000
11067.625000
11112.775000
11157.900000
11202.875000
11248.000000
11293.075000
11338.200000
11383.375000
11428.700000
11473.800000
11518.975000
11563.900000
11609.000000
11654.150000
11699.175000
11744.425000
11789.625000
11834.850000
11880.050000
11925.050000
11970.150000
12015.225000
12060.325000
12105.550000
12150.800000
12195.975000
12241.175000
12286.125000
12331.225000
12376.300000
12421.325000
12466.575000
12511.750000
12557.025000
12602.150000
12647.200000
12692.350000
12737.425000
12782.525000
12827.725000
12873.000000
12918.200000
12963.350000
13008.325000
13053.450000
13098.525000
13143.600000
13188.775000
13234.000000
13279.300000
13324.425000
13369.475000
13414.500000
13459.625000
13504.750000
13549.925000
13595.200000
13640.400000
13685.550000
13730.575000
13775.675000
13820.750000
13865.825000
13911.025000
13956.300000
14001.450000
14046.625000
14091.700000
14136.725000
14181.875000
14226.850000
14272.050000
14317.350000
14362.550000
14407.750000
14452.775000
14497.850000
14542.950000
14588.000000
14633.200000
14678.475000
14723.650000
14768.850000
14813.825000
14858.850000
14904.050000
14948.950000
14994.175000
15039.275000
15084.550000
15129.750000
15174.825000
15219.825000
15264.950000
15309.925000
15355.150000
15400.325000
15445.575000
15490.725000
15535.825000
15580.775000
15625.875000
15670.900000
15716.075000
15761.225000
15806.550000
15851.625000
15896.775000
15941.800000
15986.875000
16031.975000
16077.050000
16122.275000
16167.600000
16212.750000
16257.875000
16302.875000
16347.975000
16393.050000
16438.175000
16483.350000
16528.675000
16573.775000
16618.975000
16663.900000
16708.975000
16754.150000
16799.150000
16844.400000
16889.600000
16934.825000
16980.025000
17025.025000
17070.150000
17115.225000
17160.300000
17205.525000
17250.800000
17295.950000
17341.175000
17386.100000
17431.225000
17476.275000
17521.300000
17566.575000
17611.725000
17657.000000
17702.125000
17747.200000
17792.325000
17837.400000
17882.500000
17927.700000
17972.950000
18018.150000
18063.325000
18108.300000
18153.425000
18198.500000
18243.550001
18288.750001
18333.950001
18379.250001
18424.375001
18469.450001
18514.450001
18559.575001
18604.675001
18649.850001
18695.100001
18740.325001
18785.500001
18830.525001
18875.600001
18920.700001
18965.750001
19010.925001
19056.150001
19101.350001
19146.525001
19191.650001
19236.600001
19281.775001
19326.675001
19371.850001
19417.150001
19462.375001
19507.550001
19552.625001
19597.625001
19642.775001
19687.725001
19732.900001
19778.125001
19823.350001
19868.500001
19913.600001
19958.500001
20003.675001
20048.650001
20093.825001
20139.075001
20184.475001
20229.900001
20275.175001
20320.575001
20366.225001
20412.075001
20457.825001
20503.700001
20549.625001
20595.650001
20641.525001
20687.425001
20733.550001
20779.900001
20826.150001
20872.600001
20919.100001
20965.525001
21012.275001
21058.800001
21105.675001
21152.475001
21199.475001
21246.675001
21293.925001
21341.300001
21388.600001
21435.900001
21483.350001
21530.700001
21578.600001
21626.225001
21674.150001
21722.150001
21770.125001
21818.425001
21866.675001
21914.875001
21963.425001
22012.150001
22060.750001
22109.450001
22158.175001
22207.200001
22256.375001
22305.550001
22354.825001
22404.200001
22453.700001
22503.300001
22552.975001
22602.700001
22652.600001
22702.600001
22752.700001
22802.900001
22853.325001
22903.975001
22954.675001
23005.575001
23056.675001
23107.825001
23159.150001
23210.650001
23262.350001
23313.850001
23365.625001
23417.800001
23469.850001
23522.175001
23574.625001
23627.300001
23680.200001
23733.150001
23786.075001
23839.375001
23892.775001
23946.400001
24000.150001
24053.925001
24107.950001
24162.250001
24216.550001
24270.850001
24325.425001
24380.275001
24435.325001
24490.575001
24545.875001
24601.325001
24657.000001
24712.850001
24768.925001
24825.075001
24881.450001
24938.025001
24994.925001
25051.950001
25109.125001
25166.575001
25224.175001
25281.925001
25340.000001
25398.175001
25456.750001
25515.300001
25574.250001
25633.450001
25692.800001
25752.450001
25812.425001
25872.575001
25933.025001
25993.775001
26054.875001
26116.275001
26177.875001
26239.850001
26302.175001
26364.800001
26427.775001
26491.125001
26554.900001
26619.125001
26683.700001
26748.675001
26814.200001
26880.350001
26947.050001
27014.275001
27082.125001
27150.575001
27219.525001
27288.925001
27358.875001
27429.475001
27500.525001
27572.125001
27644.275001
27717.050001
27790.500001
27864.525001
27939.350001
28014.900001
28091.325001
28168.675001
28247.000001
28326.400001
28407.300001
28489.725001
28573.825001
28659.675001
28747.600001
28837.875001
28930.800001
29026.450001
29125.200001
29227.575001
29334.850001
29450.325001
