20.000000
12.000000
6408.000000
6459.200000
6509.825000
6560.375000
6610.525000
6659.675000
6709.000000
6757.750000
6806.325000
6853.800000
6900.875000
6947.625000
6992.925000
7038.350000
7084.075000
7128.900000
7173.175000
7217.550000
7261.800000
7305.225000
7348.125000
7391.175000
7434.150000
7475.975000
7517.675000
7559.275000
7600.850000
7642.450000
7684.000000
7724.675000
7764.850000
7805.150000
7845.300000
7885.350000
7925.575000
7964.850000
8003.825000
8042.575000
8081.450000
8120.250000
8159.100000
8197.900000
8235.825000
8273.250000
8310.950000
8348.125000
8385.600000
8423.050000
8459.925000
8496.875000
8534.100000
8570.375000
8606.625000
8642.600000
8678.750000
8714.750000
8750.825000
8786.900000
8822.975000
8858.950000
8895.100000
8930.200000
8964.900000
9000.600000
9035.550000
9070.275000
9105.075000
9139.725000
9174.300000
9209.050000
9242.675000
9276.075000
9309.500000
9342.675000
9375.925000
9409.275000
9442.550000
9475.825000
9509.175000
9542.450000
9575.750000
9609.075000
9642.375000
9675.650000
9708.125000
9740.350000
9772.975000
9805.400000
9837.100000
9869.150000
9900.875000
9932.900000
9964.725000
9996.675000
10028.600000
10060.425000
10092.375000
10123.350000
10154.975000
10186.825000
10217.750000
10248.600000
10280.000000
10311.850000
10342.675000
10374.225000
10406.275000
10437.175000
10468.625000
10500.675000
10531.625000
10563.200000
10595.150000
10625.975000
10657.650000
10689.600000
10720.425000
10751.725000
10783.250000
10814.650000
10845.500000
10876.200000
10907.700000
10939.600000
10970.425000
11001.575000
11032.950000
11064.600000
11095.475000
11126.175000
11157.700000
11189.600000
11220.425000
11251.550000
11282.925000
11314.600000
11345.475000
11376.175000
11407.700000
11439.600000
11470.425000
11501.550000
11532.925000
11564.600000
11595.475000
11626.175000
11657.700000
11689.600000
11720.425000
11751.550000
11782.925000
11814.600000
11845.475000
11876.175000
11907.700000
11939.600000
11970.425000
12001.550000
12032.925000
12064.600000
12095.475000
12126.175000
12157.700000
12189.600000
12220.425000
12251.550000
12282.925000
12314.600000
12345.475000
12376.175000
12407.700000
12439.600000
12470.425000
12501.550000
12532.925000
12564.600000
12595.475000
12626.175000
12657.700000
12689.600000
12720.425000
12751.550000
12782.925000
12814.600000
12845.475000
12876.175000
12907.700000
12939.600000
12970.425000
13001.550000
13032.925000
13064.600000
13095.475000
13126.175000
13157.700000
13189.600000
13220.425000
13251.550000
13282.925000
13314.600000
13345.475000
13376.175000
13407.700000
13439.600000
13470.425000
13501.550000
13532.925000
13564.600000
13595.475000
13626.175000
13657.700000
13689.600000
13720.425000
13751.550000
13782.925000
13814.600000
13845.475000
13876.175000
13907.700000
13939.600000
13970.425000
14001.550000
14032.925000
14064.600000
14095.475000
14126.175000
14157.700000
14189.600000
14220.425000
14251.550000
14282.925000
14314.600000
14345.475000
14376.175000
14407.700000
14439.600000
14470.425000
14501.550000
14532.925000
14564.600000
14595.475000
14626.175000
14657.700000
14689.600000
14720.425000
14751.550000
14782.925000
14814.600000
14845.475000
14876.175000
14907.700000
14939.600000
14970.425000
15001.550000
15032.925000
15064.600000
15095.475000
15126.175000
15157.700000
15189.600000
15220.425000
15251.550000
15282.925000
15314.600000
15345.475000
15376.175000
15407.700000
15439.600000
15470.425000
15501.550000
15532.925000
15564.600000
15595.475000
15626.175000
15657.700000
15689.600000
15720.425000
15751.550000
15782.925000
15814.600000
15845.475000
15876.175000
15907.700000
15939.600000
15970.425000
16001.550000
16032.925000
16064.600000
16095.475000
16126.175000
16157.700000
16189.600000
16220.425000
16251.550000
16282.925000
16314.600000
16345.475000
16376.175000
16407.700000
16439.600000
16470.425000
16501.550000
16532.925000
16564.600000
16595.475000
16626.175000
16657.700000
16689.600000
16720.425000
16751.550000
16782.925000
16814.600000
16845.475000
16876.175000
16907.700000
16939.600000
16970.425000
17001.550000
17032.925000
17064.600000
17095.475000
17126.175000
17157.700000
17189.600000
17220.425000
17251.550000
17282.925000
17314.600000
17345.475000
17376.175000
17407.700000
17439.600000
17470.425000
17501.550000
17532.925000
17564.600000
17595.475000
17626.175000
17657.700000
17689.600000
17720.425000
17751.550000
17782.925000
17814.600000
17845.475000
17876.175000
17907.700000
17939.600000
17970.425000
18001.550000
18032.925000
18064.600000
18095.475000
18126.175000
18157.700000
18189.600000
18220.425000
18251.550001
18282.925001
18314.600001
18345.475001
18376.175001
18407.700001
18439.600001
18470.425001
18501.550001
18532.925001
18564.600001
18595.475001
18626.175001
18657.700001
18689.600001
18720.425001
18751.550001
18782.925001
18814.600001
18845.475001
18876.175001
18907.700001
18939.600001
18970.425001
19001.550001
19032.925001
19064.600001
19095.475001
19126.175001
19157.700001
19189.600001
19220.425001
19251.550001
19282.925001
19314.600001
19345.475001
19376.175001
19407.700001
19439.600001
19470.425001
19501.550001
19532.925001
19564.600001
19595.475001
19626.175001
19657.700001
19689.600001
19720.425001
19751.550001
19782.925001
19814.600001
19845.475001
19876.175001
19907.700001
19939.600001
19970.425001
20001.550001
20032.925001
20064.600001
20095.475001
20126.275001
20157.775001
20189.675001
20220.675001
20252.325001
20284.175001
20316.250001
20348.025001
20380.075001
20412.050001
20445.025001
20477.450001
20509.350001
20542.350001
20575.525001
20608.075001
20641.100001
20673.650001
20706.500001
20739.725001
20773.050001
20806.450001
20839.825001
20873.150001
20906.600001
20940.025001
20973.350001
21007.625001
21042.375001
21076.075001
21110.575001
21145.250001
21180.025001
21214.775001
21249.825001
21284.400001
21320.050001
21355.500001
21391.100001
21426.075001
21461.950001
21498.000001
21534.200001
21570.275001
21606.525001
21642.600001
21679.000001
21715.175001
21752.150001
21789.675001
21826.300001
21863.500001
21900.900001
21938.600001
21975.975001
22014.500001
22053.425001
22092.400001
22131.375001
22170.275001
22209.250001
22248.150001
22287.200001
22326.125001
22366.175001
22406.450001
22446.800001
22487.100001
22528.575001
22570.125001
22611.925001
22653.700001
22695.400001
22737.175001
22779.925001
22823.050001
22866.250001
22909.350001
22953.575001
22998.000001
23042.575001
23087.150001
23131.825001
23177.175001
23223.225001
23270.200001
23317.600001
23364.950001
23413.275001
23462.175001
23511.975001
23562.200001
23613.325001
23665.000001
23717.850001
23771.125001
23826.125001
23883.250001
23943.200001
