100.000000
20.000000
2959.750000
3028.675000
3096.325000
3161.975000
3226.150000
3289.425000
3352.025000
3413.775000
3474.900000
3535.575000
3595.750000
3655.225000
3714.125000
3772.725000
3830.725000
3888.325000
3945.750000
4002.525000
4058.800000
4114.725000
4170.350000
4225.475000
4280.325000
4334.775000
4388.675000
4442.325000
4495.800000
4548.575000
4601.375000
4653.750000
4706.050000
4758.000000
4809.575000
4861.000000
4912.375000
4963.450000
5014.200000
5064.850000
5115.275000
5165.500000
5215.575000
5265.475000
5315.225000
5364.900000
5414.425000
5463.800000
5513.250000
5562.575000
5611.625000
5660.550000
5709.325000
5758.025000
5806.725000
5855.075000
5903.325000
5951.550000
5999.500000
6047.300000
6095.300000
6142.875000
6190.500000
6237.675000
6285.150000
6332.150000
6379.425000
6426.175000
6473.275000
6519.900000
6566.700000
6613.325000
6659.700000
6706.325000
6752.575000
6798.550000
6844.700000
6890.825000
6936.575000
6982.375000
7028.275000
7073.975000
7119.375000
7164.750000
7210.075000
7255.400000
7300.800000
7346.000000
7391.150000
7435.975000
7480.625000
7525.225000
7569.800000
7614.175000
7658.500000
7702.800000
7747.100000
7791.450000
7835.700000
7880.075000
7924.350000
7968.575000
8012.625000
8056.675000
8100.500000
8144.250000
8187.600000
8231.025000
8274.650000
8318.175000
8361.500000
8404.825000
8448.075000
8491.400000
8534.625000
8577.525000
8620.375000
8663.425000
8706.600000
8749.050000
8791.675000
8834.525000
8876.700000
8919.225000
8961.850000
9004.125000
9046.575000
9088.850000
9130.650000
9173.150000
9215.025000
9257.150000
9298.675000
9340.850000
9382.675000
9424.625000
9466.425000
9508.000000
9549.625000
9591.300000
9632.775000
9674.450000
9715.775000
9757.325000
9798.350000
9839.875000
9880.625000
9921.800000
9963.075000
10003.975000
10045.200000
10085.900000
10126.475000
10167.750000
10208.225000
10248.825000
10290.025000
10330.500000
10371.150000
10412.300000
10452.775000
10493.525000
10534.675000
10575.100000
10616.100000
10657.200000
10697.850000
10738.850000
10779.925000
10820.625000
10861.700000
10902.550000
10943.125000
10984.350000
11024.900000
11065.600000
11106.775000
11147.225000
11188.025000
11229.200000
11269.675000
11310.625000
11351.600000
11392.400000
11433.350000
11474.325000
11515.100000
11556.250000
11597.025000
11637.625000
11678.900000
11719.375000
11760.100000
11801.225000
11841.750000
11882.625000
11923.675000
11964.100000
12005.175000
12046.075000
12086.650000
12127.700000
12168.700000
12209.475000
12250.550000
12291.450000
12332.025000
12373.225000
12413.750000
12454.600000
12495.675000
12536.075000
12576.800000
12617.950000
12658.325000
12699.100000
12740.225000
12780.650000
12821.525000
12862.650000
12903.250000
12944.275000
12985.225000
13026.000000
13067.225000
13108.025000
13148.600000
13189.825000
13230.450000
13271.025000
13312.225000
13352.725000
13393.400000
13434.550000
13475.000000
13515.900000
13557.025000
13597.525000
13638.475000
13679.625000
13720.375000
13761.300000
13802.275000
13842.975000
13884.150000
13924.850000
13965.500000
14006.700000
14047.175000
14087.925000
14129.100000
14169.525000
14210.450000
14251.500000
14292.200000
14333.175000
14374.075000
14414.850000
14455.900000
14496.800000
14537.450000
14578.725000
14619.325000
14659.975000
14701.125000
14741.675000
14782.500000
14823.575000
14863.950000
14905.025000
14946.000000
14986.500000
15027.525000
15068.475000
15109.200000
15150.250000
15191.250000
15231.875000
15273.100000
15313.725000
15354.500000
15395.625000
15436.050000
15476.700000
15517.875000
15558.275000
15598.975000
15640.125000
15680.550000
15721.275000
15762.425000
15802.875000
15843.775000
15884.900000
15925.475000
15966.550000
16007.525000
16048.300000
16089.225000
16130.175000
16170.750000
16211.950000
16252.650000
16293.250000
16334.450000
16374.950000
16415.700000
16456.850000
16497.275000
16538.175000
16579.375000
16619.975000
16660.950000
16701.875000
16742.700000
16783.575000
16824.525000
16865.200000
16906.425000
16947.100000
16987.725000
17028.975000
17069.425000
17110.200000
17151.275000
17191.825000
17232.750000
17273.775000
17314.275000
17355.325000
17396.175000
17436.875000
17477.950000
17518.925000
17559.625000
17600.825000
17641.575000
17682.225000
17723.350000
17763.800000
17804.725000
17845.775000
17886.175000
17927.025000
17968.125000
18008.550000
18049.500000
18090.600000
18131.300000
18172.325000
18213.325000
18254.100001
18295.300001
18335.950001
18376.500001
18417.775001
18458.225001
18498.825001
18540.025001
18580.500001
18621.150001
18662.325001
18702.775001
18743.525001
18784.675001
18825.125001
18866.125001
18907.225001
18947.875001
18988.850001
19029.925001
19070.650001
19111.700001
19152.550001
19193.125001
19234.350001
19274.900001
19315.600001
19356.775001
19397.225001
19438.025001
19479.200001
19519.675001
19560.625001
19601.625001
19642.400001
19683.350001
19724.350001
19765.100001
19806.250001
19847.025001
19887.625001
19928.900001
19969.400001
20010.100001
20051.225001
20091.750001
20132.725001
20173.900001
20214.750001
20256.275001
20297.200001
20338.450001
20380.000001
20421.025001
20462.575001
20503.850001
20545.575001
20586.850001
20628.950001
20670.350001
20712.350001
20753.925001
20795.800001
20837.375001
20879.550001
20921.200001
20963.425001
21005.575001
21047.425001
21089.975001
21131.950001
21174.475001
21217.200001
21259.500001
21302.200001
21345.150001
21387.600001
21430.325001
21473.350001
21516.200001
21559.075001
21602.325001
21645.650001
21688.650001
21731.725001
21774.850001
21818.275001
21861.850001
21905.400001
21948.625001
21992.225001
22035.900001
22079.925001
22123.850001
22167.925001
22212.075001
22256.375001
22300.800001
22345.325001
22389.875001
22434.450001
22479.050001
22523.550001
22568.175001
22612.950001
22657.850001
22702.650001
22747.375001
22792.425001
22837.450001
22882.650001
22928.150001
22973.575001
23019.050001
23064.475001
23110.075001
23155.875001
23201.750001
23247.425001
23293.250001
23339.550001
23385.800001
23431.925001
23478.600001
23524.950001
23571.525001
23618.450001
23665.075001
23712.200001
23759.050001
23806.550001
23853.725001
23901.225001
23948.450001
23996.075001
24043.625001
24091.500001
24139.500001
24187.400001
24235.625001
24284.125001
24332.500001
24380.950001
24429.825001
24478.875001
24527.650001
24576.425001
24625.525001
24674.825001
24724.350001
24774.100001
24823.875001
24873.725001
24923.750001
24973.900001
25024.275001
25074.775001
25125.250001
25175.950001
25226.825001
25277.950001
25329.325001
25380.600001
25432.075001
25484.000001
25535.950001
25588.050001
25640.575001
25692.975001
25745.825001
25798.575001
25851.825001
25905.250001
25958.725001
26012.675001
26066.700001
26120.825001
26175.275001
26230.175001
26285.375001
26340.875001
26396.600001
26452.525001
26508.575001
26564.950001
26621.725001
26679.025001
26736.275001
26794.025001
26852.250001
26910.750001
26969.575001
27029.000001
27088.600001
27148.600001
27209.175001
27270.300001
27331.900001
27394.075001
27456.950001
27520.275001
27584.450001
27649.050001
27714.475001
27780.750001
27847.800001
27915.700001
27984.725001
28054.700001
28125.925001
28198.475001
28272.600001
28348.475001
28426.325001
28506.525001
28589.125001
28675.100001
28766.175001
