1.000000
2.000000
3652.750000
3748.650000
3843.175000
3933.425000
4020.100000
4104.350000
4186.750000
4267.900000
4347.475000
4425.975000
4503.575000
4580.325000
4656.150000
4731.100000
4805.300000
4878.775000
4951.450000
5023.450000
5094.750000
5165.250000
5235.325000
5304.725000
5373.450000
5441.275000
5508.175000
5574.250000
5639.400000
5703.600000
5767.125000
5830.000000
5892.225000
5953.875000
6014.875000
6075.275000
6135.250000
6194.575000
6253.200000
6311.425000
6369.125000
6426.200000
6482.925000
6539.250000
6595.250000
6650.800000
6705.725000
6760.125000
6814.150000
6868.100000
6921.650000
6974.975000
7028.075000
7080.800000
7133.375000
7185.750000
7237.925000
7290.100000
7341.850000
7393.450000
7445.225000
7496.725000
7548.000000
7599.075000
7650.025000
7700.925000
7751.600000
7802.175000
7852.600000
7902.750000
7952.750000
8002.700000
8052.550000
8102.400000
8152.225000
8201.975000
8251.525000
8301.000000
8350.275000
8399.425000
8448.450000
8497.250000
8546.125000
8594.950000
8643.575000
8692.175000
8740.775000
8789.075000
8837.200000
8885.425000
8933.450000
8981.300000
9029.275000
9076.700000
9124.400000
9171.950000
9219.250000
9266.525000
9313.575000
9360.700000
9407.825000
9454.825000
9501.725000
9548.325000
9595.150000
9641.625000
9687.975000
9734.525000
9780.525000
9826.500000
9872.700000
9918.850000
9964.775000
10010.725000
10056.675000
10102.300000
10148.025000
10193.800000
10239.725000
10285.500000
10331.125000
10376.650000
10422.225000
10467.900000
10513.450000
10559.025000
10604.775000
10650.550000
10696.225000
10741.675000
10787.175000
10832.800000
10878.700000
10924.325000
10969.900000
11015.350000
11060.875000
11106.625000
11152.200000
11197.750000
11243.225000
11288.750000
11334.425000
11380.050000
11425.575000
11471.050000
11516.650000
11562.275000
11607.825000
11653.425000
11698.900000
11744.475000
11790.075000
11835.625000
11881.175000
11926.650000
11972.200000
12017.850000
12063.375000
12108.900000
12154.525000
12200.050000
12245.650000
12291.225000
12336.700000
12382.300000
12427.825000
12473.425000
12519.000000
12564.475000
12610.025000
12655.550000
12701.150000
12746.725000
12792.350000
12837.900000
12883.425000
12929.075000
12974.575000
13020.150000
13065.725000
13111.300000
13156.900000
13202.375000
13247.950000
13293.550000
13339.175000
13384.725000
13430.225000
13475.775000
13521.325000
13567.150000
13612.725000
13658.125000
13703.700000
13749.250000
13795.150000
13840.875000
13886.225000
13931.725000
13977.275000
14023.125000
14068.800000
14114.225000
14159.675000
14205.250000
14250.975000
14296.625000
14342.225000
14387.700000
14433.200000
14478.925000
14524.450000
14570.025000
14615.550000
14661.050000
14706.725000
14752.250000
14797.825000
14843.325000
14888.825000
14934.500000
14980.075000
15025.625000
15071.100000
15116.700000
15162.300000
15207.850000
15253.450000
15298.925000
15344.500000
15390.100000
15435.625000
15481.200000
15526.675000
15572.225000
15617.875000
15663.400000
15708.925000
15754.550000
15800.075000
15845.675000
15891.250000
15936.725000
15982.325000
16027.850000
16073.425000
16119.000000
16164.475000
16210.025000
16255.575000
16301.175000
16346.725000
16392.350000
16437.900000
16483.450000
16529.100000
16574.575000
16620.150000
16665.750000
16711.325000
16756.925000
16802.400000
16847.975000
16893.575000
16939.225000
16984.800000
17030.275000
17075.800000
17121.375000
17167.225000
17212.875000
17258.250000
17303.800000
17349.350000
17395.250000
17440.975000
17486.375000
17531.850000
17577.375000
17623.175000
17668.850000
17714.275000
17759.725000
17805.300000
17851.000000
17896.625000
17942.250000
17987.725000
18033.225000
18078.925000
18124.475000
18170.050000
18215.575000
18261.050001
18306.725001
18352.250001
18397.825001
18443.350001
18488.850001
18534.500001
18580.075001
18625.625001
18671.125001
18716.725001
18762.300001
18807.850001
18853.450001
18898.950001
18944.525001
18990.125001
19035.650001
19081.200001
19126.700001
19172.250001
19217.875001
19263.400001
19308.925001
19354.575001
19400.100001
19445.675001
19491.250001
19536.725001
19582.350001
19627.900001
19673.450001
19719.025001
19764.500001
19810.075001
19855.625001
19901.200001
19946.750001
19992.375001
20037.925001
20083.500001
20129.175001
20174.725001
20220.450001
20266.400001
20312.350001
20358.150001
20404.125001
20450.200001
20496.475001
20542.800001
20589.100001
20635.600001
20682.075001
20728.900001
20775.400001
20822.225001
20869.075001
20916.125001
20963.350001
21010.575001
21057.925001
21105.325001
21152.600001
21200.100001
21247.500001
21295.400001
21343.050001
21391.075001
21439.075001
21487.075001
21535.450001
21583.925001
21632.300001
21680.650001
21729.350001
21777.975001
21826.575001
21875.400001
21924.550001
21973.750001
22023.125001
22072.575001
22122.025001
22171.600001
22221.375001
22271.200001
22321.075001
22371.000001
22421.075001
22471.350001
22521.925001
22572.525001
22623.325001
22674.200001
22725.100001
22776.100001
22827.325001
22878.900001
22930.300001
22981.800001
23033.450001
23085.375001
23137.325001
23189.500001
23241.725001
23294.125001
23346.700001
23399.425001
23452.325001
23505.350001
23558.275001
23611.525001
23664.900001
23718.550001
23772.250001
23826.000001
23880.125001
23934.450001
23988.700001
24043.075001
24097.675001
24152.550001
24207.700001
24263.075001
24318.650001
24374.425001
24430.325001
24486.250001
24542.575001
24599.025001
24655.775001
24712.675001
24769.675001
24826.950001
24884.600001
24942.325001
25000.375001
25058.425001
25116.850001
25175.350001
25234.325001
25293.325001
25352.600001
25412.225001
25472.000001
25531.975001
25592.300001
25652.850001
25713.650001
25774.750001
25836.075001
25897.750001
25959.725001
26022.000001
26084.675001
26147.550001
26210.825001
26274.525001
26338.600001
26402.975001
26467.900001
26533.200001
26598.900001
26665.125001
26731.825001
26798.925001
26866.575001
26934.700001
27003.225001
27072.275001
27141.800001
27211.900001
27282.550001
27353.775001
27425.550001
27498.000001
27571.075001
27644.900001
27719.475001
27794.875001
27871.100001
27948.325001
28026.650001
28106.375001
28187.575001
28270.625001
28355.675001
28442.650001
28531.550001
28622.425001
28715.450001
28811.100001
28909.850001
29012.675001
29121.350001
29246.350001
