200.000000
7.000000
2967.450000
3016.750000
3062.025000
3104.725000
3145.300000
3184.225000
3221.775000
3258.175000
3293.800000
3328.675000
3363.050000
3396.675000
3429.875000
3462.375000
3494.825000
3526.350000
3557.775000
3589.325000
3620.200000
3650.850000
3681.350000
3711.800000
3742.150000
3771.900000
3801.600000
3831.225000
3860.575000
3889.775000
3918.925000
3947.975000
3977.050000
4006.175000
4034.900000
4063.350000
4092.200000
4120.350000
4148.475000
4176.850000
4205.025000
4233.050000
4261.000000
4289.000000
4317.175000
4345.125000
4372.975000
4400.750000
4428.550000
4456.300000
4484.025000
4511.775000
4539.500000
4567.225000
4594.875000
4622.025000
4649.300000
4676.150000
4703.450000
4730.350000
4757.525000
4784.325000
4811.625000
4838.375000
4864.925000
4891.975000
4918.750000
4945.300000
4971.925000
4998.150000
5024.625000
5050.900000
5077.350000
5103.625000
5129.975000
5156.350000
5182.700000
5209.050000
5235.400000
5261.800000
5288.075000
5314.450000
5340.700000
5367.050000
5392.600000
5418.725000
5445.000000
5470.425000
5496.475000
5522.625000
5548.050000
5573.675000
5599.350000
5624.825000
5650.600000
5675.850000
5701.100000
5726.175000
5751.500000
5776.950000
5802.250000
5827.550000
5852.575000
5878.050000
5903.425000
5928.575000
5953.625000
5978.650000
6003.625000
6028.625000
6053.575000
6078.575000
6103.550000
6128.550000
6153.525000
6178.500000
6203.475000
6228.475000
6253.450000
6278.450000
6303.400000
6328.400000
6353.350000
6378.325000
6402.875000
6427.225000
6451.950000
6476.000000
6500.650000
6525.300000
6549.500000
6573.700000
6597.925000
6622.675000
6646.725000
6670.525000
6695.050000
6719.025000
6742.700000
6767.250000
6791.175000
6814.875000
6839.375000
6863.250000
6887.000000
6910.875000
6934.375000
6957.975000
6981.500000
7005.225000
7028.725000
7052.350000
7075.825000
7099.575000
7123.025000
7146.700000
7170.200000
7193.925000
7217.425000
7241.075000
7264.625000
7288.250000
7311.850000
7335.400000
7359.025000
7382.600000
7406.225000
7429.800000
7453.425000
7476.425000
7499.550000
7522.900000
7546.375000
7569.950000
7592.625000
7616.025000
7639.500000
7662.250000
7685.400000
7708.850000
7731.475000
7754.775000
7778.300000
7800.875000
7824.100000
7846.825000
7870.025000
7892.525000
7915.100000
7938.075000
7960.750000
7983.900000
8006.400000
8028.900000
8051.175000
8073.475000
8095.800000
8118.550000
8141.125000
8163.475000
8185.775000
8208.025000
8230.225000
8252.500000
8274.700000
8296.875000
8319.050000
8341.275000
8363.400000
8385.600000
8407.825000
8430.025000
8452.275000
8474.475000
8496.675000
8518.900000
8541.125000
8563.275000
8585.475000
8607.700000
8629.900000
8652.150000
8674.350000
8696.575000
8718.775000
8741.000000
8763.175000
8785.375000
8807.575000
8829.800000
8851.975000
8874.050000
8895.525000
8917.400000
8939.550000
8961.750000
8983.950000
9006.150000
9028.375000
9050.550000
9072.725000
9094.525000
9116.075000
9137.275000
9159.025000
9180.475000
9202.100000
9223.250000
9245.100000
9267.200000
9288.500000
9309.500000
9331.200000
9352.425000
9373.400000
9395.075000
9416.600000
9437.325000
9458.950000
9480.050000
9501.000000
9522.800000
9544.025000
9564.825000
9585.900000
9606.650000
9628.375000
9649.525000
9670.275000
9691.400000
9712.075000
9733.250000
9753.750000
9774.675000
9795.325000
9816.775000
9837.100000
9857.875000
9878.675000
9899.700000
9920.225000
9941.200000
9961.950000
9982.850000
10003.600000
10024.450000
10045.200000
10066.225000
10086.875000
10107.700000
10128.575000
10149.500000
10170.175000
10191.100000
10211.875000
10232.775000
10253.550000
10274.425000
10295.200000
10316.175000
10336.875000
10357.700000
10378.575000
10399.500000
10420.175000
10441.100000
10461.875000
10482.775000
10503.550000
10524.425000
10545.200000
10566.175000
10586.875000
10607.700000
10628.575000
10649.500000
10670.175000
10691.100000
10711.875000
10732.775000
10753.550000
10774.425000
10795.200000
10816.175000
10836.875000
10857.700000
10878.575000
10899.500000
10920.175000
10941.100000
10961.875000
10982.775000
11003.550000
11024.425000
11045.200000
11066.175000
11086.875000
11107.700000
11128.575000
11149.500000
11170.175000
11191.100000
11211.875000
11232.775000
11253.550000
11274.425000
11295.200000
11316.175000
11336.875000
11357.700000
11378.575000
11399.500000
11420.175000
11441.100000
11461.875000
11482.775000
11503.550000
11524.425000
11545.200000
11566.175000
11586.875000
11607.700000
11628.575000
11649.500000
11670.175000
11691.100000
11711.875000
11732.775000
11753.550000
11774.425000
11795.200000
11816.175000
11836.875000
11857.700000
11878.575000
11899.500000
11920.175000
11941.100000
11961.875000
11982.775000
12003.550000
12024.425000
12045.200000
12066.175000
12086.875000
12107.700000
12128.575000
12149.500000
12170.175000
12191.100000
12211.875000
12232.775000
12253.550000
12274.425000
12295.200000
12316.175000
12336.875000
12357.700000
12378.575000
12399.500000
12420.175000
12441.100000
12461.875000
12482.775000
12503.550000
12524.425000
12545.200000
12566.175000
12586.875000
12607.700000
12628.575000
12649.500000
12670.175000
12691.100000
12711.875000
12732.775000
12753.550000
12774.425000
12795.200000
12816.175000
12836.875000
12857.700000
12878.575000
12899.500000
12920.175000
12941.100000
12961.875000
12982.775000
13003.550000
13024.425000
13045.200000
13066.175000
13086.875000
13107.700000
13128.575000
13149.500000
13170.175000
13191.100000
13211.875000
13232.775000
13253.550000
13274.425000
13295.200000
13316.175000
13336.875000
13357.700000
13378.575000
13399.500000
13420.175000
13441.100000
13461.875000
13482.775000
13503.550000
13524.425000
13545.200000
13566.175000
13586.875000
13607.700000
13628.575000
13649.500000
13670.175000
13691.100000
13711.875000
13732.775000
13753.550000
13774.425000
13795.200000
13816.175000
13836.875000
13857.700000
13878.575000
13899.500000
13920.175000
13941.100000
13961.875000
13982.775000
14003.550000
14024.425000
14045.200000
14066.175000
14086.875000
14107.700000
14128.575000
14149.500000
14170.175000
14191.100000
14211.875000
14232.775000
14253.550000
14274.425000
14295.200000
14316.175000
14336.875000
14357.700000
14378.575000
14399.500000
14420.175000
14441.100000
14461.875000
14482.775000
14503.550000
14524.425000
14545.200000
14566.175000
14586.875000
14607.700000
14628.575000
14649.500000
14670.175000
14691.100000
14711.875000
14732.775000
14753.550000
14774.425000
14795.200000
14816.175000
14836.875000
14857.700000
14878.575000
14899.500000
14920.175000
14941.100000
14961.875000
14982.775000
15003.550000
15024.425000
15045.200000
15066.175000
15086.875000
15107.700000
15128.575000
15149.500000
15170.175000
15191.100000
15211.875000
15232.775000
15253.550000
15274.425000
15295.200000
15316.175000
15336.875000
15357.700000
15378.575000
15399.500000
15420.175000
15441.100000
15461.875000
15482.775000
15503.550000
15524.425000
15545.200000
15566.175000
15586.875000
15607.700000
15628.575000
15649.500000
15670.175000
15691.100000
15711.875000
15732.775000
15753.550000
15774.425000
15795.200000
15816.175000
15836.875000
15857.700000
15878.575000
15899.500000
15920.175000
15941.100000
15961.875000
15982.775000
16003.550000
16024.425000
16045.200000
16066.175000
16086.875000
16107.700000
16128.575000
16149.500000
16170.175000
16191.100000
16211.875000
16232.775000
16253.550000
16274.425000
16295.200000
16316.175000
16336.875000
16357.700000
16378.575000
16399.500000
16420.175000
16441.100000
16461.875000
16482.775000
16503.550000
16524.425000
16545.200000
16566.175000
16586.875000
16607.700000
16628.575000
16649.500000
16670.175000
16691.100000
16711.875000
16732.775000
16753.550000
16774.425000
16795.200000
16816.175000
16836.875000
16857.700000
16878.575000
16899.500000
16920.175000
16941.100000
16961.875000
16982.775000
17003.550000
17024.425000
17045.200000
17066.175000
17086.875000
17107.700000
17128.575000
17149.500000
17170.175000
17191.100000
17211.875000
17232.775000
17253.550000
17274.425000
17295.200000
17316.175000
17336.875000
17357.700000
17378.575000
17399.500000
17420.175000
17441.100000
17461.875000
17482.775000
17503.550000
17524.425000
17545.200000
17566.175000
17586.875000
17607.700000
17628.575000
17649.500000
17670.175000
17691.100000
17711.875000
17732.775000
17753.550000
17774.425000
17795.200000
17816.175000
17836.875000
17857.700000
17878.575000
17899.500000
17920.175000
17941.100000
17961.875000
17982.775000
18003.550000
18024.425000
18045.200000
18066.175000
18086.875000
18107.700000
18128.575000
18149.500000
18170.175000
18191.100000
18211.875000
18232.775001
18253.550001
18274.425001
18295.200001
18316.175001
18336.875001
18357.700001
18378.575001
18399.500001
18420.175001
18441.100001
18461.875001
18482.775001
18503.550001
18524.425001
18545.200001
18566.175001
18586.875001
18607.700001
18628.575001
18649.500001
18670.175001
18691.100001
18711.875001
18732.775001
18753.550001
18774.425001
18795.200001
18816.175001
18836.875001
18857.700001
18878.575001
18899.500001
18920.175001
18941.100001
18961.875001
18982.775001
19003.550001
19024.425001
19045.200001
19066.175001
19086.875001
19107.700001
19128.575001
19149.500001
19170.175001
19191.100001
19211.875001
19232.775001
19253.550001
19274.425001
19295.200001
19316.175001
19336.875001
19357.700001
19378.575001
19399.500001
19420.175001
19441.100001
19461.875001
19482.775001
19503.550001
19524.425001
19545.200001
19566.175001
19586.875001
19607.700001
19628.575001
19649.500001
19670.175001
19691.100001
19711.875001
19732.775001
19753.550001
19774.425001
19795.200001
19816.175001
19836.875001
19857.700001
19878.575001
19899.500001
19920.175001
19941.100001
19961.875001
19982.775001
20003.550001
20024.425001
20045.200001
20066.175001
20086.875001
20107.700001
20128.575001
20149.525001
20170.200001
20191.125001
20211.925001
20232.850001
20253.600001
20274.500001
20295.250001
20316.400001
20336.950001
20357.850001
20378.700001
20399.925001
20420.325001
20441.375001
20462.075001
20483.300001
20503.825001
20524.875001
20545.450001
20567.225001
20588.350001
20609.250001
20630.325001
20651.075001
20672.825001
20694.075001
20714.875001
20736.675001
20757.800001
20778.950001
20800.625001
20822.100001
20842.850001
20864.550001
20885.725001
20907.500001
20928.750001
20950.625001
20972.750001
20994.225001
21015.925001
21037.125001
21059.000001
21080.725001
21102.200001
21124.225001
21145.500001
21167.375001
21189.525001
21211.725001
21233.925001
21256.175001
21278.400001
21300.600001
21322.825001
21345.050001
21367.300001
21389.550001
21411.775001
21434.000001
21456.250001
21478.475001
21500.675001
21522.900001
21545.150001
21567.375001
21589.625001
21611.875001
21634.100001
21656.325001
21678.575001
21700.750001
21723.000001
21745.225001
21767.475001
21789.725001
21811.975001
21834.200001
21856.450001
21878.700001
21900.875001
21923.125001
21945.350001
21967.600001
21989.900001
22012.150001
22034.400001
22056.650001
22078.975001
22101.175001
22123.475001
22146.275001
22168.925001
22191.875001
22214.575001
22237.050001
22259.525001
22282.525001
22305.300001
22328.425001
22350.925001
22374.200001
22396.975001
22420.075001
22442.625001
22465.975001
22489.475001
22512.150001
22535.375001
22558.900001
22581.600001
22604.900001
22628.450001
22651.775001
22675.000001
22697.975001
22721.525001
22745.100001
22768.700001
22792.300001
22815.950001
22839.575001
22863.175001
22886.800001
22910.425001
22934.075001
22957.675001
22981.300001
23004.975001
23028.600001
23052.250001
23075.775001
23099.550001
23123.050001
23146.775001
23170.300001
23194.175001
23217.600001
23241.425001
23264.900001
23289.225001
23313.175001
23337.000001
23361.225001
23385.325001
23409.200001
23433.825001
23457.775001
23481.650001
23506.200001
23530.175001
23554.600001
23578.700001
23603.400001
23628.125001
23652.275001
23676.875001
23701.000001
23725.650001
23750.575001
23775.375001
23799.825001
23824.350001
23849.200001
23874.125001
23898.475001
23923.025001
23947.925001
23972.900001
23997.875001
24022.900001
24047.900001
24072.925001
24097.925001
24122.975001
24147.975001
24173.025001
24198.025001
24223.075001
24248.075001
24273.125001
24298.125001
24323.200001
24348.200001
24373.300001
24398.300001
24423.525001
24449.025001
24474.475001
24500.450001
24525.800001
24551.200001
24577.000001
24602.575001
24628.475001
24653.950001
24679.850001
24706.125001
24731.650001
24757.650001
24783.950001
24809.850001
24835.650001
24861.850001
24888.150001
24914.550001
24940.950001
24967.350001
24993.800001
25020.150001
25046.625001
25073.025001
25099.525001
25125.825001
25152.350001
25178.800001
25205.350001
25231.700001
25258.550001
25285.375001
25312.075001
25339.350001
25366.200001
25392.875001
25420.075001
25447.050001
25474.275001
25501.275001
25528.550001
25556.175001
25583.850001
25611.550001
25639.200001
25666.800001
25694.125001
25721.675001
25749.400001
25777.175001
25804.975001
25832.800001
25860.625001
25888.500001
25916.475001
25944.775001
25972.925001
26000.950001
26029.250001
26057.600001
26085.850001
26114.500001
26142.725001
26171.475001
26200.475001
26229.075001
26257.750001
26286.800001
26315.925001
26345.125001
26374.325001
26403.550001
26432.775001
26462.050001
26491.375001
26520.550001
26550.425001
26579.975001
26609.525001
26639.550001
26669.450001
26699.400001
26729.700001
26759.800001
26789.875001
26820.225001
26850.775001
26881.375001
26912.025001
26942.625001
26973.375001
27004.375001
27035.475001
27067.000001
27098.150001
27129.800001
27161.675001
27193.525001
27225.600001
27257.675001
27289.800001
27322.125001
27354.650001
27387.125001
27420.075001
27453.325001
27486.675001
27520.125001
27553.675001
27587.275001
27621.325001
27655.550001
27689.900001
27724.575001
27759.425001
27794.950001
27830.500001
27866.375001
27902.575001
27939.425001
27976.300001
28013.650001
28051.650001
28089.975001
28128.900001
28168.575001
28208.925001
28249.700001
28291.300001
28333.900001
28377.250001
28421.675001
28467.525001
28514.800001
28563.875001
28615.350001
28670.500001
28732.275001
