2.000000
2.000000
4078.275000
4130.000000
4177.275000
4221.600000
4263.575000
4303.825000
4342.675000
4380.575000
4417.500000
4453.675000
4489.275000
4524.150000
4558.325000
4592.100000
4625.400000
4658.050000
4690.575000
4722.775000
4754.675000
4786.375000
4817.625000
4848.825000
4879.850000
4910.650000
4941.350000
4971.900000
5002.325000
5032.750000
5063.150000
5093.525000
5123.700000
5153.725000
5183.925000
5213.925000
5243.825000
5273.800000
5303.600000
5333.500000
5363.225000
5392.800000
5422.650000
5452.225000
5481.700000
5511.400000
5540.950000
5570.325000
5599.700000
5628.975000
5658.225000
5687.350000
5716.600000
5745.625000
5774.725000
5803.750000
5832.800000
5861.900000
5891.025000
5920.100000
5949.175000
5978.325000
6007.350000
6036.225000
6064.875000
6093.750000
6122.725000
6151.400000
6180.025000
6208.900000
6237.425000
6266.050000
6294.900000
6323.275000
6351.975000
6380.425000
6408.975000
6437.300000
6465.850000
6494.200000
6522.750000
6550.950000
6579.425000
6607.675000
6635.875000
6664.300000
6692.450000
6720.500000
6748.525000
6776.750000
6804.875000
6832.900000
6860.900000
6888.975000
6917.150000
6945.175000
6973.075000
7000.925000
7028.800000
7056.575000
7084.350000
7112.100000
7139.850000
7167.575000
7195.300000
7223.050000
7250.800000
7278.575000
7306.325000
7334.075000
7361.825000
7389.575000
7417.325000
7445.075000
7472.800000
7500.550000
7528.325000
7556.025000
7583.700000
7611.125000
7638.400000
7665.950000
7693.475000
7720.650000
7747.975000
7775.525000
7802.950000
7830.075000
7857.525000
7884.750000
7911.925000
7939.400000
7966.575000
7993.750000
8020.750000
8047.900000
8075.175000
8102.175000
8129.400000
8156.375000
8183.700000
8210.575000
8237.525000
8264.550000
8291.475000
8318.550000
8345.350000
8372.525000
8399.350000
8426.025000
8453.150000
8479.925000
8506.625000
8533.625000
8560.375000
8587.025000
8613.675000
8640.375000
8667.225000
8693.875000
8720.375000
8746.975000
8773.375000
8800.050000
8826.425000
8853.225000
8879.825000
8906.375000
8932.825000
8959.225000
8985.625000
9012.025000
9038.400000
9064.750000
9091.175000
9117.500000
9143.925000
9170.225000
9196.625000
9222.975000
9249.375000
9275.700000
9302.100000
9328.500000
9354.825000
9381.225000
9407.550000
9433.975000
9460.275000
9486.675000
9512.975000
9539.375000
9565.475000
9591.400000
9617.425000
9643.675000
9669.950000
9695.925000
9721.800000
9747.875000
9774.075000
9800.225000
9825.875000
9852.025000
9878.275000
9903.900000
9929.850000
9956.050000
9981.650000
10007.575000
10033.700000
10059.250000
10085.275000
10110.975000
10136.775000
10162.550000
10188.250000
10214.325000
10239.875000
10265.875000
10291.650000
10317.375000
10343.000000
10368.800000
10394.900000
10420.375000
10446.400000
10472.250000
10497.925000
10523.725000
10549.425000
10575.475000
10601.000000
10626.950000
10652.700000
10678.500000
10704.200000
10729.900000
10756.050000
10781.550000
10807.525000
10833.275000
10859.025000
10884.875000
10910.525000
10936.600000
10962.150000
10988.075000
11013.725000
11039.575000
11065.200000
11091.025000
11117.125000
11142.625000
11168.650000
11194.500000
11220.150000
11246.000000
11271.675000
11297.725000
11323.250000
11349.200000
11374.950000
11400.700000
11426.275000
11452.100000
11478.250000
11503.775000
11529.750000
11555.525000
11581.275000
11607.150000
11632.775000
11658.850000
11684.400000
11710.300000
11735.975000
11761.800000
11787.425000
11813.200000
11839.325000
11864.825000
11890.875000
11916.800000
11942.425000
11968.400000
11994.025000
12020.000000
12045.550000
12071.450000
12097.300000
12122.975000
12148.650000
12174.400000
12200.500000
12225.975000
12251.975000
12277.900000
12303.550000
12329.575000
12355.175000
12381.150000
12406.750000
12432.575000
12458.425000
12484.100000
12509.925000
12535.550000
12561.650000
12587.175000
12613.100000
12638.950000
12664.625000
12690.625000
12716.275000
12742.250000
12767.800000
12793.700000
12819.600000
12845.225000
12871.000000
12896.675000
12922.750000
12948.225000
12974.225000
13000.175000
13025.750000
13051.750000
13077.400000
13103.400000
13129.025000
13154.825000
13180.775000
13206.400000
13232.325000
13257.925000
13283.950000
13309.475000
13335.350000
13361.350000
13386.925000
13412.950000
13438.575000
13464.500000
13490.125000
13515.975000
13542.025000
13567.575000
13593.550000
13619.225000
13645.075000
13670.600000
13696.500000
13722.575000
13748.100000
13774.150000
13799.875000
13825.650000
13851.300000
13877.100000
13903.200000
13928.750000
13954.700000
13980.350000
14006.225000
14031.825000
14057.625000
14083.725000
14109.250000
14135.250000
14160.950000
14186.775000
14212.475000
14238.200000
14264.275000
14289.825000
14315.825000
14341.550000
14367.350000
14392.925000
14418.750000
14444.875000
14470.350000
14496.400000
14522.200000
14547.900000
14573.625000
14599.375000
14625.425000
14650.950000
14676.925000
14702.625000
14728.475000
14754.125000
14779.875000
14806.025000
14831.525000
14857.500000
14883.250000
14909.025000
14934.800000
14960.475000
14986.575000
15012.125000
15038.050000
15063.700000
15089.550000
15115.150000
15141.000000
15167.125000
15192.600000
15218.625000
15244.475000
15270.150000
15295.950000
15321.650000
15347.700000
15373.225000
15399.175000
15424.925000
15450.675000
15476.250000
15502.100000
15528.250000
15553.775000
15579.750000
15605.525000
15631.275000
15657.125000
15682.750000
15708.825000
15734.400000
15760.300000
15785.975000
15811.800000
15837.400000
15863.200000
15889.300000
15914.825000
15940.875000
15966.800000
15992.400000
16018.350000
16044.000000
16070.000000
16095.525000
16121.450000
16147.275000
16172.950000
16198.625000
16224.375000
16250.475000
16275.950000
16301.975000
16327.875000
16353.550000
16379.550000
16405.150000
16431.150000
16456.725000
16482.575000
16508.375000
16534.100000
16559.875000
16585.525000
16611.650000
16637.150000
16663.100000
16688.900000
16714.600000
16740.575000
16766.225000
16792.225000
16817.750000
16843.675000
16869.550000
16895.200000
16920.900000
16946.625000
16972.725000
16998.200000
17024.200000
17050.100000
17075.725000
17101.650000
17127.300000
17153.350000
17178.950000
17204.800000
17230.625000
17256.325000
17282.125000
17307.750000
17333.875000
17359.375000
17385.325000
17411.150000
17436.850000
17462.775000
17488.375000
17514.425000
17540.000000
17565.925000
17591.875000
17617.475000
17643.350000
17669.000000
17695.025000
17720.500000
17746.450000
17772.475000
17798.025000
17824.050000
17849.725000
17875.600000
17901.175000
17927.050000
17953.050000
17978.650000
18004.625000
18030.225000
18056.200000
18081.750000
18107.600000
18133.650000
18159.200000
18185.225000
18210.875000
18236.750001
18262.400001
18288.175001
18314.175001
18339.750001
18365.775001
18391.450001
18417.325001
18442.850001
18468.725001
18494.825001
18520.325001
18546.375001
18572.125001
18597.875001
18623.525001
18649.325001
18675.375001
18700.900001
18726.900001
18752.550001
18778.450001
18804.075001
18829.875001
18855.975001
18881.500001
18907.500001
18933.200001
18959.000001
18984.750001
19010.450001
19036.525001
19062.075001
19088.025001
19113.650001
19139.550001
19165.125001
19191.000001
19217.100001
19242.600001
19268.625001
19294.475001
19320.150001
19345.925001
19371.625001
19397.700001
19423.200001
19449.175001
19474.900001
19500.675001
19526.225001
19552.075001
19578.225001
19603.750001
19629.750001
19655.500001
19681.250001
19707.100001
19732.750001
19758.825001
19784.375001
19810.300001
19835.950001
19861.800001
19887.400001
19913.200001
19939.300001
19964.825001
19990.875001
20016.775001
20042.400001
20068.350001
20094.000001
20120.000001
20145.575001
20171.500001
20197.600001
20223.175001
20249.225001
20275.350001
20300.950001
20327.025001
20353.275001
20379.050001
20404.950001
20431.150001
20457.325001
20483.200001
20509.125001
20535.325001
20561.675001
20587.775001
20613.675001
20639.700001
20665.975001
20692.275001
20718.625001
20745.025001
20771.350001
20797.750001
20824.150001
20850.575001
20876.975001
20903.425001
20929.825001
20956.250001
20982.625001
21009.050001
21035.450001
21061.875001
21088.275001
21114.675001
21141.125001
21167.525001
21193.975001
21220.300001
21246.775001
21273.150001
21299.650001
21325.950001
21352.450001
21378.900001
21405.425001
21431.800001
21458.500001
21485.250001
21511.900001
21538.500001
21565.025001
21591.950001
21618.725001
21645.350001
21672.250001
21699.075001
21725.800001
21752.625001
21779.625001
21806.425001
21833.425001
21860.325001
21887.100001
21914.300001
21941.175001
21968.250001
21995.200001
22022.450001
22049.400001
22076.350001
22103.500001
22130.675001
22157.700001
22185.025001
22212.050001
22239.475001
22266.775001
22293.900001
22321.275001
22348.325001
22375.675001
22403.250001
22430.500001
22457.750001
22485.300001
22512.825001
22540.075001
22567.450001
22595.075001
22622.775001
22650.475001
22678.225001
22705.975001
22733.700001
22761.425001
22789.100001
22816.725001
22844.200001
22871.775001
22899.450001
22927.175001
22954.925001
22982.700001
23010.500001
23038.300001
23066.150001
23093.950001
23121.775001
23149.600001
23177.425001
23205.250001
23233.100001
23261.000001
23289.050001
23317.200001
23345.225001
23373.175001
23401.150001
23429.325001
23457.525001
23485.600001
23513.750001
23542.125001
23570.250001
23598.350001
23626.725001
23654.975001
23683.375001
23711.775001
23740.050001
23768.600001
23796.925001
23825.525001
23853.875001
23882.475001
23910.925001
23939.575001
23968.175001
23996.700001
24025.525001
24054.050001
24082.700001
24111.650001
24140.400001
24169.050001
24197.900001
24226.850001
24255.850001
24284.575001
24313.375001
24342.375001
24371.450001
24400.575001
24429.725001
24458.925001
24488.075001
24517.300001
24546.525001
24575.725001
24604.925001
24634.175001
24663.375001
24692.575001
24721.875001
24751.075001
24780.375001
24809.675001
24839.275001
24868.750001
24898.150001
24927.725001
24957.375001
24986.925001
25016.575001
25046.325001
25075.925001
25105.825001
25135.500001
25165.275001
25195.150001
25225.075001
25254.925001
25284.975001
25314.850001
25345.000001
25375.125001
25405.100001
25435.325001
25465.575001
25495.625001
25525.825001
25556.225001
25586.675001
25617.175001
25647.700001
25678.275001
25708.875001
25739.475001
25770.100001
25800.725001
25831.350001
25862.000001
25892.625001
25923.275001
25953.975001
25984.800001
26015.700001
26046.625001
26077.525001
26108.575001
26139.600001
26170.550001
26201.775001
26232.850001
26264.150001
26295.300001
26326.600001
26357.850001
26389.375001
26420.650001
26452.125001
26483.775001
26515.225001
26546.775001
26578.500001
26610.225001
26642.100001
26673.925001
26705.825001
26737.675001
26769.650001
26801.625001
26833.725001
26865.850001
26897.975001
26930.125001
26962.325001
26994.675001
27027.025001
27059.350001
27091.900001
27124.375001
27156.925001
27189.575001
27222.300001
27255.000001
27287.850001
27320.600001
27353.550001
27386.650001
27419.775001
27452.900001
27486.025001
27519.225001
27552.500001
27585.850001
27619.300001
27652.875001
27686.550001
27720.250001
27754.025001
27787.925001
27821.875001
27856.025001
27890.100001
27924.350001
27958.725001
27993.075001
28027.500001
28062.025001
28096.675001
28131.400001
28166.200001
28201.050001
28236.000001
28271.050001
28306.225001
28341.450001
28376.775001
28412.175001
28447.725001
28483.325001
28519.000001
28554.825001
28590.775001
28626.800001
28662.950001
28699.200001
28735.550001
28771.975001
28808.575001
28845.275001
28882.100001
28919.050001
28956.200001
28993.450001
29030.900001
29068.475001
29106.225001
29144.100001
29182.175001
29220.425001
29258.900001
29297.550001
29336.375001
29375.400001
29414.600001
29454.000001
29493.600001
29533.425001
29573.425001
29613.675001
29654.125001
29694.875001
29735.825001
29777.075001
29818.600001
29860.425001
29902.575001
29945.025001
29987.800001
30030.925001
30074.400001
30118.175001
30162.125001
30206.275001
30250.600001
30295.100001
30339.775001
30384.650001
30429.700001
30474.975001
30520.425001
30566.125001
30612.050001
30658.200001
30704.625001
30751.350001
30798.350001
30845.650001
30893.250001
30941.075001
30989.125001
31037.350001
31085.725001
31134.250001
31182.850001
31231.600001
31280.425001
31329.375001
31378.425001
31427.600001
31476.875001
31526.300001
31575.850001
31625.550001
31675.425001
31725.475001
31775.750001
31826.225001
31876.900001
31927.750001
31978.800001
32030.050001
32081.475001
32133.125001
32184.975001
32237.025001
32289.250001
32341.700001
32394.400001
32447.250001
32500.300001
32553.425001
32606.675001
32659.950001
32713.300001
32766.700001
32820.125001
32873.600001
32927.125001
32980.725001
33034.350001
33088.075001
33141.875001
33195.800001
33249.850001
33304.075001
33358.450001
33412.950001
33467.625001
33522.400001
33577.250001
33632.175001
33687.150001
33742.175001
33797.225001
33852.300001
33907.400001
33962.500001
34017.625001
34072.775001
34127.925001
34183.075001
34238.250001
34293.425001
34348.600001
34403.775001
34458.950001
34514.125001
34569.325001
34624.525001
34679.700001
34734.900001
34790.100001
34845.300001
34900.500001
34955.675001
