10.000000
9.000000
3511.350000
3604.550000
3694.150000
3780.775000
3865.050000
3947.625000
4028.700000
4108.175000
4186.150000
4262.925000
4338.325000
4412.650000
4485.725000
4557.925000
4629.350000
4699.850000
4769.700000
4838.900000
4907.675000
4975.700000
5043.000000
5109.425000
5174.900000
5239.475000
5302.950000
5365.400000
5427.175000
5488.300000
5548.575000
5608.150000
5667.200000
5725.475000
5783.225000
5840.375000
5896.875000
5952.700000
6008.000000
6062.700000
6116.625000
6169.725000
6222.300000
6274.375000
6325.975000
6377.250000
6428.350000
6479.200000
6529.750000
6580.150000
6630.325000
6680.275000
6730.150000
6779.925000
6829.500000
6878.900000
6927.850000
6976.500000
7025.025000
7073.525000
7121.775000
7169.850000
7217.950000
7265.625000
7313.425000
7361.025000
7408.350000
7455.725000
7502.850000
7550.000000
7597.000000
7644.025000
7691.050000
7737.750000
7784.525000
7830.900000
7877.425000
7923.775000
7969.950000
8016.225000
8062.375000
8108.175000
8154.000000
8199.725000
8245.500000
8291.150000
8336.475000
8381.825000
8426.975000
8472.225000
8517.425000
8562.450000
8607.300000
8652.100000
8696.850000
8741.425000
8785.800000
8830.225000
8874.575000
8918.900000
8963.200000
9007.400000
9051.425000
9095.450000
9139.250000
9183.025000
9226.500000
9270.125000
9313.675000
9357.225000
9400.775000
9444.175000
9487.300000
9530.400000
9573.550000
9616.600000
9659.425000
9702.375000
9745.450000
9788.175000
9830.800000
9873.525000
9916.075000
9958.425000
10001.050000
10043.175000
10085.575000
10127.850000
10169.975000
10212.400000
10254.425000
10296.725000
10338.875000
10380.825000
10423.225000
10465.175000
10507.425000
10549.600000
10591.650000
10633.800000
10675.925000
10718.125000
10760.000000
10802.225000
10844.375000
10886.150000
10928.475000
10970.525000
11012.650000
11054.600000
11096.800000
11138.825000
11180.650000
11222.925000
11264.975000
11307.100000
11348.900000
11391.150000
11433.225000
11475.050000
11517.350000
11559.375000
11601.450000
11643.275000
11685.475000
11727.600000
11769.450000
11811.550000
11853.675000
11895.825000
11937.625000
11979.875000
12022.000000
12063.800000
12105.950000
12147.975000
12190.225000
12232.025000
12274.175000
12316.375000
12358.225000
12400.325000
12442.375000
12484.625000
12526.375000
12568.550000
12610.675000
12652.650000
12694.750000
12736.625000
12779.000000
12820.750000
12862.900000
12905.025000
12947.050000
12989.050000
13030.875000
13073.200000
13115.100000
13157.225000
13199.100000
13241.350000
13283.325000
13325.150000
13367.475000
13409.450000
13451.500000
13493.350000
13535.550000
13577.650000
13619.475000
13661.625000
13703.750000
13745.850000
13787.675000
13829.900000
13872.025000
13913.825000
13955.975000
13998.025000
14040.250000
14082.050000
14124.200000
14166.400000
14208.225000
14250.350000
14292.400000
14334.650000
14376.400000
14418.575000
14460.700000
14502.675000
14544.775000
14586.675000
14629.050000
14670.800000
14712.950000
14755.100000
14797.075000
14839.075000
14880.950000
14923.275000
14965.125000
15007.250000
15049.175000
15091.400000
15133.375000
15175.175000
15217.525000
15259.500000
15301.525000
15343.375000
15385.575000
15427.675000
15469.500000
15511.650000
15553.800000
15595.875000
15637.700000
15679.925000
15722.050000
15763.825000
15806.000000
15848.050000
15890.275000
15932.075000
15974.225000
16016.425000
16058.250000
16100.375000
16142.450000
16184.675000
16226.425000
16268.600000
16310.750000
16352.675000
16394.800000
16436.725000
16479.075000
16520.825000
16562.975000
16605.150000
16647.100000
16689.100000
16731.000000
16773.325000
16815.150000
16857.275000
16899.250000
16941.450000
16983.400000
17025.250000
17067.600000
17109.525000
17151.550000
17193.425000
17235.625000
17277.700000
17319.525000
17361.700000
17403.825000
17445.900000
17487.725000
17529.950000
17572.075000
17613.850000
17656.025000
17698.075000
17740.275000
17782.100000
17824.250000
17866.450000
17908.250000
17950.400000
17992.475000
18034.700000
18076.450000
18118.625000
18160.775000
18202.700000
18244.800001
18286.750001
18329.100001
18370.850001
18413.025001
18455.200001
18497.125001
18539.125001
18581.025001
18623.350001
18665.175001
18707.325001
18749.325001
18791.500001
18833.450001
18875.300001
18917.650001
18959.550001
19001.575001
19043.475001
19085.675001
19127.725001
19169.550001
19211.775001
19253.875001
19295.925001
19337.750001
19380.000001
19422.100001
19463.875001
19506.050001
19548.125001
19590.300001
19632.125001
19674.275001
19716.475001
19758.275001
19800.425001
19842.525001
19884.725001
19926.450001
19968.650001
20010.800001
20052.700001
20094.825001
20136.900001
20179.275001
20221.275001
20263.600001
20306.025001
20348.350001
20390.950001
20433.475001
20475.950001
20518.775001
20561.550001
20604.250001
20647.000001
20690.000001
20732.900001
20775.925001
20819.100001
20862.350001
20905.450001
20948.500001
20991.725001
21035.200001
21078.900001
21122.325001
21165.850001
21209.525001
21253.150001
21296.975001
21341.000001
21385.100001
21429.225001
21473.375001
21517.700001
21562.100001
21606.625001
21651.100001
21695.675001
21740.250001
21784.900001
21829.775001
21874.675001
21919.500001
21964.425001
22009.575001
22054.800001
22100.175001
22145.650001
22191.200001
22236.750001
22282.575001
22328.650001
22374.575001
22420.550001
22466.650001
22512.825001
22559.025001
22605.475001
22651.950001
22698.450001
22745.275001
22791.950001
22838.750001
22885.675001
22932.775001
22980.050001
23027.325001
23074.675001
23122.075001
23169.425001
23217.125001
23264.775001
23312.675001
23360.525001
23408.450001
23456.675001
23504.850001
23553.150001
23601.575001
23650.025001
23698.500001
23747.150001
23795.975001
23845.000001
23894.125001
23943.175001
23992.500001
24041.900001
24091.425001
24141.150001
24191.075001
24241.100001
24291.225001
24341.400001
24391.625001
24441.925001
24492.475001
24543.075001
24593.875001
24644.925001
24696.000001
24747.100001
24798.350001
24849.800001
24901.400001
24953.025001
25005.000001
25057.175001
25109.350001
25161.875001
25214.450001
25267.425001
25320.425001
25373.675001
25427.050001
25480.700001
25534.625001
25588.650001
25642.900001
25697.300001
25752.025001
25807.000001
25862.075001
25917.425001
25972.950001
26028.700001
26084.525001
26140.475001
26196.650001
26252.950001
26309.450001
26366.200001
26423.225001
26480.350001
26537.600001
26595.225001
26652.950001
26710.925001
26769.125001
26827.550001
26886.150001
26945.125001
27004.275001
27063.650001
27123.375001
27183.275001
27243.425001
27303.900001
27364.650001
27425.750001
27487.150001
27548.775001
27610.775001
27673.175001
27735.875001
27798.875001
27862.350001
27926.125001
27990.350001
28055.000001
28120.125001
28185.700001
28251.750001
28318.275001
28385.350001
28452.925001
28521.100001
28590.000001
28659.500001
28729.675001
28800.425001
28871.725001
28943.650001
29016.200001
29089.375001
29163.275001
29237.875001
29313.250001
29389.500001
29466.650001
29544.775001
29623.975001
29704.275001
29785.825001
29868.725001
29953.125001
30039.400001
30127.650001
30217.500001
30309.325001
30403.175001
30498.975001
30596.200001
30694.425001
30793.675001
30894.550001
30997.425001
31101.375001
31205.725001
31310.250001
31414.900001
31519.625001
31624.500001
31729.450001
31834.550001
31939.800001
32045.175001
32150.700001
32256.425001
32362.375001
32468.550001
32575.050001
32681.900001
32789.225001
32897.125001
33005.775001
33115.375001
33226.150001
33338.525001
33453.150001
33572.475001
34057.300001
34165.375001
34647.675001
34754.850001
34873.225001
