10.000000
12.000000
3631.250000
3722.950000
3812.250000
3898.525000
3982.300000
4063.900000
4143.900000
4222.750000
4300.425000
4376.975000
4452.625000
4527.075000
4600.575000
4672.825000
4743.850000
4813.725000
4882.350000
4949.800000
5016.100000
5081.450000
5145.750000
5208.775000
5270.925000
5332.350000
5393.075000
5453.200000
5512.925000
5571.950000
5630.300000
5687.750000
5744.525000
5800.625000
5856.025000
5910.575000
5964.500000
6018.050000
6070.825000
6123.425000
6175.400000
6227.100000
6278.725000
6329.925000
6380.725000
6431.375000
6481.825000
6531.950000
6581.900000
6631.650000
6681.175000
6730.500000
6779.675000
6828.700000
6877.300000
6925.775000
6974.200000
7022.375000
7070.325000
7118.300000
7166.025000
7213.650000
7261.075000
7308.275000
7355.500000
7402.525000
7449.525000
7496.525000
7543.200000
7589.975000
7636.250000
7682.675000
7729.150000
7775.050000
7820.925000
7866.825000
7912.575000
7958.075000
8003.600000
8048.900000
8094.225000
8139.425000
8184.625000
8229.650000
8274.575000
8319.300000
8363.800000
8408.250000
8452.625000
8496.950000
8541.275000
8585.500000
8629.725000
8673.650000
8717.625000
8761.225000
8804.800000
8848.325000
8891.650000
8935.000000
8978.350000
9021.550000
9064.700000
9107.875000
9151.025000
9193.875000
9236.650000
9279.625000
9322.275000
9364.800000
9407.525000
9450.025000
9492.400000
9534.900000
9577.100000
9619.350000
9661.525000
9703.700000
9745.825000
9787.575000
9829.650000
9871.500000
9913.475000
9955.300000
9996.950000
10038.575000
10080.200000
10121.775000
10163.425000
10205.100000
10246.750000
10288.350000
10330.075000
10371.625000
10413.325000
10454.975000
10496.650000
10538.225000
10580.000000
10621.500000
10663.250000
10704.850000
10746.550000
10788.050000
10829.850000
10871.225000
10912.875000
10954.250000
10995.800000
11037.150000
11078.900000
11120.275000
11162.050000
11203.500000
11245.325000
11286.675000
11328.550000
11369.950000
11411.650000
11453.000000
11494.525000
11535.875000
11577.400000
11619.000000
11660.550000
11702.200000
11743.750000
11785.475000
11826.950000
11868.675000
11910.100000
11951.650000
11992.975000
12034.600000
12075.950000
12117.725000
12159.075000
12200.900000
12242.375000
12284.175000
12325.575000
12367.450000
12408.775000
12450.475000
12491.850000
12533.300000
12574.725000
12616.300000
12657.850000
12699.375000
12741.125000
12782.675000
12824.350000
12865.900000
12907.650000
12949.050000
12990.750000
13032.125000
13073.625000
13115.000000
13156.700000
13198.050000
13239.850000
13281.250000
13323.075000
13364.425000
13406.225000
13447.625000
13489.150000
13530.475000
13572.000000
13613.475000
13655.075000
13696.700000
13738.250000
13780.000000
13821.475000
13863.200000
13904.800000
13946.475000
13987.925000
14029.625000
14070.925000
14112.500000
14153.900000
14195.550000
14236.900000
14278.775000
14320.150000
14361.950000
14403.400000
14445.225000
14486.550000
14528.300000
14569.650000
14611.100000
14652.525000
14694.050000
14735.625000
14777.150000
14818.875000
14860.400000
14902.100000
14943.625000
14985.325000
15026.700000
15068.275000
15109.600000
15151.200000
15192.625000
15234.350000
15275.750000
15317.600000
15358.950000
15400.775000
15442.275000
15484.000000
15525.425000
15567.125000
15608.375000
15649.900000
15691.375000
15732.900000
15774.500000
15816.100000
15857.775000
15899.275000
15941.050000
15982.550000
16024.250000
16065.725000
16107.400000
16148.675000
16190.275000
16231.650000
16273.300000
16314.675000
16356.500000
16397.900000
16439.700000
16481.125000
16522.925000
16564.225000
16605.800000
16647.125000
16688.625000
16730.175000
16771.675000
16813.350000
16854.950000
16896.625000
16938.175000
16979.925000
17021.375000
17063.100000
17104.625000
17146.200000
17187.525000
17229.175000
17270.500000
17312.200000
17353.625000
17395.400000
17436.750000
17478.650000
17520.050000
17561.825000
17603.250000
17644.975000
17686.250000
17727.775000
17769.200000
17810.700000
17852.300000
17893.850000
17935.550000
17977.025000
18018.775000
18060.275000
18101.950000
18143.350000
18184.925000
18226.225001
18267.875001
18309.225001
18351.000001
18392.450001
18434.250001
18475.650001
18517.525001
18558.875001
18600.650001
18642.125001
18683.700001
18725.025001
18766.575001
18808.000001
18849.525001
18891.200001
18932.725001
18974.425001
19016.000001
19057.700001
19099.175001
19140.925001
19182.400001
19224.000001
19265.325001
19306.925001
19348.250001
19389.975001
19431.350001
19473.175001
19514.525001
19556.375001
19597.775001
19639.500001
19680.875001
19722.400001
19763.725001
19805.275001
19846.800001
19888.325001
19930.050001
19971.550001
20013.275001
20054.875001
20096.550001
20138.150001
20180.025001
20221.725001
20263.500001
20305.325001
20347.025001
20388.825001
20430.525001
20472.550001
20514.400001
20556.775001
20598.600001
20640.975001
20683.250001
20725.375001
20767.925001
20810.200001
20852.675001
20895.425001
20937.875001
20980.475001
21023.350001
21066.150001
21109.000001
21152.125001
21195.375001
21238.425001
21281.575001
21324.750001
21368.050001
21411.225001
21454.525001
21497.950001
21541.525001
21585.150001
21629.000001
21672.700001
21716.550001
21760.300001
21804.250001
21848.175001
21892.300001
21936.350001
21980.475001
22024.750001
22069.125001
22113.550001
22158.050001
22202.575001
22247.150001
22291.775001
22336.400001
22381.325001
22426.250001
22471.175001
22516.375001
22561.600001
22606.975001
22652.325001
22697.750001
22743.200001
22788.775001
22834.550001
22880.250001
22926.050001
22972.000001
23018.050001
23063.925001
23110.050001
23156.525001
23202.750001
23249.175001
23295.850001
23342.450001
23389.275001
23436.000001
23482.975001
23530.100001
23577.275001
23624.600001
23671.975001
23719.325001
23766.900001
23814.450001
23862.375001
23910.125001
23958.100001
24006.350001
24054.550001
24102.775001
24151.250001
24199.750001
24248.325001
24297.075001
24345.950001
24395.025001
24444.200001
24493.325001
24542.700001
24592.200001
24641.800001
24691.525001
24741.400001
24791.425001
24841.550001
24891.775001
24942.200001
24992.825001
25043.575001
25094.575001
25145.750001
25197.025001
25248.500001
25300.275001
25352.325001
25404.575001
25457.125001
25509.675001
25562.550001
25615.500001
25668.800001
25722.250001
25775.800001
25829.725001
25883.725001
25937.775001
25992.075001
26046.650001
26101.375001
26156.300001
26211.375001
26266.625001
26322.050001
26377.675001
26433.525001
26489.700001
26546.150001
26602.725001
26659.575001
26716.775001
26774.275001
26832.100001
26890.300001
26948.725001
27007.650001
27066.900001
27126.325001
27186.050001
27246.125001
27306.525001
27367.175001
27428.075001
27489.200001
27550.700001
27612.525001
27674.575001
27736.950001
27799.675001
27862.750001
27926.100001
27989.900001
28054.025001
28118.550001
28183.450001
28248.700001
28314.425001
28380.600001
28447.200001
28514.300001
28581.900001
28650.025001
28718.750001
28788.075001
28858.050001
28928.700001
29000.025001
29072.125001
29145.150001
29219.100001
29293.925001
29369.600001
29446.100001
29523.425001
29601.625001
29680.750001
29760.875001
29842.075001
29924.450001
30008.150001
30093.300001
30178.950001
30265.100001
30351.800001
30439.125001
30526.925001
30615.050001
30703.400001
30791.875001
30880.500001
30969.225001
31058.075001
31147.050001
31236.125001
31325.350001
31414.725001
31504.250001
31593.975001
31684.000001
31774.400001
31865.500001
31957.600001
32050.600001
32143.975001
32237.500001
32331.125001
32424.825001
32518.600001
32612.425001
32706.375001
32800.425001
32894.650001
32989.100001
33083.850001
33179.125001
33275.275001
33372.750001
33471.225001
33570.125001
33669.175001
33768.300001
33867.450001
33966.600001
34065.775001
34164.900001
34264.050001
34363.200001
34462.325001
34561.475001
34660.600001
34759.750001
34858.875001
34958.000001
